58.36626993889446,-134.589940460472
58.36627897076956,-134.5899367419115
58.36628704719682,-134.58993341672172
58.36629597086001,-134.58992974271
58.36630500273451,-134.5899260241441
58.366314034608784,-134.58992230557632
58.36632295827134,-134.58991863155913
58.3663319901452,-134.58991491298764
58.36634102201887,-134.5899111944143
58.36635005389231,-134.5899074758391
58.36635897755402,-134.58990380181461
58.36636800942706,-134.58990008323568
58.36637704129988,-134.58989636465495
58.366385964960976,-134.58989269062494
58.36639499683338,-134.58988897204048
58.36640402870556,-134.58988525345416
58.366412952366026,-134.58988157941866
58.366421028790526,-134.58987825420417
58.36643006066211,-134.5898745356125
58.366438984321974,-134.5898708615717
58.366448016193125,-134.58986714297632
58.36645704806409,-134.58986342437908
58.366465971723336,-134.5898597503328
58.36647500359388,-134.5898560317318
58.36648403546419,-134.58985231312903
58.36649295912281,-134.58984863907725
58.36650199099271,-134.58984492047077
58.366511022862426,-134.58984120186238
58.36651994652041,-134.5898375278051
58.366528084947696,-134.5898336072372
58.36653700960267,-134.58982906864344
58.36654500067393,-134.58982500481753
58.366554055929285,-134.5898203998029
58.36656204700001,-134.58981633597318
58.366570971653786,-134.589811797371
58.36657909332496,-134.58980766712082
58.36658801797815,-134.58980312851438
58.366596942631034,-134.5897985899057
58.36660506430138,-134.58979445964962
58.36661398895367,-134.58978992103673
58.366621980022515,-134.58978585719368
58.366631035275155,-134.58978125215967
58.36663902634348,-134.5897771883128
58.36664797591928,-134.5897698933966
58.366656057960846,-134.58976325658782
58.36666498352975,-134.58975592708757
58.36667390909788,-134.58974859758393
58.36668199113741,-134.5897419607661
58.36669091670407,-134.58973463125594
58.36669895795267,-134.58972783236084
58.36670710197612,-134.58972040657025
58.366715855732124,-134.58971242481604
58.366723999753944,-134.589704999019
58.36673193964031,-134.589697759351
58.36673987952592,-134.58969051968
58.36674802354547,-134.58968309387382
58.36675596342959,-134.58967585419683
58.36676410744761,-134.58966842838447
58.36677204733022,-134.58966118870154
58.36677998721207,-134.58965394901566
58.366788131227835,-134.5896465231941
58.36679688497539,-134.58963854140674
58.36680482485492,-134.58963130171162
58.3668129688683,-134.58962387588056
58.36682090874632,-134.5896166361795
58.36682905275818,-134.5896092103423
58.36683699263471,-134.58960197063521
58.36684493251049,-134.58959473092517
58.36685307652006,-134.5895873050788
58.36686101639433,-134.58958006536278
58.36686895626788,-134.5895728256438
58.36687710027517,-134.58956539978826
58.36688585401344,-134.5895574179645
58.366893998019144,-134.5895499921025
58.36690193788958,-134.58954275237124
58.36690987775928,-134.5895355126371
58.36691802176267,-134.58952808676588
58.36692596163087,-134.5895208470257
58.36693410563276,-134.58951342114835
58.36694204549944,-134.58950618140221
58.3669499853654,-134.58949894165312
58.366958129364996,-134.58949151576658
58.366966069229434,-134.58948427601152
58.36697482295845,-134.58947629415138
58.366982966955675,-134.58946886825532
58.3669909068178,-134.58946162849102
58.366999050813504,-134.58945420258885
58.36700699067412,-134.58944696281856
58.367014930533976,-134.5894397230453
58.36702307452741,-134.58943229713395
58.36703101438576,-134.58942505735473
58.36703895424338,-134.58941781757255
58.367047098234536,-134.589410391652
58.36705503809065,-134.58940315186385
58.367063995944655,-134.58939498383168
58.36707193579916,-134.58938774403728
58.36707987565296,-134.5893805042399
58.36708801964023,-134.58937307830368
58.36709595949248,-134.58936583850033
58.367103899344016,-134.58935859869402
58.36711204332899,-134.58935117274862
58.36711998317903,-134.58934393293632
58.367128127162495,-134.58933650698478
58.36713606701101,-134.5893292671665
58.36714400685878,-134.5893220273453
58.36715296470341,-134.58931385927585
58.3671609045496,-134.5893066194483
58.36716904852917,-134.58929919348114
58.367176988373856,-134.58929195364763
58.36718492821779,-134.5892847138112
58.367193072195086,-134.58927728783485
58.36720101203752,-134.58927004799241
58.3672089518792,-134.58926280814705
58.367217095854215,-134.5892553821615
58.3672250356944,-134.58924814231014
58.36723399353048,-134.58923997420666
58.367241933369066,-134.58923273434905
58.367249873206944,-134.58922549448846
58.36725801717807,-134.58921806848724
58.36726595701441,-134.58921082862068
58.36727389685002,-134.58920358875116
58.36728204081886,-134.5891961627408
58.367289980652956,-134.58918892286528
58.36729812462029,-134.58918149684877
58.36730606445289,-134.58917425696728
58.36731400428474,-134.58916701708284
58.36732296211142,-134.58915884894205
58.367330901941706,-134.58915160905133
58.36733904590513,-134.58914418301913
58.36734698573389,-134.58913694312247
58.36735492556191,-134.58912970322282
58.36736306952306,-134.58912227718147
58.367371009349576,-134.58911503727583
58.36737894917535,-134.58910779736726
58.36738709313422,-134.5891003713167
58.3673950329585,-134.58909313140214
58.36740317691583,-134.58908570534544
58.36741193059932,-134.58907772330653
58.36741987042127,-134.58907048338273
58.36742801437622,-134.58906305731654
58.36743595419665,-134.58905581738676
58.367443894016354,-134.58904857745404
58.36745203796904,-134.58904115137867
58.367459977787234,-134.58903391143994
58.3674679119218,-134.58902569150666
58.367476065272875,-134.5890172286177
58.36748399838085,-134.58900899432894
58.367491931487905,-134.5890007600369
58.367499864594,-134.5889925257416
58.367507797699155,-134.58898429144298
58.367515179649516,-134.58897662922087
58.36752311275286,-134.58896839491592
58.367531045855294,-134.58896016060774
58.36753897895676,-134.58895192629626
58.3675471322993,-134.588943463377
58.36755506539888,-134.5889352290589
58.3675629984975,-134.5889269947375
58.36757093159518,-134.58891876041287
58.36757886469194,-134.5889105260849
58.36758701802967,-134.5889020631487
58.36759495112451,-134.5888938288141
58.36760288421843,-134.58888559447627
58.367610045916685,-134.58887816082265
58.36761819925067,-134.58886969787315
58.36762613234183,-134.5888614635257
58.36763406543206,-134.58885322917496
58.36764199852133,-134.58884499482096
58.367649931609655,-134.5888367604637
58.36765808493883,-134.5888282974972
58.367666018025275,-134.58882006313326
58.36767395111076,-134.58881182876607
58.36768188419532,-134.58880359439559
58.36768981727891,-134.58879536002186
58.367697970603295,-134.5887868970384
58.36770513229154,-134.58877946334923
58.36771306537239,-134.58877122896587
58.36772099845232,-134.58876299457924
58.367729151772934,-134.58875453158254
58.36773708485098,-134.58874629718923
58.367745017928044,-134.5887380627927
58.36775295100419,-134.58872982839287
58.367760884079374,-134.58872159398982
58.3677690373952,-134.5887131309761
58.36777697046848,-134.58870489656638
58.36778490354085,-134.58869666215335
58.36779206521991,-134.58868922843163
58.36779999829047,-134.5886809940124
58.3678081516016,-134.58867253098205
58.36781608467027,-134.58866429655615
58.367824017737995,-134.588656062127
58.36783195080477,-134.58864782769456
58.36784010411206,-134.5886393646506
58.36784803717693,-134.58863113021152
58.36785597024086,-134.5886228957692
58.36786390330384,-134.58861466132356
58.36787183636591,-134.58860642687466
58.36787998966838,-134.58859796381373
58.367887151337435,-134.58859053005642
58.367895084396736,-134.58858229559794
58.36790301745511,-134.58857406113614
58.367910950512545,-134.58856582667113
58.3679191038103,-134.5885573635935
58.36792703686583,-134.58854912912182
58.36793496992041,-134.58854089464685
58.36794290297404,-134.58853266016862
58.36795105626798,-134.58852419707742
58.36795898931971,-134.58851596259254
58.367966922370506,-134.5885077281044
58.36797485542036,-134.58849949361297
58.36798201707938,-134.5884920598202
58.36799017036862,-134.58848359671228
58.367998103415744,-134.58847536221126
58.36800603646189,-134.58846712770696
58.368013969507125,-134.58845889319937
58.36802190255139,-134.58845065868854
58.36803005583584,-134.5884421955637
58.36803798887821,-134.5884339610462
58.36804592191965,-134.58842572652543
58.368053854960124,-134.5884174920014
58.36806200824072,-134.58840902886294
58.36806916989057,-134.5884015950375
58.36807710292832,-134.58839336050386
58.36808503596513,-134.58838512596697
58.36809296900099,-134.58837689142678
58.36810112227689,-134.58836842827165
58.36810905531085,-134.5883601937248
58.36811698834387,-134.5883519591747
58.36812492137594,-134.58834372462132
58.36813285440709,-134.58833549006468
58.368141007678176,-134.58832702689259
58.368148940707414,-134.5883187923293
58.36815687373569,-134.58831055776272
58.36816403537553,-134.58830312390182
58.36817218864289,-134.58829466071643
58.36818012166843,-134.58828642614026
58.36818805469304,-134.5882781915608
58.368195987716696,-134.58826995697808
58.368203920739425,-134.5882617223921
58.36821207400195,-134.58825325918974
58.368220007022785,-134.5882450245971
58.36822794004265,-134.5882367900012
58.368235873061586,-134.588228555402
58.36824380607958,-134.58822032079956
58.36825195933733,-134.5882118575802
58.36825912096714,-134.5882044236837
58.368267053982386,-134.58819618907165
58.36827498699669,-134.58818795445632
58.368283140250696,-134.58817949122366
58.3682910732631,-134.5881712566017
58.36829900627456,-134.58816302197644
58.368306939285084,-134.58815478734792
58.36831487229466,-134.58814655271613
58.36832302554385,-134.58813808946653
58.36833095855152,-134.58812985482808
58.36833889155827,-134.58812162018637
58.368346053178904,-134.58811418625731
58.36835420642435,-134.58810572299444
58.368362139428335,-134.58809748834312
58.3683700724314,-134.5880892536885
58.3683780054335,-134.58808101903065
58.36838593843466,-134.58807278436953
58.36839409167532,-134.58806432108963
58.36840202467458,-134.58805608642186
58.36840995767289,-134.5880478517508
58.36841789067028,-134.58803961707648
58.36842582366672,-134.58803138239884
58.36843397690256,-134.58802291910203
58.368441138513155,-134.58801548513742
58.36844907150685,-134.5880072504502
58.36845700449961,-134.5879990157597
58.36846515773171,-134.58799055244955
58.36847309072256,-134.58798231775245
58.36848102371248,-134.58797408305202
58.36848895670143,-134.58796584834835
58.36849688968945,-134.58795761364144
58.36850504291675,-134.5879491503143
58.368512975902874,-134.5879409156007
58.36852090888805,-134.58793268088385
58.368528841872276,-134.58792444616373
58.36853600347287,-134.58791701216362
58.368544156695485,-134.58790854881985
58.36855208967698,-134.58790031409006
58.36856002265752,-134.58789207935706
58.36856795563713,-134.58788384462076
58.36857610885588,-134.5878753812634
58.368584041833586,-134.58786714652047
58.36859197481035,-134.58785891177428
58.36859990778617,-134.58785067702476
58.36860784076104,-134.58784244227203
58.368615993975006,-134.58783397889766
58.3686231555664,-134.58782654486495
58.36863108853854,-134.5878183101026
58.36863902150974,-134.58781007533693
58.36864695447999,-134.58780184056803
58.36865510768923,-134.587793377177
58.36866304065758,-134.58778514240146
58.368670973624994,-134.58777690762264
58.36867890659145,-134.58776867284055
58.36868705979686,-134.5877602094359
58.36869499276143,-134.58775197464718
58.36870292572503,-134.58774373985517
58.36871085868771,-134.58773550505987
58.36871802026912,-134.58772807099166
58.368726173469824,-134.58771960757036
58.368734106429756,-134.58771137276545
58.368742039388735,-134.58770313795733
58.3687499723468,-134.58769490314586
58.36875790530389,-134.58768666833117
58.3687660584998,-134.58767820489288
58.368773991455,-134.58766997007154
58.36878192440926,-134.5876617352469
58.368789857362586,-134.58765350041898
58.36879801055465,-134.58764503696713
58.36880517212685,-134.5876376028663
58.36881310507744,-134.58762936802876
58.36882103802707,-134.587621133188
58.368828970975756,-134.58761289834396
58.36883712416312,-134.5876044348754
58.36884505710991,-134.5875962000247
58.36885299005574,-134.58758796517074
58.36886092300066,-134.58757973031348
58.368868855944626,-134.58757149545295
58.368877009127154,-134.58756303196745
58.368884942069236,-134.58755479710027
58.36889287501035,-134.58754656222985
58.36890003657255,-134.5875391280935
58.36890818975136,-134.5875306645947
58.368916122689726,-134.58752242971468
58.36892405562717,-134.58751419483136
58.36893198856365,-134.58750595994476
58.368939921499205,-134.5874977250549
58.36894807467321,-134.58748926153913
58.36895600760686,-134.58748102664262
58.368963940539565,-134.58747279174284
58.36897187347132,-134.5874645568398
58.36897980640214,-134.58745632193344
58.36898795957135,-134.5874478584007
58.36899512112352,-134.5874404242288
58.369003054051575,-134.58743218931284
58.36901098697872,-134.58742395439364
58.36901914014418,-134.5874154908476
58.36902707306942,-134.58740725592176
58.3690350059937,-134.58739902099262
58.369042938917055,-134.5873907860602
58.36905087183944,-134.58738255112456
58.36905902500012,-134.58737408756153
58.36906695792061,-134.58736585261923
58.369074890840174,-134.58735761767363
58.36908205238318,-134.58735018346917
58.36908998530094,-134.58734194851735
58.369098121789584,-134.58733341931378
58.36910602218069,-134.58732507636674
58.36911392257084,-134.5873167334164
58.36912204523391,-134.58730815573745
58.36912994562211,-134.58729981278046
58.36913784600933,-134.58729146982014
58.36914520339506,-134.58728370027595
58.369153103780434,-134.5872753573093
58.369161004164845,-134.58726701433932
58.3691689045483,-134.58725867136607
58.36917702720456,-134.5872500936635
58.36918492758605,-134.58724175068357
58.36919282796658,-134.58723340770038
58.36920018534622,-134.58722563813467
58.369208085724914,-134.5872172951451
58.36921598610262,-134.58720895215222
58.369224108753066,-134.58720037442941
58.369232009128815,-134.58719203142988
58.36923990950359,-134.58718368842707
58.36924780987743,-134.58717534542095
58.369255167251005,-134.58716757583375
58.369263067622974,-134.58715923282128
58.36927096799398,-134.58715088980549
58.36927909063761,-134.58714231205906
58.369286991006675,-134.5871339690366
58.369294891374764,-134.58712562601085
58.36930279174189,-134.58711728298184
58.36931014910938,-134.58710951337315
58.36931804947466,-134.58710117033775
58.36932594983895,-134.58709282729907
58.36933407247579,-134.587084249529
58.36934197283814,-134.58707590648365
58.369349873199525,-134.587067563435
58.36935799583338,-134.58705898565464
58.369365130921366,-134.58705145075285
58.36937303127995,-134.58704310769457
58.36938093163756,-134.587034764633
58.36938905426755,-134.58702618683927
58.369396954623205,-134.58701784377098
58.3694048549779,-134.58700950069945
58.36941297760494,-134.58700092289544
58.36942011268695,-134.5869933879729
58.36942801303882,-134.58698504489172
58.36943591338972,-134.58697670180723
58.36944403601292,-134.58696812398986
58.36945193636189,-134.5869597808987
58.369459836709865,-134.58695143780426
58.36946795933011,-134.5869428599766
58.36947509440615,-134.5869353250333
58.36948299475131,-134.5869269819292
58.369491117368696,-134.5869184040916
58.369499017711924,-134.58691006098078
58.36950691805417,-134.5869017178667
58.36951481839545,-134.58689337474937
58.36952217573951,-134.58688560505772
58.36953007607895,-134.586877261934
58.36953797641742,-134.586868918807
58.369546099028,-134.58686034094575
58.36955399936451,-134.58685199781206
58.36956189970006,-134.58684365467508
58.36957002230766,-134.58683507680357
58.369577157372625,-134.58682754182166
58.36958505770537,-134.58681919867502
58.369592958037124,-134.58681085552513
58.36960102971724,-134.58680209952297
58.369608875173,-134.5867935819547
58.369616190938125,-134.58678563945116
58.36962403639194,-134.58677712187648
58.36963188184476,-134.5867686042985
58.369639197607235,-134.58676066178583
58.369647043058116,-134.58675214420145
58.369654888508,-134.58674362661375
58.36966295945285,-134.5867348642078
58.369670049715744,-134.5867271664978
58.369678120658676,-134.58671840408522
58.369685966104576,-134.5867098864844
58.369693811549496,-134.58670136888026
58.36970112730478,-134.586693426343
58.36970897274777,-134.58668490873242
58.36971681818976,-134.58667639111857
58.36972413394237,-134.58666844857217
58.36973197938243,-134.5866599309519
58.36974004991504,-134.58665116712993
58.36974713981768,-134.58664346814973
58.36975498482535,-134.5866349491909
58.369763055352045,-134.58662618533452
58.36977090035771,-134.586617666369
58.3697779902568,-134.58660996737697
58.36978606078051,-134.58660120351055
58.369793905783226,-134.5865926845353
58.369800995679725,-134.58658498553444
58.36980906620044,-134.586576221658
58.36981691120022,-134.58656770267302
58.369824226614,-134.58655975876823
58.369832071611846,-134.58655123977684
58.36983991660867,-134.58654272078215
58.36984798712436,-134.5865339568887
58.36985507701472,-134.5865262578671
58.3698629220086,-134.58651773886268
58.3698709925213,-134.5865089749592
58.36987808240902,-134.58650127592878
58.3698859274,-134.58649275691462
58.36989399790971,-134.5864839930011
58.36990108779482,-134.58647629396188
58.36990915830258,-134.5864675300417
58.36991700328958,-134.58645901101445
58.36992484827559,-134.58645049198387
58.36993216367684,-134.5864425480362
58.36994000917184,-134.58643403071824
58.36994808019685,-134.58642526859452
58.369955925732434,-134.5864167512638
58.36996399675538,-134.58640798913316
58.369971087085645,-134.58640029166637
58.369979158106624,-134.58639152952907
58.36998700363826,-134.58638301218522
58.369994849168876,-134.58637449483803
58.370002920186764,-134.5863657326904
58.37001001051261,-134.5863580352087
58.370018081528535,-134.58634927305442
58.37002592705521,-134.5863407556941
58.37003399662364,-134.58633198928595
58.370041958045086,-134.5863228668668
58.370049919465416,-134.58631374444408
58.370057146179825,-134.58630546386416
58.370065107597995,-134.58629634143463
58.37007306901505,-134.58628721900152
58.370081030430974,-134.58627809656485
58.370088991845776,-134.5862689741246
58.370096953259406,-134.58625985168084
58.37010417996788,-134.58625157108165
58.370112141379416,-134.58624244863103
58.3701201027898,-134.58623332617685
58.37012806419907,-134.5862242037191
58.37013602560719,-134.58621508125782
58.37014398701421,-134.58620595879293
58.37015121371672,-134.5861976781745
58.37015894359065,-134.58618882099958
58.370166904994406,-134.58617969852443
58.370174866397036,-134.58617057604573
58.3701827,-134.5861616
58.37019091245541,-134.58615270607575
58.37019876295464,-134.5861442041383
58.370206082550034,-134.5861362771554
58.37021415825201,-134.58612753131894
58.37022200874828,-134.58611902937167
58.37023008444821,-134.58611028352826
58.37023793494245,-134.58610178157429
58.37024601064031,-134.586093035724
58.37025386113254,-134.58608453376328
58.37026118072157,-134.5860766067585
58.37026903121187,-134.5860681047914
58.37027710690572,-134.5860593589275
58.37028495739399,-134.5860508569537
58.37029280788125,-134.58604235497657
58.3703001274658,-134.58603442795632
58.37030797795115,-134.5860259259728
58.370316053639975,-134.58601718009194
58.37032390412329,-134.58600867810168
58.370331979810054,-134.58599993221392
58.37033983029136,-134.58599143021692
58.37034714987049,-134.58598350317803
58.37035500034986,-134.58597500117463
58.3703630760326,-134.58596625527332
58.37037092650996,-134.5859577532632
58.370379002190646,-134.58594900735494
58.37038609656095,-134.58594132419543
58.37039417223969,-134.58593257828053
58.37040202271309,-134.58592407625733
58.37040987318549,-134.58591557423077
58.37041794886114,-134.58590682830555
58.3704257993315,-134.58589832627231
58.37043311890074,-134.58589039919926
58.37044096936918,-134.58588189715962
58.37044904507414,-134.5858731511142
58.370456892608246,-134.58586463996156
58.370464965512,-134.58585588437657
58.37047205747328,-134.58584819268313
58.37048013037506,-134.58583943709152
58.370487977905235,-134.58583092592576
58.37049605080498,-134.58582217032716
58.370503898333105,-134.5858136591547
58.37051121566049,-134.58580572301665
58.37051906318669,-134.58579721183776
58.3705269107119,-134.58578870065554
58.3705349836066,-134.58577994504
58.370542831129775,-134.58577143385108
58.370550148452665,-134.58576349769757
58.370557995973904,-134.58575498650225
58.370566068864576,-134.58574623087313
58.370573916383805,-134.58573771967107
58.3705819892724,-134.58572896403504
58.370589081220395,-134.58572127229675
58.37059715410705,-134.58571251665407
58.37060500162231,-134.5857040054389
58.3706130745069,-134.5856952497893
58.37062092202012,-134.5856867385674
58.37062899490267,-134.58567798291085
58.370636086845316,-134.58567029115454
58.3706439343556,-134.5856617799229
58.370652007235165,-134.58565302425635
58.37065985474343,-134.585644513018
58.37066792762092,-134.58563575734448
58.370675019559144,-134.58562806557325
58.37068309243467,-134.58561930989313
58.370690939938996,-134.58561079864165
58.37069901281246,-134.58560204295455
58.37070686031475,-134.58559353169636
58.370714177618666,-134.5855855954777
58.37072202511903,-134.58557708421313
58.370730097988485,-134.58556832851247
58.37073794548681,-134.58555981724115
58.370745792984124,-134.58555130596653
58.37075311028355,-134.58554336973242
58.370760957778955,-134.58553485845135
58.37076903064338,-134.58552610273375
58.37077687813673,-134.58551759144598
58.370784950999074,-134.5855088357214
58.37079204292401,-134.58550114390533
58.37080011578439,-134.58549238817415
58.37080796327381,-134.58548387687327
58.37081603613215,-134.58547512113515
58.370823883619515,-134.58546660982753
58.37083120090994,-134.58545867356239
58.370839048395375,-134.58545016224838
58.37084712124969,-134.5854414064967
58.37085496873313,-134.58543289517596
58.37086281621555,-134.58542438385192
58.37087013350144,-134.5854164475713
58.37087798098193,-134.58540793624084
58.37088605383121,-134.5853991804722
58.37089390130967,-134.58539066913502
58.37090197415686,-134.58538191335944
58.370909066068535,-134.58537422149848
58.37091713891376,-134.58536546571625
58.37092498638828,-134.58535695436595
58.37093305923146,-134.58534819857678
58.370940906703936,-134.58533968721977
58.370948979545055,-134.58533093142367
58.37095607145139,-134.5853232395447
58.37096414429055,-134.58531448374197
58.37097199175908,-134.5853059723718
58.37097983922658,-134.58529746099836
58.37098791206266,-134.58528870518526
58.370995003964545,-134.5852810132914
58.37100307679868,-134.5852722574717
58.37101092426224,-134.5852637460851
58.3710189970943,-134.58525499025845
58.37102684455582,-134.58524647886514
58.37103416182278,-134.5852385425194
58.37104200928239,-134.58523003111966
58.37105008211042,-134.58522127527945
58.371057929567996,-134.58521276387302
58.37106600239397,-134.5852040080259
58.37107309428701,-134.58519631610207
58.37108094174166,-134.58518780468592
58.37108901456464,-134.58517904882873
58.37109686201727,-134.58517053740584
58.371104934838186,-134.58516178154173
58.37111202672681,-134.58515408960298
58.371120099545784,-134.58514533373227
58.37112794699444,-134.58513682229622
58.37113601981135,-134.58512806641855
58.371143867257985,-134.58511955497582
58.37115118451141,-134.5851116185836
58.37115903195611,-134.58510310713444
58.371167104769015,-134.58509435124319
58.37117495221168,-134.58508583978735
58.37118302502251,-134.58507708388916
58.37119011690226,-134.58506939192046
58.37119796434201,-134.5850608804549
58.37120603714986,-134.58505212454668
58.37121388458757,-134.58504361307436
58.37122195739336,-134.5850348571592
58.37122904926869,-134.58502716517563
58.37123712207253,-134.58501840925382
58.371244969506286,-134.58500989776837
58.371253042308055,-134.58500114183968
58.371260889739766,-134.58499263034753
58.37126896253949,-134.5849838744119
58.37127605440947,-134.58497618241026
58.37128412720723,-134.58496742646795
58.371291974635,-134.58495891496267
58.37130004743068,-134.58495015901346
58.37130789485641,-134.58494164750147
58.371314986722005,-134.58493395548493
58.3713230595147,-134.58492519952566
58.37133090693752,-134.58491668800394
58.371338979728144,-134.58490793203777
58.371346827148926,-134.58489942050932
58.37135414437889,-134.58489148403646
58.371361991797755,-134.58488297250162
58.371370064584376,-134.58487421652185
58.3713779120012,-134.58486570498027
58.37138598478576,-134.58485694899358
58.37139307664247,-134.5848492569471
58.37140114942507,-134.5848405009538
58.37140899683795,-134.58483198939905
58.3714168442498,-134.58482347784104
58.37142491702932,-134.5848147218374
58.371432008881605,-134.584807029776
58.37144008165918,-134.58479827376567
58.37144792906709,-134.58478976219453
58.371456001842574,-134.5847810061773
58.37146384924846,-134.58477249459943
58.371471166464886,-134.5847645580801
58.37147901386885,-134.58475604649584
58.371487086640315,-134.58474729046503
58.371494934042246,-134.58473877887405
58.37150300681165,-134.5847300228363
58.37151009865508,-134.58472233074497
58.37151817142255,-134.5847135747006
58.37152601882051,-134.5847050630965
58.37153386621747,-134.58469655148906
58.371541938981835,-134.58468779543435
58.37154903082086,-134.58468010332805
58.37155710358327,-134.5846713472667
58.371564950976264,-134.58466283564616
58.371573023736616,-134.5846540795779
58.37158087112759,-134.5846455679506
58.37158894388589,-134.58463681187538
58.371596035719556,-134.5846291197511
58.371604108475886,-134.58462036366925
58.3716119558629,-134.58461185202884
58.37162002861718,-134.58460309594005
58.371627876002165,-134.58459458429294
58.37163519319964,-134.58458664770845
58.37164304058271,-134.58457813605492
58.37165088796477,-134.58456962439809
58.37165896071398,-134.5845608682923
58.37166680809402,-134.58455235662873
58.37167412528699,-134.58454442002878
58.37168197266509,-134.58453590835882
58.37169004541029,-134.58452715223947
58.37169789278636,-134.5845186405628
58.3717059655295,-134.58450988443653
58.37171305734989,-134.58450219226737
58.37172113009109,-134.5844934361345
58.3717289774632,-134.58448492444464
58.37173702479961,-134.58447608206856
58.37174484542877,-134.58446748848223
58.37175214218815,-134.58445947053877
58.371759962815354,-134.58445087694602
58.37176801029635,-134.58444203407336
58.37177605777627,-134.58443319119718
58.37178387840036,-134.58442459759425
58.371791175155124,-134.58441657963516
58.37179899577726,-134.5844079860258
58.37180704325309,-134.584399143136
58.37181486387315,-134.58439054951995
58.371822911346875,-134.5843817066232
58.37183020809703,-134.58437368864847
58.37183802871409,-134.58436509502255
58.37184607618476,-134.58435625211558
58.37185389679974,-134.58434765848295
58.3718619442683,-134.58433881556905
58.37186901415925,-134.58433104685673
58.37187706162583,-134.58432220393618
58.37188510909135,-134.5843133610121
58.37189292672268,-134.58430476915416
58.371900872281195,-134.58429559764699
58.37190808599242,-134.5842872709022
58.37191603154878,-134.5842780993882
58.37192397710398,-134.58426892787062
58.37193095850256,-134.58426086927054
58.37193890405563,-134.58425169774625
58.37194684960756,-134.5842425262184
58.3719540633129,-134.58423419945476
58.37196200886266,-134.58422502792004
58.37196995441128,-134.58421585638183
58.37197693580408,-134.58420779776353
58.371984881350556,-134.5841986262186
58.37199209505104,-134.5841902994393
58.37200004059535,-134.58418112788752
58.37200798613851,-134.5841719563322
58.37201519983604,-134.58416362954338
58.37202314537705,-134.5841544579812
58.372030858607445,-134.58414555457122
58.37203807230205,-134.58413722777303
58.372046017839764,-134.5841280562006
58.372053963376345,-134.58411888462456
58.372061177067984,-134.58411055781693
58.372069122602404,-134.58410138623404
58.372076835826334,-134.58409248280407
58.37208404951502,-134.584084155987
58.372091995046155,-134.5840749843939
58.372099940576135,-134.5840658127972
58.37210715426188,-134.58405748597067
58.37211509978971,-134.58404831436718
58.37212281300717,-134.5840394109172
58.372130026689966,-134.58403108408132
58.37213797221451,-134.5840219124675
58.37214591773791,-134.5840127408501
58.372153131417754,-134.5840044140047
58.37216107693901,-134.58399524238052
58.37216902245909,-134.5839860707528
58.37217600382688,-134.5839780120558
58.37218394934484,-134.58396884042133
58.37219189486165,-134.58395966878328
58.372199108535604,-134.583951341919
58.37220705405025,-134.58394217027413
58.37221499956375,-134.58393299862573
58.37222198092576,-134.58392493991056
58.372229926437136,-134.58391576825542
58.37223787194735,-134.5839065965967
58.372245085615425,-134.5838982697136
58.37225303112347,-134.58388909804805
58.37226097663039,-134.58387992637893
58.37226795798661,-134.58387186764563
58.372275900000005,-134.5838627
58.37228321433336,-134.58385362843498
58.37229099336005,-134.5838439805314
58.37229806964345,-134.58383520419764
58.37230584866775,-134.5838255562872
58.372313164625425,-134.58381648268897
58.37232094364732,-134.5838068347715
58.37232801992639,-134.58379805842503
58.372335798945876,-134.5837884105007
58.372343114899174,-134.58377933688928
58.37235089391624,-134.58376968895794
58.372357970191,-134.58376091259876
58.37236598888199,-134.5837509674015
58.37237306515457,-134.58374219103592
58.372380844166834,-134.58373254309072
58.37238792043729,-134.58372376671886
58.37239593912336,-134.5837138215072
58.372403015391654,-134.58370504512894
58.37241009165893,-134.58369626874764
58.372418110341385,-134.58368632352534
58.37242518660649,-134.58367754713763
58.372432965610386,-134.58366789916826
58.37244004187334,-134.58365912277432
58.37244806055091,-134.5836491775376
58.37245513681171,-134.58364040113722
58.37246291581079,-134.58363075315398
58.37246999206944,-134.58362197674728
58.37247801074211,-134.58361203149622
58.37248508699858,-134.58360325508312
58.372492865992854,-134.58359360708602
58.3725001819231,-134.5835845334053
58.37250796091495,-134.5835748854012
58.37251503716714,-134.58356610897536
58.37252281615657,-134.58355646096442
58.372530132082446,-134.58354738727047
58.372537911069486,-134.5835377392525
58.37254498731734,-134.58352896281397
58.37255276630199,-134.58351931478916
58.37256008222345,-134.58351024108202
58.37256786120565,-134.5835005930502
58.372574937449215,-134.58349181659895
58.372582253367455,-134.583482742882
58.372590032346125,-134.5834730948399
58.3725971085865,-134.58346431837924
58.372604887562765,-134.58345467033027
58.37261220347658,-134.58344559660011
58.37261998245044,-134.5834359485441
58.37262705868651,-134.58342717207077
58.37263483765797,-134.58341752400787
58.37264215356739,-134.58340845026453
58.37264993253643,-134.58339880219467
58.372657008768186,-134.58339002570864
58.37266502741027,-134.5833800803678
58.372672103639864,-134.5833713038753
58.3726798826041,-134.58336165579158
58.372686958831544,-134.58335287929285
58.372694977468726,-134.58334293393762
58.372702053694,-134.58333415743246
58.37270992480994,-134.58332379242916
58.37271687060108,-134.5833146427793
58.372724061614726,-134.58330517009455
58.3727319295952,-134.58329480563944
58.37273912060642,-134.58328533294787
58.372746988584204,-134.58327496848537
58.37275393436948,-134.5832658188194
58.37276112537713,-134.5832563461179
58.372768993350974,-134.5832459816446
58.37277618435621,-134.58323650893624
58.37278380710392,-134.5832264674885
58.37279099810677,-134.5832169947735
58.37279886607522,-134.5832066302855
58.37280605707562,-134.5831971575637
58.37281300285157,-134.58318800787208
58.37282087081608,-134.58317764337332
58.37282806181292,-134.58316817064153
58.37283592977474,-134.58315780613535
58.37284312076916,-134.5831483333967
58.37285006653927,-134.583139183689
58.37285793449711,-134.58312881917203
58.372865125488,-134.58311934642347
58.37287299344314,-134.58310898189907
58.37287993920852,-134.58309983217842
58.372887807160986,-134.58308946764677
58.37289499814704,-134.58307999488468
58.372902189131956,-134.58307052211936
58.372909811857454,-134.58306048061206
58.372917002839955,-134.58305100784003
58.37292481983721,-134.58304137951603
58.37293080205344,-134.583028638825
58.37293707486956,-134.58301613660763
58.37294308574533,-134.5830041564516
58.3729498364931,-134.58299070166404
58.372955847365326,-134.58297872150166
58.37296212017436,-134.58296621927096
58.37296813104326,-134.58295423910238
58.372974881783186,-134.58294078430083
58.372980892648535,-134.58292880412588
58.372987165450496,-134.58291630188188
58.372993654246294,-134.582903369136
58.37299992704462,-134.58289086688524
58.37300593790309,-134.5828788866977
58.373012210697965,-134.58286638444034
58.373018699486146,-134.58285345168127
58.37302497227736,-134.5828409494172
58.37303098312897,-134.58282896921708
58.37303725591675,-134.58281646694644
58.373043744697306,-134.58280353417416
58.37305001748147,-134.58279103189673
58.37305602832619,-134.582779051684
58.373062301106906,-134.58276654940002
58.37306878987983,-134.58275361661453
58.37307506265691,-134.58274111432382
58.373081073494745,-134.5827291340985
58.37308734626838,-134.58271663180122
58.37309383503368,-134.58270369900254
58.373100107803666,-134.58269119669848
58.373106118634624,-134.5826792164606
58.37311286933144,-134.58266576158232
58.37311888015888,-134.5826537813381
58.373125152921766,-134.58264127902075
58.37313116374585,-134.58262929877026
58.373137914434835,-134.58261584387805
58.373143925255384,-134.58260386362122
58.3731501980112,-134.58259136129053
58.373156208828405,-134.58257938102747
58.37316230066199,-134.5825665168379
58.37316882893091,-134.58255270593236
58.37317464811945,-134.58254039511766
58.373180728092656,-134.58252753259163
58.37318680806401,-134.58251467006235
58.37319288803351,-134.5825018075298
58.37319896800115,-134.58248894499408
58.37320504796695,-134.5824760824551
58.37321086714476,-134.5824637716223
58.37321694710691,-134.58245090907698
58.37322302706721,-134.58243804652844
58.37322910702566,-134.58242518397662
58.37323518698224,-134.5824123214216
58.37324126693698,-134.58239945886336
58.37324708610405,-134.58238714801243
58.373253166055164,-134.58237428544786
58.373259246004395,-134.58236142288007
58.37326577424062,-134.58234761192108
58.373271854185965,-134.58233474934667
58.37327793412946,-134.582321886769
58.373283753285634,-134.58230957589984
58.37328983322546,-134.5822967133159
58.37329591316347,-134.58228385072871
58.37330199309961,-134.58227098813825
58.37330807303389,-134.5822581255446
58.37331389218112,-134.58224581466035
58.37331997211176,-134.5822329520604
58.37332605204056,-134.58222008945717
58.37333213196747,-134.58220722685076
58.37333821189256,-134.58219436424102
58.37334429181579,-134.5821815016281
58.3733501109523,-134.58216919072572
58.37335619087189,-134.5821563281065
58.373362270789606,-134.58214346548402
58.3733687989911,-134.58212965446822
58.37337487890494,-134.58211679183916
58.373380958816924,-134.58210392920682
58.37338677794252,-134.58209161828623
58.373392857850845,-134.58207875564761
58.37339893775732,-134.58206589300573
58.37340501766195,-134.58205303036067
58.373411097564734,-134.5820401677123
58.37341717746566,-134.5820273050607
58.37342299658053,-134.58201499412198
58.373429076477805,-134.5820021314641
58.37343515637322,-134.58198926880297
58.37344123626679,-134.5819764061386
58.37344731615852,-134.581963543471
58.37345313526445,-134.5819512325172
58.37345921515251,-134.5819383698433
58.37346574332132,-134.58192455877406
58.37347182320549,-134.58191169609358
58.37347790308782,-134.58189883340984
58.37348398296829,-134.58188597072285
58.37348980206331,-134.58187365975076
58.37349588194014,-134.5818607970575
58.373501961815116,-134.58184793436095
58.373508041688225,-134.58183507166117
58.3735141215595,-134.58182220895816
58.3735202014289,-134.58180934625193
58.3735260205132,-134.58179703526176
58.37353210037896,-134.5817841725492
58.373538180242875,-134.5817713098334
58.373544260104936,-134.58175844711437
58.37355033996515,-134.58174558439208
58.37355615904049,-134.58173327338682
58.37356268717663,-134.58171946226418
58.37356876703114,-134.58170659953225
58.373574846883805,-134.58169373679706
58.37358089536052,-134.5816808341271
58.37358669811981,-134.58166752146423
58.37359209225936,-134.58165514624804
58.373598152787864,-134.5816412421968
58.37360395554133,-134.58162792952487
58.3736097582928,-134.5816146168499
58.37361581881512,-134.5816007127889
58.37362121294579,-134.58158833755786
58.37362701569144,-134.58157502487379
58.37363307620775,-134.58156112080314
58.37363887894938,-134.58154780811287
58.37364468168902,-134.58153449541965
58.373650333583356,-134.5815215287897
58.373656136319156,-134.58150821609038
58.373661939053,-134.58149490338803
58.37366774178482,-134.58148159068273
58.373673802286895,-134.5814676865894
58.37367919639989,-134.58145531132882
58.37368499912589,-134.5814419986144
58.373691059621976,-134.58142809451144
58.37369686234396,-134.5814147817908
58.37370266506397,-134.58140146906717
58.37370831694,-134.58138850240582
58.37371411965617,-134.58137518967612
58.373719922370356,-134.58136187694342
58.37372598285424,-134.58134797282096
58.37373178556439,-134.58133466008206
58.373737179659685,-134.58132228479198
58.373743240137564,-134.58130838065983
58.373749042841894,-134.58129506791187
58.37375484554427,-134.58128175516086
58.37376064824463,-134.5812684424069
58.37376630010236,-134.58125547571402
58.373772102798895,-134.58124216295394
58.373777905493455,-134.58122885019088
58.37378396595708,-134.58121494603614
58.373789768647605,-134.58120163326686
58.373795162725216,-134.58118925794722
58.37380122318283,-134.5811753537828
58.373807025867535,-134.58116204100446
58.373812828550264,-134.58114872822313
58.37381888900169,-134.5811348240489
58.37382428307043,-134.58112244871438
58.373830085747336,-134.58110913592395
58.373836146192744,-134.58109523174008
58.37384194886563,-134.58108191894345
58.37384775153652,-134.58106860614382
58.37385314559644,-134.58105623079467
58.37385989497811,-134.58104280422586
58.37386597215192,-134.58103094808763
58.37387231144335,-134.58101858056972
58.37387887723707,-134.58100577115442
58.373884954405796,-134.58099391500667
58.373891293692,-134.58098154747867
58.373897859480095,-134.58096873805334
58.37390393664374,-134.58095688189607
58.37391027592474,-134.58094451435798
58.373916841707214,-134.58093170492265
58.373922918865794,-134.5809198487558
58.37392925814155,-134.58090748120767
58.373935823918394,-134.58089467176228
58.37394190107191,-134.58088281558594
58.373948240342465,-134.5808704480277
58.37395480611368,-134.5808576385723
58.37396114538067,-134.5808452710072
58.37396722252744,-134.58083341481807
58.37397378829304,-134.58082060535267
58.373980127554816,-134.5808082377775
58.3739862046965,-134.58079638157884
58.37399277045646,-134.5807835721034
58.37399910971301,-134.58077120451816
58.37400518684963,-134.58075934830995
58.374011752604,-134.58074653882449
58.37401809185531,-134.58073417122915
58.37402416898686,-134.58072231501143
58.37403073473559,-134.58070950551593
58.37403707398169,-134.58069713791053
58.37404315110817,-134.58068528168323
58.37404997896915,-134.580671960796
58.37405605609215,-134.58066010456227
58.37406213321354,-134.58064824832547
58.374068961068744,-134.5806349274276
58.37407503818668,-134.58062307118433
58.37408111530301,-134.58061121493802
58.374087943152425,-134.58059789402964
58.3740940202653,-134.5805860377768
58.37410009737655,-134.58057418152094
58.37410673620379,-134.58056138923476
58.37411375658424,-134.58055042554147
58.37412081111708,-134.5805395542384
58.37412786564844,-134.5805286829319
58.374134920178356,-134.58051781162183
58.37414171836414,-134.5805073353428
58.37414877289115,-134.5804964640259
58.37415582741667,-134.58048559270554
58.37416227697567,-134.58047565365897
58.3741690751559,-134.58046517736693
58.3741761296772,-134.58045430603644
58.37418318419705,-134.58044343470246
58.37419023871542,-134.58043256336498
58.374197036889946,-134.5804220870597
58.3742040914054,-134.5804112157154
58.3742111459194,-134.58040034436755
58.37421820043191,-134.58038947301625
58.374224998600745,-134.58037899669773
58.374232053110354,-134.58036812533956
58.37423910761851,-134.5803572539779
58.37424616212519,-134.5803463826127
58.37425296028829,-134.580335906281
58.37426001479206,-134.58032503490898
58.37426706929436,-134.58031416353344
58.37427412379519,-134.58030329215444
58.374280921952575,-134.58029281580949
58.3742879764505,-134.58028194442363
58.37429503094695,-134.58027107303425
58.37430208544195,-134.58026020164138
58.37430888359363,-134.58024972528324
58.374316008493125,-134.58024002268914
58.37432312513129,-134.58023033428495
58.37433090419671,-134.58021974406407
58.374338020832354,-134.58021005565305
58.37434513746678,-134.58020036723877
58.374352254100025,-134.58019067882122
58.37435978519636,-134.580180426158
58.37436690182707,-134.58017073773377
58.37437401845659,-134.58016104930627
58.3743817975124,-134.58015045906018
58.374388914139395,-134.58014077062586
58.374396030765176,-134.58013108218827
58.37440314738976,-134.58012139374742
58.374410926440085,-134.58011080348683
58.37441804306212,-134.58010111503918
58.37442491171961,-134.5800917641616
58.37443202833928,-134.58008207570754
58.37443980738414,-134.58007148543265
58.37444692400129,-134.58006179697176
58.37445404061721,-134.5800521085076
58.374461157231956,-134.58004242004017
58.374468936271306,-134.58003182975082
58.37447605288351,-134.5800221412766
58.37448316949452,-134.5800124527991
58.37449003814119,-134.5800031018929
58.37449781717508,-134.57999251158924
58.37450493378236,-134.5799828231018
58.37451205038846,-134.5799731346111
58.37451982941819,-134.5799625442965
58.37452694602176,-134.57995285579895
58.374534062624114,-134.57994316729815
58.374541179225275,-134.5799334787941
58.37454877260755,-134.5799242886667
58.37455670247141,-134.57991506926564
58.374563903287985,-134.57990669746374
58.37457183314969,-134.57989747805584
58.37457903396429,-134.57988910624772
58.3745869638238,-134.579879886833
58.37459489368216,-134.57987066741472
58.374602094493795,-134.57986229559705
58.37460979129529,-134.57985334712652
58.37461772115032,-134.57984412769792
58.37462492195898,-134.57983575587087
58.374632851811846,-134.57982653643546
58.374640052618545,-134.57981816460216
58.37464798246922,-134.57980894515993
58.374655912318715,-134.5797997257141
58.374663113122445,-134.57979135387131
58.37467080991526,-134.57978240537415
58.37467873976144,-134.57977318591801
58.3746859405622,-134.57976481406584
58.37469387040619,-134.5797555946029
58.37470107120501,-134.57974722274446
58.37470900104684,-134.57973800327468
58.37471693088748,-134.57972878380133
58.374723898628915,-134.5797206828897
58.374731828467425,-134.57971146340964
58.37473975830478,-134.579702243926
58.37474695909762,-134.57969387204867
58.37475488893277,-134.5796846525582
58.374762089723674,-134.57967628067462
58.37477001955665,-134.5796670611773
58.374777949388466,-134.57965784167644
58.37478491712215,-134.5796497407406
58.3747928469518,-134.579640521233
58.37480006959207,-134.57963223549973
58.37480891869869,-134.57962272487615
58.37481678457018,-134.57961427098505
58.374824874718364,-134.57960557604667
58.37483296486552,-134.57959688110483
58.37484083073399,-134.5795884272036
58.3748489208791,-134.5795797322548
58.37485678674558,-134.57957127834686
58.374864876888665,-134.57956258339115
58.37487296703072,-134.57955388843192
58.374880832894185,-134.57954543451385
58.37488892303419,-134.5795367395477
58.37489701317317,-134.57952804457804
58.374904879033636,-134.57951959064985
58.37491296917057,-134.57951089567328
58.37492083502903,-134.5795024417384
58.37492892516395,-134.57949374675485
58.37493701529783,-134.57948505176782
58.37494488115326,-134.57947659782286
58.37495297128511,-134.57946790282887
58.374960837138545,-134.57945944887717
58.37496892726835,-134.5794507538763
58.37497702792843,-134.57944211820544
58.37498505256822,-134.5794352224919
58.374992880811554,-134.57942849554192
58.375000905449994,-134.57942159982272
58.37500893008776,-134.5794147041006
58.375016954724856,-134.57940780837566
58.37502497936127,-134.5794009126478
58.375033003997004,-134.57939401691712
58.37504102863207,-134.57938712118352
58.37504905326645,-134.57938022544704
58.37505707790016,-134.57937332970772
58.375065102533206,-134.5793664339655
58.375073127165564,-134.57935953822042
58.375080955401536,-134.57935281123977
58.37508898003256,-134.579345915489
58.375097004662884,-134.5793390197354
58.375105029292556,-134.5793321239789
58.37511305392153,-134.57932522821955
58.37512190978214,-134.57931761815854
58.375129934409685,-134.57931072239313
58.375137959036564,-134.57930382662482
58.37514598366276,-134.57929693085367
58.3751537,-134.5792903
58.37516198464713,-134.57928194463355
58.37516996984829,-134.579273891265
58.375177955048535,-134.5792658378932
58.37518515879209,-134.57925857264595
58.37519314399063,-134.579250519268
58.375201129188255,-134.57924246588675
58.37520911438498,-134.57923441250225
58.37521709958083,-134.5792263591145
58.37522508477576,-134.57921830572351
58.37523306996979,-134.57921025232932
58.37524105516291,-134.57920219893182
58.37524904035514,-134.57919414553112
58.37525702554646,-134.57918609212717
58.375265010736875,-134.57917803872
58.3752729959264,-134.57916998530953
58.37528098111501,-134.5791619318958
58.375288966302726,-134.57915387847888
58.375296951489545,-134.5791458250587
58.37530493667544,-134.5791377716353
58.37531292186046,-134.5791297182086
58.37532090704458,-134.57912166477865
58.375328110773765,-134.57911439947884
58.375336095956165,-134.57910634604272
58.375344081137676,-134.5790982926034
58.375352066318264,-134.5790902391608
58.37536005149797,-134.57908218571492
58.37536803667677,-134.57907413226587
58.375376021854656,-134.5790660788135
58.375384862771284,-134.57905934300413
58.375393029063574,-134.5790531391446
58.37540101508705,-134.5790470722307
58.37541004442989,-134.57904021271239
58.37541803045224,-134.579034145793
58.37542705979379,-134.57902728626854
58.37543504581501,-134.5790212193437
58.37544389488706,-134.5790144967617
58.37545206117535,-134.5790082928828
58.37546091024612,-134.57900157029474
58.37546907653327,-134.57899536641028
58.375477925602766,-134.5789886438162
58.37548591162057,-134.57898257687506
58.375494077906,-134.5789763729824
58.37550292697365,-134.57896965037946
58.375511093257956,-134.57896344648117
58.37551994232431,-134.5789567238722
58.375528108607455,-134.57895051996834
58.37553695767255,-134.57894379735336
58.37554494368639,-134.5789377303933
58.37555397301835,-134.57893087082286
58.37556195903106,-134.5789248038574
58.37557012531137,-134.57891859993975
58.37557897437331,-134.57891187730985
58.37558696038435,-134.57890581033638
58.375595989713126,-134.5788989507507
58.37560397572303,-134.57889288377177
58.375613005050546,-134.57888602417992
58.37562099105929,-134.57887995719554
58.37563002038553,-134.57887309759752
58.37563800639313,-134.5788670306077
58.37564685545002,-134.5788603079537
58.375655021724555,-134.57885410400823
58.37566300773049,-134.57884803701037
58.37567203705353,-134.57884117739715
58.37568002305834,-134.57883511039387
58.375688971038336,-134.57882787007117
58.37569706809438,-134.57882130548742
58.37570497636275,-134.57881489395766
58.37571307341756,-134.57880832936843
58.37572201741484,-134.578801078127
58.3757299256813,-134.57879466658892
58.375738022734225,-134.57878810199108
58.37574611978654,-134.57878153739043
58.37575487499397,-134.5787744391937
58.375762972044996,-134.57876787458727
58.3757710690954,-134.57876130997806
58.37578001308774,-134.57875405871468
58.37578792134986,-134.57874764715712
58.375796018398354,-134.57874108253932
58.37580411544625,-134.57873451791875
58.37581287064883,-134.57872741970053
58.37582096769542,-134.57872085507415
58.37582906474142,-134.578714290445
58.375836972999835,-134.578707878871
58.37584591698659,-134.57870062758258
58.37585401403067,-134.57869406294486
58.375862111074134,-134.57868749830433
58.37587001933009,-134.57868108671926
58.37587896331403,-134.57867383541827
58.37588706035561,-134.57866727076916
58.375894968609664,-134.57866085917576
58.37590391259148,-134.5786536078653
58.375912009631165,-134.57864704320764
58.37591991788335,-134.57864063160582
58.375928014921804,-134.57863406694264
58.375936958900816,-134.57862681561966
58.37594505593798,-134.57862025095062
58.37595296418769,-134.5786138393377
58.375961061223606,-134.57860727466314
58.37596997101446,-134.57859987320901
58.375978037863874,-134.57859316562735
58.37598610471265,-134.57858645804285
58.37599397946676,-134.57857991018184
58.376002886587926,-134.57857250390336
58.37601095343471,-134.57856579631022
58.37601902028085,-134.5785590887142
58.37602708712635,-134.57855238111537
58.37603599424457,-134.57854497482413
58.37604406108873,-134.57853826721936
58.3760519358383,-134.57853171933854
58.37606000268117,-134.5785250117282
58.376068909796466,-134.57851760542428
58.37607697663799,-134.57851089780794
58.37608504347888,-134.57850419018882
58.37609311031912,-134.5784974825669
58.37610201743149,-134.57849007625018
58.376109892176466,-134.5784835283496
58.37611795901475,-134.57847682071895
58.37612602585236,-134.5784701130855
58.37613493296179,-134.57846270675606
58.376142999798056,-134.57845599911667
58.376151066633696,-134.5784492914744
58.37615913346868,-134.57844258382937
58.37616784848134,-134.578435337215
58.37617591531499,-134.5784286295641
58.376183982147985,-134.5784219219103
58.37619204898035,-134.5784152142537
58.37620095608392,-134.5784078078988
58.376209022914935,-134.57840110023628
58.37621708974529,-134.57839439257094
58.37622496448126,-134.57838784463112
58.3762338715819,-134.5783804382635
58.37624193841028,-134.57837373058948
58.376250005238035,-134.57836702291257
58.37625807206513,-134.57836031523286
58.37626697916284,-134.57835290885248
58.37627504598859,-134.57834620116685
58.376282920719994,-134.57833965320725
58.376290987544465,-134.57833294551602
58.376299894639246,-134.57832553912294
58.37630796146238,-134.57831883142578
58.37631602828486,-134.5783121237258
58.3763240951067,-134.57830541602294
58.376333002198564,-134.5782980096171
58.376341069019034,-134.57829130190834
58.37634894374525,-134.57828475392623
58.37635701056447,-134.5782780462119
58.376365917653395,-134.57827063979332
58.37637398447126,-134.578263932073
58.37638205128848,-134.57825722434993
58.37639011810507,-134.57825051662397
58.37639902519107,-134.5782431101926
58.376406899912716,-134.57823656219074
58.3764149667273,-134.5782298544561
58.376423033541265,-134.57822314671864
58.37643194062434,-134.5782157402746
58.37644000743694,-134.5782090325312
58.37644807424891,-134.57820232478494
58.376456141060224,-134.5781956170359
58.37646485604684,-134.57818837030962
58.376472922856806,-134.5781816625547
58.37648098966615,-134.57817495479694
58.37648903182175,-134.57816813556988
58.376497065026626,-134.5781612770323
58.37650593128452,-134.57815370725217
58.376513964488005,-134.57814684870857
58.37652199769081,-134.57813999016213
58.37653003089293,-134.57813313161282
58.37653806409439,-134.57812627306063
58.376546097295204,-134.57811941450558
58.37655413049533,-134.57811255594768
58.37656216369479,-134.57810569738692
58.37657102994661,-134.5780981275812
58.376578867605524,-134.57809143596143
58.3765869008029,-134.57808457739185
58.37659493399961,-134.5780777188194
58.376602967195666,-134.57807086024408
58.37661100039104,-134.5780640016659
58.37661903358574,-134.57805714308486
58.37662789983228,-134.57804957325683
58.376635933025575,-134.57804271466978
58.37664396621819,-134.57803585607985
58.376651999410136,-134.57802899748705
58.37666003260143,-134.57802213889138
58.37666806579204,-134.57801528029285
58.37667609898198,-134.57800842169146
58.37668496522322,-134.578000851841
58.376692998411755,-134.5779939932336
58.376701031599616,-134.57798713462336
58.3767090647868,-134.57798027601018
58.37671709797333,-134.5779734173942
58.3767249356202,-134.57796672572374
58.37673309823632,-134.5779593973463
58.37674187707407,-134.57795150278923
58.376750040062326,-134.57794416204402
58.376758000787376,-134.5779370031848
58.37676596151172,-134.5779298443226
58.37677412449772,-134.5779225035683
58.37678290333131,-134.57791460899458
58.37679106631574,-134.57790726823382
58.376799027037066,-134.57790010935946
58.376806987757654,-134.57789295048215
58.37681515073985,-134.5778856097123
58.376823929569284,-134.57787771512193
58.37683189028758,-134.57787055623544
58.37684005326748,-134.57786321545615
58.376848013984315,-134.5778560565637
58.37685617696271,-134.5778487157783
58.37686495578795,-134.57784082117126
58.37687291650252,-134.57783366226963
58.376881079478615,-134.5778263214748
58.3768890401917,-134.57781916256724
58.37689700090406,-134.57781200365673
58.37690598198736,-134.57780392714258
58.37691394269818,-134.57779676822585
58.37692210567047,-134.57778942741544
58.37693006637981,-134.57778226849274
58.37693802708843,-134.5777751095671
58.376947008167505,-134.5777670330359
58.37695496887457,-134.57775987410403
58.3769629295809,-134.57775271516923
58.37697109254865,-134.57774537434025
58.37697984323373,-134.57773825176216
58.37698782575813,-134.577732168352
58.37699598894905,-134.57772594725438
58.37700483378745,-134.57771920667562
58.37701281631017,-134.5777131232574
58.377020979499385,-134.5777069021516
58.37702896202102,-134.5777008187282
58.37703780685694,-134.57769407813768
58.37704597004446,-134.57768785702365
58.3770539525644,-134.57768177359227
58.37706279739844,-134.5776750329929
58.377070960584255,-134.57766881187064
58.37707894310252,-134.57766272843122
58.37708778793469,-134.57765598782294
58.377095951118804,-134.57764976669247
58.37710393363538,-134.57764368324501
58.37711191615142,-134.57763759979497
58.377120941648066,-134.57763072148921
58.37712900265412,-134.5776250149879
58.37713803488593,-134.5776191970018
58.377146010551634,-134.57761405958536
58.3771550427825,-134.57760824159394
58.377163916059786,-134.57760252598726
58.3771720506773,-134.57759728617606
58.37718092395365,-134.57759157056415
58.37718905857032,-134.57758633074818
58.377197931845735,-134.57758061513104
58.37720696407372,-134.57757479712336
58.37721493973606,-134.5775696596879
58.377223971963105,-134.57756384167487
58.377232106577644,-134.57755860184673
58.377240979850704,-134.57755288621638
58.377250012076296,-134.57754706819523
58.37725798773655,-134.57754193074788
58.37726701996119,-134.57753611272142
58.377274995620574,-134.57753097526933
58.377284027844325,-134.57752515723752
58.37729290111454,-134.57751944159122
58.37730103572565,-134.57751420174364
58.377309908994945,-134.57750848609214
58.37731892055027,-134.57750339243367
58.37732694451747,-134.57749957571522
58.37733590992553,-134.5774953111844
58.377344875333314,-134.57749104665152
58.37735289929981,-134.5774872299276
58.37736186470706,-134.57748296539071
58.37737095322361,-134.57747864229265
58.37737991863032,-134.5774743777515
58.37738794259586,-134.57747056102025
58.37739690800204,-134.57746629647514
58.37740587340794,-134.5774620319279
58.37741389737276,-134.5774582151912
58.37742298588771,-134.57745389208077
58.37743195129281,-134.5774496275274
58.37744091669762,-134.57744536297196
58.37744894066148,-134.57744154622787
58.377457906065786,-134.57743728166844
58.37746687146982,-134.5774330171069
58.377475018542526,-134.577429141798
58.37748398394603,-134.57742487723243
58.37749294934927,-134.57742061266478
58.37750191475221,-134.577416348095
58.377509988985885,-134.57741289540755
58.37751904491569,-134.57740942652924
58.37752799962326,-134.57740599642236
58.377535993103855,-134.57740293451263
58.3775449478111,-134.57739950440256
58.37755400374019,-134.57739603551752
58.3775619972203,-134.57739297360337
58.377570951927034,-134.5773895434883
58.377580007855585,-134.57738607459825
58.37758800133523,-134.5773830126797
58.37759695604144,-134.57737958255967
58.37760601196946,-134.5773761136646
58.37761400544865,-134.5773730517416
58.377622960154326,-134.5773696216166
58.37763201608181,-134.57736615271654
58.37764000956056,-134.5773630907891
58.3776489642657,-134.5773596606592
58.377657918970684,-134.57735623052756
58.37766601367094,-134.57735312982226
58.377674968375565,-134.57734969968735
58.37768392308001,-134.57734626955076
58.377692017779815,-134.57734316884097
58.377700972483915,-134.5773397387011
58.37770997952074,-134.57733666726222
58.37771897861242,-134.57733465250448
58.37772797770405,-134.5773326377457
58.37773697679563,-134.57733062298593
58.37774597588712,-134.57732860822512
58.37775497497857,-134.5773265934633
58.37776397406995,-134.57732457870046
58.377772973161264,-134.57732256393658
58.37778197225253,-134.5773205491717
58.37779097134372,-134.57731853440578
58.37779898402721,-134.5773167404814
58.377807983118295,-134.57731472571353
58.37781698220929,-134.57731271094468
58.37782598130025,-134.5773106961748
58.377834980391114,-134.5773086814039
58.377843979481945,-134.577306666632
58.37785297857271,-134.57730465185907
58.3778619776634,-134.5773026370851
58.377870976754025,-134.5773006223101
58.3778799758446,-134.5772986075341
58.377888974935125,-134.57729659275708
58.37789797402556,-134.57729457797905
58.37790697311594,-134.57729256319996
58.37791597220625,-134.57729054841988
58.37792497129651,-134.57728853363878
58.3779339703867,-134.57728651885665
58.377942969476834,-134.5772845040735
58.37795196856691,-134.57728248928933
58.3779609676569,-134.57728047450414
58.37796996674684,-134.57727845971792
58.37797899401808,-134.5772768347084
58.377987987361244,-134.57727565076766
58.377995985446084,-134.5772745978485
58.37800497878921,-134.5772734139066
58.37801397213229,-134.5772722299641
58.378022965475374,-134.577271046021
58.37803199483695,-134.57726985733558
58.37804098817999,-134.57726867339127
58.378049981523006,-134.57726748944637
58.37805797960771,-134.5772664365235
58.37806697295068,-134.57726525257746
58.37807596629361,-134.57726406863083
58.37808499565509,-134.57726287994183
58.37809398899798,-134.57726169599397
58.37810298234086,-134.57726051204548
58.37811098042545,-134.57725945911952
58.3781199737683,-134.5772582751699
58.37812896711112,-134.5772570912197
58.37813799647243,-134.57725590252716
58.378146989815214,-134.57725471857574
58.37815598315795,-134.57725353462374
58.378164976500706,-134.5772523506711
58.37817297458516,-134.57725129774144
58.378181967927866,-134.57725011378767
58.37819099728907,-134.57724892509157
58.37819999063169,-134.57724774113663
58.37820898397432,-134.57724655718104
58.378217977316915,-134.57724537322488
58.378226970659505,-134.57724418926813
58.3782360000206,-134.57724300056898
58.378244993363126,-134.577241816611
58.37825398670564,-134.57724063265246
58.37826298004812,-134.57723944869326
58.37827197339061,-134.5772382647335
58.37828100275159,-134.57723707603134
58.378289996094,-134.57723589207032
58.37829898943641,-134.57723470810876
58.37830798277879,-134.57723352414658
58.37831697612116,-134.57723234018377
58.37832600548203,-134.5772311514786
58.37833499882436,-134.5772299675146
58.37834399216665,-134.57722878354997
58.378352985508904,-134.57722759958477
58.378361978851174,-134.57722641561898
58.378370972193395,-134.5772252316526
58.378380001554135,-134.57722404294375
58.378388994896326,-134.57722285897614
58.3783979882385,-134.57722167500793
58.37840698158064,-134.57722049103913
58.37841597492275,-134.5772193070697
58.37842500428338,-134.57721811835785
58.37843399762546,-134.5772169343872
58.378442990967514,-134.57721575041597
58.37845198430956,-134.57721456644416
58.37846097765157,-134.5772133824717
58.37846999118134,-134.57721236881736
58.37847899636335,-134.57721315209318
58.378488001545364,-134.57721393536943
58.378497006727365,-134.57721471864605
58.37850601190936,-134.57721550192306
58.37851499323029,-134.577216283125
58.378523998412255,-134.57721706640285
58.37853400151878,-134.57721793648142
58.378543006700724,-134.57721871976008
58.37855198802162,-134.57721950096368
58.378560993203564,-134.57722028424314
58.37856999838547,-134.577221067523
58.378579003567395,-134.57722185080326
58.3785880087493,-134.5772226340839
58.37859699007015,-134.57722341528952
58.37860599525203,-134.57722419857097
58.37861500043392,-134.57722498185285
58.37862400561578,-134.5772257651351
58.37863301079762,-134.57722654841774
58.37864299004296,-134.5772274164262
58.37865199522482,-134.5772281997097
58.378661000406645,-134.5772289829936
58.378670005588454,-134.57722976627792
58.37867901077028,-134.57723054956261
58.37868799209102,-134.57723133077224
58.37869699727281,-134.57723211405772
58.37870600245458,-134.57723289734363
58.37871500763635,-134.57723368062992
58.37872398895708,-134.57723446184113
58.37873299413882,-134.57723524512824
58.37874299724508,-134.5772361152171
58.37875200242681,-134.577236898505
58.37876100760853,-134.57723768179335
58.37876998892921,-134.5772384630066
58.378778994110895,-134.57723924629573
