55.36311000619078,-131.6934682861934
55.36310660297547,-131.69345326126688
55.36310350112263,-131.69343867022994
55.3631003354977,-131.69342377922138
55.36309716987075,-131.6934088882143
55.363094004241795,-131.69339399720866
55.36309083861083,-131.69337910620442
55.36308767297785,-131.69336421520165
55.363084507342876,-131.6933493242004
55.36308140547571,-131.6933347331705
55.363078239836675,-131.69331984217172
55.36307507419564,-131.69330495117438
55.363071908552584,-131.69329006017844
55.36306874290753,-131.693275169184
55.363065577260464,-131.69326027819102
55.36306228888328,-131.69324480989528
55.3630593097299,-131.6932307961767
55.363056144076765,-131.69321590518769
55.36305297842163,-131.69320101420004
55.36304981276449,-131.6931861232139
55.36304664710533,-131.69317123222922
55.363043358715224,-131.69315576394033
55.363040193051916,-131.69314087295828
55.36303721388517,-131.69312685924848
55.36303404821795,-131.6931119682692
55.36303088254871,-131.69309707729133
55.363027716877475,-131.6930821863149
55.363024551204234,-131.69306729533997
55.36302126279906,-131.6930518270592
55.363018097121646,-131.69303693608688
55.36301511794156,-131.69302292238586
55.36301195226023,-131.69300803141627
55.3630087865769,-131.69299314044818
55.36300562089157,-131.69297824948154
55.36300233247347,-131.69296278120763
55.36299916678398,-131.69294789024363
55.36299600109249,-131.69293299928108
55.36299302189904,-131.69291898558876
55.362989856203626,-131.69290409462897
55.3629866905062,-131.6928892036706
55.36298340207518,-131.6928737354036
55.3629802363736,-131.6928588444479
55.36297707067001,-131.69284395349365
55.36297390496441,-131.69282906254082
55.362970925757615,-131.6928150488573
55.362967760048114,-131.69280015790724
55.362964471604165,-131.6927846896471
55.362961305890494,-131.69276979869971
55.36295814017482,-131.69275490775377
55.36295497445714,-131.69274001680927
55.36295180873745,-131.69272512586616
55.36294864301575,-131.6927102349246
55.3629456637937,-131.69269622125114
55.36294237533467,-131.69268075299908
55.362939209606914,-131.69266586206143
55.362936043877156,-131.69265097112523
55.362932878145365,-131.69263608019045
55.362929712411585,-131.69262118925712
55.362926546675794,-131.6926062983253
55.36292344470614,-131.692591707346
55.3629202789663,-131.69257681641665
55.36291711322444,-131.69256192548872
55.36291394748058,-131.69254703456224
55.36291078173472,-131.69253214363724
55.36290761598683,-131.69251725271369
55.36290432750184,-131.6925017844755
55.36290134825295,-131.69248777081938
55.362898182499016,-131.69247287989978
55.36289501674306,-131.69245798898163
55.3628918509851,-131.6924430980649
55.36288868522514,-131.69242820714965
55.36288551946316,-131.6924133162358
55.3628822309631,-131.69239784800573
55.36287925170087,-131.69238383435837
55.362876085932825,-131.69236894344849
55.36287292016278,-131.69235405254005
55.362869754390736,-131.69233916163313
55.362866588616676,-131.6923242707276
55.36286330010368,-131.6923088025044
55.362860134325466,-131.69229391160155
55.36285715504987,-131.69227989796292
55.36285398926775,-131.69226500706282
55.36285082348361,-131.69225011616413
55.362847657697465,-131.69223522526696
55.362844369171555,-131.69221975705062
55.362841203381244,-131.69220486615603
55.362838037588936,-131.69218997526295
55.36283505829999,-131.69217596163307
55.36283189250376,-131.69216107074274
55.36282872670554,-131.6921461798538
55.362825438166695,-131.69213071164438
55.36282227236431,-131.69211582075812
55.36281910655992,-131.6921009298733
55.3628159407535,-131.6920860389899
55.36281296145121,-131.69207202536884
55.3628097956409,-131.69205713448824
55.36280662982857,-131.69204224360902
55.36280334127466,-131.69202677540773
55.36280017545817,-131.69201188453124
55.36279700963967,-131.69199699365612
55.362793843819176,-131.69198210278253
55.36279086450354,-131.69196808917022
55.36278769867913,-131.69195319829933
55.36278441011228,-131.69193773010488
55.36278124428371,-131.69192283923667
55.36277807845313,-131.6919079483699
55.362774912620544,-131.69189305750456
55.362771746785945,-131.6918781666407
55.362768767456956,-131.69186415303716
55.36276547887719,-131.69184868484956
55.362762313036534,-131.69183379398964
55.36275914719388,-131.69181890313118
55.362755978543625,-131.6918040172139
55.36275228609209,-131.69178977047517
55.36274855121422,-131.69177536005026
55.36274485875876,-131.69176111331458
55.36274095173712,-131.6917460387202
55.362737259277594,-131.69173179198742
55.36273373895633,-131.69171820942955
55.362729831928505,-131.69170313484008
55.36272613946307,-131.69168888811174
55.36272223243096,-131.69167381352554
55.36271871210234,-131.69166023097438
55.36271501963098,-131.69164598425044
55.36271111259268,-131.69163090966916
55.36270742011725,-131.69161666294815
55.36270368521619,-131.691602252545
55.36269999273684,-131.6915880058271
55.36269630025551,-131.69157375911058
55.36269256534871,-131.69155934871287
55.36268887286345,-131.6915451019994
55.36268496581055,-131.69153002742962
55.36268127332123,-131.69151578071907
55.3626777529725,-131.69150219818604
55.362673845913406,-131.69148712362116
55.362670153418165,-131.69147287691504
55.3626662463548,-131.6914578023534
55.3626627259987,-131.69144421982705
55.36265903349756,-131.69142997312542
55.36265512642798,-131.69141489856864
55.362651433922764,-131.6914006518699
55.36264769899276,-131.69138624149394
55.36264400648362,-131.6913719947983
55.362640313972484,-131.69135774810397
55.36263657903676,-131.69134333773346
55.3626328865217,-131.69132909104223
55.362628979437545,-131.69131401649702
55.36262528691841,-131.6912997698087
55.362621551974925,-131.6912853594455
55.36261785945187,-131.69127111276023
55.36261416692683,-131.69125686607637
55.362610259832195,-131.69124179153926
55.362606739448644,-131.6912282090378
55.36260283234991,-131.69121313450412
55.36259913981686,-131.6911988878262
55.36259544728182,-131.69118464114965
55.36259171232292,-131.6911702308009
55.36258801978398,-131.6911559841275
55.36258411267474,-131.69114090960187
55.36258059227839,-131.69112732711213
55.362576899733526,-131.6911130804431
55.362572992618105,-131.69109800592247
55.36256930006917,-131.69108375925632
55.362565565096766,-131.69106934892037
55.3625618725439,-131.69105510225734
55.362558179989065,-131.6910408555957
55.36255427286316,-131.69102578108314
55.36255075245216,-131.6910121986066
55.36254684532214,-131.69099712409744
55.3625431527593,-131.69098287744174
55.362539460194476,-131.69096863078744
55.36253572520664,-131.69095422046595
55.36253203263789,-131.69093997381472
55.362528125497406,-131.69092489931367
55.362524605073574,-131.69091131684877
55.362520912498915,-131.690897070202
55.36251700535222,-131.6908819957059
55.362513312773494,-131.69086774906205
55.362509577772165,-131.6908533387533
55.36250588518951,-131.69083909211247
55.36250219260486,-131.690824845473
55.36249828544771,-131.69080977098508
55.36249476500924,-131.69079618853337
55.36249085784796,-131.69078111404878
55.36248716525532,-131.69076686741536
55.36248325808977,-131.69075179293398
55.36247973764393,-131.69073821048897
55.362476045045376,-131.69072396385997
55.362472137873624,-131.69070888938353
55.36246844527099,-131.69069464275742
55.36246471024648,-131.6906802324704
55.36246101763992,-131.69066598584737
55.3624573250314,-131.69065173922576
55.362453590001145,-131.6906373289442
55.362449897388686,-131.69062308232563
55.362445990202346,-131.6906080078607
55.36244229758581,-131.69059376124505
55.362438777119884,-131.69058017881818
55.36243486992734,-131.6905651043582
55.3624311773049,-131.69055085774696
55.36242727010809,-131.6905357832902
55.362423749634786,-131.69052220087002
55.36242005700643,-131.69050795426327
55.36241614980343,-131.69049287981142
55.36241245717099,-131.69047863320753
55.36240872211756,-131.69046422294775
55.36240502948121,-131.69044997634694
55.36240133684286,-131.69043572974752
55.3623976017837,-131.69042131949317
55.36239390914143,-131.69040707289685
55.36239000192383,-131.69039199845648
55.3623863092775,-131.69037775186308
55.362382788784096,-131.69036416946108
55.3623788815603,-131.69034909502565
55.362375188908054,-131.69033484843666
55.36237128167999,-131.69031977400445
55.36236776117922,-131.69030619160915
55.36236406852106,-131.6902919450246
55.362360161286794,-131.6902768705973
55.362356468624554,-131.69026262401567
55.3623527335422,-131.6902482137831
55.36234904087605,-131.69023396720453
55.3623451336334,-131.69021889278386
55.36234161311982,-131.6902053104002
55.36233792044775,-131.69019106382606
55.36233401319889,-131.6901759894103
55.36233032052274,-131.69016174283908
55.362326585426906,-131.6901473326193
55.36232289274684,-131.69013308605113
55.36231920006479,-131.6901188394844
55.36231529280546,-131.69010376507674
55.36231177227724,-131.6900901827063
55.3623078650138,-131.69007510830207
55.36230417232374,-131.69006086174124
55.36230047963169,-131.69004661518184
55.36229674452042,-131.6900322049765
55.36229305182447,-131.69001795842019
55.362289144550545,-131.690002884024
55.36228562400952,-131.68998930166526
55.36228193130765,-131.6899750551134
55.36227802402754,-131.6899599807222
55.36227433132157,-131.6899457341732
55.36227059619681,-131.6899313239806
55.362266903486955,-131.68991707743467
55.36226321077509,-131.68990283089016
55.3622593034845,-131.6898877565071
55.36225578292882,-131.68987417416153
55.36225187563411,-131.68985909978184
55.36224818291426,-131.68984485324327
55.36224449019241,-131.68983060670612
55.362240755052234,-131.68981619652797
55.362237062326464,-131.68980194999384
55.36223315502128,-131.6897868756223
55.36222963445278,-131.6897732932884
55.36222594172112,-131.68975904675875
55.362223547157036,-131.68974320648292
55.36222114976595,-131.68972693171114
55.36221895334869,-131.68971202127165
55.36221661889357,-131.68969617377365
55.36221435953182,-131.68968083606364
55.36221202507242,-131.68966498856767
55.36220982864719,-131.6896500781322
55.362207494183636,-131.6896342306386
55.36220523481349,-131.6896188929313
55.36220290034566,-131.68960304543978
55.36220070391247,-131.68958813500825
55.36219830649915,-131.68957186024417
55.36219611006193,-131.68955694981452
55.36219377558566,-131.68954110232738
55.36219157914451,-131.6895261918999
55.36218918172232,-131.689509917139
55.36218698527713,-131.6894950067133
55.36218465079242,-131.68947915923061
55.36218239140124,-131.6894638215299
55.362180056912266,-131.68944797404927
55.362177860459106,-131.68943306362758
55.36217552596596,-131.6894172161493
55.36217326656638,-131.68940187845138
55.36217093206896,-131.68938603097516
55.362168735607845,-131.68937112055747
55.362168511896385,-131.6893550087625
55.3621684249091,-131.68934001032432
55.36216833201651,-131.68932399403934
55.36216823922595,-131.6893079957051
55.362168152232904,-131.68929299726688
55.362168059438304,-131.68927699893285
55.36216797244146,-131.6892620004948
55.362167879642804,-131.68924600216098
55.362167792642175,-131.6892310037232
55.362167699839475,-131.6892150053896
55.362167612835044,-131.68920000695195
55.3621675200283,-131.6891840086186
55.36216743291591,-131.6891689922262
55.36216734010511,-131.68915299389266
55.36216725309309,-131.68913799545507
55.36216716027824,-131.6891219971217
55.36216707326243,-131.68910699868434
55.36216698044354,-131.6890910003512
55.36216688762255,-131.6890750020182
55.36216680060099,-131.68906000358115
55.36216878486633,-131.68904491181354
55.36217089760368,-131.68902895802628
55.36217288472914,-131.68901395274887
55.36217499746227,-131.68899799895976
55.36217698458374,-131.68898299368067
55.36217897170327,-131.68896798840078
55.36218108443014,-131.68895203460897
55.362183071545694,-131.68893702932746
55.36218505865931,-131.6889220240451
55.3621871713799,-131.68890607025054
55.362189158489535,-131.68889106496658
55.3621912712059,-131.68887511117015
55.36219325831156,-131.68886010588452
55.36219524541528,-131.6888451005981
55.36219735812537,-131.68882914679892
55.3621993452251,-131.68881414151087
55.36220145793098,-131.68879818770978
55.36220344502672,-131.68878318242005
55.36220543212054,-131.68876817712956
55.36220754482014,-131.68875222332576
55.362209531909976,-131.6887372180336
55.362211518997874,-131.68872221274066
55.36221363169121,-131.6887062589341
55.36221561877512,-131.68869125363952
55.362217731464234,-131.6886752998311
55.36221925524134,-131.6886599582856
55.362218409134734,-131.68864393313444
55.3622175715812,-131.68862807001736
55.362216777817665,-131.6886130363118
55.36221593170485,-131.68859701116168
55.36221508558993,-131.68858098601177
55.36221423947288,-131.68856496086207
55.36221339335371,-131.68854893571262
55.362212555787885,-131.68853307259954
55.36221170966451,-131.68851704745092
55.36221091588721,-131.688502013747
55.36221006975974,-131.6884859885988
55.36220922363014,-131.68846996345079
55.36220837749841,-131.68845393830304
55.362207539920284,-131.68843807519394
55.362206693784366,-131.68842205004705
55.36220589999528,-131.68840701634454
55.362205053855256,-131.68839099119802
55.3622042077131,-131.68837496605173
55.36220336156883,-131.6883589409056
55.362202515422446,-131.68834291575976
55.36220167782994,-131.68832705265532
55.36220083167934,-131.68831102751034
55.362200037876484,-131.68829599380945
55.36219919172179,-131.68827996866483
55.36219834556497,-131.68826394352044
55.36219749940602,-131.68824791837625
55.362196661801214,-131.6882320552759
55.362195815638074,-131.6882160301326
55.36219502182343,-131.6882009964331
55.362194175656185,-131.68818497129018
55.362193329486814,-131.68816894614747
55.362192483315326,-131.68815292100498
55.36219164569821,-131.68813705790868
55.36219079952252,-131.68812103276701
55.36218995334471,-131.68810500762558
55.3621891595163,-131.68808997392773
55.36218831333438,-131.68807394878672
55.362187467150335,-131.68805792364597
55.362186620964174,-131.68804189850536
55.36218578333269,-131.68802603541369
55.36218493714233,-131.68801001027396
55.36218414330213,-131.68799497657756
55.362183134117785,-131.687978943581
55.36218109766338,-131.6879639589161
55.36217893265367,-131.68794802833048
55.362176896195294,-131.68793304366744
55.362174859734985,-131.68791805900517
55.36217282327276,-131.6879030743438
55.36217078680859,-131.68788808968324
55.3621687503425,-131.68787310502353
55.36216658532041,-131.68785717444362
55.362164494771285,-131.68784179186392
55.3621624582992,-131.6878268072065
55.36216042182519,-131.68781182254995
55.36215838534924,-131.68779683789418
55.362156348871366,-131.68778185323933
55.362154183836786,-131.68776592266482
55.36215214735494,-131.68775093801167
55.36215011087116,-131.68773595335938
55.362148074385466,-131.68772096870796
55.36214603789783,-131.68770598405735
55.362144001408275,-131.68769099940758
55.36214183636132,-131.68767506883881
55.362139591387994,-131.6876602400828
55.362136728782374,-131.68764515935592
55.36213386617467,-131.68763007863012
55.36213100356491,-131.6876149979054
55.362128140953104,-131.6875999171818
55.36212527833922,-131.68758483645934
55.36212251606268,-131.68757028434183
55.36211965344482,-131.68755520362183
55.36211679082489,-131.68754012290296
55.362113928202895,-131.68752504218511
55.36211106557885,-131.68750996146844
55.36210820295274,-131.6874948807529
55.36210534032456,-131.68747980003837
55.362102578034644,-131.68746524793076
55.362099715402486,-131.68745016721877
55.36209685276826,-131.68743508650786
55.36209399013199,-131.6874200057981
55.36209112749364,-131.68740492508942
55.362088264853234,-131.68738984438184
55.36208550255186,-131.68737529228272
55.36208263990746,-131.6873602115776
55.36207977726101,-131.6873451308736
55.362077085387504,-131.6873309498293
55.36207309617623,-131.68731592028894
55.362069301914836,-131.68730174977222
55.36206568926618,-131.68728825753706
55.362061675871956,-131.6872732686384
55.36205788160471,-131.68725909812645
55.362054087335494,-131.687244927616
55.36205029306433,-131.68723075710705
55.36204627966174,-131.68721576821505
55.362042667002186,-131.68720227599027
55.362038872725165,-131.6871881054861
55.36203507844616,-131.68717393498335
55.36203106503539,-131.6871589460983
55.362027270752364,-131.68714477559868
55.362023658083814,-131.68713128338246
55.362019863797,-131.68711711288603
55.36201585037804,-131.68710212400782
55.36201205608719,-131.68708795351446
55.362008261794394,-131.68707378302267
55.36200464911684,-131.687060290815
55.36200063568968,-131.6870453019437
55.361996841391026,-131.6870311314566
55.3619930470904,-131.687016960971
55.36198925278782,-131.68700279048693
55.3619852393523,-131.68698780162234
55.361981626663855,-131.686974309425
55.36197783235543,-131.68696013894566
55.36197403804502,-131.68694596846785
55.3619700246013,-131.68693097961014
55.36196623028686,-131.68691680913545
55.36196261758943,-131.68690331694668
55.361958823271216,-131.68688914647512
55.3619548098193,-131.6868741576243
55.36195101549705,-131.68685998715583
55.36194722117284,-131.68684581668884
55.36194342684666,-131.6868316462234
55.361939595006305,-131.68681733566473
55.36193580067624,-131.68680316520255
55.361932006344205,-131.68678899474185
55.36192821201021,-131.6867748242826
55.36192419854175,-131.68675983544537
55.361920585824436,-131.68674634327556
55.36191679148458,-131.6867321728211
55.36191299714277,-131.68671800236817
55.36190898366612,-131.6867030135378
55.36190518932027,-131.68668884308795
55.36190139497245,-131.68667467263958
55.36189778224431,-131.68666118047997
55.36189376875948,-131.68664619165656
55.36188997440583,-131.68663202121297
55.36188618005019,-131.68661785077086
55.36188238569258,-131.68660368033022
55.36187855382184,-131.68658936980162
55.361874759460356,-131.68657519936426
55.36187096509691,-131.68656102892842
55.36186717073149,-131.68654685849404
55.36186315723011,-131.68653186968425
55.36185954448389,-131.68651837754192
55.361855750112646,-131.68650420711234
55.361851955739404,-131.68649003668418
55.36184794222983,-131.68647504788126
55.361844147852565,-131.68646087745628
55.36184035347334,-131.68644670703276
55.36183674071632,-131.68643321490066
55.36183272719855,-131.68641822610462
55.361828932813474,-131.6864040556859
55.36182513842643,-131.68638988526865
55.361821344037416,-131.68637571485286
55.36181751213626,-131.6863614043543
55.361813717743374,-131.68634723394183
55.36180992334852,-131.6863330635308
55.36180612895169,-131.68631889312132
55.361802115417376,-131.6863039043389
55.36179832101651,-131.6862897339325
55.36179470823959,-131.68627624181931
55.36179091383496,-131.68626207141608
55.36178690029245,-131.68624708264056
55.36178310588377,-131.6862329122404
55.361779311473136,-131.68621874184174
55.36177569868723,-131.68620524973713
55.36177168513652,-131.68619026096852
55.361767890720024,-131.6861760905746
55.36176409630158,-131.68616192018223
55.361760301881155,-131.68614774979136
55.361756288322084,-131.6861327610294
55.36175267552528,-131.68611926893516
55.36174888109902,-131.68610509854904
55.36174508667079,-131.68609092816442
55.36174107310353,-131.68607593940936
55.36173727867126,-131.68606176902784
55.36173261007362,-131.68604731056865
55.36172753125193,-131.68603339964324
55.361722193969065,-131.6860187807995
55.36171711514323,-131.68600486987893
55.36171203631538,-131.68599095896073
55.36170669902613,-131.6859763401248
55.36170162019413,-131.68596242921143
55.36169732260227,-131.68594771012056
55.36169327167031,-131.6859337558862
55.36168922073644,-131.6859198016536
55.36168516980066,-131.6859058474227
55.36168111886297,-131.6858918931936
55.36167729816539,-131.68587873207818
55.361673247223976,-131.68586477785243
55.36166919628066,-131.6858508236284
55.361665145335415,-131.68583686940613
55.361661094388275,-131.6858229151856
55.36165704343921,-131.68580896096688
55.36165299248825,-131.68579500674986
55.361648941535364,-131.68578105253457
55.36164489058058,-131.68576709832107
55.36164083962389,-131.68575314410933
55.361636788665294,-131.68573918989935
55.361632737704774,-131.68572523569105
55.36162868674234,-131.68571128148454
55.361624866021195,-131.68569812038965
55.36162081505504,-131.68568416618652
55.36161676408697,-131.68567021198507
55.361612713117,-131.68565625778544
55.361608662145116,-131.68564230358754
55.36160440428036,-131.68562763672415
55.361600353304475,-131.68561368252958
55.36159630232671,-131.68559972833685
55.36159225134703,-131.6855857741458
55.36158820036542,-131.68557181995652
55.36158414938191,-131.685557865769
55.3615800983965,-131.68554391158324
55.36157604740918,-131.68552995739924
55.36157222666431,-131.6855167963247
55.36156817567325,-131.68550284214402
55.361564124680285,-131.68548888796508
55.36156007368541,-131.6854749337879
55.361556022688625,-131.68546097961251
55.36155197168994,-131.68544702543883
55.361547920689326,-131.6854330712669
55.361542979142904,-131.68542002448316
55.3615380274798,-131.68540696774272
55.361532813395314,-131.68539321904677
55.36152786172848,-131.6853801623107
55.36152291005981,-131.68536710557677
55.36151795838931,-131.6853540488449
55.36151274429714,-131.68534030015832
55.3615077926229,-131.68532724343086
55.361502840946855,-131.68531418670557
55.36149788926897,-131.6853011299824
55.36149267516911,-131.6852873813051
55.361487723487485,-131.6852743245863
55.36148277180404,-131.6852612678696
55.36147782011877,-131.68524821115506
55.36147260601123,-131.68523446248707
55.36146734627758,-131.685220593519
55.36146239458657,-131.68520753681094
55.36145744289374,-131.68519448010497
55.361452228778326,-131.6851807314463
55.36144727708176,-131.68516767474475
55.361442325383365,-131.68515461804532
55.361437373683145,-131.685141561348
55.361432159560046,-131.68512781269865
55.361427207856096,-131.68511475600573
55.361422256150306,-131.6851016993149
55.3614173044427,-131.68508864262623
55.36141209031192,-131.68507489398624
55.36140713860057,-131.68506183730193
55.3614021868874,-131.68504878061975
55.36139723517241,-131.68503572393968
55.36139202103395,-131.68502197530904
55.361387069315214,-131.68500891863334
55.36138211759466,-131.6849958619598
55.36137716587226,-131.68498280528837
55.36137195172611,-131.68496905666703
55.361366999999994,-131.684956
55.36136255427029,-131.68494245274894
55.36135810466282,-131.68492889368898
55.36135365892944,-131.6849153464419
55.361348963194125,-131.68490103738552
55.361344763581045,-131.68488824014233
55.361340067841724,-131.6848739310898
55.361335622100896,-131.68486038385092
55.36133092635747,-131.68484607480244
55.36132672673728,-131.68483327756675
55.36132203098983,-131.68481896852205
55.361317585241565,-131.68480542129137
55.361313135614665,-131.6847918622492
55.36130868986271,-131.6847783150225
55.361303994107146,-131.6847640059857
55.36129979447633,-131.68475120876118
55.36129509871675,-131.6847368997282
55.36129065295735,-131.6847233525097
55.361285957193665,-131.6847090434807
55.361281757555744,-131.6846962462637
55.36127706178804,-131.68468193723857
55.3612726160212,-131.68466839002824
55.36126816637487,-131.68465483100388
55.36126372060437,-131.68464128379762
55.361259024828534,-131.6846269747803
55.36125482517999,-131.68461417757447
55.36125012940013,-131.68459986856098
55.36124568362218,-131.68458632136287
55.36124098783823,-131.6845720123534
55.36123678818259,-131.68455921515513
55.36123209239461,-131.68454490614948
55.36122764660921,-131.68453135895956
55.36122319694346,-131.68451779995303
55.361218751154375,-131.68450425276714
55.361214055358275,-131.68448994376934
55.36120985569202,-131.6844771465822
55.36120515989189,-131.68446283758823
55.36120071409539,-131.68444929041053
55.36119601829115,-131.6844349814206
55.36119181861779,-131.68442218424096
55.36118712280954,-131.68440787525483
55.36118267700557,-131.68439432808532
55.36117838661408,-131.6843808249386
55.36117620429792,-131.6843659074925
55.36117388477553,-131.6843500521745
55.36117170245544,-131.68433513473053
55.361169520133416,-131.6843202172875
55.36116727568205,-131.6843048751688
55.36116509335612,-131.68428995772754
55.36116291102828,-131.68427504028722
55.36116059149351,-131.6842591849757
55.361158347033864,-131.68424384285956
55.36115616470006,-131.68422892542205
55.361153982364364,-131.68421400798562
55.36115180002676,-131.68419909055015
55.36114961768723,-131.68418417311563
55.36114723601169,-131.68416789313108
55.36114505366813,-131.68415297569842
55.36114287132266,-131.68413805826674
55.36114068897529,-131.68412314083608
55.361138506626,-131.68410822340644
55.361136124939584,-131.6840919434256
55.36113394258626,-131.6840770259978
55.361131760231025,-131.68406210857094
55.361129577873875,-131.68404719114508
55.36112739551483,-131.68403227372025
55.3611251510244,-131.68401693161377
55.36112283145442,-131.6840010763202
55.36112064908943,-131.68398615889816
55.361118466722516,-131.68397124147714
55.361116222223814,-131.6839558993732
55.36111403985297,-131.68394098195387
55.361111857480225,-131.68392606453554
55.36110953789788,-131.6839102092484
55.36110735552119,-131.68389529183221
55.36110511101221,-131.6838799497315
55.361102928631595,-131.683865032317
55.361101001933626,-131.68384999954264
55.36109978319307,-131.68383405128137
55.36109863951224,-131.68381908526635
55.36109740301315,-131.68380290467496
55.361096184266366,-131.68378695641522
55.361095040579684,-131.68377199040162
55.361093821828824,-131.6837560421432
55.36109267813833,-131.68374107613073
55.36109144162863,-131.68372489554037
55.36109022287154,-131.68370894728346
55.36108907917517,-131.68369398127243
55.36108786041401,-131.68367803301683
55.36108671671383,-131.68366306700693
55.36108548019354,-131.68364688641753
55.361084261426136,-131.68363093816347
55.3610831177201,-131.683615972155
55.36108189894864,-131.6836000239023
55.361080755238774,-131.68358505789493
55.36107953646324,-131.6835691096435
55.361078299930185,-131.68355292905534
55.36107715621447,-131.68353796304942
55.36107593743271,-131.68352201479956
55.36107479371316,-131.68350704879475
55.36107357492733,-131.68349110054618
55.36107233838368,-131.68347491995897
55.36107119465827,-131.6834599539556
55.3610699758662,-131.68344400570862
55.361068832136986,-131.68342903970637
55.361067613340836,-131.68341309146066
55.361066376786596,-131.6833969108745
55.36106523305152,-131.68338194487362
55.361064014249145,-131.68336599662948
55.361062870510246,-131.6833510306298
55.3610616517038,-131.68333508238695
55.36106041513895,-131.68331890180178
55.3610592713942,-131.68330393580348
55.36105805258152,-131.68328798756215
55.36105690883294,-131.68327302156507
55.361055690016194,-131.68325707332502
55.361054453440744,-131.68324089274086
55.36105330968631,-131.68322592674508
55.36105594175071,-131.68321096788807
55.36105864275954,-131.68319580305902
55.361061254356315,-131.68318114022247
55.3610639553611,-131.68316597539132
55.3610666563638,-131.68315081055923
55.36106943013952,-131.68313523712845
55.36107213113808,-131.6831200722941
55.36107483213455,-131.68310490745884
55.361077443719694,-131.68309024461442
55.36108014471213,-131.68307507977707
55.36108284570248,-131.68305991493878
55.36108545728187,-131.6830452520905
55.36108815826818,-131.68303008725007
55.3610908592524,-131.68301492240872
55.36109356023455,-131.68299975756648
55.36109617180624,-131.68298509471313
55.361098872784346,-131.68296992986876
55.361101573760365,-131.68295476502345
55.3611041853263,-131.68294010216624
55.36110688629829,-131.68292493731883
55.36110958726819,-131.6829097724705
55.361112198828366,-131.68289510960943
55.36111489979423,-131.68287994475898
55.361117600758014,-131.68286477990756
55.36112021231244,-131.68285011704262
55.36112307545466,-131.68283404159627
55.3611257764122,-131.68281887674172
55.36112838796078,-131.68280421387277
55.361131088914284,-131.68278904901612
55.36113378986571,-131.68277388415856
55.36113640140853,-131.68275922128572
55.36113910235591,-131.68274405642603
55.36114180330122,-131.6827288915654
55.361144414838286,-131.68271422868872
55.361147115779545,-131.682699063826
55.361149816718736,-131.68268389896232
55.36115242825004,-131.68266923608172
55.361155129185185,-131.68265407121598
55.36115783011824,-131.6826389063493
55.36116053104923,-131.68262374148165
55.361163142572835,-131.68260907859602
55.36116584349977,-131.6825939137263
55.36116854442463,-131.68257874885563
55.36117115594247,-131.68256408596613
55.36117385686329,-131.68254892109334
55.361176719962266,-131.68253284562434
55.361179331474254,-131.6825181827308
55.36118203238885,-131.68250301785488
55.361184733301336,-131.68248785297803
55.36118734480759,-131.68247319008066
55.36119004571604,-131.68245802520167
55.36119274662242,-131.6824428603218
55.36119535812291,-131.6824281974205
55.36119805902525,-131.68241303253853
55.36120075992551,-131.68239786765562
55.361203371420245,-131.68238320475044
55.36120607231646,-131.6823680398654
55.36120670903453,-131.68235204792296
55.36120705937845,-131.6823360040133
55.36120740824654,-131.68232002759268
55.36120775711256,-131.68230405117154
55.36120810745016,-131.68228800726226
55.36120845631199,-131.68227203084075
55.361208826975414,-131.6822550558924
55.36120917730658,-131.68223901198346
55.36120952616202,-131.68222303556107
55.3612098750154,-131.68220705913822
55.361210225340244,-131.6821910152296
55.36121057418943,-131.68217503880632
55.36121092303654,-131.68215906238265
55.361211273355075,-131.68214301847436
55.36121162219801,-131.68212704205024
55.361211971038855,-131.68211106562563
55.36121231987763,-131.6820950892007
55.361212670187754,-131.68207904529268
55.361213019022344,-131.68206306886728
55.36121336785485,-131.68204709244142
55.36121371815868,-131.68203104853382
55.36121408878871,-131.68201407358086
55.36121334200399,-131.68199784528525
55.36121116162276,-131.68198292688552
55.361208844149544,-131.68196707050328
55.36120666376437,-131.68195215210565
55.361204421360576,-131.6819368093855
55.36120210388106,-131.68192095300637
55.361199923489956,-131.68190603461156
55.361197606006264,-131.68189017823482
55.36119536359407,-131.68187483551725
55.361193046106095,-131.6818589791425
55.36119086570702,-131.6818440607516
55.36118854821488,-131.68182820437917
55.36118630579427,-131.68181286166427
55.36118398829786,-131.68179700529382
55.361181807890794,-131.68178208690685
55.36117949039023,-131.68176623053878
55.361177247961216,-131.6817508878265
55.361174930456365,-131.68173503146045
55.361172750041334,-131.68172011307732
55.361170569624385,-131.68170519469524
55.361168190094894,-131.68168891400398
55.361166009673916,-131.68167399562364
55.36116369215859,-131.68165813926302
55.36116144971492,-131.68164279655528
55.361159132195304,-131.68162694019665
55.361156951766354,-131.68161202182029
55.36115463424258,-131.68159616546401
55.3611523917905,-131.68158082275883
55.36115007426245,-131.68156496640458
55.36114789382552,-131.6815500480321
55.361145576293296,-131.68153419168016
55.36114333383282,-131.68151884897765
55.36114101629632,-131.6815029926277
55.36113883585143,-131.68148807425916
55.361136655404614,-131.68147315589164
55.36113427584187,-131.6814568752117
55.36113209539103,-131.68144195684596
55.36112977784405,-131.68142610050145
55.36112759222763,-131.681411113791
55.36112613602675,-131.681394962041
55.36112470436524,-131.68137908249864
55.36112324816,-131.68136293074937
55.36112190443959,-131.6813480266668
55.361120448230096,-131.6813318749182
55.36111901656028,-131.68131599537875
55.36111758488837,-131.6813001158402
55.36111621661818,-131.6812849395509
55.361114784942174,-131.68126906001373
55.361113328721935,-131.6812529082671
55.361111984987886,-131.68123800418928
55.3611105533057,-131.68122212465448
55.36110909707907,-131.68120597290908
55.36110766539265,-131.68119009337576
55.36110629710835,-131.6811749170886
55.361104865417836,-131.6811590375567
55.361103409182604,-131.6811428858127
55.36110197748786,-131.6811270062823
55.361100633738225,-131.68111210221002
55.361099177496605,-131.68109595046727
55.36109774579568,-131.6810800709392
55.36109628954969,-131.6810639191971
55.36109494579223,-131.68104901512746
55.36109351408514,-131.68103313560172
55.36109205783276,-131.6810169838609
55.36109062612143,-131.68100110433664
55.361089257812864,-131.68098592805322
55.36108782609743,-131.68097004853036
55.36108636983645,-131.68095389679095
55.36108493811679,-131.68093801726957
55.36108359434376,-131.6809231132055
55.36108213807638,-131.68090696146731
55.36108070635054,-131.6808910819483
55.36107925007879,-131.6808749302108
55.36107790629792,-131.68086002614933
55.36107645002195,-131.68084387441263
55.36107501828778,-131.68082799489642
55.36107358655154,-131.6808121153812
55.361072218218744,-131.68079693910155
55.3610707864784,-131.6807810595877
55.36106933019166,-131.68076490785293
55.36106789844708,-131.68074902834053
55.361066554650634,-131.68073412428467
55.361065098357514,-131.68071797255112
55.36106366660676,-131.68070209304108
55.36106221030926,-131.68068594130827
55.361060866504985,-131.68067103725497
55.36105941020325,-131.6806548855228
55.361057978444165,-131.6806390060157
55.36105654668302,-131.68062312650946
55.36105517832597,-131.68060795023362
55.36105374656071,-131.6805920707288
55.36105229024821,-131.6805759189986
55.361050946430304,-131.68056101495006
