37.32567702405015,-121.86566693600324
37.325668948600935,-121.86566213677146
37.325660873151364,-121.8656573375406
37.325653104895615,-121.86565272087576
37.32564502944536,-121.86564792164675
37.325636953994746,-121.86564312241869
37.32562887854379,-121.86563832319153
37.32561998565743,-121.86563303816521
37.32561221739993,-121.86562842150494
37.325604141947885,-121.86562362228067
37.32559606649551,-121.86561882305736
37.32558799104276,-121.86561402383496
37.325579915589685,-121.86560922461351
37.32557184013625,-121.865604425393
37.32556407187672,-121.8655998087381
37.32555599642258,-121.86559500951941
37.325547103532685,-121.86558972450239
37.32553902807782,-121.86558492528569
37.32553095262261,-121.86558012606991
37.325522877167046,-121.86557532685511
37.32551510890543,-121.86557071020565
37.32550703344918,-121.86556591099266
37.32549895799257,-121.86556111178062
37.325490882535625,-121.86555631256951
37.325482807078316,-121.86555151335935
37.32547391418488,-121.86554622835169
37.3254661459212,-121.86554161170767
37.325458070462815,-121.86553681250037
37.32544999500408,-121.865532013294
37.325441919545,-121.8655272140886
37.32543384408557,-121.86552241488413
37.32542607582016,-121.86551779824455
37.325418000360045,-121.86551299904194
37.325409107463486,-121.86550771404251
37.32540103200264,-121.86550291484187
37.32539295654142,-121.86549811564213
37.325384881079856,-121.86549331644332
37.325377112812376,-121.86548869980925
37.325369037350136,-121.8654839006123
37.32536096188753,-121.8654791014163
37.32535288642459,-121.86547430222122
37.325344810961276,-121.86546950302709
37.3253359180612,-121.86546421803703
37.32532814979163,-121.86545960140838
37.32532007432725,-121.8654548022171
37.325311998862524,-121.8654500030268
37.325303923397456,-121.86544520383741
37.325295847932026,-121.86544040464895
37.32528807966076,-121.86543578802478
37.32528000419464,-121.86543098883818
37.32527192872818,-121.86542618965251
37.32526388774711,-121.86542023049275
37.325255944866704,-121.8654141132071
37.32524800198576,-121.86540799592257
37.325240059104274,-121.86540187863916
37.32523211622223,-121.86539576135687
37.325224173339656,-121.86538964407566
37.32521695768856,-121.86538408687959
37.32520901480493,-121.86537796960053
37.32520107192076,-121.8653718523226
37.32519312903604,-121.86536573504574
37.325185186150776,-121.86535961777005
37.32517724326497,-121.86535350049547
37.32517002761098,-121.86534794330537
37.32516208472414,-121.86534182603293
37.32515414183674,-121.86533570876158
37.3251461989488,-121.86532959149132
37.32513825606033,-121.86532347422221
37.32513094951717,-121.86531709082708
37.3251240065328,-121.86531098824639
37.32511601835064,-121.86530396698411
37.32510907536515,-121.86529786440546
37.32510175898334,-121.86529143362941
37.32509481599678,-121.86528533105268
37.32508720120793,-121.8652786379932
37.32507988482438,-121.86527220722027
37.325072941836176,-121.86526610464652
37.32506495364957,-121.86525908339222
37.32505801066021,-121.8652529808205
37.32505106767033,-121.8652468782497
37.325043751283985,-121.865240447482
37.325036136490816,-121.86523375443005
37.325028820103306,-121.8652273236645
37.32502187711121,-121.86522122109764
37.325014262316195,-121.86521452804895
37.32500694592696,-121.86520809728654
37.32500000293321,-121.86520199472265
37.32499268654288,-121.86519556396233
37.32498529119574,-121.86518851766398
37.324978169786206,-121.86518171876648
37.32497104837603,-121.86517491987006
37.32496392696524,-121.86516812097467
37.32495680555381,-121.86516132208035
37.324950067120696,-121.8651548888214
37.32494294570804,-121.86514808992912
37.32493518992893,-121.865140685402
37.32492806851495,-121.86513388651193
37.32492094710034,-121.86512708762292
37.324913825685115,-121.865120288735
37.324907087248306,-121.86511385548201
37.32489996583183,-121.8651070565961
37.324892844414734,-121.86510025771128
37.324885088630715,-121.86509285319218
37.324877967212295,-121.86508605430956
37.32487122877241,-121.86507962106153
37.324864107352745,-121.86507282218095
37.32485698593247,-121.86506602330147
37.32484986451156,-121.86505922442299
37.32484274309004,-121.86505242554563
37.32483498730107,-121.86504502103452
37.32482824885749,-121.86503858779245
37.324821127434035,-121.86503178891827
37.32481400600994,-121.86502499004514
37.32480688458523,-121.86501819117306
37.32479976315987,-121.86501139230205
37.324793024713294,-121.86500495906489
37.32478526891943,-121.86499755456174
37.324778147492154,-121.86499075569392
37.32477102606424,-121.86498395682719
37.32476390463571,-121.86497715796148
37.324757166186046,-121.86497072472929
37.32475004475629,-121.86496392586567
37.32474292332589,-121.86495712700307
37.324735801894874,-121.86495032814157
37.32472804609539,-121.86494292364756
37.32472092466304,-121.86493612478826
37.32471418620969,-121.86492969156203
37.32470706477611,-121.86492289270475
37.324699943341905,-121.86491609384855
37.32469282190707,-121.86490929499342
37.324685700471605,-121.86490249613935
37.32467832764692,-121.86489545728503
37.32467120621016,-121.8648886584331
37.32466408477277,-121.86488185958223
37.324656963334746,-121.8648750607324
37.32464984189611,-121.86486826188366
37.324642720456836,-121.86486146303595
37.32463598199679,-121.86485502982056
37.32462822618746,-121.86484762534253
37.324621104746264,-121.86484082649802
37.32461398330444,-121.86483402765458
37.32460686186197,-121.86482722881222
37.32460012339885,-121.86482079560179
37.324593001955165,-121.86481399676146
37.32458588051084,-121.8648071979222
37.32457812469659,-121.86479979345218
37.32457100325095,-121.86479299461512
37.32456426478475,-121.86478656140967
37.32455714333787,-121.86477976257467
37.32455002189036,-121.86477296374073
37.32454290044223,-121.86476616490783
37.32453577899348,-121.86475936607603
37.324528657544086,-121.86475256724525
37.3245212847044,-121.86474552841452
37.32451416325373,-121.8647387295859
37.324507041802406,-121.86473193075834
37.32449992035046,-121.86472513193183
37.32449279889789,-121.8647183331064
37.324486060424995,-121.8647118999118
37.32447893897118,-121.86470510108839
37.324471183146414,-121.86469769663546
37.32446406169128,-121.86469089781427
37.32445694023553,-121.86468409899415
37.324449818779144,-121.8646773001751
37.32444308030255,-121.86467086698649
37.32443595884493,-121.86466406816943
37.32442883738669,-121.86465726935349
37.324421081556984,-121.86464986490857
37.32441396009743,-121.86464306609484
37.324407221617754,-121.86463663291119
37.32440010015696,-121.86462983409949
37.32439297869551,-121.86462303528886
37.324385857233466,-121.86461623647929
37.324378735770786,-121.86460943767077
37.324370979936155,-121.86460203323388
37.324364241452805,-121.86459560005618
37.32435711998819,-121.86458880125086
37.32434999852295,-121.86458200244661
37.32434287705708,-121.86457520364341
37.324335755590575,-121.86456840484128
37.32432901710421,-121.86456197166848
37.32432126126468,-121.86455456723954
37.32431413979626,-121.86454776844057
37.32430701832719,-121.86454096964269
37.324299896857525,-121.8645341708459
37.32429315836808,-121.86452773767807
37.324286036897156,-121.86452093888329
37.32427891542562,-121.86451414008961
37.32427179395346,-121.86450734129697
37.32426403810829,-121.86449993687717
37.324256916634795,-121.86449313808674
37.32425017814167,-121.86448670492486
37.324243056666944,-121.86447990613647
37.32423593519159,-121.86447310734914
37.324228813715614,-121.86446630856288
37.32422173217649,-121.86445943630515
37.32421465329564,-121.86445256480816
37.32420733244096,-121.864445458428
37.32420025355878,-121.86443858693315
37.32419317467597,-121.86443171543932
37.324186095792506,-121.86442484394658
37.3241790169084,-121.86441797245492
37.32417193802367,-121.86441110096426
37.324164859138286,-121.86440422947469
37.32415778025227,-121.86439735798619
37.3241510860136,-121.86439085987716
37.32414400712631,-121.86438398839068
37.32413692823839,-121.86437711690526
37.32412984934982,-121.86437024542091
37.32412214383877,-121.86436276567538
37.32411506494885,-121.86435589419322
37.324107986058294,-121.86434902271213
37.32410090716709,-121.8643421512321
37.324094212923434,-121.864335653131
37.32408713403097,-121.86432878165299
37.32408005513787,-121.86432191017606
37.32407297624414,-121.8643150387002
37.32406589734975,-121.86430816722536
37.32405881845473,-121.86430129575163
37.324051739559074,-121.86429442427892
37.32404466066277,-121.86428755280728
37.32403733979147,-121.86428044645271
37.324030260893835,-121.8642735749832
37.324023181995564,-121.86426670351476
37.32401610309665,-121.86425983204735
37.324009024197096,-121.86425296058101
37.32400194529689,-121.86424608911572
37.323994866396056,-121.86423921765149
37.32398778749458,-121.86423234618833
37.32398109324098,-121.86422584810296
37.323974014338255,-121.86421897664187
37.32396693543487,-121.86421210518179
37.32395985653084,-121.8642052337228
37.32395215100264,-121.86419775400454
37.323945072097274,-121.86419088254772
37.323937993191265,-121.86418401109201
37.32393091428461,-121.86417713963729
37.32392422002601,-121.86417064155984
37.3239171411181,-121.8641637701072
37.323910062209535,-121.86415689865562
37.32390298330035,-121.86415002720508
37.32389590439051,-121.86414315575563
37.32388882548003,-121.86413628430724
37.32388174656893,-121.86412941285988
37.32387466765717,-121.86412254141358
37.323867346769234,-121.8641154350846
37.32386026785615,-121.86410856364043
37.323853299999996,-121.86410179999999
37.32384609231042,-121.86409484864342
37.3238389967112,-121.8640880053925
37.32383190111135,-121.86408116214265
37.32382480551084,-121.86407431889384
37.32381770990971,-121.86406747564611
37.323810368675055,-121.86406039550248
37.32380327307259,-121.86405355225688
37.32379617746951,-121.86404670901236
37.32378908186578,-121.86403986576886
37.32378198626144,-121.86403302252644
37.32377489065643,-121.86402617928506
37.323767795050806,-121.86401933604475
37.32376069944456,-121.86401249280551
37.323752974191926,-121.86400504231622
37.323746262596785,-121.86399856943336
37.32373916698855,-121.86399172619728
37.32373207137971,-121.86398488296228
37.323724975770226,-121.86397803972837
37.323717880160096,-121.86397119649548
37.32371078454935,-121.86396435326368
37.32370305929172,-121.86395690278235
37.323695963679604,-121.86395005955274
37.323688868066874,-121.86394321632417
37.323682156466155,-121.86393674345022
37.323675060852175,-121.86392990022372
37.32366796523755,-121.86392305699826
37.3236608696223,-121.86391621377388
37.32365314435968,-121.86390876330057
37.32364604874307,-121.86390192007838
37.32363895312585,-121.86389507685725
37.32363185750798,-121.86388823363717
37.323625145902305,-121.86388176077115
37.32361805028319,-121.86387491755313
37.32361095466343,-121.86386807433615
37.32360322939583,-121.86386062387086
37.323596133774736,-121.8638537806561
37.323589038153,-121.86384693744236
37.32358194253064,-121.86384009422973
37.32357484690763,-121.86383325101815
37.32356775128401,-121.86382640780761
37.32356103967275,-121.8638199349505
37.32355394404786,-121.86381309174202
37.32354621877456,-121.86380564128586
37.32353912314834,-121.86379879807957
37.32353202752147,-121.86379195487437
37.32352493189397,-121.8637851116702
37.32351783626584,-121.86377826846712
37.323510740637076,-121.86377142526507
37.32350402902086,-121.86376495241588
37.323496303742566,-121.86375750196771
37.323489208111845,-121.86375065876885
37.32348211248048,-121.86374381557106
37.32347501684849,-121.86373697237434
37.32346792121586,-121.86373012917865
37.323460825582586,-121.86372328598404
37.32345372994868,-121.86371644279048
37.3234460046654,-121.8637089923504
37.32343929304354,-121.86370251951021
37.323432197407676,-121.86369567631982
37.32342510177118,-121.86368883313051
37.323418006134055,-121.86368198994228
37.32341091049629,-121.8636751467551
37.3234038148579,-121.86366830356896
37.32339671921885,-121.8636614603839
37.32338899392986,-121.86365400995292
37.32338228230305,-121.86364753712067
37.323375186662055,-121.86364069393878
37.32336809102043,-121.86363385075796
37.323360995378174,-121.86362700757822
37.32335389973527,-121.8636201643995
37.32334680409175,-121.86361332122186
37.32333907879775,-121.8636058707989
37.323331983152876,-121.86359902762345
37.32332488750738,-121.86359218444908
37.32331817587499,-121.86358571162573
37.32331108022822,-121.86357886845342
37.32330398458083,-121.86357202528214
37.3232968889328,-121.86356518211193
37.32328916363383,-121.86355773169696
37.32328206798445,-121.86355088852893
37.32327497233446,-121.86354404536198
37.3232678766838,-121.86353720219607
37.32326078103253,-121.86353035903126
37.323254069394565,-121.8635238862168
37.323246973742044,-121.86351704305405
37.323239248438085,-121.86350959264706
37.3232321527842,-121.86350274948644
37.323225057129704,-121.86349590632695
37.32321796147456,-121.86348906316847
37.3232108658188,-121.86348222001106
37.32320377016239,-121.86347537685472
37.32319705851945,-121.86346890404819
37.323189962861804,-121.86346206089391
37.323182237552146,-121.86345461049606
37.323175141893145,-121.86344776734396
37.323168046233505,-121.86344092419293
37.32316095057323,-121.86343408104294
37.32315385491233,-121.86342723789403
37.3231467592508,-121.86342039474616
37.323139663588606,-121.86341355159936
37.32313232228824,-121.86340647155772
37.323125226624754,-121.86339962841306
37.32311813096062,-121.86339278526944
37.32311103529585,-121.86338594212688
37.32310393963045,-121.8633790989854
37.323096843964414,-121.86337225584496
37.32308974829774,-121.86336541270559
37.32308202297808,-121.8633579623238
37.32307531132455,-121.86335148953422
37.32306821565591,-121.86334464639803
37.32306111998665,-121.86333780326292
37.32305402431675,-121.86333096012883
37.323046928646214,-121.86332411699586
37.323039832975034,-121.86331727386388
37.32303210765039,-121.86330982349011
37.32302501197788,-121.86330298036036
37.32301791630474,-121.86329613723169
37.323011204645624,-121.863289664451
37.323004108971226,-121.86328282132436
37.322997013296195,-121.86327597819877
37.32298991762052,-121.86326913507426
37.32298282194423,-121.8632622919508
37.32297509661388,-121.86325484158615
37.322968000936235,-121.86324799846491
37.32296090525795,-121.8632411553447
37.32295419359388,-121.86323468257194
37.32294709791436,-121.86322783945378
37.32294000223418,-121.86322099633668
37.3229329065534,-121.86321415322067
37.32292518121806,-121.86320670286402
37.322918085535925,-121.8631998597502
37.322910989853135,-121.86319301663741
37.32290389416973,-121.8631861735257
37.32289679848568,-121.86317933041504
37.32289008681603,-121.86317285765121
37.32288299113073,-121.86316601454259
37.322875265790415,-121.86315856419397
37.32286817010377,-121.86315172108753
37.322861074416494,-121.8631448779822
37.322853978728595,-121.8631380348779
37.32284688304005,-121.86313119177467
37.32283978735086,-121.8631243486725
37.32283269166106,-121.86311750557142
37.32282597998582,-121.86311103281646
37.32281825463981,-121.86310358247697
37.32281115894804,-121.86309673937905
37.32280406325563,-121.86308989628218
37.322796967562596,-121.86308305318639
37.32278987186891,-121.86307621009165
37.322782776174606,-121.86306936699795
37.32277568047965,-121.86306252390534
37.322768339144034,-121.86305544391846
37.32276124344776,-121.86304860082794
37.322754147750864,-121.86304175773851
37.322747052053316,-121.86303491465014
37.322739956355136,-121.86302807156282
37.32273286065634,-121.86302122847658
37.3227257649569,-121.86301438539138
37.32271803960087,-121.86300693506794
37.322710943900084,-121.86300009198496
37.32270423221426,-121.86299361924692
37.32269713651222,-121.86298677616598
37.32269004080956,-121.8629799330861
37.32268294510624,-121.86297309000726
37.322675849402295,-121.86296624692949
37.32266812404129,-121.86295879661407
37.322661028336015,-121.86295195353848
37.32265393263009,-121.86294511046397
37.32264722093931,-121.86293863773388
37.322640125232134,-121.86293179466142
37.32263302952434,-121.86292495159005
37.3226259338159,-121.86291810851968
37.32261883810683,-121.8629112654504
37.32261111274013,-121.86290381514408
37.3226040170297,-121.862896972077
37.322596921318656,-121.86289012901099
37.32258982560697,-121.86288328594601
37.32258311391062,-121.86287681322486
37.322576018197665,-121.86286997016192
37.322568922484095,-121.86286312710008
37.32256119711241,-121.86285567680177
37.32255410139749,-121.86284883374212
37.32254700568194,-121.8628419906835
37.32253990996576,-121.86283514762597
37.322532814248945,-121.8628283045695
37.32252610254762,-121.86282183185625
37.322519006829545,-121.86281498880182
37.322511281452876,-121.8628075385115
37.32250418573347,-121.86280069545928
37.322497090013435,-121.86279385240812
37.322489994292745,-121.86278700935802
37.32248289857142,-121.86278016630894
37.322475802849475,-121.86277332326097
37.32246870712688,-121.86276648021403
37.322461995419985,-121.86276000750969
37.32245427003761,-121.86275255722852
37.32244717431307,-121.86274571418477
37.322440078587896,-121.86273887114211
37.322432982862075,-121.86273202810047
37.32242588713562,-121.8627251850599
37.32241879140856,-121.8627183420204
37.322411695680834,-121.86271149898197
37.32240397029345,-121.86270404870885
37.32239725858091,-121.86269757601352
37.32239016285123,-121.86269073297824
37.32238306712092,-121.86268388994407
37.322375971389974,-121.86267704691092
37.32236887565839,-121.86267020387885
37.32236177992618,-121.86266336084782
37.32235405453379,-121.8626559105827
37.32234695880025,-121.8626490675539
37.322340247082735,-121.86264259486646
37.32233315134793,-121.8626357518397
37.322326055612486,-121.862628908814
37.32231895987643,-121.86262206578935
37.32231186413971,-121.86261522276575
37.32230413874234,-121.86260777250865
37.32229704300428,-121.86260092948726
37.322289947265595,-121.86259408646693
37.322282851526275,-121.86258724344765
37.32227613980321,-121.86258077076913
37.322269044062615,-121.86257392775192
37.32226194832141,-121.86256708473576
37.32225485257956,-121.86256024172066
37.32224712717651,-121.86255279147265
37.322240031433324,-121.86254594845977
37.3222329356895,-121.86253910544792
37.32222583994505,-121.86253226243714
37.32221912821701,-121.86252578976655
37.322212032471306,-121.86251894675783
37.32220493672496,-121.86251210375013
37.32219721131692,-121.86250465351016
37.322190115569235,-121.86249781050468
37.32218301982092,-121.86249096750026
37.32217592407194,-121.86248412449692
37.32216882832237,-121.8624772814946
37.32216173257214,-121.86247043849338
37.32215502083854,-121.86246396583171
37.322147295425495,-121.86245651559972
37.322140199673306,-121.86244967260166
37.32213310392049,-121.86244282960467
37.322126008167054,-121.86243598660873
37.32211891241296,-121.86242914361387
37.322111816658236,-121.86242230062004
37.322104720902885,-121.8624154576273
37.32209737950225,-121.86240837774133
37.32209028374559,-121.8624015347507
37.32208318798827,-121.86239469176115
37.32207609223032,-121.86238784877264
37.322068996471735,-121.8623810057852
37.32206190071252,-121.8623741627988
37.322054804952664,-121.86236731981347
37.32204770919217,-121.86236047682921
37.322039983768434,-121.86235302661444
37.32203327202421,-121.86234655396969
37.32202617626177,-121.8623397109886
37.32201908049869,-121.8623328680086
37.32201198473498,-121.86232602502963
37.32200488897063,-121.86231918205173
37.32199779320565,-121.8623123390749
37.32199006777691,-121.86230488886812
37.32198297201059,-121.86229804589348
37.32197587624361,-121.8622912029199
37.32196916449383,-121.86228473028406
37.32196206872561,-121.86227788731252
37.32195497295677,-121.86227104434205
37.321947877187284,-121.86226420137262
37.32194015175356,-121.86225675117386
37.32193305598274,-121.86224990820664
37.32192596021129,-121.86224306524048
37.32191886443918,-121.8622362222754
37.32191215268443,-121.86222974964747
37.3219050569111,-121.86222290668442
37.32189796113712,-121.86221606372243
37.32189086536249,-121.8622092207615
37.32188313992309,-121.86220177057187
37.321876044147125,-121.86219492761315
37.321868948370536,-121.86218808465547
37.32186185259331,-121.86218124169885
37.321854756815455,-121.86217439874332
37.32184804505512,-121.86216792612431
37.32184094927601,-121.86216108317082
37.321833223831604,-121.86215363298915
37.32182612805115,-121.86214679003787
37.32181903227006,-121.8621399470876
37.32181193648835,-121.86213310413842
37.32180484070599,-121.86212626119031
37.32179774492299,-121.86211941824325
37.321791033157695,-121.86211294563216
37.321783307708316,-121.86210549545852
37.32177621192336,-121.86209865251463
37.32176911613778,-121.86209180957182
37.321762020351564,-121.86208496663008
37.3217549245647,-121.86207812368939
37.32174789971445,-121.86207115995269
37.321740876424094,-121.8620641971002
37.32173385313306,-121.86205723424877
37.321726829841374,-121.8620502713984
37.32171918986427,-121.86204269717165
37.32171216657119,-121.86203573432344
37.32170514327746,-121.86202877147632
37.32169811998306,-121.86202180863023
37.32169109668802,-121.86201484578521
37.32168407339231,-121.86200788294121
37.321677050095936,-121.86200092009831
37.32167002679892,-121.86199395725642
37.321663003501236,-121.8619869944156
37.32165598020289,-121.86198003157585
37.32164834021843,-121.86197245736052
37.321640930275684,-121.86196511120849
37.32163390697527,-121.86195814837204
37.32162688346257,-121.86195119011077
37.32161980082208,-121.86194432492455
37.32161310270382,-121.86193783245638
37.32160602006206,-121.8619309672722
37.32159893741966,-121.86192410208909
37.321591227493386,-121.86191662888359
37.32158414484964,-121.86190976370267
37.321577062205236,-121.8619028985228
37.32156997956021,-121.86189603334401
37.32156289691455,-121.86188916816627
37.32155581426824,-121.86188230298957
37.3215487316213,-121.86187543781398
37.321541021689974,-121.86186796461654
37.32153393904168,-121.8618610994431
37.3215272409159,-121.86185460698685
37.321520158266345,-121.86184774181548
37.32151307561615,-121.86184087664518
37.32150599296531,-121.8618340114759
37.32149891031384,-121.8618271463077
37.3214912003775,-121.86181967311823
37.32148411772467,-121.86181280795222
37.32147703507121,-121.86180594278729
37.32146995241711,-121.86179907762342
37.32146286976236,-121.86179221246056
37.321455787106984,-121.86178534729879
37.321448704450965,-121.86177848213808
37.321442006317724,-121.86177198969372
37.32143429637566,-121.86176451651339
37.32142721371767,-121.86175765135587
37.32142013105904,-121.86175078619938
37.321413048399776,-121.86174392104398
37.321405965739864,-121.86173705588962
37.32139888307931,-121.86173019073634
37.32139180041812,-121.8617233255841
37.32138409047101,-121.86171585241182
37.321377007808486,-121.86170898726179
37.3213699251453,-121.8617021221128
37.321362842481484,-121.8616952569649
37.32135614434071,-121.86168876453246
37.32134906167563,-121.86168189938657
37.32134197900994,-121.86167503424178
37.3213342690578,-121.86166756107748
37.32132718639074,-121.86166069593489
37.32132010372304,-121.86165383079333
37.321313021054685,-121.86164696565281
37.321305938385706,-121.86164010051337
37.32129885571609,-121.86163323537498
37.32129177304583,-121.86162637023766
37.321284690374945,-121.86161950510139
37.321276980417046,-121.8616120319463
37.321270282268735,-121.86160553952583
37.321263199595876,-121.86159867439274
37.32125611692237,-121.86159180926073
37.32124903424823,-121.86158494412975
37.32124195157345,-121.86157807899984
37.32123486889802,-121.86157121387099
37.3212271589351,-121.86156374072391
37.32122007625833,-121.86155687559726
37.32121299358093,-121.86155001047166
37.32120591090287,-121.86154314534713
37.32119882822417,-121.86153628022366
37.32119174554486,-121.86152941510126
37.32118504738907,-121.86152292269261
37.32117733742114,-121.86151544955351
37.32117025473984,-121.86150858443426
37.32116317205791,-121.86150171931611
37.321156089375336,-121.86149485419901
37.32114900669211,-121.86148798908295
37.32114192400825,-121.86148112396795
37.321134841323754,-121.861474258854
37.32112775863862,-121.86146739374112
37.32112004866494,-121.86145992061121
37.32111296597845,-121.86145305550052
37.32110588329132,-121.8614461903909
37.32109880060355,-121.86143932528235
37.32109210243964,-121.86143283288665
37.321085019750605,-121.86142596778014
37.32107793706095,-121.86141910267469
37.32107022708226,-121.86141162955276
37.321063144391246,-121.8614047644495
37.321056061699586,-121.86139789934728
37.3210489790073,-121.86139103424615
37.32104189631437,-121.86138416914605
37.321034813620805,-121.86137730404704
37.32102773092659,-121.86137043894907
37.32102002094284,-121.8613629658352
37.32101293824728,-121.86135610073943
37.321006240075825,-121.86134960835568
37.32099915737901,-121.86134274326196
37.320992074681556,-121.86133587816927
37.32098499198346,-121.86132901307766
37.320977909284736,-121.86132214798712
37.32097082658535,-121.86131528289762
37.32096311659586,-121.86130780979289
37.32095603389516,-121.8613009447056
37.32094895119379,-121.86129407961937
37.32094186849179,-121.86128721453419
37.32093478578914,-121.86128034945006
37.320927703085864,-121.861273484367
37.32092100490694,-121.86126699199512
37.320913294912444,-121.86125951889838
37.3209062122072,-121.8612526538185
37.3208991295013,-121.8612457887397
37.32089204679478,-121.86123892366192
37.32088496408761,-121.86123205858522
37.3208778813798,-121.86122519350958
37.32087079867135,-121.861218328435
37.32086308867182,-121.86121085534631
37.32085600596203,-121.86120399027395
37.32084892325159,-121.86119712520261
37.32084184054051,-121.86119026013233
37.32083514235406,-121.86118376777239
37.32082805964173,-121.86117690270416
37.32082097692876,-121.86117003763701
37.3208132669242,-121.86116256455631
37.320806184209864,-121.86115569949133
37.320799101494906,-121.86114883442744
37.320792018779315,-121.86114196936458
37.32078493606307,-121.86113510430279
37.32077785334618,-121.86112823924208
37.32077077062866,-121.86112137418239
37.320763687910514,-121.86111450912378
37.3207559779002,-121.86110703605227
37.32074927970622,-121.86110054370427
37.32074219698609,-121.86109367864884
37.32073511426532,-121.86108681359448
37.320728031543915,-121.86107994854117
37.32072094882187,-121.86107308348892
37.32071386609919,-121.86106621843771
37.32070615608385,-121.8610587453742
37.32069930000001,-121.86105209999998
37.32069192136791,-121.86104513165391
37.320685154600696,-121.86103874115172
37.32067800596361,-121.8610319900151
37.32067085732593,-121.86102523887956
37.32066409055693,-121.86101884838033
37.32065694191802,-121.86101209724681
37.32064979327849,-121.86100534611438
37.320643026507724,-121.86099895561804
37.32063587786699,-121.86099220448766
37.32062872922562,-121.86098545335835
37.3206213230879,-121.86097845905294
37.320614174445254,-121.86097170792577
37.32060702580199,-121.86096495679965
37.320600259027614,-121.86095856630924
37.32059311038313,-121.86095181518517
37.320585961738026,-121.86094506406216
37.320579194961866,-121.86093867357467
37.32057204631555,-121.86093192245373
37.32056489766861,-121.86092517133386
37.32055813089067,-121.86091878084925
37.320550982242516,-121.86091202973141
37.320543833593746,-121.86090527861465
37.32053668494436,-121.86089852749897
37.32052991816405,-121.86089213701828
37.32052213014732,-121.8608847820938
37.320514981496025,-121.86087803098131
37.32050821471387,-121.8608716405036
37.32050106606137,-121.86086488939317
37.32049391740822,-121.86085813828379
37.32048715062431,-121.860851747809
37.320479979841586,-121.86084503404625
37.320472809739876,-121.86083832133677
37.320464996268946,-121.8608310063015
37.320458207097744,-121.86082465022558
37.32045103699414,-121.86081793751933
37.32044386688994,-121.86081122481416
37.320436053416245,-121.86080390978347
37.32042888331075,-121.8607971970805
37.32042209413654,-121.86079084100957
37.32041492402983,-121.86078412830864
37.320407110553376,-121.86077681328258
37.32039994044538,-121.86077010058386
37.32039277033679,-121.86076338788622
37.32038598115957,-121.86075703182027
37.32037816768033,-121.86074971679882
37.320370998025425,-121.86074300329224
37.32036385980395,-121.86073623374931
37.320357103895375,-121.86072982677491
37.320349965672676,-121.86072305723404
37.32034282744938,-121.86071628769426
37.320335051792696,-121.86070891364588
37.32032829588166,-121.86070250667547
37.32032115765643,-121.86069573713887
37.32031401943058,-121.86068896760334
37.32030688120411,-121.86068219806884
37.3203001252907,-121.86067579110234
37.320292987063,-121.86066902156992
37.32028584883469,-121.86066225203855
37.32027871060576,-121.86065548250826
37.32027093494282,-121.86064810847012
37.320264179026346,-121.86064170150858
37.3202570407955,-121.86063493198147
37.32024990256404,-121.86062816245544
37.32024276433194,-121.86062139293047
37.320236008413076,-121.86061498597283
37.32022887017976,-121.86060821644992
37.32022173194583,-121.86060144692807
37.320213956277335,-121.860594072899
37.32020720035603,-121.86058766594539
37.32020006212018,-121.86058089642673
37.3201929238837,-121.86057412690913
37.32018578564661,-121.86056735739257
37.320179029722915,-121.86056095044285
37.32017189148459,-121.86055418092835
37.32016475324565,-121.86054741141493
37.320156977571614,-121.86054003739498
37.32015022164546,-121.86053363044921
37.32014308340461,-121.860526860939
37.32013594516314,-121.86052009142985
37.32012880692103,-121.86051332192174
37.320122050992495,-121.86050691497988
37.320114912749176,-121.86050014547386
37.32010777450524,-121.86049337596889
37.32009999882563,-121.86048600195802
37.32009324289465,-121.86047959502014
37.320086104648794,-121.86047282551834
37.32007896640232,-121.86046605601764
37.32007182815522,-121.860459286518
37.32006507222185,-121.86045287958403
37.320057933973516,-121.86044611008644
37.32005085097532,-121.86043923420554
37.320043867540775,-121.86043220817149
37.320036884105555,-121.86042518213846
37.320029900669674,-121.86041815610649
37.32002291723312,-121.86041113007555
37.320015933795894,-121.86040410404568
37.320008950358,-121.86039707801686
37.32000196691943,-121.86039005198909
37.3199949834802,-121.86038302596235
37.3199880000403,-121.86037599993668
37.31998101659972,-121.86036897391206
37.31997403315849,-121.86036194788848
37.31996704971657,-121.86035492186593
37.31996006627397,-121.86034789584447
37.319953082830715,-121.86034086982404
37.3199460993868,-121.86033384380467
37.3199391159422,-121.86032681778633
37.31993213249694,-121.86031979176906
37.319925149051,-121.86031276575282
37.3199181656044,-121.86030573973764
37.31991079421231,-121.86029832341407
37.319903810764345,-121.86029129740106
37.3198968273157,-121.8602842713891
37.319889843866406,-121.8602772453782
37.31988286041642,-121.86027021936833
37.319875876965774,-121.86026319335953
37.31986889351446,-121.86025616735178
37.31986191006247,-121.86024914134507
37.31985492660982,-121.8602421153394
37.3198479431565,-121.8602350893348
37.3198409597025,-121.86022806333122
37.31983397624783,-121.8602210373287
37.3198269927925,-121.86021401132726
37.319820009336496,-121.86020698532684
37.31981302587983,-121.86019995932747
37.31980604242248,-121.86019293332916
37.31979905896446,-121.86018590733192
37.319792075505774,-121.86017888133568
37.31978509204642,-121.86017185534052
37.3197781085864,-121.86016482934642
37.319771067626974,-121.86015788936274
37.31976397748214,-121.86015103683911
37.31975688733665,-121.86014418431651
37.31974979719053,-121.86013733179496
37.31974309129287,-121.86013085064543
37.31973600114549,-121.86012399812596
37.3197282823683,-121.86011653804724
37.31972119221958,-121.86010968552993
37.31971410207022,-121.86010283301371
37.31970701192025,-121.86009598049857
37.31969992176962,-121.86008912798445
37.319693215867595,-121.86008264684185
37.31968612571572,-121.86007579432979
37.319679035563205,-121.8600689418188
37.31967131678029,-121.8600614817492
37.31966422662643,-121.8600546292404
37.31965713647193,-121.86004777673266
37.319650046316795,-121.86004092422597
37.31964334041041,-121.86003444309029
37.319636250254035,-121.86002759058567
37.319629160097,-121.8600207380821
37.31962206993934,-121.86001388557958
37.31961497978104,-121.86000703307813
37.3196072609917,-121.85999957301878
37.319600170832075,-121.85999272051951
37.31959346492133,-121.85998623939078
37.31958637476043,-121.85997938689358
37.319579284598895,-121.85997253439743
37.31957219443673,-121.85996568190234
37.31956510427392,-121.8599588294083
37.31955801411048,-121.85995197691533
37.31955029531542,-121.85994451686511
37.31954358940035,-121.85993803574331
37.319536499234935,-121.85993118325352
37.31952940906889,-121.8599243307648
37.319522318902195,-121.85991747827711
37.3195152287349,-121.85991062579052
37.31950813856694,-121.85990377330495
37.319501048398344,-121.85989692082047
37.31949371384744,-121.85988983214789
37.31948662367753,-121.85988297966551
37.31947953350697,-121.8598761271842
37.31947244333578,-121.85986927470397
37.31946535316396,-121.85986242222478
37.319458262991496,-121.85985556974664
37.31945117281839,-121.85984871726957
37.319444466894645,-121.85984223616154
37.31943674808822,-121.85983477612955
37.319429657913155,-121.85982792365566
37.31942256773745,-121.85982107118284
37.31941547756112,-121.85981421871108
37.319408387384144,-121.85980736624036
37.31940129720654,-121.8598005137707
37.31939459127844,-121.85979403266964
37.31938750109956,-121.85978718020203
37.31938041092006,-121.85978032773546
37.319372692107216,-121.85977286771373
37.31936560192637,-121.85976601524938
37.31935851174489,-121.85975916278612
37.319351421562764,-121.85975231032388
37.31934433138002,-121.85974545786274
37.31933724119662,-121.85973860540261
37.319330151012586,-121.85973175294359
37.31932281644508,-121.85972466429669
37.319315726259724,-121.85971781183977
37.31930863607373,-121.85971095938392
37.31930154588711,-121.8597041069291
37.31929445569984,-121.85969725447536
37.31928736551195,-121.8596904020227
37.319280275323386,-121.85968354957105
37.31927255650051,-121.85967608956535
37.319265466310625,-121.85966923711594
37.319258376120096,-121.85966238466757
37.319251285928935,-121.85965553222027
37.319244579987746,-121.85964905114002
37.31923748979535,-121.85964219869479
37.31923039960228,-121.85963534625056
37.31922330940861,-121.85962849380743
37.319215590580015,-121.85962103381088
37.319208500384995,-121.85961418136993
37.31920141018932,-121.85960732893004
37.31919431999302,-121.85960047649124
37.31918722979607,-121.85959362405345
37.319180139598494,-121.85958677161673
37.31917304940028,-121.85957991918109
37.319165714817494,-121.85957283055785
37.319158624617955,-121.85956597812431
37.31915153441778,-121.85955912569187
37.31914444421698,-121.85955227326048
37.31913735401552,-121.85954542083012
37.31913026381344,-121.85953856840085
37.31912317361071,-121.85953171597261
37.31911608340735,-121.85952486354546
37.31910836456802,-121.85951740356609
37.319101274363305,-121.85951055114111
37.31909418415796,-121.8595036987172
37.319087478203066,-121.85949721765881
37.319080387996465,-121.85949036523695
37.31907329778923,-121.85948351281617
37.31906620758135,-121.85947666039642
37.31905848873703,-121.85946920042504
37.31905139852782,-121.8594623480075
37.31904430831796,-121.859455495591
37.31903721810748,-121.8594486431756
37.319030127896355,-121.85944179076121
37.31902303768459,-121.85943493834793
37.31901594747218,-121.85942808593566
37.31900885725915,-121.85942123352447
37.319001522660415,-121.85941414492592
37.31899443244606,-121.85940729251686
37.31898734223106,-121.85940044010887
37.31898025201543,-121.85939358770192
37.31897316179915,-121.85938673529601
37.31896607158224,-121.8593798828912
37.318958981364695,-121.85937303048745
37.31895126250963,-121.85936557053326
37.31894417229075,-121.8593587181317
37.318937082071216,-121.85935186573118
37.31892999185105,-121.85934501333172
37.318923285881816,-121.85933853229619
37.31891619566039,-121.85933167989879
37.31890910543833,-121.85932482750242
37.31890138657827,-121.85931736755624
37.31889429635486,-121.8593105151621
37.318887206130825,-121.85930366276902
37.318880115906154,-121.85929681037697
37.318873025680844,-121.85928995798601
37.31886593545491,-121.8592831055961
37.31885884522831,-121.85927625320726
37.318851755001084,-121.85926940081947
37.31884442038708,-121.85926231224452
37.31883733015856,-121.85925545985887
37.31883023992937,-121.85924860747427
37.31882314969956,-121.85924175509074
37.31881605946909,-121.85923490270824
37.318808969238,-121.85922805032683
37.31880187900626,-121.85922119794645
37.31879416013546,-121.85921373801746
37.318787069902385,-121.85920688563928
37.31877997966866,-121.85920003326218
37.31877288943432,-121.85919318088612
37.31876618345139,-121.85918669987242
37.31875909321577,-121.8591798474984
37.31875200297953,-121.85917299512548
37.31874491274265,-121.85916614275358
37.31873719386614,-121.85915868283372
37.31873010362793,-121.85915183046403
37.31872301338906,-121.8591449780954
37.31871592299304,-121.8591381249769
37.31870885355808,-121.85913123766494
37.31870178412248,-121.85912435035408
37.31869471468624,-121.85911746304426
37.31868764524935,-121.8591105757355
37.31867995092705,-121.859103079642
37.31867326652373,-121.85909656745059
37.31866619708486,-121.85908968014499
37.31865912764535,-121.85908279284047
37.3186520582052,-121.85907590553701
37.318644988764405,-121.85906901823462
37.31863791932296,-121.85906213093327
37.318630849880876,-121.85905524363297
37.31862315555279,-121.85904774754856
37.31861608610935,-121.85904086025047
37.31860901666526,-121.85903397295343
37.31860194722052,-121.85902708565744
37.31859487777515,-121.85902019836254
37.318587808329134,-121.85901331106868
37.31858073888247,-121.85900642377585
37.31857366943515,-121.85899953648409
37.3185659751013,-121.8589920404089
37.318559290687936,-121.85898552823335
37.318552221238654,-121.85897864094477
37.31854515178871,-121.85897175365727
37.31853808233814,-121.85896486637081
37.31853101288692,-121.85895797908542
37.31852394343506,-121.85895109180106
37.31851687398256,-121.85894420451778
37.31850917964293,-121.85893670845171
37.318502110189065,-121.8589298211706
37.31849504073456,-121.85892293389057
37.318487971279396,-121.85891604661161
37.3184809018236,-121.85890915933366
37.31847383236718,-121.85890227205682
37.31846676291009,-121.85889538478102
37.318459693452375,-121.85888849750626
37.31845199910695,-121.85888100144938
37.31844492964786,-121.8588741141768
37.3184382452238,-121.85886760201814
37.31843117576346,-121.85886071474764
37.318424106302466,-121.85885382747817
37.31841703684083,-121.85884694020979
37.31840996737854,-121.85884005294244
37.318402897915625,-121.85883316567619
37.31839520356445,-121.85882566962837
37.318388134100154,-121.8588187823643
37.31838106463524,-121.85881189510127
37.31837399516967,-121.85880500783931
37.31836692570346,-121.8587981205784
37.318359856236604,-121.85879123331856
37.318352786769104,-121.85878434605975
37.31834571730096,-121.85877745880201
37.31833802294398,-121.85876996276342
37.31833095347448,-121.85876307550787
37.318323884004336,-121.85875618825338
37.318317199569584,-121.85874967611157
37.318310130098176,-121.85874278885913
37.31830306062613,-121.85873590160773
37.31829599115343,-121.8587290143574
37.31828892168011,-121.85872212710815
37.31828122731735,-121.85871463107864
37.318274157842644,-121.85870774383157
37.31826708836731,-121.85870085658556
37.31826001889133,-121.8586939693406
37.31825294941469,-121.85868708209671
37.31824587993742,-121.85868019485386
37.318238810459505,-121.85867330761208
37.318232848766975,-121.85868183802847
37.318226792882726,-121.85869077817605
37.31822112957305,-121.85869913877357
37.318215073686936,-121.8587080789192
37.318209017799866,-121.85871701906376
37.318203354487515,-121.8587253796586
37.31819729859859,-121.8587343198012
37.31819166316015,-121.85874263924212
37.31818560726942,-121.85875157938268
37.31817994395356,-121.85875993997387
37.31817388806098,-121.85876888011248
37.31816783216744,-121.85877782025007
37.31816216884892,-121.8587861808385
37.318156112953524,-121.8587951209741
37.31815005705719,-121.85880406110869
37.31814400115989,-121.85881300124224
37.31813833783779,-121.85882136182703
37.31813270239096,-121.85882968125826
37.31812664649096,-121.85883862138886
37.31812098316625,-121.85884698197091
37.31811480324706,-121.85885578112831
37.31810901158508,-121.85886401288747
37.3181028252473,-121.85887280560178
37.318097033583605,-121.85888103735905
37.31809124191906,-121.85888926911545
37.31808505557863,-121.85889806182675
37.31807926391237,-121.85890629358128
37.318073911289666,-121.85891390131688
37.31806772494663,-121.85892269402521
37.31806193327791,-121.85893092577702
37.31805574693309,-121.85893971848331
37.31804995526265,-121.85894795023327
37.31804416359138,-121.85895618198232
37.318037977243876,-121.85896497468562
37.31803218557087,-121.85897320643285
37.31802599922159,-121.85898199913407
37.318020207546866,-121.85899023087944
37.31801485491658,-121.8589978386062
37.3180086685647,-121.85900663130447
37.318002876887526,-121.8590148630471
37.31799708520951,-121.85902309478885
37.31799089885496,-121.85903188748411
37.317985107175225,-121.859040119224
37.31797892081887,-121.85904891191721
37.317973129137414,-121.85905714365526
37.31796733745513,-121.85906537539239
37.3179611510961,-121.8590741680826
37.31795579845824,-121.85908177580055
37.3179497588603,-121.85909074380446
37.317944123099295,-121.85909913078515
37.317938095273966,-121.85910810122255
37.31793206744771,-121.85911707165891
37.31792684822664,-121.85912483875043
37.3179208203986,-121.85913380918487
37.31791479256959,-121.8591427796183
37.31790915680329,-121.85915116659359
37.3179031289724,-121.85916013702507
37.317897909747415,-121.8591679041123
37.31789188191475,-121.85917687454186
37.317885854081155,-121.85918584497037
37.317880218310464,-121.8591942319412
37.31787419047498,-121.85920320236778
37.31786857918208,-121.85921155290715
37.31786294340879,-121.85921993987535
37.31785691557057,-121.85922891029898
37.317851279795505,-121.85923729726537
37.31784525195542,-121.85924626768706
37.31783964065836,-121.8592546182217
37.31783400488069,-121.85926300518541
37.317827977037865,-121.85927197560416
37.3178219491941,-121.85928094602185
37.317816313413715,-121.85928933298287
37.317810702112524,-121.85929768351275
37.31780467426601,-121.85930665392752
37.317799038483024,-121.85931504088587
37.31779301063466,-121.85932401129868
37.31778737484989,-121.85933239825528
37.31778176354453,-121.8593407487804
37.31777573569343,-121.85934971919025
37.317770099906056,-121.85935810614416
37.317764072053066,-121.85936707655208
37.31775804419915,-121.85937604695896
37.31775282495442,-121.85938381402458
37.31774679709872,-121.85939278442953
37.31774116130695,-121.859401171379
37.31773513344937,-121.85941014178199
37.31772910559085,-121.85941911218399
37.317723886342165,-121.8594268792453
37.317717858481856,-121.85943584964537
37.3177118306206,-121.85944482004442
37.31770619482353,-121.85945320698849
37.3177001669604,-121.85946217738558
37.31769494770779,-121.85946994444258
37.317688919842865,-121.85947891483775
37.317682891977,-121.85948788523191
37.31767725617555,-121.85949627217154
37.31767122830781,-121.85950524256374
37.31766561698581,-121.85951359306978
37.31765998118175,-121.8595219800067
37.31765395331128,-121.85953095039595
37.31764831750543,-121.85953933733114
37.31764228963311,-121.85954830771841
37.31763667830695,-121.85955665821972
37.31763104249848,-121.85956504515221
37.31762501462343,-121.85957401553655
37.3176189867474,-121.85958298591987
37.317613350936256,-121.85959137284966
37.31760773960595,-121.8595997233462
37.3176021037931,-121.85960811027427
37.31759607591343,-121.85961708065372
37.31759004803281,-121.85962605103212
37.317584412217265,-121.8596344379575
37.31757880088281,-121.85964278844926
37.317572772999455,-121.85965175882473
37.31756713718131,-121.85966014574743
37.317561109296086,-121.85966911612095
37.31755547347615,-121.85967750304184
37.31754986213753,-121.85968585352887
37.317543834249584,-121.85969482389945
37.31753819842705,-121.85970321081767
37.31753217053721,-121.85971218118631
37.317526142646436,-121.85972115155391
37.31752092337014,-121.85972891858502
37.317514895477586,-121.85973788895069
37.31750886758407,-121.85974685931536
37.31750323175623,-121.85975524622823
37.31749720386084,-121.85976421659095
37.31749198458059,-121.85977198361775
37.31748595668344,-121.85978095397851
37.317479928785325,-121.8597899243383
37.317474292953094,-121.85979831124668
37.31746868160285,-121.85980666172033
37.317462653702016,-121.85981563207716
37.31745701786717,-121.85982401898289
37.31745098996444,-121.85983298933776
37.31744535412783,-121.85984137624175
37.31743974277343,-121.8598497267106
37.317433714867995,-121.85985869706255
37.31742807902876,-121.8598670839638
37.31742205112144,-121.85987605431379
37.317416023213156,-121.85988502466276
37.317410803921874,-121.85989279167745
37.317404776011834,-121.85990176202446
37.31739914016822,-121.8599101489213
37.31739311225629,-121.85991911926638
37.31738708434342,-121.85992808961045
37.3173818650482,-121.85993585662082
37.31737583713356,-121.85994482696296
37.317369809217944,-121.85995379730406
37.317364173369015,-121.85996218419552
37.317358145451536,-121.85997115453466
37.31735292615238,-121.85997892154074
37.317346898233126,-121.85998789187799
37.31734087031291,-121.85999686221422
37.31733523445961,-121.86000524910119
37.31732920653752,-121.86001421943546
37.31732359516649,-121.86002256988523
37.31731795931057,-121.86003095676956
37.31731193138575,-121.8600399271009
37.31730629552806,-121.86004831398346
37.31730026760139,-121.86005728431282
37.31729465622619,-121.86006563475783
37.31728902036589,-121.86007402163771
37.31728299243647,-121.86008299196413
37.317276964506114,-121.86009196228952
37.317271328643095,-121.86010034916673
37.31726571726376,-121.860108699607
37.31726008139907,-121.86011708648242
37.31725405346506,-121.86012605680394
37.31724802553008,-121.86013502712443
37.31724238966268,-121.86014341399716
37.3172367782792,-121.8601517644327
37.31723075034149,-121.86016073475024
37.31722511447149,-121.8601691216203
37.317219086531914,-121.86017809193591
37.31721345066014,-121.86018647880418
37.3172078392725,-121.86019482923494
37.31720181133019,-121.86020379954758
37.317196175455805,-121.86021218641321
37.31719014751164,-121.86022115672391
37.317184119566505,-121.86023012703359
37.31717890024367,-121.86023789401374
37.31717287229675,-121.86024686432152
37.3171668443489,-121.86025583462823
37.31716120846921,-121.86026422148846
37.31715518051947,-121.86027319179327
37.3171499611927,-121.86028095876911
37.317143933241184,-121.86028992907198
37.31713790528873,-121.8602988993738
37.317132269404645,-121.86030728622958
37.31712624145032,-121.86031625652947
37.31712063005017,-121.8603246069459
37.3171149941635,-121.86033299379898
37.317108966206426,-121.86034196409595
37.317103330317956,-121.86035035094726
37.317097302359024,-121.86035932124226
37.31709169095473,-121.86036767165389
37.317086055063655,-121.86037605850255
37.31708002710199,-121.8603850287946
37.31707399913936,-121.86039399908563
37.3170683632456,-121.86040238593158
37.31706275183715,-121.86041073633848
37.31705711594168,-121.86041912318268
37.31705108797542,-121.86042809346982
37.3170450600082,-121.86043706375595
37.317039424110035,-121.86044545059745
37.31703381269743,-121.86045380099961
37.31702778472748,-121.86046277128278
37.31702214882671,-121.86047115812161
37.317016120854895,-121.86048012840283
37.31701090150919,-121.86048789535796
37.31700487353559,-121.8604968656373
37.31699884556104,-121.86050583591556
37.316993209655884,-121.86051422274994
37.316987181679444,-121.8605231930263
37.316981570259365,-121.86053154341982
37.31697593435161,-121.86053993025153
37.31696990637245,-121.8605489005249
37.31696427046291,-121.86055728735484
37.31695824248188,-121.86056625762626
37.316952631057646,-121.86057460801507
37.31694699514549,-121.86058299484233
37.316940967161734,-121.8605919651108
37.31693493917702,-121.86060093537827
37.31692930326218,-121.8606093222028
37.3169236918338,-121.86061767258684
37.31691805591725,-121.86062605940967
37.3169120279289,-121.86063502967325
37.31690599993958,-121.8606439999358
37.316900364020334,-121.86065238675592
37.316894752587814,-121.86066073713519
37.316888724595756,-121.8606697073948
37.31688308867392,-121.86067809421223
37.31687706067999,-121.86068706446991
37.316871032685114,-121.86069603472654
37.31686581331968,-121.8607038016601
37.31685978532304,-121.86071277191479
37.3168541493968,-121.8607211587278
37.31684812139827,-121.86073012898056
37.316842093398805,-121.86073909923232
37.316836874029434,-121.86074686616155
37.31683084602818,-121.86075583641137
37.316824818025964,-121.86076480666016
37.316819182094434,-121.86077319346778
37.316813154090354,-121.86078216371462
37.31680793471703,-121.86078993063956
37.316801906711184,-121.86079890088449
37.31679587870437,-121.8608078711284
37.31679024276844,-121.86081625793153
37.316784214759764,-121.86082522817348
37.316778603310595,-121.86083357853364
37.31677296737206,-121.86084196533415
37.31676693936065,-121.86085093557314
37.31676130342032,-121.86085932237185
37.31675527540705,-121.86086829260891
37.31674966395372,-121.86087664296433
37.3167440280108,-121.86088502976034
37.316737999994785,-121.86089399999446
37.31673197197783,-121.86090297022756
37.316726336032204,-121.86091135702087
37.31672072457472,-121.86091970737154
37.31671508862741,-121.86092809416313
37.31670906060679,-121.86093706439236
37.31670303258522,-121.86094603462053
37.31669739663522,-121.8609544214094
37.31669178517359,-121.8609627717553
37.31668575714929,-121.86097174198056
37.31668012119666,-121.86098012876677
37.31667409317049,-121.86098909899005
37.3166684572161,-121.86099748577449
37.31666284575031,-121.86100583611565
37.316656817721416,-121.86101480633597
37.31665118176441,-121.86102319311773
37.316645153733646,-121.86103216333612
37.31663912570191,-121.8610411335535
37.31663390630491,-121.86104890045253
37.31662787827141,-121.86105787066798
37.31662224231001,-121.86106625744529
37.316616214274646,-121.86107522765876
37.31661018623831,-121.86108419787125
37.31660496683739,-121.86109196476593
37.316598938799274,-121.86110093497649
37.316592910760214,-121.86110990518603
37.31658727479352,-121.86111829195796
37.316581246752584,-121.86112726216554
37.316575635274305,-121.86113561249235
37.31656999930501,-121.8611439992616
37.316563971261346,-121.86115296946622
37.31655833529027,-121.8611613562337
37.31655272380869,-121.86116970655675
37.3165466957623,-121.86117867675843
37.3165410597886,-121.86118706352325
37.316535031740344,-121.86119603372296
37.31652900369112,-121.86120500392168
37.31652378427915,-121.86121277080429
37.31651775622815,-121.86122174100107
37.31651212025007,-121.86123012776143
37.31650609219722,-121.86123909795627
37.31650006414338,-121.86124806815008
37.316494844727465,-121.8612558350284
37.316488816671864,-121.86126480522027
37.31648278861532,-121.86127377541114
37.31647715263193,-121.86128216216613
37.31647112457352,-121.86129113235503
37.31646590515366,-121.86129889922904
37.316459877093465,-121.86130786941602
37.316453849032314,-121.861316839602
37.31644821304454,-121.86132522635255
37.31644218498151,-121.86133419653656
37.3164365734833,-121.86134254684046
37.316430937492925,-121.86135093358834
37.31642490942716,-121.86135990376943
37.316419273435,-121.8613682905155
37.31641324536737,-121.86137726069462
37.316407633865026,-121.86138561099378
37.316401997870244,-121.86139399773722
37.316395969799885,-121.86140296791338
37.316389941728566,-121.86141193808854
37.31638430573112,-121.86142032482923
37.31637869422459,-121.86142867512368
37.31637305822544,-121.86143706186262
37.31636703015048,-121.86144603203391
37.31636100207456,-121.86145500220415
37.31635536607271,-121.86146338894042
37.31634975456204,-121.86147173923008
37.31634372650127,-121.86148070934325
37.31633808963129,-121.86148909525434
37.316332060668785,-121.86149806447487
37.31632603170533,-121.8615070336944
37.31632081152254,-121.86151479969824
37.31631478255731,-121.86152376891586
37.31630914568293,-121.86153215482248
37.31630311671582,-121.86154112403814
37.31629708774778,-121.86155009325275
37.31629145087069,-121.86155847915667
37.31628583859121,-121.86156682846499
37.31627980962043,-121.86157579767668
37.31627417274074,-121.8615841835779
37.31626814376809,-121.86159315278763
37.316262114794476,-121.86160212199633
37.31625689460298,-121.8616098879907
37.316250865627595,-121.86161885719747
37.31624483665126,-121.86162782640322
37.31623919976627,-121.86163621229908
37.31623317078806,-121.86164518150288
37.31622755850023,-121.8616535308016
37.316221921612645,-121.8616619166948
37.3162158926317,-121.86167088589563
37.31621025574233,-121.86167927178707
37.31620422675951,-121.86168824098598
37.316198614467524,-121.86169659027995
37.316192977575554,-121.8617049761687
37.31618694859001,-121.86171394536464
37.31618091960352,-121.86172291455956
37.31617528270885,-121.8617313004456
37.31616925372049,-121.86174026963859
37.316163641423486,-121.8617486189268
37.3161580045262,-121.86175700481017
37.3161519755351,-121.8617659740002
37.31614594654305,-121.8617749431892
37.316140309643075,-121.86178332906988
37.31613469734194,-121.86179167835331
37.31612906044026,-121.86180006423227
37.31612303144457,-121.86180903341739
37.31611700244792,-121.86181800260148
37.316111365543556,-121.86182638847771
37.31610575323824,-121.86183473775642
37.31609972423887,-121.8618437069376
37.3160940873319,-121.86185209281113
37.3160881,-121.86186099999998
37.31608192401568,-121.86186991679375
37.316076185044594,-121.86187820263214
37.316070052190305,-121.86188705715074
37.31606431321748,-121.8618953429873
37.31605818036139,-121.86190419750388
37.316052047504336,-121.8619130520194
37.3160463085289,-121.86192133785316
37.31604017567003,-121.86193019236669
37.316034042810244,-121.86193904687917
37.31602830383217,-121.86194733271013
37.31602217097054,-121.8619561872206
37.316016431990725,-121.86196447304975
37.31601029912729,-121.86197332755822
37.31600459758284,-121.86198155933458
37.31599885860049,-121.86198984516096
37.31599272573439,-121.8619986996664
37.315986592867354,-121.86200755417076
37.315980853882365,-121.86201583999437
37.31597472101352,-121.86202469449672
37.31596898202679,-121.8620329803185
37.31596284915611,-121.86204183481884
37.31595671628452,-121.86205068931815
37.31595097729515,-121.86205897513712
37.315944844421736,-121.86206782963441
37.315938711547375,-121.86207668413067
37.31593297255538,-121.86208496994684
37.31592683967919,-121.86209382444108
37.31592110068548,-121.86210211025542
37.31591508302549,-121.86211108788746
37.3159090678384,-121.86212007181103
37.31590385926467,-121.86212785102317
37.31589784407579,-121.86213683494483
37.315891828885974,-121.86214581886547
37.315886205529516,-121.86215421756543
37.31588019033782,-121.86216320148412
37.315874589925706,-121.86217156591145
37.31586896656665,-121.86217996460874
37.315862951372196,-121.8621889485245
37.31585693617679,-121.86219793243926
37.315851312815035,-121.86220633113388
37.31584571239876,-121.86221469555645
37.31583969720062,-121.86222367946824
37.315834073836236,-121.86223207816019
37.315828058636214,-121.86224106207005
37.31582204343525,-121.86225004597888
37.31581683484962,-121.86225782517809
37.31581081964684,-121.862266809085
37.31580480444315,-121.8622757929909
37.31579918107344,-121.8622841916775
37.31579316586785,-121.86229317558147
37.31578756544321,-121.86230153999446
37.31578194207089,-121.86230993867842
37.31577592686256,-121.86231892257943
37.31576991165327,-121.86232790647942
37.31576428827825,-121.86233630516068
37.31575868784944,-121.86234466956896
37.315752672637416,-121.86235365346602
37.315747049259784,-121.86236205214459
37.315741034045885,-121.86237103603972
37.315735046778336,-121.86238004233722
37.3157303236323,-121.86238829290693
37.31572522339707,-121.86239720218798
37.31572012316095,-121.86240611146819
37.315715022923946,-121.86241502074758
37.315709922686054,-121.86242393002614
37.31570519953588,-121.86243218059222
37.315700099296265,-121.86244108986925
37.315694999055765,-121.86244999914541
37.31568989881437,-121.86245890842076
37.315685175660896,-121.86246715898397
37.315680075417774,-121.86247606825775
37.315674057166135,-121.86248506061752
37.315668035941435,-121.86249403811138
37.31566240666529,-121.86250243121764
37.315656801052214,-121.86251078904077
37.31565077982477,-121.86251976653168
37.315645150546025,-121.86252815963525
37.315639129316715,-121.86253713712425
37.31563310808644,-121.8625461146122
37.31562747880499,-121.86255450771309
37.315621873186885,-121.86256286553046
37.31561585195387,-121.86257184301547
37.31560983071991,-121.86258082049947
37.31560420143494,-121.86258921359678
37.3155981801991,-121.86259819107882
37.3155921589623,-121.86260716855986
37.3155869452892,-121.86261494198598
37.31558092405064,-121.8626239194651
37.31557490281111,-121.8626328969432
37.31556927352083,-121.8626412900351
37.315563252279425,-121.86265026751124
37.315557231037054,-121.86265924498638
37.31555162540887,-121.86266760279217
37.315545996115056,-121.8626759958805
37.31553997486995,-121.86268497335269
37.3155339536239,-121.86269395082385
37.315528324327396,-121.86270234390946
37.31552230307947,-121.86271132137867
37.315516697446256,-121.86271967917874
37.31551106814714,-121.86272807226172
37.315505046896476,-121.86273704972798
37.315499025644854,-121.86274602719323
37.315493004392266,-121.86275500465749
37.31548737508953,-121.86276339773683
37.3154817694513,-121.86277175553114
37.31547574819598,-121.86278073299245
37.31547011889064,-121.8627891260691
37.3154641,-121.86279809999999
37.315458056441656,-121.862807060187
37.315452407802816,-121.86281543486366
37.31544678519639,-121.86282377094248
37.31544074423864,-121.86283272726686
37.31543509559719,-121.86284110194084
37.31542905463758,-121.86285005826323
37.31542301367701,-121.86285901458461
37.315417365032886,-121.86286738925587
37.315411742421475,-121.86287572532895
37.31540570145818,-121.86288468164737
37.315400052811455,-121.86289305631594
37.3153940118463,-121.8629020126324
37.31538797088019,-121.86291096894784
37.31538232223076,-121.86291934361371
37.31537669961436,-121.86292767968102
37.31537065864553,-121.86293663599349
37.315365009993506,-121.86294501065666
37.31535896902282,-121.8629539669672
37.31535292805119,-121.86296292327667
37.31534727939648,-121.86297129793715
37.31534165677506,-121.86297963399869
37.31533600811864,-121.86298800865741
37.315329967143384,-121.862996964963
37.31532392616714,-121.86300592126759
37.31531827750805,-121.8630142959236
37.31531223652997,-121.8630232522262
37.31530619555091,-121.86303220852781
37.315300965241875,-121.8630399629353
37.31529492426105,-121.86304891923496
37.31528888327929,-121.86305787553358
37.31528323461491,-121.8630662501842
37.315277193631275,-121.86307520648087
37.315271152646694,-121.86308416277652
37.315265922332905,-121.8630919171788
37.315259881346535,-121.86310087347252
37.31525384035923,-121.86310982976522
37.31524819168958,-121.86311820441043
37.3152421507004,-121.86312716070117
37.31523610971027,-121.86313611699086
37.31523087939173,-121.86314387138793
37.315224838399836,-121.86315282767569
37.31521879740698,-121.86316178396244
37.31521314873205,-121.86317015860224
37.31520710773732,-121.86317911488706
37.31520106674166,-121.8631880711708
37.31519583641838,-121.86319582556266
37.31518979542094,-121.86320478184449
37.31518375442254,-121.86321373812531
37.31517810574232,-121.86322211275969
37.31517206474206,-121.86323106903855
37.31516641606005,-121.86323944367118
37.315160793412836,-121.863247779703
37.315154752409846,-121.86325673597888
37.31514910372523,-121.86326511060884
37.315143062720395,-121.86327406688277
37.3151370217146,-121.86328302315566
37.3151313730273,-121.8632913977829
37.31512575037508,-121.86329973380894
37.31511970936656,-121.8633086900789
37.31511406067668,-121.86331706470344
37.31510801966629,-121.86332602097143
37.31510197865496,-121.86333497723841
37.31509632996237,-121.86334335186025
37.31509070730517,-121.86335168788051
37.3150846662911,-121.86336064414454
37.315079017595906,-121.86336901876369
37.31507297658,-121.86337797502573
37.31506693556312,-121.86338693128675
37.31506128686526,-121.86339530590317
37.3150552458465,-121.86340426216223
37.31504962318344,-121.86341259817576
37.315043974482975,-121.86342097278951
37.31503793346151,-121.86342992904562
37.31503189243908,-121.86343888530071
37.315026243735936,-121.86344725991174
37.31502020271166,-121.86345621616485
37.31501497236388,-121.86346397052975
37.315008931337836,-121.86347292678096
37.31500289031083,-121.86348188303114
37.31499724160329,-121.86349025763771
37.31499120057443,-121.86349921388592
37.314985159544605,-121.86350817013309
37.31497992919208,-121.86351592449277
37.314973888160495,-121.86352488073803
37.314967847127946,-121.86353383698226
37.31496219841514,-121.86354221158341
37.31495615738073,-121.86355116782568
37.314950116345365,-121.86356012406694
37.3149448859881,-121.8635678784214
37.31493884495097,-121.86357683466069
37.31493280391288,-121.863585790899
37.31492715519478,-121.86359416549479
37.31492111415484,-121.8636031217311
37.31491507311394,-121.8636120779664
37.31490984275193,-121.86361983231562
37.31490380170926,-121.86362878854902
37.31489776066564,-121.86363774478134
37.314892111942235,-121.86364611937174
37.314886070896755,-121.8636550756021
37.31488002985031,-121.86366403183146
37.314874799483576,-121.86367178617547
37.31486875843536,-121.86368074240289
37.3148631097076,-121.8636891169888
37.31485706865752,-121.86369807321428
37.31485102760649,-121.86370702943871
37.314845378876036,-121.86371540402193
37.314839756183005,-121.86372374000092
37.314833715129254,-121.86373269622243
37.3148280663962,-121.86374107080293
37.31482202534059,-121.86375002702245
37.31481598428402,-121.86375898324096
37.31481033554828,-121.86376735781874
37.31480429448986,-121.86377631403526
37.31479867179097,-121.86378465000755
37.31479302305263,-121.86379302458265
37.31478698199148,-121.86380198079624
37.31478094092937,-121.8638109370088
37.31477528885913,-121.86381931609554
37.31476915825185,-121.86382817317336
37.31476342149636,-121.86383646123913
37.31475772187635,-121.8638446956521
37.3147519851192,-121.86385298371609
37.31474585450836,-121.86386184078994
37.31474011774947,-121.8638701288521
37.31473398713681,-121.86387898592393
37.31472785652321,-121.86388784299473
37.31472211976171,-121.86389613105408
37.31471598914628,-121.86390498812287
37.31471025238302,-121.86391327618041
37.31470412176577,-121.86392213324719
37.31469881599078,-121.86392979864036
37.314692685371796,-121.86393865570517
37.31468694860516,-121.86394694375907
37.31468081798436,-121.86395580082186
37.31467508121597,-121.86396408887396
37.31466895059335,-121.86397294593473
37.31466321382323,-121.86398123398496
37.314657083198775,-121.86399009104373
37.314651346426906,-121.86399837909218
37.31464521580065,-121.86400723614892
37.31463991001791,-121.86401490153331
37.314633779389915,-121.8640237585881
37.314627648760975,-121.86403261564185
37.31462191198484,-121.86404090368568
37.31461578135408,-121.86404976073739
37.3146100445762,-121.8640580487794
37.314603913943614,-121.86406690582912
37.31459817716399,-121.8640751938693
37.314592046529576,-121.86408405091701
37.314586309748215,-121.86409233895534
37.31458017911199,-121.86410119600106
37.31457487332075,-121.86410886137571
37.314568742682795,-121.86411771841946
37.31456300589802,-121.86412600645417
37.31455687525825,-121.8641348634959
37.31455113847174,-121.86414315152878
37.31454500783015,-121.8641520085685
37.31453927104191,-121.86416029659954
37.31453314039849,-121.86416915363725
37.31452700975412,-121.8641780106739
37.31452127296325,-121.86418629870217
37.31451557330983,-121.86419453307529
37.3145098365173,-121.86420282110177
37.314503705869406,-121.86421167813442
37.31449796907513,-121.86421996615907
37.3144918384254,-121.86422882318973
37.31448610162938,-121.86423711121253
37.314479970977835,-121.86424596824116
37.31447423418008,-121.86425425626219
37.314468103526714,-121.8642631132888
37.31446236672722,-121.86427140130796
37.31445666706568,-121.86427963567141
37.314450930264535,-121.86428792368878
37.31444479960761,-121.86429678071141
37.314439062804716,-121.86430506872695
37.31443293214598,-121.86431392574757
37.31442680148629,-121.86432278276719
37.314421064680765,-121.86433107077991
37.31441493401925,-121.86433992779753
37.314409197211994,-121.86434821580843
37.314403066548664,-121.86435707282399
37.31439732973967,-121.86436536083308
37.31439163006917,-121.86437359518584
37.31438589325851,-121.86438188319312
37.31437976259163,-121.86439074020473
37.31437402577923,-121.86439902821016
37.314367895110536,-121.86440788521973
37.314362158296404,-121.86441617322335
37.314356027625884,-121.8644250302309
37.314350290810005,-121.86443331823271
37.314344160137644,-121.8644421752383
37.31433842332004,-121.86445046323826
37.31433272364141,-121.86445869758134
37.314326986822124,-121.8644669855795
37.31432085614623,-121.86447584258106
37.314314725469394,-121.8644846995816
37.31430898864749,-121.864492987577
37.31430285796884,-121.86450184457547
37.3142971211452,-121.86451013256902
37.31429099046471,-121.86451898956555
37.31428525363934,-121.86452727755726
37.314279122957046,-121.86453613455176
37.31427338612991,-121.86454442254166
37.31426768644232,-121.86455265687404
37.31426194961354,-121.86456094486213
37.31425581892768,-121.86456980185265
37.314250082097175,-121.8645780898389
37.31424395140949,-121.8645869468274
37.31423821457724,-121.86459523481183
37.31423208388773,-121.86460409179836
37.31422634705374,-121.86461237978092
37.314220216362415,-121.86462123676543
37.314214085670145,-121.86463009374887
37.31420877983094,-121.86463775906891
37.31420264913695,-121.8646466160504
37.31419691229867,-121.8646549040284
37.31419078160286,-121.86466376100785
37.314185044762844,-121.86467204898403
37.31417891406521,-121.86468090596149
37.31417317722346,-121.86468919393582
37.31416704652399,-121.86469805091127
37.31416130968049,-121.86470633888379
37.31415517897922,-121.86471519585723
37.31414987313229,-121.86472286116846
37.314143742429266,-121.86473171813992
37.31413800558239,-121.86474000610879
37.314131874877546,-121.86474886307826
37.31412613802892,-121.86475715104534
37.31412000732226,-121.86476600801275
37.31411387661467,-121.86477486497917
37.3141081397634,-121.86478315294345
37.314102009054004,-121.8647920099078
37.31409627220099,-121.86480029787025
37.314090141489764,-121.86480915483261
37.314084835634304,-121.86481682013415
37.31407870492134,-121.86482567709457
37.31407296806494,-121.86483396505336
37.31406683735016,-121.86484282201175
37.31406110049202,-121.86485110996874
37.31405496977542,-121.86485996692511
37.31404923291553,-121.8648682548803
37.3140431021971,-121.86487711183466
37.31403736533548,-121.864885399788
37.314031234615214,-121.86489425674034
37.31402592875205,-121.8649019220331
37.31401979803006,-121.86491077898349
37.314013667307144,-121.86491963593281
37.31400793044124,-121.86492792388154
37.31400179971649,-121.86493678082887
37.31399606284886,-121.8649450687758
37.3139899321223,-121.86495392572112
37.31398419525291,-121.8649622136662
37.31397806452453,-121.8649710706095
37.31397232765341,-121.86497935855276
37.313966627924266,-121.86498759283565
37.313960891051494,-121.8649958807771
37.313954760319554,-121.86500473771642
37.31394902344504,-121.86501302565604
37.31394289271128,-121.86502188259335
37.31393715583501,-121.86503017053116
37.31393102509943,-121.86503902746647
37.313925288221434,-121.8650473154024
37.31391915748403,-121.8650561723357
37.31391302674568,-121.86506502926795
37.313907289865064,-121.86507331720114
37.31390159012695,-121.86508155147334
37.313895853244674,-121.86508983940472
37.31388972250277,-121.86509869633299
37.313883985618766,-121.86510698426251
37.31387785487504,-121.86511584118878
37.313872117989284,-121.86512412911648
37.313865987243744,-121.86513298604075
37.31386025035624,-121.86514127396661
37.31385411960887,-121.86515013088886
37.31384838271964,-121.86515841881291
37.3138426829734,-121.86516665307542
37.31383694608251,-121.86517494099769
37.31383081533159,-121.86518379791595
37.31382507843897,-121.86519208583637
37.313818947686215,-121.86520094275262
37.31381321079185,-121.8652092306712
37.31380708003728,-121.86521808758545
37.31380094928178,-121.86522694449864
37.31379521238479,-121.86523523241445
37.31378908162746,-121.86524408932563
37.31378377573256,-121.86525175458222
37.313777644973506,-121.86526061149145
37.313771908073115,-121.8652688994036
