37.337154015220946,-121.92792597979557
37.3371476779228,-121.92791842752816
37.33714121065464,-121.92791072037515
37.33713487335501,-121.92790316810972
37.337128009122125,-121.92789498789122
37.337121144888364,-121.92788680767383
37.33711480758647,-121.92787925541155
37.33710794335105,-121.92787107519635
37.337102003010955,-121.92786399600324
37.337095138773925,-121.92785581579015
37.33708880146906,-121.9278482635319
37.33708193723037,-121.92784008332104
37.33707507299081,-121.92783190311127
37.33706913264713,-121.92782482392286
37.337062268405944,-121.92781664371522
37.33705593109734,-121.92780909146208
37.33704906685451,-121.92780091125665
37.33704272954442,-121.92779335900559
37.33703586529991,-121.92778517880232
37.33702992495199,-121.92777809961954
37.33702306070586,-121.9277699194184
37.33701619645886,-121.92776173921835
37.33700985914504,-121.92775418697242
37.33700299489639,-121.9277460067746
37.33699705454489,-121.92773892759652
37.33699019029459,-121.92773074740079
37.33698385297782,-121.92772319515892
37.33697698872589,-121.92771501496537
37.336970124473076,-121.92770683477298
37.33696378715405,-121.92769928253425
37.336957319863565,-121.92769157540931
37.33695098254305,-121.92768402317256
37.33694411828697,-121.92767584298446
37.336937780964966,-121.92766829074978
37.33693091670723,-121.92766011056385
37.33692497634789,-121.92765303139612
37.336918112088505,-121.9276448512123
37.336911247828276,-121.92763667102963
37.336904910502525,-121.92762911880007
37.33689804624064,-121.92762093861957
37.33689170891341,-121.9276133863921
37.33688524161419,-121.92760567927819
37.33687890428551,-121.92759812705269
37.336872040020324,-121.92758994687648
37.33686517575428,-121.92758176670144
37.33685883842332,-121.92757421447908
37.33685197415561,-121.9275660343062
37.33684603378768,-121.92755895514979
37.336839169518335,-121.927550774979
37.33683283218444,-121.9275432227607
37.33682597002542,-121.92753503805574
37.336819761647625,-121.92752730261229
37.33681304857185,-121.92751893833318
37.33680684019249,-121.92751120289174
37.33680102933688,-121.92750396275387
37.33679431625857,-121.92749559847785
37.33678810787695,-121.92748786303933
37.33678189949457,-121.9274801276018
37.33677518641371,-121.92747176332892
37.336768978029774,-121.92746402789344
37.3367627696451,-121.92745629245891
37.33675605656168,-121.92744792818921
37.33674984817545,-121.9274401927567
37.336743135090295,-121.92743182848912
37.3367369267025,-121.92742409305865
37.336730718313945,-121.92741635762914
37.33672440275116,-121.92740848866633
37.336718194361076,-121.92740075323877
37.33671198597026,-121.9273930178122
37.33670527288005,-121.92738465355087
37.33669906448767,-121.92737691812633
37.336692856094544,-121.92736918270272
37.33668614300177,-121.92736081844457
37.336679934607076,-121.92735308302301
37.33667372621167,-121.92734534760245
37.33666701311634,-121.92733698334746
37.33666080471935,-121.92732924792891
37.33665459632164,-121.92732151251137
37.33664788322374,-121.92731314825953
37.33664207234978,-121.92730590814446
37.3366353592502,-121.9272975438947
37.336629150849376,-121.92728980848109
37.336622942447825,-121.92728207306847
37.33661622934569,-121.92727370882186
37.336610020942565,-121.92726597341125
37.33660381253869,-121.92725823800161
37.336597099434016,-121.92724987375817
37.336590891028585,-121.92724213835058
37.336584682622416,-121.92723440294397
37.336578186296194,-121.92722674966699
37.336571281708366,-121.92721862145814
37.33656491014659,-121.92721112073934
37.33655800555713,-121.92720299253267
37.336551633993885,-121.92719549181597
37.33654512607797,-121.92718783058434
37.33653822148605,-121.92717970238097
37.33653184992058,-121.92717220166733
37.33652494532703,-121.92716407346613
37.33651804073261,-121.92715594526607
37.336512065840225,-121.92714891152801
37.33650516124421,-121.9271407833301
37.33649878967506,-121.92713328262161
37.3364918850774,-121.92712515442585
37.33648498047887,-121.92711702623127
37.336479005582966,-121.92710999249796
37.33647210098286,-121.92710186430548
37.33646572941001,-121.92709436360214
37.336458824808254,-121.92708623541189
37.33645231688124,-121.92707857419447
37.336445945306195,-121.92707107349419
37.336439040701976,-121.9270629453072
37.33643213609689,-121.92705481712132
37.33642576451959,-121.92704731642421
37.336419256588634,-121.92703965521181
37.33641288500989,-121.92703215451671
37.33640598040158,-121.92702402633519
37.3363990757924,-121.92701589815478
37.33639270421141,-121.92700839746283
37.33638619627651,-121.92700073625548
37.33637982469407,-121.9269932355655
37.33637292008167,-121.92698510738946
37.336366015468386,-121.92697697921452
37.33636004055975,-121.92696994549824
37.33635313594486,-121.92696181732545
37.33634623132912,-121.92695368915375
37.33633985974223,-121.92694618847004
37.33633295512486,-121.92693806030054
37.33632698021268,-121.92693102658903
37.3363200755937,-121.92692289842168
37.33631317097385,-121.92691477025545
37.33630679938329,-121.92690726957687
37.3362998947618,-121.92689914141286
37.33629391984609,-121.9268921077061
37.336287015223014,-121.92688397954419
37.33628011059907,-121.92687585138346
37.336273739004824,-121.92686835071002
37.336266834379245,-121.9268602225515
37.336260326429304,-121.92685256136336
37.33625395483281,-121.92684506069301
37.33624705020478,-121.92683693253775
37.336240678606835,-121.92682943186948
37.336234170653775,-121.92682177068536
37.33622726602328,-121.92681364253333
37.33622089442309,-121.92680614186813
37.33621398979096,-121.9267980137183
37.33620761818933,-121.9267905130552
37.336201110232324,-121.92678285187615
37.336194205597735,-121.92677472372958
37.33618783399386,-121.92676722306953
37.33618092935764,-121.92675909492519
37.336174024720535,-121.92675096678195
37.33616804979135,-121.92674393309322
37.33616114515266,-121.92673580495212
37.33615477354511,-121.92672830429721
37.33614810198292,-121.9267198725877
37.33614194171602,-121.92671207281707
37.33613578144836,-121.92670427304743
37.33612912451748,-121.9266958444341
37.33612296424825,-121.92668804466646
37.33611680397824,-121.92668024489981
37.3361106437075,-121.92667244513409
37.33610398677319,-121.92666401652492
37.336097826500854,-121.92665621676124
37.336091666227766,-121.92664841699853
37.33608500929086,-121.9266399883925
37.336078849016175,-121.92663218863174
37.33607308627779,-121.92662489220878
37.33606642933833,-121.92661646360577
37.336060269061335,-121.92660866384794
37.33605410878361,-121.9266008640911
37.3360479485051,-121.92659306433521
37.3360412915622,-121.92658463573638
37.33603513128213,-121.92657683598249
37.3360289710013,-121.92656903622957
37.33602231405581,-121.92656060763389
37.336016153773386,-121.92655280788296
37.3360099934902,-121.92654500813303
37.33600383320628,-121.92653720838406
37.33599717625736,-121.9265287797925
37.33599101597184,-121.92652098004557
37.335984855685574,-121.92651318029957
37.33597819873406,-121.92650475171114
37.33597203844619,-121.92649695196715
37.33596587815758,-121.92648915222415
37.33595922120346,-121.92648072363886
37.335953056409465,-121.92647292625537
37.33594676244593,-121.92646531055678
37.33593994915351,-121.92645706647212
37.335934052437956,-121.92644993144735
37.33592723914389,-121.92644168736479
37.33592094517735,-121.9264340716702
37.3359141318816,-121.92642582758982
37.33590783791355,-121.92641821189731
37.33590194119442,-121.92641107687714
37.33589512789623,-121.9264028327999
37.33588883392597,-121.92639521711035
37.335882020626116,-121.92638697303529
37.335875726654336,-121.9263793573478
37.33586931060258,-121.92637159394582
37.335863016629325,-121.9263639782603
37.33585620332611,-121.92635573418949
37.335849909351346,-121.92634811850603
37.33584309604645,-121.92633987443737
37.33583680207016,-121.92633225875598
37.335830905343144,-121.92632512374598
37.33582409203581,-121.9263168796805
37.33581779805733,-121.92630926400207
37.3358109847483,-121.92630101993872
37.3358046907683,-121.92629340426237
37.33579827470775,-121.9262856408712
37.335791980726256,-121.9262780251968
37.33578516741391,-121.92626978113772
37.3357788734309,-121.92626216546539
37.33577206011685,-121.92625392140846
37.33576616338266,-121.92624678640779
37.335759869397435,-121.9262391707384
37.335753056080954,-121.92623092668464
37.33574676209423,-121.92622331101731
37.33573994877606,-121.92621506696571
37.335734052038305,-121.92620793196966
37.335727238718476,-121.92619968792015
37.33572094472875,-121.92619207225684
37.33571413140726,-121.92618382820952
37.335707837416,-121.92617621254827
37.33570102409284,-121.92616796850311
37.335695127350725,-121.9261608335126
37.335688833357295,-121.92615321785433
37.335682020031655,-121.92614497381233
37.33567572603671,-121.9261373581561
37.3356689127094,-121.92612911411628
37.33566301596374,-121.92612197913037
37.33565620263478,-121.92611373509261
37.33564990863682,-121.9261061194404
37.33564309530617,-121.92609787540484
37.3356368013067,-121.92609025975472
37.33563038522535,-121.92608249638917
37.33562409122439,-121.92607488074098
37.3356177972227,-121.92606726509383
37.335610983887925,-121.92605902106352
37.33560468988474,-121.92605140541845
37.335597876548285,-121.92604316139033
37.335591979794735,-121.92603602641466
37.33558516645664,-121.92602778238863
37.335578872450434,-121.92602016674756
37.33557205911065,-121.9260119227237
37.335565765102935,-121.9260043070847
37.335559349012804,-121.92599654372997
37.3355530550036,-121.92598892809292
37.33554624166048,-121.92598068407332
37.335539947649764,-121.92597306843831
37.33553365363834,-121.92596545280432
37.33552723754422,-121.9259576894545
37.335520943531314,-121.92595007382246
37.33551413018406,-121.9259418298082
37.335507836169626,-121.9259342141782
37.3355010228207,-121.92592597016612
37.33549512605639,-121.92591883520434
37.33548831270582,-121.92591059119431
37.33548201868838,-121.92590297556836
37.335475205336124,-121.92589473156052
37.335468911317164,-121.9258871159366
37.335462617297495,-121.92587950031371
37.335456201194596,-121.92587173697476
37.33544990717344,-121.92586412135381
37.33544309381705,-121.9258558773513
37.33543679979438,-121.92584826173241
37.3354299864363,-121.92584001773206
37.335424089664116,-121.92583288278047
37.33541727630439,-121.92582463878219
37.335410982278724,-121.92581702316735
37.335404168917314,-121.92580877917125
37.335397874890134,-121.92580116355846
37.33539197811438,-121.92579402861149
37.335385164750534,-121.92578578461854
37.33537887072114,-121.92577816900872
37.335372057355606,-121.92576992501793
37.33536576332471,-121.92576230941017
37.33535894995748,-121.92575406542154
37.3353530531774,-121.92574693048014
37.33534623980854,-121.92573868649363
37.33533994577464,-121.9257310708899
37.33533313240409,-121.92572282690554
37.335326838368665,-121.92571521130384
37.33532094158502,-121.92570807636707
37.335314128212026,-121.92569983238586
37.33530783417441,-121.92569221678716
37.33530102079972,-121.9256839728081
37.335294726760594,-121.92567635721143
37.335288310636884,-121.92566859389808
37.33528201659626,-121.9256609783034
37.33527520321825,-121.92565273432861
37.33526890917611,-121.92564511873596
37.33526209579641,-121.92563687476334
37.33525580175276,-121.92562925917275
37.33524990496123,-121.92562212424619
37.33524309157909,-121.92561388027673
37.335236797533234,-121.92560626468912
37.335229984149414,-121.92559802072182
37.33522369010204,-121.92559040513625
37.33521727396954,-121.92558264183373
37.33521097992068,-121.92557502625014
37.33520416653352,-121.92556678228712
37.33519787263124,-121.92555916697695
37.33519104985361,-121.92555093464328
37.33518514501372,-121.92554380989101
37.33517884296434,-121.92553620586945
37.335172020184295,-121.92552797353896
37.33516571813341,-121.92552036951946
37.335158895351675,-121.92551213719112
37.335152990508234,-121.92550501244348
37.33514616772486,-121.92549678011721
37.33513986567098,-121.92548917610176
37.33513304288595,-121.92548094377769
37.33512713803961,-121.92547381903373
37.33512031525292,-121.92546558671177
37.335114013196055,-121.92545798270034
37.33510771113848,-121.92545037868989
37.33510088834932,-121.92544214637115
37.33509498349943,-121.9254350216318
37.33508816070863,-121.92542678931515
37.33508185864805,-121.92541918530875
37.33507503585557,-121.9254109529943
37.335068733793484,-121.92540334898995
37.3350623082087,-121.92539559594627
37.33505600614513,-121.9253879919439
37.33504918334931,-121.92537975963367
37.33504288128424,-121.92537215563337
37.33503697642795,-121.92536503090236
37.3350301536297,-121.9253567985953
37.335023851562426,-121.92534919459797
37.3350170287625,-121.92534096229308
37.33501072669371,-121.92533335829779
37.335004301101755,-121.92532560526298
37.33499799903151,-121.92531800126969
37.33499117622826,-121.92530976896907
37.334984874156476,-121.92530216497781
37.33497805135155,-121.92529393267935
37.334972146488084,-121.92528680795763
37.334965844414114,-121.92527920396938
37.33495902160674,-121.92527097167408
37.33495271953126,-121.92526336768786
37.334945896722225,-121.92525513539475
37.33493999185519,-121.92524801067765
37.334933169044504,-121.92523977838661
37.33492686696603,-121.92523217440441
37.334920044153655,-121.92522394211555
37.334914139283775,-121.92521681740219
37.33490731646977,-121.9252085851154
37.3349010143883,-121.92520098113728
37.33489471230612,-121.92519337716014
37.33488788948963,-121.9251851448766
37.334881984616196,-121.92517802016783
37.33487516179806,-121.92516978788638
37.33486885971289,-121.92516218391326
37.334862036893085,-121.92515395163399
37.3348557348064,-121.92514634766293
37.334849309195334,-121.92513859465178
37.33484300710716,-121.92513099068266
37.334836184284036,-121.92512275840767
37.33482988219435,-121.92511515444063
37.33482397731449,-121.92510802974019
37.33481715448893,-121.92509979746838
37.33481085239706,-121.9250921935043
37.33480402956981,-121.9250839612346
37.33479772747644,-121.92507635727264
37.334791301858196,-121.9250686042703
37.334784999763336,-121.92506100031028
37.33477817693276,-121.92505276804485
37.334771874836385,-121.9250451640869
37.33476505200415,-121.92503693182366
37.334759147117104,-121.92502980713253
37.334752845018535,-121.92502220317753
37.33474602218384,-121.92501397091745
37.33473972008376,-121.92500636696451
37.334733294458374,-121.92499861397104
37.33472666297786,-121.92499149767532
37.33471985853593,-121.92498420889777
37.33471305409331,-121.9249769201213
37.33470624964993,-121.9249696313458
37.334700024783565,-121.92496296340248
37.33469282785304,-121.92495525420678
37.33468602340757,-121.92494796543438
37.33467979853932,-121.92494129749394
37.33467299409248,-121.92493400872354
37.33466618964492,-121.92492671995416
37.33465996477481,-121.92492005201653
37.334652767839934,-121.92491234282737
37.334645963390265,-121.92490505406106
37.33463915893987,-121.92489776529581
37.334632934067216,-121.92489109736199
37.334626129615465,-121.92488380859872
37.3346193425009,-121.92487653325864
37.33461293212554,-121.92486909249561
37.334605981723804,-121.92486102490578
37.33459903132123,-121.92485295731714
37.334592620943646,-121.9248455165573
37.334586066817366,-121.92483790894494
37.33457911641238,-121.92482984135957
37.334572166006524,-121.92482177377532
37.334565755625995,-121.92481433301965
37.33455880521854,-121.92480626543764
37.33455225108829,-121.92479865783045
37.33454584070559,-121.92479121707785
37.3345388902957,-121.92478314949913
37.33453193988497,-121.92477508192155
37.33452498947339,-121.92476701434511
37.33451897536591,-121.92476003357004
37.334512024952744,-121.92475196599574
37.33450507453874,-121.92474389842258
37.33449866415088,-121.92473645767734
37.33449171373526,-121.9247283901064
37.33448515959716,-121.92472078250947
37.334478749207115,-121.9247133417673
37.33447179878906,-121.92470527419964
37.33446484837017,-121.92469720663313
37.33445789795044,-121.92468913906778
37.334451883835925,-121.92468215830233
37.3344449334146,-121.92467409073909
37.33443798299243,-121.92466602317701
37.33443174831253,-121.92465828806147
37.33442586399606,-121.92465015565934
37.33441997967876,-121.92464202325809
37.33441369956667,-121.92463334385224
37.3344078152477,-121.9246252114529
37.3344019309279,-121.92461707905449
37.33439604660729,-121.92460894665696
37.33438976649173,-121.92460026725519
37.334384380079776,-121.92459144970138
37.33438028442266,-121.92458251909287
37.33437559500584,-121.92457229379022
37.33437149934692,-121.92456336318301
37.3343671540527,-121.92455388824729
37.334362714267286,-121.92454420727589
37.3343584,-121.92453479999999
37.334352014155385,-121.9245269817117
37.33434524076171,-121.92451868894318
37.33433898081058,-121.92451102479214
37.334332207415194,-121.92450273202581
37.33432594746253,-121.92449506787682
37.33431917406545,-121.92448677511265
37.33431291411125,-121.9244791109657
37.33430665415633,-121.92447144681974
37.33429988075674,-121.92446315405878
37.334293620800274,-121.92445548991486
37.334286847398985,-121.92444719715604
37.334280984852626,-121.92444001956996
37.33427421144966,-121.92443172681322
37.334267951490176,-121.9244240626733
37.334261178085505,-121.92441576991871
37.334254918124465,-121.92440810578081
37.33424814471811,-121.92439981302839
37.334241884755535,-121.92439214889254
37.33423511134745,-121.92438385614227
37.334228851383365,-121.92437619200848
37.33422207797357,-121.92436789926035
37.334215818007934,-121.9243602351286
37.33420904459647,-121.92435194238263
37.33420278462929,-121.92434427825292
37.3341960112161,-121.9243359855091
37.334189751247415,-121.92432832138145
37.33418297783252,-121.92432002863978
37.33417671786228,-121.92431236451414
37.334169944445705,-121.92430407177466
37.33416408188615,-121.92429689420533
37.334157308467894,-121.92428860146791
37.33415104849462,-121.92428093734628
37.33414427507466,-121.92427264461101
37.334138015099846,-121.92426498049142
37.33413124167817,-121.92425668775829
37.334124981701834,-121.92424902364074
37.334118208278454,-121.92424073090979
37.33411194830059,-121.92423306679426
37.33410517487551,-121.92422477406546
37.33409891489611,-121.92421710995201
37.33409214146932,-121.92420881722533
37.33408588148837,-121.92420115311391
37.33407910805991,-121.92419286038944
37.33407284807742,-121.92418519628005
37.33406658809421,-121.92417753217165
37.33405981466323,-121.92416923945036
37.33405395209125,-121.92416206189687
37.3340471786586,-121.92415376917764
37.33404091867235,-121.92414610507325
37.334034145238,-121.92413781235621
37.334027885250215,-121.92413014825384
37.33402111181414,-121.92412185553891
37.33401485182484,-121.92411419143863
37.334008078387065,-121.92410589872587
37.33400181839621,-121.92409823462758
37.333995044956744,-121.924089941917
37.33398878496436,-121.92408227782077
37.33398201152319,-121.92407398511233
37.333975751529266,-121.92406632101813
37.33396897910227,-121.92405802671914
37.333962749673205,-121.92405032005935
37.33395601200929,-121.92404198464533
37.333949782578685,-121.92403427798754
37.333943044913035,-121.92402594257568
37.333936815480875,-121.92401823591997
37.33393007781353,-121.92400990051024
37.33392384837981,-121.92400219385654
37.33391711071073,-121.92399385844895
37.333910881275465,-121.92398615179728
37.33390414360466,-121.92397781639183
37.33389791416785,-121.92397010974216
37.3338916847303,-121.92396240309351
37.33388494705696,-121.92395406769124
37.33387871761786,-121.92394636104461
37.3338719799428,-121.92393802564447
37.33386575050214,-121.92393031899988
37.33385901282537,-121.92392198360191
37.33385278338316,-121.92391427695932
37.33384604570466,-121.92390594156349
37.3338398162609,-121.92389823492293
37.33383307858068,-121.92388989952927
37.33382684913538,-121.92388219289073
37.333820111453434,-121.92387385749916
37.33381388200658,-121.92386615086268
37.333807144322904,-121.92385781547327
37.33380091487451,-121.92385010883882
37.33379417718911,-121.92384177345151
37.333787947739154,-121.92383406681907
37.33378121005206,-121.92382573143398
37.33377498060054,-121.92381802480355
37.33376824291172,-121.92380968942057
37.333762013458646,-121.92380198279217
37.33375578400485,-121.9237942761648
37.33374904631349,-121.923785940785
37.333742816858134,-121.92377823415964
37.33373607916505,-121.92376989878197
37.33372984970815,-121.92376219215862
37.333723112013345,-121.9237538567831
37.33371688255489,-121.9237461501618
37.33371014485837,-121.92373781478841
37.33370391539837,-121.92373010816915
37.333697177700124,-121.9237217727979
37.33369094823856,-121.92371406618065
37.33368421053859,-121.92370573081153
37.333677981075496,-121.92369802419633
37.33367124337379,-121.92368968882934
37.33366501390915,-121.92368198221617
37.3336584,-121.9236738
37.333651926134145,-121.92366609820944
37.33364505621972,-121.92365792525224
37.33363911101447,-121.92365085239906
37.33363276886317,-121.92364330731145
37.33362589894634,-121.92363513435744
37.333619953739,-121.923628061507
37.33361308382056,-121.92361988855511
37.333606741666316,-121.92361234347156
37.333600268691754,-121.92360464275669
37.33359392653605,-121.92359709767516
37.33358705661432,-121.92358892472755
37.33358071445714,-121.92358137964808
37.333574241479425,-121.92357367893716
37.33356789932077,-121.92356613385971
37.33356102939577,-121.92355796091637
37.33355508418139,-121.92355088807525
37.33354821425477,-121.92354271513405
37.333541872093186,-121.92353517006063
37.333535926876735,-121.92352809722226
37.333529056947704,-121.92351992428422
37.33352271478394,-121.92351237921382
37.33351624179922,-121.92350467851179
37.333509899633995,-121.92349713344333
37.33350302970169,-121.9234889605096
37.333496687534975,-121.92348141544326
37.3334902145471,-121.92347371474519
37.333483872378935,-121.92346616968082
37.33347700244336,-121.9234579967514
37.333471057219874,-121.92345092392233
37.33346418728268,-121.92344275099501
37.33345784511156,-121.9234352059347
37.333451372118965,-121.92342750524254
37.33344502994639,-121.92341996018422
37.333438160005926,-121.9234117872612
37.333431817831865,-121.92340424220497
37.33342587260348,-121.9233971693824
37.333419002660605,-121.92338899646255
37.33341266048438,-121.92338145140931
37.33340618748632,-121.92337375072405
37.333399845308634,-121.9233662056728
37.3333929765949,-121.92335803071303
37.333386671643325,-121.92335043088177
37.333380242669904,-121.92334268155959
37.333373937716836,-121.92333508173029
37.333367111539914,-121.92332685363316
37.33336080658535,-121.92331925380594
37.33335398040676,-121.923311025711
37.33334807265268,-121.92330390466242
37.33334124647245,-121.92329567656958
37.333334941514885,-121.92328807674637
37.33332811533298,-121.92327984865571
37.33332181037391,-121.92327224883458
37.33331498419032,-121.92326402074607
37.33330907643194,-121.92325689970309
37.33330225024671,-121.92324867161668
37.33329594528466,-121.92324107179958
37.333289119097756,-121.92323284371537
37.333282814134186,-121.9232252439003
37.333276385147954,-121.92321749459396
37.3332700801829,-121.92320989478088
37.33326325399269,-121.92320166670093
37.33325694902612,-121.92319406688992
37.333250644058865,-121.92318646707987
37.333244215068675,-121.92317871777847
37.333237910099925,-121.9231711179704
37.333231083905595,-121.92316288989578
37.33322477893533,-121.9231552900898
37.333217952739304,-121.92314706201735
37.333211647767556,-121.92313946221344
37.33320521877256,-121.92313171291794
37.33319891379932,-121.923124113116
37.333192087599976,-121.9231158850478
37.333185782625215,-121.92310828524792
37.33317895642422,-121.92310005718191
37.3331730486508,-121.92309293615844
37.333166222448156,-121.92308470809455
37.33315991747041,-121.92307710829868
37.333153091266084,-121.92306888023695
37.33314678628682,-121.92306128044314
37.33313996008083,-121.9230530523836
37.33313405230311,-121.92304593136572
37.333127226095456,-121.92303770330824
37.33312092111321,-121.92303010351847
37.33311409490389,-121.9230218754632
37.33310778992014,-121.9230142756755
37.33310136091235,-121.92300652639585
37.33309505592712,-121.9229989266101
37.33308822971447,-121.92299069855908
37.333081924727736,-121.92298309877542
37.33307509851342,-121.92297487072656
37.33306879352517,-121.92296727094497
37.33306236451257,-121.92295952167126
37.33305605952284,-121.9229519218916
37.33304923330521,-121.92294369384705
37.333042928313965,-121.92293609406947
37.33303662332201,-121.92292849429288
37.33303019430546,-121.92292074502409
37.33302388931203,-121.92291314524948
37.333017063090274,-121.92290491721025
37.33301075809533,-121.9228973174377
37.3330039318719,-121.92288908940061
37.33299762687546,-121.92288148963016
37.33299119785409,-121.9228737403673
37.33298489285617,-121.9228661405988
37.33297806662942,-121.92285791256597
37.33297176162998,-121.92285031279951
37.33296493540156,-121.9228420847689
37.33295902760452,-121.92283496377617
37.332952201374454,-121.92282673574762
37.332945896372024,-121.92281913598521
37.332939070140284,-121.92281090795883
37.33293276513635,-121.92280330819848
37.33292593890293,-121.92279508017428
37.33292003110157,-121.92278795918715
37.332913204866514,-121.92277973116504
37.33290689985958,-121.9227721314087
37.33290007362286,-121.92276390338881
37.33289376861442,-121.92275630363456
37.33288733958026,-121.92274855438755
37.332881034570335,-121.92274095463523
37.33287420833028,-121.92273272661959
37.33286790331886,-121.92272512686937
37.33286107707713,-121.9227168988559
37.332854772064195,-121.92270929910774
37.33284834302523,-121.92270154986667
37.332842038010824,-121.92269395012048
37.332835211765776,-121.92268572211125
37.332828906749846,-121.92267812236713
37.33282260173321,-121.92267052262399
37.33281603322057,-121.9226629543626
37.332809056810575,-121.92265492195533
37.332803020455884,-121.92264797189831
37.33279604404434,-121.92263993949321
37.332790007688295,-121.92263298943804
37.332783031275184,-121.92262495703508
37.33277699491779,-121.92261800698176
37.33277001850311,-121.92260997458096
37.33276398214437,-121.92260302452952
37.332757005728126,-121.92259499213088
37.33275096936804,-121.92258804208132
37.33274399295022,-121.92258000968478
37.332737956588794,-121.92257305963705
37.332730980169416,-121.92256502724271
37.332724943806625,-121.92255807719683
37.33271796738568,-121.92255004480464
37.33271193102156,-121.92254309476064
37.33270495459904,-121.92253506237054
37.332698918233554,-121.92252811232844
37.332691941809486,-121.92252007994051
37.332685905442645,-121.92251312990022
37.332678929017014,-121.92250509751446
37.33267289264882,-121.92249814747606
37.33266591622162,-121.92249011509242
37.33265933581239,-121.92248253867024
37.33265290342332,-121.92247513267438
37.33264632301257,-121.92246755625419
37.33263990834254,-121.92246012418283
37.33263297654702,-121.92245203177545
37.33262697836946,-121.92244502930632
37.33262004657235,-121.9224369369011
37.33261365192835,-121.92242947158772
37.33260711659472,-121.92242184203069
37.33260018479516,-121.92241374962872
37.33259379014896,-121.92240628431846
37.332587254812985,-121.92239865476442
37.332580860165365,-121.92239118945616
37.3325739283626,-121.92238309705856
37.33256699655898,-121.92237500466209
37.33256099837444,-121.92236800220239
37.332554066569244,-121.92235990980807
37.332547671917965,-121.922352444505
37.332541136576545,-121.92234481495801
37.3325342047689,-121.92233672256694
37.3325278101154,-121.92232925726695
37.33252127477165,-121.922321627723
37.33251488011674,-121.92231416242501
37.33250794830588,-121.92230607003829
37.33250195011511,-121.92229906758708
37.33249501830265,-121.92229097520246
37.332488086489356,-121.92228288281899
37.3324816918308,-121.92227541752621
37.33247515648159,-121.9222677879893
37.332468761821595,-121.92226032269849
37.332461830005094,-121.92225223031939
37.332455294653535,-121.92224460078552
37.332448899991334,-121.9222371354978
37.3324419681724,-121.92222904312197
37.33243596997464,-121.9222220406802
37.3324290381541,-121.92221394830649
37.332422106332714,-121.92220585593394
37.33241610813286,-121.92219885349502
37.33240917630987,-121.92219076112458
37.3324027816426,-121.92218329584404
37.332395849818,-121.92217520347583
37.33238931445865,-121.92216757395202
37.33238291978919,-121.92216010867457
37.332375987962145,-121.92215201630964
37.3323699897574,-121.92214501387733
37.332363057928774,-121.9221369215145
37.33235666325641,-121.92212945624115
37.33235012789244,-121.92212182672334
37.33234319606138,-121.92211373436382
37.33233680138682,-121.92210626909356
37.33232986955414,-121.92209817673623
37.33232387134453,-121.9220911743105
37.33231693951024,-121.92208308195532
37.33231000767512,-121.92207498960127
37.3323040094634,-121.92206798717841
37.33229707762667,-121.92205989482649
37.33229068294704,-121.9220524295634
37.33228414757528,-121.92204480005567
37.33227721573611,-121.92203670770704
37.33227082105429,-121.92202924244702
37.332264285680175,-121.92202161294234
37.33225789099691,-121.92201414768435
37.33225095915454,-121.92200605534003
37.33224402731131,-121.9219979629969
37.33223802909261,-121.92199096058347
37.332231097247806,-121.92198286824245
37.332224702560886,-121.9219754029896
37.33221718899876,-121.92196770809355
37.33221025463662,-121.92196060671657
37.33220293095269,-121.92195310664285
37.332195996589164,-121.92194600526803
37.33218867290377,-121.9219385051966
37.33218113723643,-121.9219307880398
37.33217381354955,-121.92192328797077
37.33216687918315,-121.92191618660036
37.332159944816084,-121.921909085231
37.332152019824306,-121.92190096938157
37.332145085455764,-121.92189386801444
37.332137761765196,-121.92188636795125
37.33213082739527,-121.92187926658627
37.332123878925785,-121.92187115818396
37.332117586424786,-121.92186354033785
37.33211077487713,-121.92185529412406
37.332104879652945,-121.92184815723398
37.33209806810365,-121.92183991102227
37.33209177559963,-121.92183229318016
37.332084964048654,-121.92182404697061
37.33207867154311,-121.92181642913057
37.332072379036866,-121.92180881129154
37.332065567483404,-121.92180056508522
37.33205967225419,-121.9217934282016
37.33205286069909,-121.92178518199741
37.33204656818984,-121.92177756416237
37.33203975663303,-121.9217693179603
37.33203346412227,-121.92176170012735
37.33202717161078,-121.9217540822954
37.33202075733027,-121.92174631704945
37.33201446481729,-121.92173869921945
37.332007653256355,-121.92173045302268
37.33200175802073,-121.92172331614744
37.33199546550555,-121.92171569832041
37.33198865394218,-121.9217074521268
37.331982758704434,-121.92170031525424
37.33197646618705,-121.92169269743017
37.33196965462122,-121.92168445123971
37.331963759381374,-121.9216773143699
37.33195694781391,-121.92166906818153
37.33195065529351,-121.92166145036148
37.33194476005155,-121.92165431349437
37.331937948481624,-121.92164606730913
37.331931655959046,-121.92163844949208
37.33192576071497,-121.9216313126277
37.33191894914259,-121.92162306644558
37.331912656617796,-121.92161544863148
37.33190624232307,-121.921607683403
37.33189994979679,-121.9216000655909
37.33189380377024,-121.92159224267607
37.33188718247198,-121.92158377433809
37.33188105277332,-121.92157593473557
37.33187492307389,-121.92156809513402
37.331868793373715,-121.92156025553345
37.33186217207199,-121.92155178719962
37.331856042370205,-121.92154394760102
37.33184991266767,-121.92153610800341
37.33184378296435,-121.92152826840672
37.33183716165918,-121.92151980007701
37.33183103195426,-121.92151196048235
37.33182490224859,-121.92150412088863
37.33181828094079,-121.92149565256204
37.331812151233514,-121.92148781297031
37.33180602152547,-121.92147997337955
37.33179989181667,-121.92147213378978
37.33179327050541,-121.92146366546729
37.33178714079501,-121.92145582587949
37.33178101108385,-121.92144798629268
37.33177438976996,-121.9214395179733
37.33176826005718,-121.92143167838843
37.33176213034366,-121.92142383880456
37.331756000629376,-121.92141599922165
37.331749379312015,-121.9214075309064
37.33174324959614,-121.9213996913255
37.33173693038918,-121.92139209169189
37.33173009139743,-121.92138387961063
37.33172377552536,-121.92137629567968
37.331716936531954,-121.92136808360058
37.331711017802085,-121.92136097655096
37.33170417880704,-121.92135276447401
37.33169786293199,-121.92134518054706
37.33169102393527,-121.92133696847227
37.331684708058724,-121.92132938454742
37.3316782662042,-121.92132164935367
37.331671950326175,-121.92131406543075
37.33166511132615,-121.92130585336027
37.33165879544663,-121.92129826943943
37.33165235358892,-121.92129053424964
37.33164603770793,-121.92128295033079
37.33163919870461,-121.92127473826457
37.3316328828221,-121.92126715434779
37.3316260438171,-121.92125894228374
37.33162012507723,-121.92125183524713
37.3316132860706,-121.92124362318519
37.33160697018512,-121.92123603927244
37.33160065429894,-121.92122845536069
37.33159381528985,-121.92122024330199
37.33158789654644,-121.92121313627001
37.33158105753571,-121.9212049242134
37.33157474164655,-121.92119734030571
37.33156790263414,-121.92118912825126
37.3315619838879,-121.92118202122302
37.33155514487385,-121.92117380917067
37.331548828981724,-121.92116622526704
37.331541989966006,-121.92115801321685
37.33153567407236,-121.92115042931528
37.33152923219958,-121.9211426941443
37.33152291630446,-121.92113511024468
37.33151607728544,-121.92112689819879
37.33150976138882,-121.92111931430124
37.33150331951284,-121.92111157913419
37.33149700361476,-121.92110399523862
37.331490164592424,-121.92109578319702
37.33148384869284,-121.92108819930351
37.33147700966885,-121.9210799872641
37.331471090912615,-121.92107288024887
37.33146425188699,-121.92106466821157
37.33145793598441,-121.92105708432209
37.33145109695712,-121.92104887228693
37.331444781053044,-121.92104128839954
37.3314383391691,-121.92103355324241
37.331432023263545,-121.92102596935699
37.33142570735728,-121.92101838547255
37.3314188683259,-121.92101017344277
37.33141294956326,-121.92100306643587
37.331406110530246,-121.92099485440819
37.33139979462101,-121.92098727052782
37.33139295558631,-121.92097905850225
37.33138663967557,-121.92097147462394
37.331380197784505,-121.9209637394757
37.331373881872295,-121.92095615559937
37.33136704283429,-121.92094794357814
37.33136072692057,-121.92094035970383
37.33135428502632,-121.92093262455954
37.33134796911113,-121.92092504068722
37.33134113006983,-121.92091682867027
37.33133481415313,-121.92090924480003
37.331327975110156,-121.92090103278525
37.331322056337534,-121.92089392579142
37.331315217292925,-121.92088571377872
37.331308901373255,-121.92087812991254
37.33130206232697,-121.92086991790202
37.33129574640581,-121.9208623340379
37.331289304503585,-121.9208545989035
37.33128298858093,-121.92084701504135
37.331276149531355,-121.92083880303512
37.331269833607195,-121.92083121917506
37.33126339170181,-121.92082348404459
37.331257075776186,-121.92081590018648
37.33125075984985,-121.92080831632938
37.331243920796176,-121.92080010432848
37.331237604868335,-121.92079252047346
37.33123116295899,-121.92078478534792
37.33122484702968,-121.92077720149484
37.33121800861758,-121.9207689887992
37.33121173095991,-121.92076134968833
37.33120493683298,-121.92075308210215
37.33119905652977,-121.9207459265247
37.33119226240118,-121.92073765894061
37.3311859847405,-121.92073001983374
37.33117919061022,-121.92072175225182
37.33117291294801,-121.92071411314701
37.33116663528507,-121.92070647404317
37.331160238508474,-121.92069868999535
37.33115396084405,-121.9206910508935
37.33114716670963,-121.92068278331685
37.331140889043674,-121.92067514421706
37.33113409490753,-121.92066687664258
37.33112781724007,-121.92065923754483
37.331121023102256,-121.92065096997251
37.331115142789656,-121.9206438144071
37.33110886511995,-121.9206361753123
37.33110207097968,-121.92062790774311
37.33109579330847,-121.92062026865037
37.3310889991665,-121.92061200108337
37.33108272149374,-121.92060436199266
37.331076324706686,-121.92059657795761
37.331070047032455,-121.92058893886889
37.331063252887134,-121.92058067130611
37.33105697521136,-121.9205730322194
37.33105069753488,-121.9205653931337
37.33104390338708,-121.92055712557416
37.331037625709065,-121.9205494864905
37.33103122891637,-121.92054170246234
37.33102495123686,-121.92053406338067
37.3310181570857,-121.92052579582536
37.33101187940468,-121.92051815674571
37.33100508525182,-121.92050988919256
37.33099880756927,-121.92050225011498
37.330992927242995,-121.9204950945671
37.33098613308768,-121.9204868270171
37.33097985540291,-121.92047918794248
37.3309730612459,-121.9204709203946
37.3309667835596,-121.92046328132204
37.33095998940091,-121.92045501377638
37.33095410907027,-121.92044785823404
37.33094731490993,-121.92043959069046
37.33094103722062,-121.92043195162188
37.33093424305856,-121.92042368408043
37.330927965367735,-121.92041604501392
37.33092168767618,-121.92040840594838
37.33091489351161,-121.92040013841016
37.33090901317595,-121.92039298287435
37.330902219009744,-121.92038471533819
37.33089594131518,-121.9203770762767
37.33088914714727,-121.92036880874267
37.330882869451166,-121.9203611696832
37.33087607528159,-121.92035290215141
37.33087019494156,-121.92034574662112
37.33086391724325,-121.92033810756462
37.3308571230712,-121.92032984003595
37.33085084537135,-121.92032220098146
37.33084405119761,-121.92031393345495
37.330837773496235,-121.92030629440254
37.3308309793208,-121.92029802687819
37.330825098975744,-121.92029087135438
37.330818304798655,-121.92028260383209
37.330812027094275,-121.92027496478372
37.33080574938915,-121.92026732573632
37.330798955209566,-121.92025905821724
37.330792677502934,-121.92025141917189
37.330786280679675,-121.92024363518107
37.33078000297155,-121.92023599613768
37.3307732087886,-121.92022772862285
37.33076693107896,-121.92022008958149
37.33076013689433,-121.92021182206882
37.33075385918315,-121.92020418302954
37.33074797882948,-121.92019702751685
37.330741184642385,-121.9201887600073
37.33073490692899,-121.92018112097098
37.3307281127402,-121.9201728534636
37.33072183502527,-121.92016521442932
37.330715040834804,-121.92015694692411
37.330708763118366,-121.92014930789186
37.330702366284626,-121.92014152391384
37.3306960885667,-121.92013388488355
37.330689810848035,-121.92012624585426
37.33068301665341,-121.92011797835437
37.33067673893323,-121.92011033932715
37.3306699447369,-121.92010207182942
37.33066406437384,-121.92009491632874
37.33065727017584,-121.92008664883306
37.33065099245265,-121.92007900980985
37.33064419825297,-121.92007074231634
37.33063807924622,-121.92006309178558
37.33063135065556,-121.9200555198339
37.33062492684772,-121.92004810017023
37.33061835672963,-121.92004051151635
37.33061193292038,-121.92003309185473
37.33060496666132,-121.92002504565195
37.33059893899011,-121.92001808354321
37.33059197272949,-121.9200100373426
37.330585945056896,-121.92000307523573
37.33057897879471,-121.91999502903722
37.33057295112079,-121.91998806693223
37.330565984857024,-121.91998002073586
37.33055995718175,-121.91997305863273
37.330552990916416,-121.91996501243852
37.330546963239776,-121.91995805033723
37.330539996972874,-121.91995000414516
37.33053396929488,-121.91994304204574
37.330527149376984,-121.91993480501833
37.33052085940096,-121.91992718352385
37.33051405082837,-121.91991893365375
37.330507760850836,-121.91991131216135
37.33050095227656,-121.9199030622934
37.330494662297504,-121.91989544080302
37.33048785372155,-121.91988719093729
37.330481961041386,-121.91988005085267
37.33047515246378,-121.919871800989
37.33046886248171,-121.91986417950267
37.330462053902416,-121.91985592964116
37.33045576391884,-121.91984830815686
37.33044895533786,-121.91984005829751
37.33044266535276,-121.91983243681528
37.33043585677011,-121.91982418695811
37.330429964084146,-121.91981704688098
37.33042315549984,-121.91980879702591
37.33041686551173,-121.91980117554769
37.33041005692573,-121.91979292569478
37.33040376693612,-121.91978530421862
37.33039695834842,-121.91977705436787
37.33039066835728,-121.91976943289374
37.33038425706881,-121.91976166444766
37.33037796707618,-121.91975404297553
37.330371158485164,-121.91974579312902
37.33036486849103,-121.91973817165895
37.33035805989831,-121.91972992181461
37.33035176990265,-121.91972230034656
37.330344961308256,-121.91971405050445
37.33033867131108,-121.91970642903844
37.33033226001616,-121.91969866060029
37.33032597001748,-121.91969103913627
37.33031916141976,-121.91968278929838
37.33031287141957,-121.9196751678364
37.33030606282016,-121.91966691800067
37.33029977281845,-121.91965929654077
37.33029296421735,-121.9196510467072
37.33028707151551,-121.91964390665058
37.33028026291275,-121.9196356568191
37.33027397290805,-121.91962803536322
37.33026716430361,-121.9196197855339
37.33026087429739,-121.91961216408008
37.33025406569127,-121.91960391425295
37.33024777568353,-121.91959629280116
37.33024096707572,-121.91958804297619
37.33023507436809,-121.91958090292702
37.33022826575862,-121.91957265310414
37.33022197574789,-121.9195650316564
37.33021516713674,-121.91955678183568
37.33020887712448,-121.91954916038998
37.330202068511646,-121.91954091057141
37.33019577849788,-121.91953328912777
37.3301893671852,-121.91952552071139
37.330183077169934,-121.91951789926969
37.33017626855378,-121.91950964945542
37.330169978536986,-121.91950202801577
37.330163169919146,-121.91949377820367
37.330156879900834,-121.91948615676608
37.330150071281295,-121.91947790695613
37.33014378126149,-121.91947028552062
37.330137369942356,-121.91946251711212
37.33013107992106,-121.91945489567857
37.33012427129818,-121.9194466458729
37.33011798127535,-121.91943902444139
37.3301111726508,-121.91943077463787
37.330104882626465,-121.91942315320843
37.33009807400022,-121.91941490340706
37.33009218127668,-121.91940776337839
37.33008537264878,-121.91939951357911
37.33007908262145,-121.91939189215368
37.330072273991874,-121.9193836423566
37.330065983962996,-121.91937602093321
37.33005969393342,-121.91936839951084
37.33005288530134,-121.91936014971694
37.330046595270254,-121.91935252829663
37.33004018393908,-121.91934475990298
37.330033893906496,-121.91933713848464
37.330027085271105,-121.919328888695
37.33002079523699,-121.91932126727872
37.33001398659991,-121.91931301749125
37.33000769656428,-121.919305396077
37.330000887925515,-121.91929714629171
37.32999499519118,-121.91929000627701
37.32998818655076,-121.91928175649379
37.32998189651212,-121.91927413508358
37.32997509313548,-121.91926589074497
37.32996912861883,-121.91925784912023
37.32996276748381,-121.91924927275934
37.32995633770257,-121.91924060384893
37.329949976565736,-121.91923202749018
37.32994401204574,-121.91922398586944
37.32993804752493,-121.91921594424959
37.32993168638555,-121.91920736789399
37.32992525659971,-121.91919869898868
37.32991929207638,-121.91919065737177
37.32991293093436,-121.91918208101936
37.329906966409396,-121.9191740394044
37.32990100188363,-121.91916599779036
37.329894175475225,-121.91915679415389
37.32988821094774,-121.91914875254184
37.32988224641944,-121.91914071093069
37.32987588527225,-121.91913213458464
37.32986992074232,-121.91912409297547
37.329863094329134,-121.91911488934451
37.329857129797475,-121.91910684773734
37.329851165265026,-121.91909880613109
37.329844804113485,-121.91909022979033
37.3298388395794,-121.91908218818605
37.329832079225,-121.91907389761145
37.32982581799074,-121.91906623522453
37.32981904312483,-121.91905794426647
37.329812781889046,-121.91905028188161
37.32980600702141,-121.91904199092568
37.32979974578409,-121.91903432854285
37.32979297091478,-121.9190260375891
37.32978670967592,-121.9190183752083
37.3297799348049,-121.91901008425668
37.32977407099596,-121.91900290824641
37.329767296123265,-121.91899461729687
37.32976103488138,-121.9189869549201
37.329754260006986,-121.91897866397272
37.32974799876356,-121.91897100159797
37.32974122388745,-121.91896271065272
37.3297349626425,-121.91895504828003
37.329728187764715,-121.91894675733697
37.32972192651821,-121.9189390949663
37.3297151516387,-121.9189308040254
37.32970889039069,-121.91892314165676
37.329702115509484,-121.918914850718
37.32969585425992,-121.91890718835141
37.32968907937701,-121.91889889741482
37.329682818125924,-121.91889123505028
37.32967604324131,-121.91888294411581
37.329669781988684,-121.91887528175333
37.32966300710237,-121.91886699082104
37.329656745848204,-121.91885932846058
37.329649970960205,-121.91885103753046
37.329644107136616,-121.91884386153883
37.329637332246925,-121.91883557061077
37.32963107098973,-121.9188279082543
37.32962429609834,-121.9188196173284
37.32961803483961,-121.91881195497399
37.32961125994653,-121.91880366405023
37.329604998686264,-121.91879600169786
37.329598223791486,-121.91878771077627
37.32959196252968,-121.91878004842592
37.3295851876332,-121.91877175750648
37.329578926369855,-121.91876409515817
37.32957215147168,-121.91875580424092
37.329565890206794,-121.91874814189462
37.32955911530692,-121.91873985097955
37.32955285404051,-121.91873218863532
37.32954607913891,-121.91872389772233
37.32953981787099,-121.91871623538016
37.32953304296769,-121.91870794446935
37.32952678169821,-121.91870028212922
37.32952000679322,-121.91869199122057
37.32951414295496,-121.9186848152476
37.329507368048304,-121.91867652434101
37.3295011067758,-121.91866886200486
37.32949433186743,-121.91866057110045
37.3294880705934,-121.91865290876636
37.32948129804,-121.91864461508804
37.329474641363475,-121.9186364631711
37.329467868841064,-121.91862816938882
37.329461096317786,-121.91861987560773
37.32945483707934,-121.91861221040845
37.32944806455434,-121.91860391662946
37.32944180531436,-121.91859625143226
37.32943495873945,-121.9185880545451
37.32942810750408,-121.91857985788317
37.32942178120291,-121.91857228924252
37.32941492996587,-121.91856409258278
37.32940860366321,-121.91855652394419
37.32940175242454,-121.91854832728667
37.32939529827149,-121.91854060569483
37.329388971966566,-121.91853303705929
37.329382120725384,-121.91852484040497
37.32937526948331,-121.91851664375179
37.32936894317611,-121.91850907511936
37.329362091932374,-121.91850087846836
37.329355765623674,-121.91849330983798
37.329348914378286,-121.91848511318919
37.32934206313201,-121.9184769165415
37.32933573682102,-121.91846934791427
37.32932888557309,-121.91846115126876
37.32932203432429,-121.91845295462439
37.32931610509792,-121.91844586106387
37.329309253847484,-121.91843766442159
37.32930286647116,-121.91843018026852
37.32929594598648,-121.91842207292014
37.32928995748693,-121.91841505739411
37.32928303700066,-121.91840695004782
37.32927665191572,-121.91839946992586
37.32927012801188,-121.91839182717952
37.32926320752315,-121.91838371983651
37.329256822435994,-121.9183762397176
37.32925029852981,-121.91836859697432
37.32924391344122,-121.9183611168574
37.329236992949276,-121.91835300951874
37.329231004443464,-121.91834599400117
37.32922408394994,-121.91833788666464
37.32921769885845,-121.91833040655182
37.32921117494761,-121.91832276381452
37.3292047898547,-121.9183152837037
37.32919786935793,-121.91830717637147
37.32919188084797,-121.91830016085953
37.32918496034961,-121.91829205352946
37.329178039850405,-121.91828394620052
37.329172051338325,-121.91827693069139
37.32916513083753,-121.91826882336458
37.329158745739505,-121.91826134326095
37.32915222182168,-121.91825370053263
37.329145836722226,-121.918246220431
37.3291389162182,-121.91823811310852
37.32913292770196,-121.91823109760502
37.32912600719634,-121.91822299028468
37.32911962209401,-121.91821551018714
37.329113098171526,-121.9182078674648
37.329106713067745,-121.91820038736925
37.3290997925589,-121.91819228005323
37.32909326863407,-121.91818463733392
37.329086883528085,-121.91817715724147
37.329080359601726,-121.91816951452412
37.3290739744943,-121.91816203443366
37.32906705398141,-121.91815392712304
37.32906106545754,-121.91814691162985
37.32905414494306,-121.91813880432133
37.32904775983275,-121.91813132423499
37.32904123590174,-121.91812368152361
37.32903485078999,-121.91811620143926
37.329027930272275,-121.9181080941351
37.32902194174426,-121.91810107864751
37.32901502122496,-121.91809297134549
37.32900810070482,-121.9180848640446
37.32900211217468,-121.91807784855983
37.32899537343347,-121.91806952277884
37.32898914506915,-121.91806181461203
37.328982916704085,-121.9180541064462
37.32897618032038,-121.91804576956345
37.328969951953766,-121.91803806139964
37.328963215568336,-121.91802972451903
37.32895698720017,-121.91802201635726
37.32895025081302,-121.91801367947878
37.328944022443316,-121.91800597131903
37.32893728605443,-121.91799763444268
37.32893105768318,-121.91798992628499
37.328924321292575,-121.91798158941079
37.328918092919764,-121.91797388125511
37.32891135652744,-121.91796554438302
37.32890512815307,-121.91795783622939
37.328898899777975,-121.91795012807673
37.32889216338311,-121.91794179120784
37.328885935006454,-121.9179340830572
37.32887919860987,-121.91792574619045
37.32887297023168,-121.91791803804186
37.32886623383337,-121.91790970117722
37.32886000545361,-121.91790199303067
37.3288532690536,-121.91789365616819
37.32884704067228,-121.91788594802364
37.328840304270535,-121.9178776111633
37.32883407588768,-121.91786990302079
37.32882784750408,-121.91786219487925
37.32882111109981,-121.91785385802211
37.32881488271466,-121.9178461498826
37.328808043024,-121.91783794321275
37.3288011969601,-121.91782974003287
37.32879487505313,-121.91782216491707
37.32878802898756,-121.91781396173941
37.32878210419922,-121.9178068624677
37.32877525813202,-121.91779865929213
37.32876893622206,-121.91779108418037
37.3287620901532,-121.91778288100699
37.32875576824174,-121.91777530589728
37.32874892217122,-121.91776710272606
37.32874207609982,-121.91775889955599
37.32873615130643,-121.91775180029087
37.3287293052334,-121.91774359712291
37.32872298331819,-121.9177360220183
37.32871613724348,-121.9177278188525
37.328709815326775,-121.91772024375
37.32870296925039,-121.91771204058635
37.32869664733219,-121.91770446548588
37.32868980125416,-121.91769626232447
37.32868335229587,-121.91768853500496
37.3286770303754,-121.91768095990754
37.32867018429485,-121.91767275674933
37.328663862372885,-121.91766518165397
37.32865701629067,-121.91765697849794
37.3286506943672,-121.91764940340465
37.328643848283335,-121.91764120025081
37.3286379234792,-121.91763410099979
37.328631077393695,-121.91762589784807
37.328624231307316,-121.91761769469743
37.32861790938007,-121.91761011960925
37.328611063292044,-121.91760191646082
37.32860474136331,-121.91759434137471
37.328597895273596,-121.91758613822846
37.328591970464416,-121.91757903898403
37.32858512437306,-121.91757083583988
37.32857880244137,-121.9175632607578
37.328571956348355,-121.91755505761584
37.32856511025447,-121.917546854475
37.32855878832049,-121.91753927939607
37.328551942224934,-121.91753107625739
37.32854601741072,-121.91752397701958
37.32853917131354,-121.91751577388303
37.328532849376565,-121.9175081988081
37.328525839811434,-121.91750022309108
37.32851921525912,-121.91749270021337
37.32851274602017,-121.91748535371214
37.328506121466376,-121.91747783083642
37.32849910138643,-121.91746985880133
37.32849302767076,-121.91746296146353
37.32848600758928,-121.9174549894306
37.328479933872266,-121.91744809209467
37.32847291378925,-121.91744012006389
37.3284662892309,-121.91743259719425
37.32845981998635,-121.91742525070121
37.32845279990095,-121.91741727867375
37.32844617534034,-121.9174097558072
37.32843970609363,-121.91740240931729
37.328433081531536,-121.91739488645273
37.32842606144296,-121.91738691442964
37.32841998771986,-121.91738001710229
37.32841296762975,-121.91737204508138
37.328406343064614,-121.91736452222091
37.32839987381368,-121.91735717573715
37.32839324924704,-121.91734965287867
37.328386779994716,-121.91734230639695
37.3283801554266,-121.91733478354048
37.32837313533178,-121.91732681152612
37.328366666077336,-121.91731946504751
37.32836004150693,-121.91731194219412
37.328353021409754,-121.91730397018307
37.32834694767921,-121.91729707286615
37.32833992758048,-121.91728910085726
37.328333303007035,-121.91728157800794
37.32832683374835,-121.91727423153552
37.32832020917341,-121.91726670868817
37.32831373991334,-121.91725936221778
37.32830711533692,-121.91725183937244
37.32830009523348,-121.9172438673701
37.32829402149756,-121.91723697006074
37.328287001392574,-121.91722899806058
37.32827998128677,-121.91722102606157
37.328273907548805,-121.91721412875509
37.32826688744146,-121.91720615675824
37.3282602628597,-121.91719863392005
37.328253793593284,-121.91719128745892
37.32824716901003,-121.91718376462275
37.32824069974222,-121.91717641816366
37.32823407515749,-121.9171688953295
37.328227055045424,-121.91716092333918
37.32822098130207,-121.9171540260403
37.32821396118848,-121.91714605405217
37.32820733660069,-121.91713853122205
37.32820086732864,-121.9171311847691
37.328193847212674,-121.91712321278429
37.32818722262261,-121.91711568995728
37.32818075334844,-121.91710834350745
37.32817412875689,-121.91710082068245
37.32816765948134,-121.91709347423465
37.32816103488829,-121.91708595141166
37.32815401476762,-121.91707797943339
37.32814794101684,-121.91707108214489
37.328140999999995,-121.91706320000002
37.32813469797466,-121.9170553851936
37.32812796843715,-121.91704704025425
37.32812174591998,-121.91703932404567
37.328115016380764,-121.91703097910847
37.32810879386204,-121.91702326290194
37.3281020643211,-121.91701491796688
37.328095841800824,-121.91700720176233
37.32808911225816,-121.91699885682944
37.32808288973633,-121.9169911406269
37.328076160191934,-121.91698279569613
37.32806993766854,-121.91697507949564
37.32806320812242,-121.916966734567
37.328056985597485,-121.91695901836856
37.3280507630718,-121.91695130217107
37.328044033523135,-121.91694295724561
37.328037810995895,-121.91693524105015
37.32803108144552,-121.91692689612684
37.32802485891673,-121.9169191799334
37.328018129364615,-121.9169108350122
37.32801190683428,-121.91690311882081
37.32800517728044,-121.91689477390176
37.32799895474854,-121.91688705771239
37.327992225192986,-121.91687871279548
37.32798600265952,-121.91687099660813
37.327979273102244,-121.91686265169335
37.32797305056724,-121.91685493550803
37.32796682803148,-121.9168472193237
37.32796009847165,-121.91683887441208
37.32795387593436,-121.91683115822978
37.3279471463728,-121.9168228133203
37.32794092383395,-121.91681509714002
37.327934194270675,-121.9168067522327
37.32792797173025,-121.91679903605443
37.32792124216525,-121.91679069114925
37.32791501962329,-121.916782974973
37.32790829005656,-121.91677463006997
37.327902067513044,-121.91676691389573
37.3278953379446,-121.91675856899482
37.327889115399515,-121.91675085282263
37.327882892853694,-121.91674313665143
37.32787616328271,-121.91673479175371
37.32786994073535,-121.91672707558455
37.32786321116262,-121.91671873068893
37.3278569886137,-121.91671101452177
37.32785025903926,-121.9167026696283
37.32784403648878,-121.9166949534632
37.32783730691261,-121.91668660857187
37.327830937820586,-121.91667908323227
37.32782404509424,-121.91667093963764
37.32781715236704,-121.91666279604419
37.32781079081018,-121.91665528001779
37.32780429489761,-121.91664760525525
37.327797933339305,-121.91664008923084
37.32779104060885,-121.91663194564171
37.32778414787753,-121.9166238020537
37.32777778631697,-121.91661628603245
37.327771290400435,-121.91660861127492
37.32776492883842,-121.91660109525567
37.327758036103866,-121.91659295167199
37.32775114336843,-121.91658480808944
37.32774478180417,-121.91657729207331
37.32773828588367,-121.91656961732085
37.327731924317966,-121.91656210130671
37.327725031579284,-121.91655395772851
37.327718138839735,-121.91654581415139
37.32771177727177,-121.91653829814041
37.32770528134732,-121.91653062339299
37.32769891977791,-121.91652310738401
37.32769202703512,-121.91651496381122
37.32768513429146,-121.91650682023958
37.327678772719786,-121.91649930423374
37.32767227679137,-121.91649162949135
37.327665915218255,-121.91648411348753
37.32765902247136,-121.9164759699202
37.327652129723575,-121.91646782635401
37.327645768148216,-121.9164603103533
37.327639272215826,-121.91645263561595
37.32763291063902,-121.91644511961726
37.327626017887994,-121.9164369760554
37.3276191251361,-121.91642883249463
37.32761276355704,-121.9164213164991
37.327606267620716,-121.9164136417668
37.327599906040184,-121.91640612577324
37.32759301328505,-121.91639798221681
37.32758612052905,-121.9163898386615
37.32757975894627,-121.91638232267111
37.327573263005995,-121.91637464794385
37.32756690142177,-121.91636713195545
37.32756000866252,-121.91635898840447
37.3275531159024,-121.9163508448546
37.32754675431594,-121.91634332886937
37.32754025837169,-121.91633565414713
37.32753389678376,-121.91632813816386
37.3275270040204,-121.91631999461835
37.32752011125617,-121.91631185107396
37.327513749666,-121.91630433509384
37.327507253717776,-121.91629666037664
37.32750089212616,-121.91628914439853
37.32749399935869,-121.91628100085848
37.32748710659033,-121.91627285731953
37.327480744996464,-121.91626534134457
37.32747424904429,-121.91625766663242
37.32746788744898,-121.91625015065945
37.327460994677374,-121.9162420071248
37.32745410190492,-121.9162338635913
37.32744774030734,-121.91622634762149
37.32744092053925,-121.91621810394624
37.32743462405509,-121.9162104917907
37.3274278078664,-121.91620225133875
37.32742138895967,-121.91619449118402
37.32741509247324,-121.9161868790315
37.32740827628202,-121.91617863858276
37.32740197979406,-121.91617102643231
37.327395163601174,-121.91616278598573
37.32738886711171,-121.91615517383735
37.32738205091713,-121.91614693339295
37.327375234721664,-121.91613869294966
37.32736893822988,-121.91613108080438
37.327362122032746,-121.91612284036327
37.327355825539456,-121.91611522822005
37.32734900934062,-121.91610698778109
37.32734271284581,-121.91609937563992
37.3273358966453,-121.91609113520313
37.327329080443924,-121.91608289476751
37.327322783946805,-121.91607528262944
37.327315967743736,-121.91606704219596
37.327309671245104,-121.91605943005996
37.327302855040344,-121.91605118962865
37.327296955823655,-121.91604405778921
37.32729013961725,-121.91603581735998
37.327283323409965,-121.91602757693187
37.32727702690754,-121.91601996480094
37.327270210698586,-121.91601172437504
37.32726391419464,-121.91600411224616
37.327257097984,-121.91599587182242
37.327250281772464,-121.91598763139976
37.32724398526622,-121.91598001927399
37.32723716905299,-121.91597177885352
37.32723087254523,-121.91596416672981
37.327224056900356,-121.91595592599573
37.327217777071056,-121.91594828994016
37.3272109804265,-121.91594002545719
37.32720509796361,-121.91593287258904
37.32719830131741,-121.91592460810817
37.32719202148508,-121.9159169720566
37.32718574165205,-121.91590933600604
37.327178945003354,-121.91590107152838
37.32717266516879,-121.91589343547986
37.327166265886525,-121.91588565418925
37.32715998605048,-121.9158780181427
37.32715318939842,-121.91586975366927
37.327146909560845,-121.91586211762477
37.3271401129071,-121.91585385315351
37.32713383306801,-121.91584621711107
37.32712703641258,-121.91583795264195
37.3271211539403,-121.91583079978587
37.32711487409898,-121.91582316374638
37.32710807744109,-121.91581489928039
37.32710179759826,-121.91580726324297
37.32709500093868,-121.91579899877915
37.327088721094306,-121.91579136274376
37.32708232180158,-121.91578358146594
37.32707604195572,-121.91577594543251
37.327069245292805,-121.91576768097298
37.327062965445435,-121.91576004494156
37.32705668559732,-121.91575240891119
37.3270498889319,-121.91574414445485
37.32704400645101,-121.91573699160983
37.32703720978394,-121.91572872715558
37.32703092993281,-121.9157210911292
37.32702413326405,-121.91571282667712
37.32701785341142,-121.91570519065279
37.32701105674095,-121.91569692620284
37.32700477688678,-121.91568929018058
37.3269983775836,-121.91568150891557
37.32699209772793,-121.91567387289523
37.32698581787156,-121.91566623687592
37.32697902119695,-121.91565797243129
37.326972741339056,-121.91565033641403
37.32696594466275,-121.91564207197158
37.32696006217247,-121.91563491913855
37.32695326549452,-121.9156266546982
37.3269469856336,-121.91561901868492
37.32694018895394,-121.9156107542467
37.32693390909151,-121.91560311823551
37.32692762922835,-121.9155954822253
37.32692122991554,-121.91558770097201
37.32691495005089,-121.9155800649638
37.32690815336709,-121.91557180053084
37.326901873500915,-121.91556416452467
37.32689507681542,-121.9155559000939
37.32688879694772,-121.91554826408975
37.32688200026054,-121.91553999966115
37.326876117760875,-121.91553284684021
37.32686932107205,-121.9155245824137
37.32686304120133,-121.91551694641356
37.32685676132988,-121.91550931041444
37.32684996463856,-121.91550104599112
37.326843684765585,-121.91549340999403
37.32683728544232,-121.91548562875356
37.326831005567875,-121.91547799275844
37.3268242088732,-121.91546972833936
37.32681792899722,-121.9154620923463
37.32681113230083,-121.91545382792938
37.32680485242333,-121.91544619193837
37.32679896991506,-121.91543903912851
37.326792173216226,-121.91543077471475
37.32678589333653,-121.91542313872671
37.32677909401405,-121.91541487446942
37.32677220944854,-121.91540672033757
37.32676585481205,-121.91539919385964
37.32675897024489,-121.91539103972998
37.32675208567686,-121.91538288560146
37.326745731038116,-121.91537535912668
37.32673884646844,-121.91536720500036
37.32673196189789,-121.91535905087518
37.32672507732649,-121.91535089675114
37.3267187226847,-121.91534337028054
37.326711838111656,-121.9153352161587
37.32670495353773,-121.91532706203796
37.32669807218426,-121.91531890520987
37.32669176466522,-121.91531130903435
37.32668533274728,-121.91530356304655
37.32667902522676,-121.91529596687299
37.326672196083535,-121.91528774250914
37.3266658885615,-121.91528014633761
37.326659581038754,-121.91527255016715
37.326653149116865,-121.91526480418425
37.32664684159265,-121.91525720801576
37.32664001244532,-121.91524898365718
37.32663370491958,-121.91524138749072
37.326626875770586,-121.91523316313437
37.326620965467306,-121.91522604534731
37.32661413631666,-121.91521782099304
37.32660782878795,-121.9152102248306
37.3266009996356,-121.91520200047849
37.32659469210539,-121.91519440431814
37.32658826017552,-121.91518665834515
37.32658195264381,-121.91517906218677
37.32657512348818,-121.91517083783894
37.32656881595497,-121.91516324168259
37.32656198679765,-121.91515501733696
37.3265560764872,-121.9151478995592
37.32654924732825,-121.91513967521564
37.32654293979207,-121.91513207906335
37.32653611063143,-121.91512385472197
37.32652980309372,-121.91511625857171
37.32652389277975,-121.9151091407986
37.32651706361669,-121.91510091646036
37.3265107560768,-121.91509332031312
37.32650392691205,-121.91508509597706
37.326497619370656,-121.91507749983185
37.32649118742883,-121.91506975387367
37.32648487988596,-121.91506215773045
37.3264780507179,-121.91505393339865
37.32647174317352,-121.9150463372575
37.32646491400378,-121.91503811292787
37.32645900368263,-121.91503099516405
37.326452174511275,-121.91502277083654
37.3264458669639,-121.91501517469943
37.326439037790855,-121.91500695037409
37.326432730241976,-121.914999354239
37.326426298292155,-121.91499160829072
37.326419990741805,-121.91498401215762
37.32641316156545,-121.91497578783655
37.326406854013584,-121.91496819170551
37.32640002483555,-121.91495996738661
37.32639411450723,-121.91495284963209
37.326387806953186,-121.91494525350406
37.326380977772715,-121.91493702918828
37.32637467021714,-121.91492943306228
37.32636784103501,-121.91492120874875
37.32636193070315,-121.91491409099883
37.32635510151937,-121.91490586668736
37.32634879396082,-121.91489827056542
37.32634196477535,-121.9148900462561
37.32633565721531,-121.9148824501362
37.32632922525354,-121.9148747042027
37.32632291769201,-121.91486710808479
37.32631608850323,-121.91485888377976
37.32630978094019,-121.9148512876639
37.32630295174976,-121.91484306336103
37.32629704141072,-121.91483594562044
37.326290212218645,-121.9148277213197
37.32628390465261,-121.91482012520785
37.32627707545885,-121.91481190090929
37.326270767891316,-121.91480430479952
37.326264335921564,-121.9147965588759
37.326258028352555,-121.9147889627681
37.32625119915547,-121.9147807384738
37.32624489158495,-121.91477314236806
37.32623858401372,-121.91476554626333
37.32623215204001,-121.91475780034463
37.32622584446731,-121.91475020424187
37.32621901526612,-121.91474197995288
37.3262127076919,-121.91473438385218
37.326205878489034,-121.91472615956539
37.32619996813931,-121.91471904183872
37.32619313893481,-121.91471081755402
37.326186831357596,-121.91470322145733
37.32618000215142,-121.91469499717479
37.32617369457271,-121.91468740108019
37.32616726259103,-121.91467965517141
37.32616095501083,-121.91467205907878
37.32615412580134,-121.9146638348005
37.32614781821963,-121.91465623870992
37.32614098900847,-121.91464801443385
37.32613507865159,-121.91464089671648
37.32612824943877,-121.91463267244248
37.32612194185408,-121.91462507635595
37.32611511263961,-121.91461685208412
37.326108805053416,-121.91460925599965
37.32610289469299,-121.91460213828691
37.32609606547606,-121.91459391401823
37.32608975788768,-121.91458631793674
37.32608317369643,-121.91457819750171
37.326077690810656,-121.91456929366944
37.32607206943508,-121.91455993405022
37.326066811299036,-121.9145511792291
37.326061553162134,-121.91454242440881
37.32605593178363,-121.91453306479227
37.32605105608213,-121.91452494673291
37.326045434701705,-121.91451558711805
37.32604017656123,-121.91450683230119
37.32603491841992,-121.9144980774852
37.326029297036555,-121.91448871787303
37.32602403889343,-121.91447996305878
37.32601841750809,-121.91447060344838
37.326013159363164,-121.91446184863594
37.32600790121739,-121.91445309382432
37.326002279829105,-121.91444373421658
37.32599702168152,-121.91443497940675
37.3259917635331,-121.91442622459782
37.325986142141886,-121.91441686499272
37.325980883991654,-121.9144081101855
37.325975262598455,-121.91439875058221
37.32597000444642,-121.91438999577676
37.32596474629353,-121.91438124097223
37.3259591248974,-121.91437188137155
37.32595386674271,-121.91436312656874
37.32594824534459,-121.91435376696991
37.32594305662672,-121.91434498216913
37.32594106495873,-121.91433497954549
37.32593888592272,-121.91432403592118
37.32593689425287,-121.91431403329818
37.32593471521484,-121.9143030896746
37.32593272354311,-121.91429308705217
37.32593054450305,-121.91428214342932
37.325928552829474,-121.91427214080748
37.325926314788006,-121.91426090087779
37.32592432311252,-121.91425089825646
37.325922144068336,-121.91423995463491
37.325920234250056,-121.91422994004678
37.325918289870174,-121.91421792581151
37.325916345489,-121.9142059115765
37.32591440110659,-121.91419389734182
37.32591249649638,-121.91418212886549
37.32591064298022,-121.91417007534571
37.325909160456675,-121.9141589661371
37.32590770532404,-121.91414806218872
37.32590622279836,-121.91413695298039
37.32590476766367,-121.91412604903257
37.32590328513585,-121.9141149398245
37.3259018299991,-121.91410403587726
37.32590047726425,-121.91409389927733
37.325899022125526,-121.9140829953306
37.325897566985795,-121.91407209138423
37.32589608445275,-121.9140609821769
37.32589529502567,-121.91404897343853
37.325894671983725,-121.91403802953171
37.325893987201056,-121.91402600115232
37.325893359057574,-121.9140149676735
37.325892679372,-121.91400302886666
37.32589199458576,-121.91399100048747
37.32589136643901,-121.91397996700876
37.325891330040456,-121.91396800145192
37.32589136063996,-121.91395700158651
37.32589139402006,-121.9139450017333
37.325891427398965,-121.91393300188004
37.325891457995226,-121.91392200201457
37.325891491384034,-121.91390999776286
37.32589174568794,-121.91389898751223
37.32589211772757,-121.9138870057809
37.32589246028521,-121.91387597349795
37.32589280131944,-121.91386499024406
37.32589314235267,-121.91385400699002
37.3258935159101,-121.91384197622955
37.325893856941214,-121.91383099297536
37.325894197971294,-121.91382000972101
37.32589454052268,-121.91380897743831
37.32589491792967,-121.91379699426462
37.32589540252878,-121.91378602813026
37.32589589020553,-121.91377499232719
37.32589641885683,-121.91376302927115
37.32589690653145,-121.91375199346811
37.32589743518042,-121.91374003041179
37.32589792285289,-121.91372899460875
37.325898451499555,-121.91371703155208
37.32589893916987,-121.91370599574903
37.32589946781421,-121.91369403269206
37.325899955482384,-121.91368299688902
37.32590044007096,-121.91367203075318
37.32590097179044,-121.91365999802866
37.32590145637689,-121.91364903189252
37.32590198809402,-121.91363699916799
37.32590247267836,-121.91362603303152
37.32590300439314,-121.913614000307
37.32590348897535,-121.91360303417025
37.32590397663502,-121.91359199836724
37.32590450834633,-121.91357996564274
37.3259049929254,-121.9135689995056
37.32590552463437,-121.91355696678112
37.325906009211316,-121.91354600064369
37.325906540917956,-121.91353396791915
37.325907025492775,-121.91352300178146
37.32590751314495,-121.91351196597851
37.325908041769765,-121.91350000291888
37.32590852941979,-121.91348896711594
37.325909058042285,-121.91347700405598
37.32590954569017,-121.91346596825304
37.32591007431035,-121.91345400519275
37.325910561956086,-121.91344296938983
37.325911046522506,-121.91343200325096
37.32591157821753,-121.91341997052632
37.32591206278183,-121.91340900438712
37.32591259447451,-121.91339697166245
37.325913079036695,-121.91338600552298
37.32591361072703,-121.91337397279827
37.32591409528708,-121.9133630066585
37.32591467539047,-121.91335197296854
37.325915304520926,-121.91334002535856
37.32591588558861,-121.91332899047256
37.325916462289456,-121.91331803849639
37.32591704335507,-121.91330700361031
37.32591762441966,-121.91329596872431
37.325918253544486,-121.91328402111337
37.325918834606924,-121.9132729862273
37.325919411302614,-121.91326203425022
37.32591999236299,-121.91325099936405
37.325920573422344,-121.91323996447792
37.32592120254154,-121.91322801686606
37.32592178359873,-121.91321698197984
37.32592236028926,-121.91320603000194
37.3259229413444,-121.91319499511567
37.32592352239851,-121.9131839602294
37.325924151512076,-121.91317201261663
37.32592473256403,-121.9131609777303
37.32592530924939,-121.91315002575153
37.325925890299295,-121.91313899086511
37.32592646698263,-121.913128038886
37.3259271004561,-121.91311600836504
37.325927681502804,-121.91310497347861
37.325928258183,-121.91309402149896
37.325928839227664,-121.91308298661247
37.325929468331076,-121.91307103899793
37.325930049373596,-121.91306000411134
37.325930630415066,-121.91304896922477
37.32593120709011,-121.9130380172443
37.32593178812953,-121.91302698235768
37.32593241722731,-121.91301503474223
37.325932998264584,-121.91300399985549
37.325933579300816,-121.91299296496881
37.32593415597069,-121.91298201298751
37.32593473700488,-121.91297097810073
37.32593536609703,-121.91295903048436
37.32593594712905,-121.91294799559753
37.32593652816006,-121.91293696071074
37.32593710482477,-121.91292600872855
37.32593768585371,-121.9129149738417
37.32593831494024,-121.91290302622438
37.32593889596703,-121.91289199133743
37.325939472627596,-121.9128810393545
37.325940053652324,-121.91287000446748
37.32594063467603,-121.91285896958053
37.32594126375692,-121.91284702196225
37.32594184477846,-121.91283598707518
37.32594242143387,-121.91282503509142
37.32594300245338,-121.9128140002043
37.325943635894824,-121.91280196968228
37.3259442125471,-121.912791017698
37.3259447935634,-121.91277998281083
37.32594537021365,-121.91276903082623
37.32594595122791,-121.91275799593896
37.32594658466365,-121.91274596541673
37.32594716131075,-121.91273501343163
37.32594774232182,-121.91272397854434
37.325948318966915,-121.91271302655885
37.325948899975934,-121.9127019916715
37.325949533405954,-121.9126899611491
37.325950109826714,-121.91267900893261
37.32595067737148,-121.91266797375953
37.32595124074965,-121.91265701958095
37.32595185950842,-121.91264498857339
37.32595242288446,-121.91263403439444
37.32595299042504,-121.91262299922124
37.325953557964574,-121.91261196404808
37.32595417255325,-121.91260001403418
37.32595474009064,-121.91258897886097
37.32595530346152,-121.9125780246812
37.32595587099684,-121.91256698950791
37.325956485580996,-121.91255503949323
37.32595705311418,-121.91254400431988
37.32595762064632,-121.91253296914655
37.325958184012045,-121.91252201496596
37.32595880275706,-121.91250998395797
37.32595936612066,-121.91249902977702
37.3259599336486,-121.91248799460355
37.3259605011755,-121.91247695943017
37.325961115750594,-121.91246500941409
37.32596168327536,-121.91245397424062
37.32596224663379,-121.91244302005883
37.32596281415649,-121.91243198488529
37.32596342872707,-121.91242003486842
37.32596399624762,-121.91240899969483
37.32596456376714,-121.91239796452126
37.32596512712041,-121.91238701033866
37.32596574585166,-121.91237497933024
37.32596630920281,-121.91236402514728
37.32596687671813,-121.91235298997356
37.325967440067245,-121.91234203579025
37.325968058793926,-121.91233000478165
37.32596862630605,-121.91231896960792
37.325969189652035,-121.91230801542413
37.32596975716211,-121.91229698025036
37.32597037171911,-121.9122850302313
37.325970939227034,-121.91227399505745
37.325971506733914,-121.91226295988363
37.32597207007474,-121.91225200569905
37.325972688792234,-121.9122399746902
37.325973252130936,-121.9122290205052
37.325973819633624,-121.91221798533125
37.3259743829703,-121.91220703114593
37.325975479721926,-121.91219507043468
37.32597651415431,-121.9121839286663
37.32597762673148,-121.91217194519537
37.32597864771349,-121.91216094827605
37.325979668694465,-121.91214995135662
37.32598078126815,-121.9121379678851
37.32598180224698,-121.91212697096532
37.32598291481833,-121.91211498749337
37.325983935794994,-121.91210399057324
37.325985048364004,-121.91209200710094
37.32598606933852,-121.91208101018046
37.32598709031201,-121.9120700132598
37.32598820287755,-121.9120580297869
37.32598922384888,-121.91204703286594
37.32599033641208,-121.91203504939264
37.325991357381255,-121.91202405247132
37.325992469942115,-121.91201206899763
37.32599349090914,-121.91200107207595
37.32599452532286,-121.91198993030733
37.325995637880226,-121.91197794683319
37.32599665884403,-121.91196694991119
37.32599777139906,-121.91195496643667
37.32599879236073,-121.91194396951428
37.325999813321346,-121.91193297259177
37.3260009258729,-121.91192098911664
37.326001946831376,-121.9119099921938
37.32600305938059,-121.91189800871825
37.326004080336915,-121.91188701179506
37.32600449683145,-121.9118750264824
37.32600486871858,-121.91186399300237
37.32600523881132,-121.91185301272918
37.32600561069638,-121.91184197924927
37.32600601443164,-121.91183000076924
37.32600638452126,-121.91181902049568
37.32600675640314,-121.91180798701588
37.32600716013498,-121.91179600853545
37.32600753201472,-121.91178497505574
37.326007902100166,-121.9117739947818
37.32600830582858,-121.911762016301
37.32600867770516,-121.91175098282139
37.32600904778745,-121.91174000254712
37.32600945151244,-121.9117280240659
37.326009823385846,-121.9117169905864
37.326010193465,-121.91170601031176
37.326010598979764,-121.91169397862556
37.3260109690568,-121.91168299835073
37.32601133913281,-121.91167201807575
37.32601174464412,-121.9116599863896
37.32601211471802,-121.91164900611443
37.3260124847909,-121.91163802583907
37.326012890298756,-121.91162599415298
37.32601326036951,-121.91161501387747
37.32601363223235,-121.91160398039837
37.32601400230107,-121.91159300012264
37.32601440919612,-121.91158103636772
