39.45001698189976,-75.72201318170534
39.45002003077452,-75.72201369105973
39.4500109821328,-75.72201217936592
39.45000203147359,-75.72201068404175
39.4499929828318,-75.7220091723487
39.44998403217253,-75.7220076770253
39.44997498353066,-75.72200616533303
39.44996603287131,-75.7220046700104
39.44995698422936,-75.72200315831891
39.44994803356992,-75.72200166299704
39.4499389849279,-75.72200015130633
39.44993101789917,-75.72199882031319
39.449921969257076,-75.7219973086232
39.44991301859749,-75.72199581330283
39.44990396995532,-75.72199430161362
39.44989501929566,-75.72199280629403
39.44988597065341,-75.72199129460559
39.44987701999367,-75.72198979928673
39.44986797135135,-75.72198828759909
39.44985902069154,-75.721986792281
39.44984997204914,-75.72198528059413
39.44984102138926,-75.72198378527682
39.44983295637759,-75.72198243791821
39.44982400571763,-75.72198094260163
39.449814957075084,-75.72197943091625
39.449806006415045,-75.72197793560044
39.44979695777241,-75.72197642391583
39.4497880071123,-75.72197492860079
39.44977895846959,-75.72197341691697
39.449770007809406,-75.72197192160269
39.449760959166625,-75.72197040991963
39.44975200850635,-75.72196891460611
39.44974295986349,-75.72196740292384
39.44973499283402,-75.72196607193814
39.44972594419109,-75.7219645602566
39.44971699353067,-75.72196306494457
39.44970804287022,-75.72196156963294
39.44969899422717,-75.72196005795254
39.44969004356664,-75.72195856264166
39.44968099492351,-75.72195705096206
39.449672044262904,-75.72195555565196
39.449662995619704,-75.72195404397311
39.44965404495901,-75.72195254866377
39.44964499631574,-75.72195103698571
39.4496370292859,-75.72194970600373
39.44962798064253,-75.72194819432642
39.449619029981704,-75.72194669901855
39.44960998133828,-75.721945187342
39.44960103067737,-75.72194369203491
39.44959198203386,-75.72194218035915
39.44958303137287,-75.72194068505283
39.44957398272929,-75.72193917337783
39.44956503206822,-75.72193767807228
39.44955598342457,-75.72193616639807
39.449547032763434,-75.72193467109327
39.449538967750655,-75.72193332374596
39.44953001708944,-75.7219318284419
39.449520968445626,-75.72193031676919
39.449512017784336,-75.7219288214659
39.44950296914047,-75.72192730979395
39.44949401847909,-75.72192581449141
39.449484969835126,-75.72192430282027
39.44947601917368,-75.7219228075185
39.44946697052964,-75.7219212958481
39.449458019868125,-75.72191980054711
39.449448971224015,-75.7219182888775
39.44944100419342,-75.72191695790295
39.44943195554924,-75.72191544623408
39.449423004887564,-75.72191395093456
39.44942312708973,-75.7219020076545
39.44942352343727,-75.72189097129707
39.44942395346069,-75.72187899719698
39.449424347647735,-75.7218680209384
39.4494247798271,-75.72185598673931
39.44942520984693,-75.72184401263875
39.44942560618897,-75.72183297628145
39.44942603620644,-75.72182100218065
39.449426430388044,-75.72181002592139
39.4494268625614,-75.72179799172238
39.44942729257528,-75.7217860176211
39.44942768891181,-75.72177498126396
39.449428118923336,-75.72176300716242
39.44942851525767,-75.72175197080537
39.44942894526684,-75.72173999670358
39.449429375274775,-75.72172802260158
39.44942977160579,-75.7217169862446
39.44943020161137,-75.72170501214232
39.44943059794019,-75.72169397578544
39.44943102794341,-75.72168200168292
39.4494314579454,-75.72167002758019
39.44943185427091,-75.72165899122335
39.44943228427054,-75.72164701712036
39.449432680593866,-75.72163598076362
39.44943311059113,-75.72162400666038
39.44943354274522,-75.72161197246179
39.44943393690717,-75.72160099620025
39.44943436690086,-75.72158902209651
39.449434763218655,-75.72157798573994
39.449435193209986,-75.72156601163596
39.44943562535808,-75.72155397743747
39.44943601951458,-75.72154300117526
39.449436449502315,-75.72153102707078
39.44943684581461,-75.72151999071437
39.44943727579998,-75.72150801660966
39.44943770794206,-75.72149598241127
39.44943810209311,-75.72148500614838
39.449438534232804,-75.72147297195008
39.44943892838169,-75.72146199568692
39.44943935836113,-75.72145002158149
39.449439754665725,-75.72143898522533
39.449440184642796,-75.72142701111964
39.449440616776485,-75.72141497692142
39.44944101091993,-75.72140400065763
39.44944144089341,-75.72139202655144
39.449441837192495,-75.72138099019544
39.44944226716363,-75.72136901608901
39.4494426992913,-75.72135698189089
39.44944309342929,-75.72134600562643
39.449443525554585,-75.7213339714284
39.44944391969041,-75.72132299516369
39.44944434965558,-75.72131102105652
39.44944478177726,-75.7212989868585
39.4494451759098,-75.72128801059336
39.4494456,-75.72127619999999
39.44944651411922,-75.72126393924644
39.449447400532804,-75.72125205008176
39.44944829618143,-75.72124003703385
39.449449191828805,-75.72122802398579
39.44945008747493,-75.72121601093762
39.44945098311982,-75.72120399788935
39.44945187876344,-75.72119198484094
39.44945222749638,-75.72118001068928
39.44945256456872,-75.72116797954067
39.4494528723455,-75.721156994002
39.449453208100806,-75.72114500977784
39.449453545169526,-75.72113297862938
39.44945385294301,-75.72112199309042
39.44945418869473,-75.72111000886592
39.44945452575983,-75.72109797771765
39.44945486150908,-75.72108599349298
39.44945516927815,-75.72107500795354
39.449455506339625,-75.72106297680543
39.449455842085285,-75.72105099258043
39.449456149851066,-75.72104000704068
39.44945648559437,-75.72102802281536
39.449456822650994,-75.72101599166741
39.44945713041348,-75.72100500612736
39.449457466153184,-75.72099302190169
39.44945780320619,-75.7209809907539
39.44945811096538,-75.72097000521353
39.4494584467015,-75.72095802098754
39.449458783750885,-75.72094598983992
39.44945911948454,-75.72093400561374
39.44945942723931,-75.72092302007292
39.449459764285066,-75.72091098892548
39.44946010001514,-75.72089900469896
39.4494604077666,-75.72088801915785
39.449460744808746,-75.72087598801056
39.44946108053522,-75.7208640037837
39.44946138828341,-75.72085301824228
39.44946196385456,-75.72084099705415
39.4494625486475,-75.72082896321503
39.44946312949431,-75.72081701055367
39.44946371428477,-75.72080497671449
39.449464295129125,-75.7207930240527
39.44946487991709,-75.7207809902134
39.449465460758994,-75.7207690375512
39.44946604554447,-75.72075700371181
39.4494666303287,-75.72074496987246
39.44946721116692,-75.72073301720968
39.44946779594866,-75.72072098337026
39.449468283031855,-75.72070901929858
39.44946877232853,-75.72069698447622
39.449469218315265,-75.7206860148858
39.449469707609566,-75.72067398006345
39.44947019413813,-75.72066201323722
39.44947068342994,-75.72064997841488
39.44947112941226,-75.72063900882387
39.44947161870168,-75.72062697400155
39.449472105225425,-75.72061500717469
39.449472594512365,-75.72060297235235
39.449473040490275,-75.72059200276075
39.44947352977482,-75.72057996793848
39.44947401629376,-75.72056800111096
39.44947450281147,-75.7205560342832
39.4494749515493,-75.7205449966965
39.44947543806466,-75.72053302986843
39.44947592734311,-75.72052099504607
39.44947641385599,-75.72050902821768
39.44947686258935,-75.72049799063105
39.449477349099894,-75.72048602380232
39.44947783837346,-75.72047398898
39.44947832488153,-75.72046202215097
39.44947877361043,-75.72045098456442
39.44947926011615,-75.72043901773507
39.44947974938485,-75.72042698291278
39.44948023588811,-75.72041501608308
39.44948068461254,-75.72040397849663
39.449481077476264,-75.72039200422977
39.44948143492215,-75.72038102374415
39.449481826635946,-75.72036899053539
39.44948218407967,-75.7203580100496
39.44948257579111,-75.72034597684093
39.4494829657273,-75.72033399812892
39.44948332316772,-75.72032301764276
39.449483714875534,-75.72031098443418
39.449484072313794,-75.72030000394781
39.449484462245266,-75.72028802523522
39.449484821455314,-75.7202769902528
39.44948521138443,-75.72026501153998
39.44948557059229,-75.72025397655769
39.44948596051904,-75.72024199784465
39.449486317950814,-75.72023101735753
39.4494867096491,-75.72021898414924
39.449487067078714,-75.72020800366194
39.44948745700075,-75.72019602494832
39.44948781620206,-75.72018498996624
39.44948820612174,-75.7201730112524
39.44948856532087,-75.72016197627048
39.44948895523817,-75.72014999755642
39.4494893126613,-75.72013901706836
39.44948970435006,-75.72012698386035
39.44949006177102,-75.72011600337211
39.44949045168362,-75.72010402465745
39.4494908108762,-75.72009298967576
39.44949120078645,-75.72008101096088
39.44949155997683,-75.72006997597933
39.4494919498847,-75.72005799726423
39.44949233979135,-75.72004601854896
39.44949269897841,-75.7200349835675
39.4494930888827,-75.72002300485201
39.449493446293886,-75.72001202436262
39.449493837969506,-75.71999999115499
39.44949419537853,-75.71998901066542
39.44949458705177,-75.71997697745788
39.44949494445862,-75.71996599696811
39.449495334355824,-75.7199540182518
39.44949569353417,-75.71994298327071
39.44949608342901,-75.71993100455418
39.449496440831545,-75.71992002406385
39.44949683249764,-75.71990799085651
39.44949718989801,-75.719897010366
39.44949754833677,-75.71988497749132
39.449497874719654,-75.71987399375666
39.449498230772534,-75.7198620115005
39.44949855863191,-75.7198509780046
39.449498914682415,-75.71983899574825
39.44949924106099,-75.71982801201311
39.449499598587764,-75.71981597999597
39.44949992496416,-75.71980499626066
39.44950025133952,-75.7197940125252
39.44950060886278,-75.71978198050822
39.449500935235974,-75.71977099677258
39.44950129127829,-75.71975901451535
39.449501619127886,-75.71974798101994
39.449501975167834,-75.71973599876254
39.44950230153672,-75.71972501502643
39.449502659052825,-75.71971298300969
39.449502985419535,-75.71970199927343
39.44950334145477,-75.7196900170155
39.44950366929782,-75.7196789835204
39.44950402533068,-75.71966700126228
39.44950435169307,-75.71965601752551
39.449504679532886,-75.7196449840306
39.449505035562275,-75.71963300177212
39.44950536192146,-75.71962201803504
39.449505719426924,-75.71960998601872
39.449506045783956,-75.71959900228147
39.449506401808605,-75.71958702002246
39.449506729641875,-75.71957598652787
39.44950708566417,-75.71956400426869
39.44950741201688,-75.71955302053095
39.4495077695152,-75.71954098851491
39.44950809586573,-75.719530004777
39.449508601024164,-75.71951796854778
39.44950911617352,-75.7195070091582
39.4495096818453,-75.7194949749192
39.4495101969925,-75.71948401552929
39.449510762661895,-75.71947198129021
39.449511324638245,-75.71946002559173
39.44951184347395,-75.71944898766083
39.44951240544795,-75.71943703196196
39.44951292428146,-75.71942599403103
39.44951348994484,-75.7194139597919
39.44951400508444,-75.7194030004008
39.44951457074542,-75.71939096616161
39.449515132713486,-75.71937901046188
39.449515651541475,-75.71936797253095
39.44951621350718,-75.71935601683079
39.449516732332974,-75.71934497889984
39.44951729429633,-75.7193330231993
39.44951781311994,-75.71932198526832
39.44951837508094,-75.7193100295674
39.44951894073228,-75.71929799532796
39.44951945955256,-75.71928695739702
39.44952002150996,-75.71927500169559
39.44952054032804,-75.71926396376465
39.44952110228311,-75.71925200806284
39.44952162109899,-75.71924097013184
39.4495221830517,-75.71922901442964
39.449522748694655,-75.71921698019008
39.44952326381576,-75.71920602079605
39.449523829456325,-75.71919398655643
39.44952434457528,-75.71918302716203
39.449524910213455,-75.71917099292236
39.44952548608991,-75.71915994185002
39.44952628958433,-75.71914803276701
39.449527100653924,-75.71913601138917
39.44952791172226,-75.71912399001123
39.44952872278935,-75.71911196863323
39.44952945932146,-75.71910105197279
39.44953027038617,-75.71908903059447
39.449531081449635,-75.7190770092161
39.44953189251184,-75.71906498783764
39.449532636615785,-75.71905395888287
39.449533440099394,-75.71904204979742
39.44953425115798,-75.71903002841857
39.44953506221531,-75.71901800703967
39.44953580631477,-75.71900697808454
39.4495366173697,-75.71899495670549
39.44953742084729,-75.71898304761868
39.449538231899744,-75.7189710262393
39.44953897599472,-75.71895999728382
39.44953978704478,-75.71894797590431
39.44954059809358,-75.71893595452474
39.44954140156515,-75.71892404543657
39.44954214565565,-75.71891301648073
39.449542956700824,-75.71890099510078
39.44954376774474,-75.71888897372074
39.44954457878741,-75.71887695234065
39.44954538225296,-75.7188650432511
39.44954612633784,-75.71885401429483
39.44954693737687,-75.71884199291435
39.44954774841467,-75.7188299715338
39.4495485594512,-75.71881795015315
39.449549295955826,-75.71880703348653
39.44955010698999,-75.71879501210557
39.4495509180229,-75.71878299072456
39.4495517286913,-75.71877096966362
39.44955245665361,-75.71876005106067
39.44955325819287,-75.71874802886977
39.449553993552726,-75.7187369992791
39.44955479508958,-75.71872497708807
39.44955553044723,-75.71871394749732
39.449556324582076,-75.71870203629283
39.449557126115295,-75.71869001410143
39.449557861469614,-75.71867898451039
39.44955866300044,-75.71866696231888
39.44955939095303,-75.71865604371378
39.44956019248148,-75.71864402152197
39.449560927831406,-75.71863299193062
39.44956172935744,-75.71862096973868
39.44956253088224,-75.7186089475467
39.4495632588294,-75.71859802894038
39.44956406035182,-75.71858600674808
39.44956479569622,-75.71857497715634
39.449565597216235,-75.71856295496393
39.4495663251591,-75.71855203635667
39.449567126676726,-75.71854001416393
39.449567928193126,-75.71852799197116
39.44956866353198,-75.71851696237906
39.449569457646724,-75.71850505117003
39.44957019298341,-75.71849402157768
39.44957099449502,-75.71848199938448
39.44957179600537,-75.71846997719123
39.44957253133869,-75.71845894759873
39.44957332544753,-75.71844703638841
39.449574060778666,-75.71843600679567
39.449574862284244,-75.718423984602
39.449575597613176,-75.71841295500917
39.44957639171732,-75.71840104379778
39.44957719321927,-75.71838902160376
39.44957792854487,-75.71837799201064
39.449578730044436,-75.71836596981649
39.44957945796889,-75.71835505120507
39.449580259466046,-75.71834302901061
39.44958099478727,-75.71833199941717
39.44958179628203,-75.7183199772226
39.44958259777555,-75.71830795502794
39.449583325694576,-75.71829703641534
39.44958412718572,-75.71828501422038
39.4495848625014,-75.71827398462656
39.449585663990156,-75.7182619624315
39.44958639190486,-75.71825104381793
39.449587193391245,-75.71823902162257
39.44958799487635,-75.71822699942715
39.4495887301865,-75.71821596983295
39.44958953166922,-75.7182039476374
39.44959025957851,-75.71819302902261
39.44959106105885,-75.71818100682678
39.4495917963646,-75.71816997723225
39.44959259784254,-75.7181579550363
39.44959339192067,-75.7181460438191
39.44959412722309,-75.7181350142243
39.449594928697394,-75.71812299202797
39.44959566399762,-75.71811196243307
39.449596458071056,-75.7181000512148
39.449597193369094,-75.71808902161969
39.44959799483863,-75.71807699942292
39.4495987963069,-75.7180649772261
39.44959953160159,-75.71805394763085
39.44960032566911,-75.71804203641129
39.44960106096162,-75.71803100681578
39.44960186242511,-75.71801898461855
39.44960259771541,-75.71800795502294
39.44960339177824,-75.71799604380233
39.44960419323811,-75.71798402160475
39.449604928525076,-75.71797299200885
39.44960572998255,-75.71796096981113
39.44960645786913,-75.71795005119125
39.449607259324225,-75.71793802899323
39.4496079946068,-75.71792699939702
39.44960879605949,-75.7179149771989
39.449609597510936,-75.71790295500071
39.449610325392094,-75.71789203637962
39.44961112684115,-75.71788001418112
39.4496118621182,-75.71786898458451
39.449612663564864,-75.71785696238591
39.449613391441716,-75.71784604376386
39.44961419288601,-75.71783402156495
39.44961499432904,-75.71782199936598
39.44961572960055,-75.717810969769
39.44961653104117,-75.7177989475699
39.4496172589126,-75.71778802894667
39.44961806035086,-75.71777600674729
39.44961879561799,-75.71776497714997
39.44961959705385,-75.71775295495047
39.44962039109066,-75.71774104372403
39.44962112635445,-75.71773001412643
39.44962192778668,-75.71771799192656
39.44962266304827,-75.71770696232889
39.44962345708039,-75.71769505110139
39.44962425850899,-75.71768302890113
39.44962499376724,-75.71767199930316
39.449625795193434,-75.71765997710281
39.44962653044949,-75.71764894750477
39.4496273244757,-75.71763703627596
39.44962805972956,-75.71762600667768
39.449628861150984,-75.71761398447691
39.449629662571155,-75.71760196227606
39.44963039042416,-75.71759104364867
39.4496313806276,-75.7175790528383
39.44963229214847,-75.71756804055568
39.44963328550096,-75.71755603963283
39.449634197019634,-75.71754502734994
39.44963519036973,-75.71753302642678
39.449636101886206,-75.71752201414365
39.44963709523392,-75.71751001322018
39.44963800674819,-75.71749900093678
39.4496390000935,-75.71748700001298
39.44963999343756,-75.71747499908902
39.449640904948495,-75.71746398680523
39.44964189829016,-75.71745198588094
39.449642809798895,-75.71744097359687
39.449643803138166,-75.71742897267228
39.449644714644705,-75.71741796038795
39.44964570798158,-75.71740595946305
39.449646619485925,-75.71739494717848
39.44964761282041,-75.71738294625327
39.44964852432255,-75.71737193396841
39.44964951765464,-75.71735993304287
39.449650499626095,-75.71734806935588
39.449651411124904,-75.71733705707047
39.44965240445339,-75.7173250561443
39.44965331595001,-75.71731404385862
39.4496543092761,-75.71730204293213
39.449655220770524,-75.71729103064621
39.44965620000001,-75.7172792
39.449656992508224,-75.71726799911103
39.449657842812385,-75.7172559813479
39.44965869311528,-75.71724396358466
39.449659464926526,-75.7172330551687
39.44966031522706,-75.71722103740514
39.44966109536193,-75.71721001131573
39.44966194566007,-75.71719799355199
39.449662725792734,-75.71718696746242
39.44966357608847,-75.71717494969853
39.44966441805728,-75.71716304960673
39.449665198186615,-75.71715202351682
39.449666048478726,-75.71714000575248
39.449666828605864,-75.71712897966243
39.44966767889557,-75.71711696189791
39.449668520858474,-75.71710506180469
39.44966930098227,-75.7170940357143
39.44967015126836,-75.71708201794935
39.44967093138996,-75.71707099185882
39.44967178167364,-75.7170589740937
39.449672561793044,-75.71704794800304
39.44967340374892,-75.71703604790815
39.44967425402898,-75.7170240301426
39.44967503414505,-75.71701300405158
39.4496758844227,-75.71700098628584
39.44967666453657,-75.7169899601947
39.44967751481184,-75.7169779424288
39.449678356760565,-75.71696604233225
39.449679136871104,-75.71695501624073
39.449679987142744,-75.7169429984744
39.44968076725108,-75.71693197238277
39.449681617520305,-75.71691995461626
39.44968238930128,-75.71690904619312
39.44968323956814,-75.71689702842626
39.449684089833745,-75.71688501065933
39.44968486993655,-75.7168739845672
39.44968572019975,-75.71686196680008
39.44968650030035,-75.71685094070781
39.44968734223615,-75.71683904060818
39.44968819249574,-75.71682702284063
39.44968897259301,-75.71681599674801
39.449689822850196,-75.7168039789803
39.44969060294526,-75.71679295288754
39.44969144487514,-75.7167810527865
39.449692295128706,-75.71676903501833
39.449693075220445,-75.71675800892524
39.44969392547161,-75.71674599115691
39.449694705561136,-75.71673496506365
39.44969555580989,-75.71672294729515
39.449696327572475,-75.71671203886766
39.44969717781885,-75.71670002109882
39.44969801775704,-75.71668800132643
39.449698509391716,-75.71667696335226
39.44969904210176,-75.71666500314494
39.4496995781266,-75.71665296848678
39.44970006644192,-75.71664200496308
39.449700602464375,-75.7166299703049
39.4497011351696,-75.71661801009685
39.449701626797605,-75.71660697212268
39.44970215950048,-75.71659501191427
39.44970269551806,-75.71658297725602
39.44970322821847,-75.71657101704726
39.449703719842006,-75.71655997907307
39.44970425254006,-75.71654801886392
39.44970478855277,-75.71653598420562
39.44970527685712,-75.71652502068024
39.44970581286744,-75.71651298602191
39.44970634556068,-75.71650102581202
39.44970683717756,-75.71648998783782
39.44970736986845,-75.71647802762762
39.4497079058739,-75.71646599296919
39.44970839417167,-75.71645502944281
39.44970893017475,-75.71644299478439
39.44970946286082,-75.71643103457343
39.449709998861394,-75.71641899991495
39.44971048715475,-75.7164080363879
39.44971102315295,-75.71639600172941
39.449711559149904,-75.71638396707098
39.449712047439974,-75.7163730035435
39.44971258343453,-75.71636096888504
39.4497131161122,-75.71634900867288
39.44971360771462,-75.71633797069873
39.44971414038993,-75.71632601048623
39.44971467637962,-75.7163139758277
39.44971516466312,-75.71630301229922
39.44971570065042,-75.71629097764067
39.44971623332091,-75.71627901742742
39.44971676930574,-75.71626698276881
39.44971725758482,-75.71625601923968
39.44971779356725,-75.71624398458106
39.44971832623294,-75.71623202436707
39.449718817824234,-75.71622098639291
39.449719350487555,-75.71620902617857
39.449719886465125,-75.7161969915199
39.44972037473764,-75.71618602798972
39.44972091071281,-75.71617399333101
39.44972144337133,-75.71616203311595
39.44972193495596,-75.71615099514179
39.449722467612126,-75.71613903492636
39.44972300358243,-75.71612700026758
39.44972353955148,-75.71611496560885
39.44972402781629,-75.71610400207761
39.449724563782965,-75.71609196741886
39.44972509643308,-75.71608000720259
39.449725588009905,-75.71606896922852
39.4497262702653,-75.71605702602425
39.44972690385868,-75.71604599074243
39.44972759455043,-75.7160339609588
39.44972822264345,-75.71602302143856
39.44972891333281,-75.71601099165474
39.4497295469218,-75.7159999563728
39.449730232110674,-75.71598802235003
39.449730865697475,-75.71597698706796
39.44973155638205,-75.71596495728396
39.44973218446863,-75.71595401776248
39.44973287515082,-75.71594198797828
39.44973350873323,-75.7159309526961
39.449734193915056,-75.71591901867198
39.44973482749527,-75.71590798338964
39.44973551817269,-75.71589595360527
39.44973614625278,-75.71588501408253
39.44973683692781,-75.71587298429797
39.44973746500577,-75.71586204477478
39.44973815567841,-75.71585001499002
39.44973878925206,-75.71583897970744
39.44973947442448,-75.71582704568146
39.44974010799596,-75.71581601039871
39.44974079866381,-75.71580398061379
39.449741426735294,-75.71579304108934
39.449742117400795,-75.71578101130423
39.44974275096785,-75.71576997602135
39.44974343613322,-75.71575804199401
39.44974406969811,-75.71574700671103
39.44974476035881,-75.71573497692569
39.449745388423835,-75.71572403740004
39.449746079082146,-75.71571200761454
39.44974671264264,-75.7157009723314
39.44974739780095,-75.71568903830273
39.44974809085168,-75.71567700877839
39.44974872662247,-75.71566597358543
39.44974941415023,-75.71565404001639
39.44975004991882,-75.71564300482328
39.44975074298011,-75.71563097516608
39.44975137321066,-75.71562003606051
39.449752066269546,-75.71560800640312
39.449752759327204,-75.7155959767457
39.449753389554466,-75.7155850376395
39.44975408260973,-75.7155730079819
39.44975471837061,-75.71556197278854
39.44975540588774,-75.71555003921743
39.449756041646424,-75.71553900402392
39.44975673469691,-75.71552697436614
39.44975736491771,-75.71551603525866
39.44975805796581,-75.71550400560069
39.44975875101267,-75.7154919759427
39.44975938123019,-75.71548103683462
39.44976007427466,-75.71546900717644
39.44976071002562,-75.71545797198266
39.44976139753212,-75.71544603840951
39.44976203328089,-75.71543500321559
39.44976272632058,-75.71542297355721
39.44976341382351,-75.71541103998338
39.44976404956894,-75.71540000478932
39.44976474260499,-75.71538797513074
39.44976537281278,-75.71537703602075
39.44976606584645,-75.715365006362
39.449766701587485,-75.71535397116783
39.449767389083355,-75.71534203759263
39.4497680821134,-75.71533000793364
39.44976871785111,-75.71531897273933
39.4497694053434,-75.71530703916343
39.449770041078935,-75.71529600396894
39.44977073410417,-75.7152839743098
39.44977136430222,-75.71527303519794
39.44977205732509,-75.7152610055386
39.449772693056225,-75.71524997034398
39.44977338054147,-75.71523803676673
39.449774073560704,-75.71522600710719
39.4497747092885,-75.71521497191246
39.449775396770164,-75.71520303833451
39.44977603249578,-75.71519200313962
39.44977672551022,-75.71517997347988
39.44977735569853,-75.71516903436614
39.44977804871059,-75.71515700470623
39.44977874172142,-75.71514497504629
39.44977937190644,-75.7151340359319
39.44978006491487,-75.71512200627176
39.44978070063276,-75.7151109710766
39.4497813881038,-75.7150990374966
39.44978202381949,-75.71508800230131
39.44978271682314,-75.71507597264097
39.44978340429061,-75.7150640390603
39.44978404000297,-75.71505300386487
39.449784733003,-75.71504097420433
39.44978536317827,-75.71503003508808
39.4497860561759,-75.71501800542737
39.449786691883865,-75.71500697023178
39.449787379344286,-75.71499503664975
39.44978801505007,-75.71498400145403
39.449788708042924,-75.71497197179312
39.449789395499764,-75.71496003821039
39.4497900312022,-75.71494900301452
39.44979072419142,-75.71493697335343
39.44979135435696,-75.71492603423529
39.44979204734379,-75.71491400457398
39.44979268304185,-75.71490296937802
39.44979337049164,-75.71489103579391
39.44979406347484,-75.71487900613242
39.449794699169566,-75.7148679709363
39.44979538661577,-75.7148560373515
39.4497960223083,-75.71484500215523
39.44979671528672,-75.71483297249353
39.44979734544252,-75.71482203337352
39.44979803841856,-75.71481000371163
39.449798731393344,-75.71479797404976
39.44979936154586,-75.71478703492912
39.44980005451826,-75.71477500526703
39.44980069020306,-75.71476397007049
39.449801241486966,-75.71475201861428
39.44980179460369,-75.71473998416771
39.449802298390196,-75.71472902300037
39.44980285150453,-75.71471698855376
39.4498034010874,-75.7147050309163
39.44980390840083,-75.71469399293943
39.44980445798136,-75.71468203530159
39.449805011090824,-75.71467000085488
39.44980551840091,-75.71465896287808
39.44980606797784,-75.71464700523975
39.44980662108367,-75.71463497079306
39.44980712486031,-75.71462400962423
39.449807677963754,-75.71461197517749
39.44980822753588,-75.7146000175384
39.4498087348393,-75.71458897956154
39.44980928440908,-75.71457702192207
39.449809837507644,-75.71456498747521
39.44981034127773,-75.71455402630535
39.44981089437392,-75.71454199185845
39.44981144393887,-75.71453003421823
39.449811951235645,-75.7145189962413
39.449812500798245,-75.7145070386007
39.44981305388956,-75.71449500415372
39.44981356118299,-75.71448396617686
39.449814110742004,-75.71447200853575
39.449814663829684,-75.71445997408877
39.44981516758991,-75.71444901291743
39.449815720675204,-75.71443697847039
39.449816270229405,-75.71442502082853
39.44981677751617,-75.71441398285161
39.449817327068025,-75.71440202520938
39.449817880148444,-75.71438999076223
39.449818383902105,-75.71437902958985
39.44981893698014,-75.71436699514265
39.44981948652718,-75.71435503749966
39.44981999380728,-75.71434399952268
39.44982054688169,-75.71433196507553
39.44982109642514,-75.71432000743204
39.44982160370192,-75.71430896945512
39.449822153243005,-75.71429701181125
39.44982270631254,-75.714284977364
39.44982321005633,-75.71427401619009
39.44982376312348,-75.71426198174278
39.449824312659764,-75.71425002409815
39.44982481992989,-75.71423898612119
39.44982536946381,-75.71422702847617
39.44982592252608,-75.71421499402877
39.44982642626332,-75.71420403285381
39.449826979323205,-75.71419199840636
39.44982753238184,-75.71417996395895
39.44982803611578,-75.71416900278356
39.44982858917203,-75.71415696833611
39.44982913869756,-75.71414501068986
39.449829645957685,-75.71413397271292
39.44983019548086,-75.71412201506627
39.449830748532236,-75.7141099806187
39.44983125225961,-75.71409901944229
39.449831805308605,-75.7140869849947
39.449832354826974,-75.71407502734726
39.449832862080434,-75.71406398937027
39.449833411596444,-75.71405203172249
39.44983396464057,-75.71403999727478
39.449834468361374,-75.71402903609732
39.4498350214031,-75.71401700164957
39.44983557444359,-75.71400496720189
39.44983607816111,-75.71399400602397
39.44983663119921,-75.71398197157623
39.44983718070682,-75.7139700139272
39.44983768795029,-75.71395897595018
39.449838237455545,-75.71394701830077
39.449838790488776,-75.71393498385295
39.44983929419973,-75.71392402267398
39.449839847230564,-75.71391198822607
39.44984039673102,-75.71390003057591
39.449840903967825,-75.71388899259884
39.449841453465915,-75.7138770349483
39.449842006491885,-75.71386500050033
39.449842513725365,-75.7138539625233
39.44984306321986,-75.71384200487228
39.44984360738019,-75.71382997203042
39.44984407321526,-75.71381900521571
39.44984458441463,-75.71380697039451
39.449845092595936,-75.71379500659633
39.44984556144452,-75.71378396875834
39.449846069623476,-75.71377200495981
39.449846580817976,-75.71375997013858
39.449847046646475,-75.71374900332297
39.449847557838595,-75.71373696850172
39.44984802366492,-75.71372600168581
39.44984853485465,-75.71371396686459
39.44984904302643,-75.71370200306505
39.449849511866184,-75.71369096522713
39.449850020035605,-75.71367900142725
39.449850531220456,-75.71366696660603
39.44985099704022,-75.71365599978915
39.44985150822269,-75.71364396496791
39.449852016387304,-75.71363200116735
39.44985248220378,-75.71362103434996
39.449852993382635,-75.71360899952862
39.449853459196966,-75.7135980327109
39.44985397037343,-75.71358599788955
39.4498544785321,-75.71357403408807
39.44985494735967,-75.71356299625018
39.44985545551599,-75.71355103244836
39.44985596668758,-75.71353899762701
39.44985643249533,-75.71352803080838
39.44985694366455,-75.713515995987
39.449857451816044,-75.71350403218452
39.44985792063695,-75.7134929943467
39.4498584287861,-75.71348103054387
39.44985889760483,-75.71346999270608
39.449859405751624,-75.71345802890292
39.44985991691356,-75.71344599408152
39.44986038271258,-75.71343502726165
39.44986089387215,-75.71342299244026
39.449861402014115,-75.7134110286364
39.449861870826176,-75.71339999079866
39.4498623789658,-75.71338802699448
39.449862890120485,-75.71337599217308
39.44986335591293,-75.71336502535226
39.44986386706524,-75.71335299053085
39.44986433285552,-75.71334202370973
39.44986484400544,-75.71332998888832
39.44986535213789,-75.71331802508313
39.449865820941106,-75.71330698724549
39.44986632907119,-75.71329502343997
39.44986684021624,-75.71328298861853
39.449867305999945,-75.71327202179648
39.44986781714262,-75.71325998697505
39.44986832526789,-75.71324802316882
39.44986879406444,-75.71323698533125
39.44986930218736,-75.7132250215247
39.449869770981735,-75.71321398368714
39.44987027910229,-75.71320201988026
39.4498707902377,-75.71318998505882
39.44987125601268,-75.71317901823552
39.44987176714571,-75.71316698341407
39.449872275261455,-75.71315501960649
39.44987274404915,-75.71314398176901
39.44987325216255,-75.71313201796112
39.4498737632907,-75.71311998313965
39.4498742290591,-75.71310901631541
39.44987474018486,-75.71309698149393
39.449875205951095,-75.71308601466941
39.449875717074484,-75.71307397984793
39.44987622518069,-75.713062016039
39.44987669395955,-75.7130509782016
39.449877202063426,-75.71303901439236
39.44987771318193,-75.71302697957086
39.44987817894159,-75.71301601274541
39.44987869005772,-75.71300397792389
39.44987919815676,-75.71299201411398
39.449879666928965,-75.71298097627664
39.44988017502565,-75.71296901246639
39.449880643795666,-75.71295797462906
39.44988115189,-75.71294601081847
39.44988166299887,-75.71293397599693
39.449882128749785,-75.71292300917025
39.44988263985628,-75.71291097434872
39.4498831479458,-75.71289901053743
39.449883616709144,-75.71288797270019
39.449884124796306,-75.71287600888857
39.44988463589792,-75.71286397406702
39.449885101642266,-75.71285300723939
39.449885612741504,-75.71284097241785
39.44988607848369,-75.71283000558992
39.449886589580544,-75.71281797076836
39.44988709766052,-75.71280600695573
39.449887566415036,-75.71279496911858
39.449888074492655,-75.71278300530561
39.44988858558463,-75.71277097048403
39.44988905132025,-75.71276000365519
39.44988956240984,-75.71274796883361
39.44989007048265,-75.71273600501996
39.449890539230495,-75.71272496718287
39.44989104730096,-75.71271300336888
39.44989151604661,-75.71270196553179
39.44989202411471,-75.7126900017175
39.449892535197044,-75.7126779668959
39.449893000923936,-75.71266700006579
39.449893512003875,-75.7126549652442
39.449894020067156,-75.7126430014292
39.449894488806166,-75.71263196359219
39.44989488040919,-75.71261999348248
39.44989526966466,-75.71260801469629
39.4498956282489,-75.71259697974024
39.44989601750201,-75.71258500095382
39.44989640675391,-75.71257302216722
39.449896765334806,-75.71256198721129
39.44989715458434,-75.71255000842446
39.449897545600386,-75.71253797523642
39.44989790241023,-75.71252699468162
39.44989829165616,-75.7125150158944
39.4498986826686,-75.71250298270643
39.44989907191206,-75.71249100391897
39.449899428717494,-75.71248002336361
39.4498998197263,-75.71246799017574
39.44990020896618,-75.71245601138786
39.44990056753598,-75.71244497643244
39.4499009567735,-75.71243299764433
39.449901346009796,-75.71242101885605
39.44990170457628,-75.71240998390074
39.4499020938102,-75.7123980051122
39.449902483042905,-75.7123860263235
39.44990284160607,-75.71237499136832
39.44990323083641,-75.7123630125794
39.4499036218331,-75.71235097939191
39.449903978625365,-75.7123399988352
39.44990436785212,-75.71232802004587
39.449904758845186,-75.71231598685847
39.44990511563416,-75.71230500630136
39.44990550662485,-75.71229297311409
39.44990589584677,-75.71228099432432
39.44990628506746,-75.71226901553433
39.44990664361952,-75.71225798057964
39.44990703283786,-75.71224600178944
39.44990742205496,-75.71223402299904
39.44990778060369,-75.71222298804447
39.449908169818436,-75.71221100925386
39.44990856079939,-75.71219897606686
39.44990891757737,-75.7121879955086
39.44990930678853,-75.71217601671756
39.44990969776586,-75.71216398353066
39.449910054540545,-75.71215300297202
39.44991044374812,-75.71214102418058
39.44991083472182,-75.71212899099376
39.44991119149322,-75.71211801043471
39.449911582464544,-75.71210597724802
39.449911971667284,-75.71209399845611
39.44991232843539,-75.71208301789672
39.4499127194031,-75.71207098471008
39.44991310860225,-75.7120590059178
39.44991349780019,-75.71204702712528
39.44991385633115,-75.71203599217145
39.44991424552672,-75.71202401337875
39.44991463648832,-75.71201198019232
39.44991499324872,-75.71200099963212
39.44991538244069,-75.711989020839
39.44991577339866,-75.71197698765266
39.449916130155756,-75.71196600709209
39.449916521111355,-75.71195397390584
39.44991691029851,-75.71194199511227
39.44991726705232,-75.71193101455133
39.44991765800429,-75.71191898136516
39.44991804718785,-75.71190700257118
39.44991840393837,-75.71189602200985
39.44991879488673,-75.7118839888238
39.44991918406671,-75.71187201002938
39.44991954258105,-75.71186097507632
39.44991993175866,-75.7118489962817
39.44992032093504,-75.71183701748689
39.44992071187728,-75.71182498430102
39.449921068620085,-75.71181400373891
39.44992145779289,-75.71180202494368
39.44992184873151,-75.71178999175787
39.44992220547103,-75.71177901119539
39.44992259640727,-75.71176697800973
39.44992298557525,-75.71175499921405
39.44992334231147,-75.71174401865116
39.449923733244084,-75.71173198546559
39.44992412240847,-75.7117200066695
39.449924479141394,-75.71170902610623
39.4499248700704,-75.71169699292075
39.449925259231186,-75.71168501412424
39.44992561772777,-75.7116739791719
39.44992600688621,-75.7116620003752
39.44992639604341,-75.71165002157828
39.44992675453668,-75.71163898662606
39.44992714369152,-75.71162700782892
39.44992753461204,-75.71161497464375
39.449927923764406,-75.71160299584639
39.44992828048635,-75.71159201528195
39.449928671403214,-75.71157998209686
39.449929060552,-75.71156800329909
39.449929417270646,-75.71155702273427
39.44992980818391,-75.71154498954927
39.44993019732912,-75.71153301075107
39.449930555811264,-75.71152197579936
39.4499309449541,-75.71150999700096
39.449931334095716,-75.71149801820235
39.449931692574566,-75.71148698325077
39.449932081713804,-75.71147500445193
39.44993247085183,-75.7114630256529
39.44993282932735,-75.71145199070145
39.449933218463,-75.71144001190221
39.449933609364145,-75.7114279787176
39.44993396606962,-75.71141699815144
39.4499343552017,-75.71140501935179
39.44993474609922,-75.71139298616724
39.44993513522883,-75.71138100736738
39.44993549369655,-75.71136997241629
39.44993595327698,-75.71135799681926
39.44993639855438,-75.71134702713229
39.4499368870661,-75.71133499231186
39.44993737282087,-75.7113230253803
39.449937820850685,-75.7113119878042
39.44993830660308,-75.71130002087233
39.44993879510993,-75.71128798605191
39.44993924038075,-75.7112770163641
39.44993972888522,-75.7112649815437
39.449940214632804,-75.7112530146112
39.449940662655955,-75.71124197703523
39.44994114840118,-75.71123001010243
39.449941636900775,-75.71121797528207
39.44994208216502,-75.71120700559337
39.44994257066222,-75.71119497077302
39.44994305640264,-75.71118300383958
39.44994350441913,-75.71117196626372
39.44994399015719,-75.71115999932996
39.449944435416,-75.71114902964047
39.44994492390719,-75.71113699482008
39.44994540964166,-75.71112502788576
39.44994585765265,-75.71111399030993
39.449946343384774,-75.71110202337532
39.44994683187109,-75.71108998855495
39.44994727712331,-75.71107901886458
39.449947765607256,-75.71106698404425
39.44994825133455,-75.71105501710899
39.44994869933888,-75.71104397953329
39.44994918506382,-75.71103201259771
39.44994967354288,-75.7110199777774
39.44995011878854,-75.71100900808617
39.44995060726522,-75.71099697326588
39.44995105250871,-75.71098600357435
39.449951540983,-75.71097396875408
39.44995202670077,-75.71096200181756
39.449952474696246,-75.710950964242
39.44995296041166,-75.71093899730519
39.44995344612584,-75.7109270303681
39.44995389411799,-75.71091599279254
39.44995437982982,-75.71090402585514
39.44995486829562,-75.71089199103486
39.44995531352925,-75.71088102134196
39.44995580199267,-75.71086898652166
39.44995628769968,-75.71085701958363
39.44995673568517,-75.71084598200822
39.44995722138983,-75.71083401506986
39.44995770984837,-75.7108219802496
39.44995815507543,-75.71081101055586
39.44995864353159,-75.7107989757356
39.44995908875647,-75.71078800604154
39.449959577210244,-75.71077597122132
39.449960062907714,-75.71076400428204
39.44996051088438,-75.71075296670676
39.4499609965795,-75.71074099976717
39.44996148227339,-75.71072903282733
39.449961930246715,-75.71071799525205
39.44996241593825,-75.71070602831189
39.44996290438352,-75.71069399349163
39.449963349598555,-75.7106830237962
39.449963838041455,-75.71067098897598
39.449964323728175,-75.71065902203516
39.44996477169484,-75.71064798446001
39.449965257379205,-75.7106360175189
39.44996570534368,-75.7106249799438
39.44996619102568,-75.71061301300239
39.44996667946132,-75.7106009781822
39.449967124667616,-75.71059000848561
39.44996761310087,-75.71057797366544
39.44996809877805,-75.71056600672337
39.44996854673587,-75.71055496914842
39.4499690324107,-75.71054300220605
39.44996952083908,-75.7105309673859
39.44996996603881,-75.71051999768844
39.44997045171005,-75.71050803074552
39.449970940134804,-75.71049599592531
39.449971385331246,-75.71048502622733
39.449971873753626,-75.71047299140714
39.449972318947886,-75.71046202170888
39.44997280736789,-75.71044998688872
39.449973293031945,-75.71043801994483
39.4499737409776,-75.71042698237001
39.44997422663931,-75.71041501542582
39.44997471505444,-75.7104029806057
39.449975160242126,-75.71039201090656
39.44997564865487,-75.71037997608644
39.44997613431176,-75.71036800914162
39.44997658225074,-75.71035697156694
39.44997706790528,-75.71034500462179
39.449977556313144,-75.71033296980171
39.44997800149426,-75.71032200010171
39.449978487145216,-75.710310033156
39.449978975549456,-75.71029799833585
39.449979420727296,-75.71028702863534
39.44997990912915,-75.7102749938152
39.44998035430482,-75.71026402411441
39.4499808427043,-75.71025198929429
39.44998132834807,-75.71024002234765
39.449981776274896,-75.71022898477312
39.44998226191631,-75.71021701782615
39.449982750310916,-75.7102049830061
39.44998319548001,-75.7101940133044
39.449983683872226,-75.71018197848434
39.44998416950883,-75.71017001153676
39.44998461742899,-75.71015897396234
39.449985103063234,-75.71014700701444
39.44998559145057,-75.7101349721944
39.44998603661309,-75.71012400249184
39.44998652499805,-75.71011196767184
39.449986970158406,-75.71010099796901
39.44998745578671,-75.71008903102022
39.44998794416806,-75.71007699620016
39.449988389325135,-75.71006602649682
39.44998887770408,-75.71005399167676
39.44998936332757,-75.71004202472734
39.449989811235554,-75.7100309871531
39.44999029685668,-75.71001902020338
39.44999078523077,-75.71000698538334
39.449991230381265,-75.70999601567914
39.44999171875296,-75.70998398085914
39.44999220436927,-75.70997201390874
39.4499926522706,-75.70996097633464
39.44999313788456,-75.70994900938396
39.44999362625139,-75.70993697456399
39.44999407139531,-75.7099260048589
39.44999455975974,-75.70991397003894
39.449995004901496,-75.70990300033357
39.449995490509515,-75.70989103338204
39.449995978870334,-75.709878998562
39.4499964240088,-75.70986802885612
39.449996912367226,-75.70985599403612
39.449997397970435,-75.70984402708395
39.44999784585959,-75.70983298950998
39.449998331460435,-75.70982102255748
39.449998819814,-75.7098089877375
39.449999264945895,-75.70979801803077
39.449999753297064,-75.70978598321079
39.45000023889309,-75.70977401625765
39.45000068677559,-75.70976297868384
39.450001172369255,-75.70975101173038
39.45000162024957,-75.70973997415659
39.45000210584088,-75.70972800720286
39.450002594184795,-75.70971597238294
39.45000303930795,-75.70970500267504
39.45000352764948,-75.70969296785515
39.450004013235976,-75.70968100090076
39.450004458355856,-75.70967003119235
39.450004946693774,-75.70965799637239
39.45000543227668,-75.70964602941743
39.450005880146996,-75.70963499184376
39.45000636572755,-75.70962302488847
39.4500068540606,-75.70961099006855
39.4500072991739,-75.70960002035928
39.45000785248612,-75.70958798862046
39.45000835666187,-75.7095770275136
39.450008910206336,-75.70956499307316
39.45000946021384,-75.70955303550164
39.45000996792201,-75.70954199752546
39.45001052146285,-75.70952996308502
39.45001102563315,-75.70951900197738
39.450011579171594,-75.70950696753688
39.45001208333975,-75.70949600642889
39.450012636875805,-75.70948397198836
39.45001318687502,-75.70947201441564
39.450013694575475,-75.70946097643946
39.45001424457233,-75.70944901886635
39.4500147522706,-75.70943798089016
39.4500153022651,-75.70942602331667
39.45001585579391,-75.70941398887598
39.450016359953324,-75.7094030277666
39.45001691347975,-75.70939099332588
39.45001741763702,-75.70938003221617
39.450017971161046,-75.7093679977754
39.4500184788516,-75.70935695979922
39.450019184073945,-75.70934501839317
39.450019900719425,-75.70933299007966
39.450020558136536,-75.70932195584798
39.450021268861526,-75.70931002686523
39.450021926276456,-75.7092989926334
39.450022642917155,-75.70928696431965
39.450023353638585,-75.70927503533615
39.45002401105016,-75.70926400110415
39.45002472768724,-75.70925197279017
39.45002537917865,-75.70924103788798
39.45002609581334,-75.70922900957375
39.45002681244678,-75.70921698125953
39.45002746393491,-75.70920604635667
39.45002818056597,-75.70919401804223
39.45002883796983,-75.7091829838099
39.45002955459849,-75.70917095549542
39.45003026530805,-75.70915902650957
39.45003092270858,-75.70914799227705
39.4500316393336,-75.70913596396235
39.45003229081415,-75.70912502905799
39.450033007436794,-75.70911300074309
39.45003372405818,-75.70910097242815
39.45003437553545,-75.70909003752311
39.45003509215446,-75.70907800920796
39.45003574954726,-75.70906697497512
39.45003646024622,-75.7090550459871
39.45003711763683,-75.70904401175407
39.450037834251056,-75.70903198343868
39.45003855086403,-75.70901995512324
39.45003920233371,-75.70900902021674
39.450039918944306,-75.70899699190112
39.45004057632938,-75.70898595766789
39.45004128702005,-75.70897402867826
39.45004200362701,-75.7089620003624
39.45004266100875,-75.70895096612902
39.45004337169585,-75.70893903713866
39.45004402907541,-75.70892800290511
39.45004474567758,-75.70891597458899
39.45004545636111,-75.7089040455979
39.45004611373732,-75.7088930113642
39.45004683033587,-75.70888098304785
39.45004748770988,-75.70886994881413
39.45004819838871,-75.70885801982215
39.45004891498361,-75.70884599150553
39.45004957235429,-75.70883495727165
39.45005028302954,-75.70882302827894
39.450050940398036,-75.70881199404486
39.45005165698816,-75.70879996572803
39.450052308437236,-75.7087890308174
39.450053025024985,-75.70877700250036
39.45005374161149,-75.7087649741833
39.45005439305729,-75.70875403927197
39.450055109641404,-75.70874201095471
39.45005576700217,-75.7087309767203
39.450056477666806,-75.70871904772544
39.45005719424728,-75.70870701940792
39.45005785160471,-75.70869598517335
39.450058568182804,-75.7086839568558
39.45005921962101,-75.708673021943
39.45005993619671,-75.70866099362524
39.450060652771164,-75.70864896530745
39.4500613042061,-75.70863803039397
39.45006202077817,-75.708626002076
39.45006267812788,-75.70861496784106
39.45006338878064,-75.70860303884383
39.45006410534908,-75.70859101052561
39.45006476269545,-75.7085799762905
39.45006547334466,-75.70856804729256
39.45006613068883,-75.7085570130573
39.450066847252494,-75.70854498473882
39.45006756381488,-75.70853295642031
39.450068215238964,-75.7085220215047
39.45006893179899,-75.708509993186
39.45006958913763,-75.70849895895054
39.450070299778545,-75.70848702995097
39.450070957115,-75.70847599571536
39.450071673670244,-75.70846396739641
39.450072384307596,-75.7084520383961
39.45007304164071,-75.70844100416029
39.45007375819232,-75.70842897584112
39.450074409606664,-75.70841804092352
39.45007512615588,-75.70840601260412
39.45007584270385,-75.7083939842847
39.450076500031436,-75.70838295004873
39.45007721020028,-75.7083710199745
39.45007783547929,-75.70835998436628
39.450078517113816,-75.70834795411342
39.45007919339177,-75.70833601837717
39.45007981866746,-75.70832498276881
39.45008049494309,-75.70831304703206
39.45008112021658,-75.70830201142358
39.45008180184508,-75.70828998117035
39.45008247811711,-75.70827804543293
39.45008310338727,-75.70826700982433
39.450083785012154,-75.70825497957091
39.450084404924944,-75.70824403847766
39.45008508654743,-75.70823200822407
39.45008576816866,-75.70821997797049
39.45008638807819,-75.70820903687662
39.45008706969703,-75.70819700662287
39.45008769495947,-75.70818597101403
39.45008837122088,-75.7081740352746
39.45008905283609,-75.70816200502065
39.45008967809518,-75.70815096941169
39.45009035435302,-75.70813903367159
39.45009097960993,-75.70812799806248
39.450091661220355,-75.70811596780837
39.45009233747462,-75.70810403206758
39.450092962728185,-75.70809299645835
39.450093644334984,-75.70808096620405
39.45009426423148,-75.70807002510773
39.4500949458359,-75.70805799485325
39.45009562743906,-75.70804596459875
39.45009624733228,-75.70803502350181
39.45009692893306,-75.70802299324714
39.4500975541789,-75.7080119576377
39.45009823042253,-75.7080000218949
39.450098912019676,-75.70798799164007
39.45009953726218,-75.70797695603049
39.45010021350223,-75.70796502028702
39.45010083874256,-75.7079539846773
39.45010152033492,-75.7079419544223
39.45010219657138,-75.70793001867816
39.45010282180837,-75.70791898306832
39.45010349804249,-75.70790704732369
39.45010412327728,-75.70789601171371
39.450104804863635,-75.70788398145834
39.45010548109418,-75.70787204571302
39.45010610632564,-75.70786101010292
39.450106787908354,-75.70784897984736
39.45010740778312,-75.70783803874687
39.45010808936345,-75.70782600849115
39.45010877094253,-75.70781397823542
39.45010939081401,-75.70780303713431
39.45011007239071,-75.7077910068784
39.45011069761444,-75.70777997126808
39.45011137383435,-75.70776803552076
39.45011205540741,-75.70775600526466
39.45011268062781,-75.7077449696542
39.45011335684414,-75.70773303390622
39.45011398206236,-75.70772199829563
39.450114663630636,-75.70770996803935
39.450115339843386,-75.70769803229066
39.45011596505827,-75.70768699667998
39.45011664662292,-75.70767496642351
39.45011726648137,-75.70766402531996
39.45011794804363,-75.70765199506333
39.45011862960464,-75.7076399648067
39.45011924945982,-75.70762902370251
39.45011993101844,-75.70761699344571
39.45012055622559,-75.70760595783476
39.45012123242772,-75.70759402208408
39.4501219139827,-75.7075819918271
39.45012253918652,-75.70757095621603
39.45012321538506,-75.70755902046467
39.45012384058669,-75.70754798485348
39.4501245221369,-75.70753595459631
39.45012519833187,-75.70752401884428
39.45012582353016,-75.70751298323297
39.450126499722785,-75.7075010474804
39.450127124918886,-75.70749001186897
39.45012780646308,-75.70747798161145
39.45012848265213,-75.70746604585824
39.450129107844894,-75.70745501024665
39.45012978938544,-75.70744297998894
39.450130409222176,-75.70743203888124
39.45013109076035,-75.70742000862336
39.45013177229727,-75.70740797836548
39.45013239213072,-75.70739703725712
39.450133073665256,-75.70738500699908
39.450133698850294,-75.70737397138727
39.45013437502871,-75.70736203563204
39.45013505655962,-75.70735000537381
39.450135681741315,-75.70733896976186
39.45013635791616,-75.707327034006
39.450136983095675,-75.70731599839392
39.45013767137945,-75.7073039684592
39.45013829745392,-75.7072930285494
39.45013898590579,-75.70728099864725
39.45013967435641,-75.7072689687451
39.45014030042759,-75.70725802883464
39.45014098887582,-75.70724599893231
39.4501416204075,-75.70723496356732
39.45014230339071,-75.70722302911891
39.450142991835314,-75.70721099921636
39.45014362336365,-75.70719996385125
39.4501443063433,-75.70718802940213
39.450144937869446,-75.70717699403686
39.450145626309265,-75.70716496413415
39.450146309285316,-75.70715302968436
39.450146940808146,-75.70714199431895
39.45014762924432,-75.70712996441604
39.45014825530248,-75.7071190245031
39.45014894373628,-75.7071069946
39.45014963216884,-75.70709496469689
39.450150258223715,-75.70708402478333
39.450150946653885,-75.70707199488004
39.45015157816897,-75.70706095951438
39.450152261134406,-75.70704902506255
39.45015294956094,-75.70703699515909
39.45015358107268,-75.70702595979328
39.450154264034545,-75.70701402534077
39.45015489554411,-75.70700298997484
39.45015558396586,-75.70699096007117
39.45015626692414,-75.70697902561797
39.45015689843036,-75.70696799025191
39.450157586848476,-75.70695596034805
39.45015821289034,-75.70694502043199
39.45015890130607,-75.70693299052795
39.450159589720556,-75.70692096062389
39.450160215759134,-75.7069100207072
39.45016090417124,-75.70689799080297
39.450161535669736,-75.70688695543664
39.45016221861738,-75.7068750209814
39.450162907025856,-75.70686299107697
39.45016353852101,-75.70685195571053
39.45016422146508,-75.7068400212546
39.45016485295806,-75.70682898588801
39.45016554136175,-75.70681695598341
39.45016622430224,-75.70680502152678
39.450166855791885,-75.70679398616005
39.450167544191935,-75.70678195625524
39.45016817021748,-75.70677101633608
39.45016885861516,-75.70675898643108
39.45016954701157,-75.70674695652608
39.45017017303384,-75.70673601660629
39.45017086142788,-75.70672398670108
39.45017149290979,-75.7067129513341
39.450172175839654,-75.70670101687546
39.450172864230055,-75.70668898697008
39.45017349570863,-75.70667795160296
39.45017417863492,-75.70666601714363
39.450174810111314,-75.70665498177638
39.45017549303526,-75.70664304731655
39.450176181419636,-75.70663101741079
39.45017681289269,-75.70661998204339
39.45017749581306,-75.70660804758288
39.45017812728393,-75.70659701221534
39.45017881566353,-75.70658498230941
39.45017949858032,-75.70657304784821
39.45018013004785,-75.70656201248053
39.45018081842382,-75.70654998257439
39.450181444427635,-75.70653904265102
39.450182132801224,-75.70652701274469
39.450182821173556,-75.70651498283837
39.45018344717411,-75.70650404291433
39.45018413554405,-75.70649201300785
39.45018476700385,-75.70648097763993
39.450185449910016,-75.7064690431767
39.45018613827632,-75.70645701327
39.4501867697328,-75.70644597790194
39.45018745263538,-75.70643404343801
39.45018808408967,-75.7064230080698
39.4501887724512,-75.70641097816292
39.4501894553502,-75.70639904369831
39.45019008680115,-75.70638800832998
39.45019077515904,-75.70637597842291
39.450191401146576,-75.70636503849639
39.45019208950208,-75.70635300858912
39.45019277785635,-75.70634097868185
39.45019340384059,-75.7063300387547
39.45019409219248,-75.70631800884726
39.4501947236357,-75.70630697347868
39.45019540652407,-75.70629503901203
39.45019609487231,-75.7062830091044
39.4501967263122,-75.70627197373567
39.4501974096116,-75.70626004171527
39.45019807961028,-75.70624900810758
39.450198809957996,-75.70623698064598
39.45019954030445,-75.70622495318436
39.45020020415373,-75.7062140207911
39.45020093449781,-75.70620199332924
39.45020166484065,-75.70618996586737
39.45020232868665,-75.7061790334734
39.45020305902709,-75.7061670060113
39.45020378936628,-75.70615497854916
39.45020445320901,-75.7061440461545
39.45020518354582,-75.70613201869216
39.45020591388139,-75.70611999122976
39.45020658386672,-75.70610895762144
39.450207308054026,-75.70609703137181
39.45020803838595,-75.70608500390917
39.45020870836794,-75.70607397030068
39.45020943255169,-75.70606204405028
39.45021016287997,-75.70605001658738
39.45021083285863,-75.70603898297868
39.450211563184524,-75.70602695551574
39.45021228736346,-75.70601502926438
39.450212957338785,-75.7060039956555
39.45021368766105,-75.70599196819228
39.450214411836406,-75.70598004194018
39.450215081808395,-75.70596900833111
39.45021581212702,-75.70595698086764
39.45021654244441,-75.70594495340413
39.45021720626747,-75.70593402100553
39.45021793658246,-75.70592199354179
39.45021866689621,-75.70590996607804
39.4502193910632,-75.70589803982426
39.45022006102737,-75.70588700621477
39.45022079133747,-75.70587497875076
39.450221515500886,-75.70586305249621
39.450222185461726,-75.70585201888652
39.45022291576821,-75.70583999142225
39.45022364607344,-75.70582796395796
39.450224309885535,-75.70581703155709
39.45022504018839,-75.70580500409255
39.450225770489986,-75.705792976628
39.45022643429883,-75.70578204422647
39.45022716459804,-75.70577001676168
39.450227894896,-75.70575798929687
39.45022856484681,-75.70574695568676
39.45022928899716,-75.7057350294296
39.450230019291475,-75.70572300196451
39.45023068923896,-75.70571196835422
39.45023141338572,-75.7057000420963
39.45023214367642,-75.70568801463097
39.45023281362055,-75.70567698102047
39.45023354390886,-75.70566495355509
39.450234268050814,-75.70565302729624
39.450234937991624,-75.70564199368556
39.450235668276285,-75.70562996621992
39.45023639241467,-75.7056180399603
39.45023706235214,-75.70560700634942
39.450237792633175,-75.70559497888352
39.450238516767996,-75.70558305262317
39.45023918670213,-75.7055720190121
39.450239841038034,-75.70555998553466
39.45024043495069,-75.70554903957995
39.45024108776744,-75.70553700798672
39.45024168659112,-75.7055259714803
39.450242334492316,-75.7055140304382
39.450242987305415,-75.70550199884482
39.45024358612576,-75.70549096233832
39.45024423402337,-75.70547902129557
39.45024483284153,-75.70546798478898
39.45024548073678,-75.70545604374577
39.450246079552755,-75.70544500723908
39.45024673235869,-75.70543297564544
39.45024738025038,-75.70542103460159
39.45024797906301,-75.7054099980948
39.45024863186531,-75.70539796650102
39.45024922576279,-75.7053870205436
39.45024987856271,-75.70537498894967
39.45025047737094,-75.70536395244282
39.45025112525556,-75.70535201139774
39.45025177805185,-75.70533997980368
39.4502523719439,-75.70532903384523
39.4502530247378,-75.70531700225101
39.45025362354052,-75.70530596574399
39.450254271419205,-75.70529402469779
39.45025487021974,-75.70528298819066
39.45025552300885,-75.70527095659634
39.45025617088396,-75.7052590155495
39.450256769681154,-75.70524797904228
39.45025741755392,-75.70523603799498
39.45025801634892,-75.70522500148765
39.45025866913202,-75.70521296989305
39.45025926301216,-75.70520202393244
39.45025991579288,-75.7051899923377
39.45026056857235,-75.70517796074294
39.45026116244919,-75.70516701478178
39.45026181522628,-75.70515498318687
39.45026240910098,-75.70514403722528
39.450263061875674,-75.70513200563026
39.45026366066075,-75.70512096912267
39.45026430852054,-75.70510902807301
39.4502649612916,-75.70509699647783
39.450265560073355,-75.70508595997018
39.45026620792955,-75.7050740189199
39.45026680670911,-75.70506298241213
39.45026745456296,-75.70505104136139
39.45026805334033,-75.70504000485352
39.45026870610423,-75.70502797325805
39.450269353954496,-75.70501603220669
39.45026995272854,-75.70500499569874
39.4502706054888,-75.70499296410316
39.45027119934831,-75.70498201813881
39.45027185210619,-75.70496998654309
39.45027244596355,-75.70495904057832
39.450273098719045,-75.70494700898246
39.45027375147328,-75.7049349773866
39.45027434532736,-75.70492403142124
39.45027499807922,-75.70491199982523
39.450275596843355,-75.70490096331703
39.45027624468063,-75.70488902226329
39.45027684344256,-75.70487798575498
39.4502774912775,-75.7048660447008
39.45027814402334,-75.7048540131045
39.45027874278195,-75.7048429765961
39.4502793906133,-75.70483103554128
39.450279989369704,-75.70481999903276
39.45028064211076,-75.70480796743637
39.450281235952936,-75.70479702146885
39.450281888691606,-75.7047849898723
39.450282541429026,-75.70477295827575
39.45028313526792,-75.70476201230768
39.45028378800296,-75.70474998071099
39.450284381839694,-75.70473903474247
39.45028508541922,-75.70472700839858
39.45028573232753,-75.70471597368206
39.45028643179246,-75.70470404245441
39.45028713698718,-75.70469201346873
39.45028778389215,-75.70468097875207
39.450288483353496,-75.7046690475237
39.450289130256294,-75.70465801280687
39.45028983544622,-75.70464598382098
39.4502904823468,-75.70463494910418
39.45029118180345,-75.70462301787492
39.45029188698975,-75.70461098888883
39.450292533886994,-75.70459995417187
39.45029323334007,-75.7045880229419
39.45029388023512,-75.70457698822479
39.45029458541665,-75.70456495923847
39.45029522657874,-75.70455402227702
39.45029593175787,-75.70454199329052
39.45029657864854,-75.70453095857323
39.45029727809456,-75.70451902734189
39.45029798327006,-75.70450699835516
39.45029863015739,-75.7044959636377
39.450299329599844,-75.70448403240563
39.450299976484985,-75.70447299768804
39.45030068165571,-75.70446096870108
39.45030132280806,-75.70445003173772
39.45030202797639,-75.70443800275058
39.450302733143474,-75.70442597376338
39.450303374292545,-75.70441503679938
39.450304079457254,-75.704403007812
39.45030472633468,-75.70439197309409
39.450305425766494,-75.70438004185993
39.45030607264174,-75.70436900714188
39.45030677780166,-75.70435697815427
39.450307477229906,-75.7043450469194
39.4503081241018,-75.70433401220119
39.45030882925809,-75.70432198321338
39.45030947039742,-75.70431104624744
39.45031017555132,-75.70429901725943
39.450310822418835,-75.70428798254105
39.450311527570335,-75.70427595355301
39.45031216870536,-75.70426501658626
39.45031287385447,-75.70425298759803
39.450313579002355,-75.70424095860976
39.45031422013409,-75.70423002164236
39.45031492527958,-75.70421799265391
39.45031557213937,-75.70420695793524
39.45031627155228,-75.70419502669738
39.450316918409875,-75.70418399197855
39.450317623550575,-75.70417196298989
39.45031832295993,-75.70416003175133
39.45031896981418,-75.70414899703233
39.45031967495126,-75.70413696804344
39.45032031607326,-75.70412603107411
39.45032102120795,-75.704114002085
39.45032166805782,-75.70410296736588
39.45032236746011,-75.70409103612593
39.4503230143078,-75.70408000140664
39.4503237194377,-75.70406797241732
39.45032441883642,-75.70405604117664
39.45032506568077,-75.7040450064572
39.45032577080705,-75.70403297746765
39.45032641191931,-75.7040220404964
39.45032711704321,-75.70401001150668
39.45032776388316,-75.70399897678708
39.45032846327483,-75.703987045545
39.45032916839509,-75.70397501655506
39.45032981523171,-75.7039639818353
39.450330516558964,-75.70395196045864
39.45033105088192,-75.7039410041617
39.45033163775152,-75.70392897037127
39.45033217207233,-75.70391801407398
39.45033275893953,-75.70390598028347
39.45033329325819,-75.7038950239858
39.45033388012302,-75.70388299019521
39.4503344144395,-75.70387203389716
39.450335001301944,-75.70386000010649
39.450335539589155,-75.70384896234299
39.450336122476344,-75.70383701001731
39.45033670933513,-75.70382497622661
39.450337243646196,-75.70381401992769
39.45033783050261,-75.70380198613691
39.45033836481151,-75.70379102983763
39.45033895166554,-75.70377899604678
39.45033948597228,-75.70376803974712
39.45034007282393,-75.70375600595618
39.45034061110124,-75.70374496819254
39.450341193977785,-75.70373301586513
39.450341732252895,-75.70372197810144
39.45034231512709,-75.70371002577362
39.45034285340001,-75.7036989880099
39.45034343627185,-75.70368703568167
39.4503439745426,-75.7036759979179
39.45034456138469,-75.70366396412682
39.45034509568064,-75.70365300782545
39.45034568252036,-75.70364097403429
39.45034626538625,-75.70362902170513
39.450346803651456,-75.70361798394131
39.45034738651501,-75.70360603161171
39.45034792477804,-75.70359499384787
39.45034850763925,-75.70358304151787
39.450349045900076,-75.70357200375399
39.45034963273138,-75.7035599699626
39.45035016701757,-75.70354901365965
39.45035075384649,-75.7035369798682
39.45035128813053,-75.70352602356486
39.45035187495706,-75.70351398977333
39.45035240923894,-75.70350303346962
39.450352996063096,-75.70349099967801
39.45035353431516,-75.7034799619141
39.45035411716458,-75.70346800958225
39.45035465541447,-75.7034569718183
39.45035523826154,-75.70344501948604
39.45035577650924,-75.70343398172201
39.45035630338305,-75.70342202231532
39.45035683119559,-75.70340998758364
39.4503573120751,-75.70339902295456
39.45035783988526,-75.70338698822286
39.450358320762604,-75.70337602359346
39.45035884857038,-75.70336398886171
39.450359329445554,-75.70335302423203
39.45035985725095,-75.70334098950025
39.45036038183965,-75.70332902808568
39.45036086592698,-75.70331799013846
39.45036139051332,-75.70330602872353
39.450361874598464,-75.70329499077633
39.45036239918246,-75.70328302936105
39.45036288326541,-75.70327199141384
39.45036340784704,-75.70326002999822
39.450363935642784,-75.70324799526637
39.45036441650708,-75.70323703063505
39.45036494430045,-75.70322499590318
39.45036542516257,-75.70321403127156
39.45036595295356,-75.70320199653965
39.450366433813535,-75.7031910319077
39.45036696160213,-75.7031789971758
39.45036748617424,-75.70316703575872
39.450367970246155,-75.70315599781158
39.450368494815905,-75.70314403639418
39.450368978885635,-75.70313299844702
39.45036950345303,-75.70312103702928
39.45036998752057,-75.70310999908212
39.45037051530076,-75.70309796435023
39.450371039864564,-75.70308600293204
39.45037152392878,-75.70307496498498
39.450372048490216,-75.70306300356644
39.45037253255224,-75.7030519656194
39.45037305711133,-75.70304000420052
39.45037354117116,-75.70302896625347
39.450374065727885,-75.70301700483424
39.45037454978553,-75.70300596688719
39.45037507433991,-75.70299400546762
39.45037560210808,-75.70298197073559
39.450376082947386,-75.70297100610065
39.450376610713164,-75.70295897136863
39.450377091550315,-75.70294800673337
39.45037761931371,-75.70293597200128
39.45037810014871,-75.7029250073657
39.450378627909714,-75.70291297263363
39.450379152454566,-75.70290101121265
39.450379636501175,-75.70288997326564
39.45038016104367,-75.7028780118443
39.45038064508809,-75.7028669738973
39.45038116962823,-75.70285501247561
39.45038165367046,-75.70284397452863
39.450382178208244,-75.7028320131066
39.45038270595962,-75.70281997837442
39.450383186783725,-75.70280901373722
39.450383714532705,-75.70279697900503
39.450384195354644,-75.70278601436752
39.45038472310125,-75.7027739796353
39.450385203921016,-75.70276301499749
39.45038573166524,-75.70275098026525
39.450386256193504,-75.70273901884177
39.450386740224694,-75.70272798089482
39.450387264750596,-75.70271601947103
39.450387748779605,-75.70270498152408
39.450388273303155,-75.70269302009993
39.45038875732996,-75.70268198215298
39.45038928185116,-75.7026700207285
39.450389765875784,-75.70265898278157
39.45039029039463,-75.70264702135673
39.45039081555674,-75.70263498831092
39.45039123022674,-75.70262401459058
39.45039168498188,-75.70261198003584
39.450392137346746,-75.70260000870428
39.45039255440248,-75.70258897176058
39.45039300676498,-75.70257700042873
39.45039345912627,-75.70256502909668
39.45039391387531,-75.70255299454195
39.450394328537605,-75.70254202082062
39.45039478328425,-75.70252998626597
39.45039523564072,-75.70251801493332
39.45039569038487,-75.70250598037872
39.450396105042756,-75.70249500665687
39.45039655978454,-75.70248297210233
39.45039701213618,-75.7024710007691
39.450397426790765,-75.70246002704678
39.45039788152893,-75.70244799249224
39.45039833387698,-75.7024360211585
39.45039878861265,-75.70242398660396
39.45039920326282,-75.70241301288114
39.450399657996115,-75.70240097832666
39.450400110339345,-75.70238900699235
39.450400527375024,-75.70237797004914
39.450400979715894,-75.70236599871457
39.45040143205554,-75.70235402737977
39.45040188678272,-75.70234199282532
39.450402301425186,-75.70233101910149
39.450402756149984,-75.70231898454713
39.45040320848481,-75.70230701321174
39.450403625512706,-75.7022959762687
39.450404077845164,-75.70228400493305
39.45040453256509,-75.70227197037877
39.450404984895094,-75.7022599990428
39.450405399529856,-75.70224902531798
39.450405854246156,-75.70223699076368
39.45040630657259,-75.70222501942723
39.45040676128639,-75.70221298487297
39.45040717591673,-75.70220201114763
39.45040763062816,-75.70218997659344
39.45040808294977,-75.70217800525641
39.450408499965384,-75.70216696831369
39.45040895228462,-75.70215499697638
39.450409404602645,-75.70214302563883
39.45040985930796,-75.70213099108466
39.45041027393059,-75.70212001735833
39.450410728633535,-75.70210798280422
39.45041118094674,-75.7020960114661
39.450411597954556,-75.70208497452356
39.4504120502654,-75.70207300318516
39.4504125,-75.7020611
39.45041339349328,-75.70205005337866
39.45041436441733,-75.70203804943435
39.45041525533435,-75.70202703463686
39.450416226255996,-75.70201503069225
39.45041711717082,-75.70200401589454
39.450418008084604,-75.7019930010967
39.450418979002706,-75.70198099715168
39.450419869914285,-75.7019699823536
39.45042084083,-75.70195797840829
39.450421731739375,-75.70194696360997
39.4504226226477,-75.70193594881154
39.45042359355987,-75.70192394486581
39.45042447361323,-75.70191306424627
39.450425444523034,-75.70190106030007
39.45042633542699,-75.701890045501
39.450427226329886,-75.70187903070185
39.45042819723615,-75.7018670267552
39.45042908813684,-75.70185601195581
39.45043005904072,-75.70184400800889
39.45043094993922,-75.70183299320924
39.45043184083666,-75.70182197840951
39.45043281173698,-75.70180997446215
39.45043370263223,-75.70179895966216
39.45043467353016,-75.70178695571454
39.45043556442321,-75.70177594091429
39.45043644446279,-75.70176506029101
39.45043741535721,-75.7017530563428
39.45043830624702,-75.70174204154206
39.450439277139054,-75.70173003759353
39.45044016802667,-75.70171902279257
39.45044105891324,-75.70170800799148
39.45044121996493,-75.70169600384965
39.4504413347304,-75.70168500585814
39.4504414599279,-75.70167300804916
39.45044157487379,-75.70166199255998
39.450441700068936,-75.70164999475102
39.45044181483008,-75.70163899675946
39.45044194002285,-75.70162699895039
39.45044205478182,-75.70161600095868
39.450442179972235,-75.7016040031495
39.450442327539974,-75.70159203235015
39.45044297736777,-75.7015809977647
39.45044368574392,-75.701568968962
39.450444388336116,-75.70155703835458
39.45044503816058,-75.70154600376897
39.4504457465331,-75.70153397496605
39.45044644912171,-75.70152204435793
39.450447098942846,-75.70151100977218
39.45044780731173,-75.70149898096902
39.45044850989677,-75.70148705036019
39.45044915971457,-75.70147601577426
39.45044986807982,-75.70146398697088
39.45045057644382,-75.7014519581675
39.45045122047575,-75.70144102177525
39.45045192883737,-75.70142899297164
39.450452637197735,-75.70141696416803
39.450453281226395,-75.70140602777514
39.450453989584375,-75.7013939989713
39.450454697941105,-75.70138197016746
39.450455341966475,-75.70137103377391
39.45045605032082,-75.70135900496987
39.45045675867392,-75.7013469761658
39.450457402696024,-75.70133603977159
39.450458111046736,-75.70132401096734
39.450458819396204,-75.70131198216303
39.45045946341502,-75.70130104576816
39.45046017176211,-75.70128901696368
39.45046088010794,-75.70127698815918
39.45046152990571,-75.70126595357242
39.45046223246693,-75.70125402295893
39.45046294080913,-75.70124199415419
39.45046359060357,-75.70123095956728
39.4504647752005,-75.70121896257005
39.45046586576418,-75.70120797764926
39.45046705399053,-75.7011960089896
39.45046814455202,-75.70118502406837
39.45046923511248,-75.70117403914692
39.45047042333529,-75.70116207048652
39.450471530154765,-75.70115092176951
39.450472718375174,-75.70113895310877
39.450473808931214,-75.7011279681866
39.45047499714925,-75.70111599952533
39.45047608770311,-75.70110501460275
39.450477275918765,-75.70109304594098
39.450478366470435,-75.70108206101794
39.45047957094467,-75.70106992856165
39.450480661494126,-75.70105894363832
39.450481752042535,-75.7010479587148
39.45048294025225,-75.70103599005193
39.45048403079848,-75.70102500512797
39.450485219005806,-75.70101303646463
39.45048630954984,-75.70100205154021
39.4504874977548,-75.70099008287634
39.450488604557364,-75.70097893415873
39.4504897927599,-75.70096696549453
39.45049088329954,-75.70095598056939
39.45049207149969,-75.70094401190468
39.45049316203713,-75.70093302697911
39.45049425257352,-75.70092204205334
39.45049544077017,-75.70091007338787
39.45049654756487,-75.70089892466999
39.4504977357591,-75.70088695600418
39.450498826291096,-75.70087597107768
39.45050001448293,-75.70086400241138
39.450501105012734,-75.70085301748445
39.4505022932022,-75.70084104881765
39.45050338372982,-75.70083006389027
39.4505043120444,-75.70081804024633
39.450505159483704,-75.70080702056958
39.450506083068916,-75.7007950107139
39.45050700665288,-75.70078300085807
39.45050785408883,-75.700771981181
39.4505087776704,-75.70075997132493
39.45050962510416,-75.7007489516477
39.450510548683326,-75.70073694179138
39.45051146244027,-75.70072505964322
39.45051230987071,-75.70071403996552
39.45051323344626,-75.70070203010866
39.45051415702056,-75.70069002025163
39.45051500444763,-75.70067900057363
39.450515928019534,-75.70066699071639
39.45051677544442,-75.70065597103817
39.45051769901393,-75.70064396118069
39.45051862258218,-75.70063195132305
39.450519460182974,-75.70062105935139
39.45052038374886,-75.70060904949335
39.45052123116822,-75.70059802981447
39.4505221547317,-75.70058601995622
39.45052307829395,-75.7005740100978
39.45052392570996,-75.70056299041862
39.450524849269804,-75.70055098055995
39.4505257728284,-75.70053897070117
39.45052662024106,-75.7005279510217
39.45052754379725,-75.70051594116264
39.450528381387215,-75.70050504918821
39.45052930494104,-75.70049303932875
39.4505302,-75.7004814
39.450530992267645,-75.70046999909881
39.4505318275009,-75.7004579798957
39.450532593799785,-75.70044695265855
39.45053342099671,-75.70043504906587
39.45053425622635,-75.70042302986235
39.4505350225219,-75.70041200262484
39.45053585774914,-75.70039998342116
39.45053669297512,-75.7003879642174
39.45053745123351,-75.7003770525895
39.45053828645712,-75.70036503338541
39.450539052747125,-75.70035400614746
39.45053988796835,-75.7003419869432
39.45054072318829,-75.70032996773887
39.45054148947497,-75.70031894050072
39.45054231665884,-75.70030703690502
39.450543151875166,-75.70029501770027
39.4505439181585,-75.70028399046181
39.45054475337244,-75.7002719712569
39.45054551965357,-75.70026094401831
39.450546346831544,-75.70024904042123
39.45054718204184,-75.70023702121591
39.450547948319645,-75.70022599397697
39.45054878352755,-75.70021397477149
39.4505496187342,-75.70020195556593
39.4505503769752,-75.70019104393397
39.4505512,-75.7001792
39.45055182223624,-75.70016798346097
39.45055248451546,-75.70015604507891
39.450553096738474,-75.70014500900047
39.45055376415012,-75.7001329780568
39.45055437123616,-75.7001220345393
39.45055503864543,-75.70011000359551
39.450555650864054,-75.70009896751696
39.45055631313621,-75.70008702913361
39.45055692535265,-75.70007599305495
39.45055759275712,-75.700063962111
39.4505581998367,-75.70005301859234
39.4505588672388,-75.70004098764822
39.45055947431622,-75.70003004412912
39.450560086527226,-75.70001900805025
39.4505607539258,-75.700006977106
39.450561361000034,-75.69999603358632
39.45056202839623,-75.69998400264188
39.45056264060284,-75.69997296656295
39.45056330286211,-75.69996102817719
39.45056391506653,-75.69994999209813
39.450564582457936,-75.69993796115355
39.4505651895257,-75.69992701763269
39.45056585691472,-75.69991498668797
39.450566463980344,-75.69990404316665
39.450567131366974,-75.69989201222178
39.450567743564825,-75.69988097614252
39.45056840581469,-75.69986903775498
39.450569018010356,-75.69985800167561
39.4505696853922,-75.69984597073056
39.45057029245135,-75.69983502720808
39.45057095983082,-75.69982299626288
39.4505715720221,-75.69981196018341
39.45057217907805,-75.69980101666036
39.45057284645399,-75.69978898571502
39.45057345350779,-75.69977804219153
39.45057412088135,-75.69976601124603
39.45057473306719,-75.69975497516633
39.45057539530418,-75.69974303677643
39.45057600748783,-75.69973200069661
39.450576674856606,-75.69971996975096
39.45057728190394,-75.6997090262263
39.45057802893335,-75.699697003024
39.45057877838125,-75.69968497683723
39.45057945944224,-75.69967404801913
39.450580208887764,-75.69966202183211
39.45058095833203,-75.69964999564503
39.45058164586077,-75.69963896298692
39.45058238883165,-75.69962704063893
39.450583076358186,-75.69961600798061
39.45058382579768,-75.69960398179322
39.45058457523591,-75.69959195560581
39.45058525628821,-75.6995810267859
39.45058600572406,-75.69956900059825
39.45058675515865,-75.69955697441054
39.450587436207684,-75.69954604558993
39.450588185639894,-75.699534019402
39.450588935070876,-75.699521993214
39.4505896225874,-75.69951096055517
39.45059036554521,-75.69949903820445
39.450591114972546,-75.69948701201618
39.45059180248574,-75.69947597935713
39.45059255191068,-75.69946395316879
39.450593232950986,-75.69945302434641
39.45059398237355,-75.6994409981578
39.45059473179485,-75.69942897196918
39.45059541283189,-75.69941804314607
39.45059616225082,-75.69940601695721
39.45059691166849,-75.69939399076829
39.450597599172816,-75.69938295810877
39.450598342117544,-75.69937103575532
39.45059909153159,-75.69935900956612
39.45059977903257,-75.69934797690638
39.45060052844422,-75.69933595071711
39.45060127138416,-75.69932402836267
39.45060195888181,-75.69931299570271
39.45060270828982,-75.69930096951315
39.45060345122619,-75.69928904715792
39.4506041387205,-75.69927801449775
39.45060488812489,-75.6992659883079
39.450605575617,-75.69925495564767
39.45060631854867,-75.6992430332915
39.45060706794942,-75.69923100710137
39.45060775543819,-75.69921997444094
39.45060850483653,-75.69920794825074
39.45060924776341,-75.69919602589357
39.45060993524885,-75.69918499323293
39.45061068464358,-75.69917296704243
39.45061142756687,-75.69916104468447
39.450612115048976,-75.69915001202361
39.45061286444006,-75.69913798583285
39.450613613829894,-75.69912595964203
39.45061429483857,-75.69911503081303
39.45061504422602,-75.69910300462197
39.450615731702584,-75.69909197196084
39.450616474617625,-75.69908004960115
39.45061722400145,-75.69906802340981
39.45061791147467,-75.69905699074846
39.4506186608561,-75.69904496455706
39.450619403766325,-75.69903304219639
39.45062009123623,-75.6990220095348
39.450620840614015,-75.69900998334312
39.45062158999055,-75.69899795715138
39.450622270987246,-75.69898702831986
39.4506230203614,-75.6989750021279
39.4506237697343,-75.69896297593588
39.45062445072773,-75.69895204710365
39.450625200098244,-75.69894002091138
39.45062594946752,-75.69892799471909
39.4506266369274,-75.698916962057
39.45062737982457,-75.6989050396936
39.45062806728226,-75.69889400703133
39.45062881664674,-75.6988819808387
39.45062956600999,-75.69886995464606
39.4506302469947,-75.69885902581204
39.45063099635556,-75.69884699961914
39.450631745715164,-75.6988349734262
39.450632426696615,-75.69882404459148
39.450633176053834,-75.6988120183983
39.450633925335694,-75.6987999922198
39.450634610809885,-75.69878895944548
39.45063535158143,-75.69877703663556
39.450636037053435,-75.69876600386104
39.4506367842551,-75.69875397751898
39.450637463292466,-75.69874304827584
39.45063821049175,-75.69873102193355
39.450638895959365,-75.69871998915883
39.450639643156244,-75.69870796281644
39.450640383919534,-75.6986960400048
39.45064106938381,-75.69868500722986
39.45064181657706,-75.6986729808872
39.45064250203913,-75.69866194811222
39.45064324279772,-75.69865002529961
39.4506439282576,-75.69863899252442
39.45064467544607,-75.69862696618146
39.45064535447154,-75.69861603693587
39.45064610165764,-75.6986040105927
39.450646787113136,-75.6985929778173
39.45064753429683,-75.69858095147403
39.450648275047136,-75.6985690286597
39.4506489604993,-75.69855799588407
39.45064970767937,-75.69854596954052
39.45065038669725,-75.69853504029336
39.450651133874935,-75.69852301394957
39.4506518193227,-75.69851198117371
39.450652566497986,-75.69849995482986
39.450653245511575,-75.69848902558182
39.45065399268447,-75.69847699923773
39.45065473985612,-75.6984649728936
39.450655418866425,-75.69845404364486
39.45065616603569,-75.69844201730047
39.45065685147575,-75.6984309845242
39.45065759864261,-75.69841895817976
39.450658277648614,-75.69840802893012
39.450659024813106,-75.69839600258544
39.450659710248765,-75.69838496980891
39.450660450979065,-75.6983730469904
39.45066113641255,-75.69836201421369
39.450661883572245,-75.6983499878687
39.45066263073069,-75.69833796152366
39.450663309729116,-75.69832703227246
39.450664056885195,-75.69831500592718
39.45066474231313,-75.69830397315022
39.45066548303516,-75.69829205032997
39.45066616846091,-75.69828101755279
39.4506669156122,-75.69826899120721
39.450667601035754,-75.69825795843002
39.45066834175309,-75.69824603560882
39.45066908890075,-75.69823400926296
39.45066977432096,-75.69822297648554
39.45067051503472,-75.69821105366356
39.45067120045275,-75.69820002088596
39.45067194759562,-75.69818799453981
39.45067263301145,-75.69817696176216
39.45067337372051,-75.69816503893921
39.45067405913416,-75.69815400616139
39.450674806272254,-75.69814197981492
39.45067549168369,-75.69813094703704
39.45067623238805,-75.69811902421316
39.450676979522505,-75.69810699786639
39.450677664930616,-75.69809596508833
39.45067840563141,-75.69808404226363
39.45067909103733,-75.69807300948537
39.45067983816701,-75.69806098313832
39.450680523570725,-75.69804995036
39.45068126426682,-75.69803802753438
39.45068194966834,-75.69802699475588
39.45068269679325,-75.69801496840851
39.450683437485765,-75.69800304558213
39.45068412288396,-75.69799201280338
39.450684870005226,-75.69797998645575
39.45068555540122,-75.69796895367699
39.450686296089046,-75.69795703084964
39.450686981482846,-75.69794599807071
39.45068766943197,-75.69793396836408
39.45068835045712,-75.69792203353929
39.45068898016034,-75.69791099810132
39.45068966661435,-75.6978989680946
39.45069034763593,-75.6978870332691
39.45069103408746,-75.6978750032622
39.450691663786195,-75.6978639678241
39.45069234480418,-75.69785203299796
39.45069303125209,-75.69784000299083
39.450693660947486,-75.69782896755261
39.4506943419619,-75.69781703272577
39.450695028406166,-75.69780500271848
39.450695714849175,-75.69779297271116
39.45069633910906,-75.69778203245258
39.450697025549694,-75.6977700024451
39.45069771198908,-75.69775797243759
39.45069833624568,-75.6977470321784
39.450699022682684,-75.6977350021707
39.450699709118425,-75.69772297216302
39.45070033337175,-75.6977120319032
39.45070101980511,-75.69770000189531
39.450701706237226,-75.69768797188743
39.45070238723722,-75.69767603705783
39.450703016917004,-75.69766500161892
39.450703703345475,-75.69765297161086
39.450704384341904,-75.69764103678057
39.45070501401833,-75.69763000134152
39.45070570044318,-75.69761797133327
39.45070638143603,-75.69760603650228
39.45070706785839,-75.69759400649383
39.450707697530355,-75.69758297105466
39.45070837851961,-75.697571036223
39.45070906493833,-75.69755900621436
39.45070969460696,-75.69754797077505
39.45071037559264,-75.69753603594272
39.450711062007734,-75.69752400593389
39.45071174842157,-75.69751197592504
39.45071237265513,-75.69750103566142
39.45071305906659,-75.6974890056524
39.45071374547679,-75.69747697564337
39.450714369707065,-75.69746603537912
39.450715056114895,-75.6974540053699
39.45071574252146,-75.69744197536069
39.450716366748466,-75.6974310350958
39.450717053152644,-75.6974190050864
39.450717739555586,-75.697406975077
39.450718424569054,-75.69739504998272
39.45071919856808,-75.69738402337654
39.45072004218438,-75.69737200496617
39.45072088579943,-75.69735998655571
39.4507216597951,-75.69734895994935
39.45072249521198,-75.69733705829879
39.450723338823394,-75.6973250398879
39.45072411281575,-75.69731401328119
39.45072495642476,-75.69730199487013
39.45072580003252,-75.69728997645898
39.45072657402153,-75.69727894985208
39.450727409431266,-75.69726704819983
39.45072825303541,-75.69725502978827
39.450729027021076,-75.69724400318101
39.45072987062282,-75.69723198476927
39.450730714223305,-75.69721996635745
39.450731488205626,-75.69720893975
39.45073232360823,-75.69719703809609
39.450733167205094,-75.69718501968384
39.450733941184076,-75.69717399307604
39.45073478477855,-75.69716197466363
39.45073562837176,-75.6971499562511
39.450736394152,-75.6971390464004
39.45073723774286,-75.69712702798755
39.450738081332446,-75.69711500957459
39.45073885530475,-75.69710398296624
39.450739698891944,-75.69709196455314
39.450740542477874,-75.69707994613995
39.450741308251594,-75.6970690362877
39.45074215183516,-75.69705701787417
39.45074299541748,-75.69704499946054
39.450743769383095,-75.69703397285166
39.45074461296301,-75.69702195443786
39.45074544834655,-75.69701005277946
39.450746222308844,-75.6969990261702
39.45074706588514,-75.69698700775598
39.45074790946017,-75.69697498934168
39.45074868341911,-75.69696396273223
39.45074952699174,-75.69695194431776
39.450750362368154,-75.69694004265769
39.45075113632377,-75.69692901604789
39.45075197989277,-75.696916997633
39.45075282346054,-75.696904979218
39.4507535974128,-75.69689395260802
39.45075443278329,-75.69688205094654
39.45075527634742,-75.69687003253112
39.45075605029635,-75.6968590059208
39.45075689385809,-75.69684698750521
39.450758064195924,-75.69683501054251
39.450759140076364,-75.69682402300391
39.45076031232417,-75.69681205129105
39.45076148457075,-75.69680007957794
39.45076257627377,-75.69678893041421
39.45076374851792,-75.6967769587008
39.45076492076085,-75.6967649869871
39.45076599663458,-75.69675399944732
39.450767168875124,-75.69674202773314
39.45076834111442,-75.6967300560187
39.450769416984826,-75.69671906847826
39.450770605047445,-75.69670693514
39.45077177728309,-75.69669496342496
39.450772853150134,-75.69668397588403
39.450774025383396,-75.69667200416852
39.450775101248254,-75.69666101662715
39.45077627347914,-75.69664904491113
39.45077744570877,-75.69663707319485
39.45077853739578,-75.69662592403063
39.450779709623006,-75.69661395231401
39.450780881848985,-75.69660198059715
39.45078195770716,-75.69659099305466
39.45078312993077,-75.69657902133729
39.45078430215313,-75.69656704961966
39.45078537800797,-75.69655606207651
39.450786566053196,-75.6965439287373
39.4507877382719,-75.69653195701908
39.45078881412339,-75.69652096947543
39.45078998633971,-75.69650899775672
39.450791158554786,-75.69649702603775
39.450792234402954,-75.69648603849343
39.45079340661564,-75.69647406677397
39.45079449828664,-75.69646291760925
39.45079567049693,-75.69645094588948
39.45079684270596,-75.69643897416944
39.45079791854858,-75.69642798662419
39.450799090755254,-75.69641601490365
39.45080026296066,-75.69640404318285
39.450801338799955,-75.69639305563697
39.450802511003,-75.69638108391567
39.45080369902954,-75.69636895057542
39.450804774865475,-75.69635796302903
39.45080594706486,-75.69634599130715
39.450807119263004,-75.696334019585
39.450808195095604,-75.69632303203797
39.450809367291356,-75.69631106031532
39.450810539485886,-75.69629908859243
39.450811631139686,-75.69628793942715
39.45081280333181,-75.69627596770391
39.450813879158844,-75.69626498015596
39.45081505134856,-75.69625300843224
39.45081622353705,-75.69624103670827
39.45081729936077,-75.69623004915965
39.450818697078425,-75.69621793954825
39.450820115015524,-75.69620602295277
39.450821416722995,-75.69619508316212
39.45082285785246,-75.69618297163277
39.450824275785926,-75.69617105503633
39.45082560068474,-75.69615992031201
39.450827018615804,-75.696148003715
39.45082843654564,-75.6961360871176
39.45082976144101,-75.6961249523929
39.45083117936845,-75.69611303579494
39.45083262048913,-75.69610092426453
39.450833922186575,-75.69608998447151
39.45083534011039,-75.69607806787256
39.45083666500003,-75.69606693314734
39.45083808292146,-75.69605501654782
39.45083950084166,-75.69604309994791
39.45084082572784,-75.6960319652223
39.45084224364563,-75.69602004862183
39.45084368475637,-75.69600793709017
39.45084498644494,-75.69599699729497
39.450846404359126,-75.69598508069353
39.45084784546611,-75.69597296916137
39.45084914715137,-75.69596202936533
39.45085062075888,-75.69594991160083
39.450852132966666,-75.69593903099383
39.45085367655278,-75.6959279246062
39.450855323379024,-75.69591607537782
39.45085686696286,-75.69590496898981
39.450858379166384,-75.69589408838144
39.450859922748045,-75.69588298199302
39.45086143494948,-75.69587210138401
39.45086311314905,-75.69586002637432
39.45086465672733,-75.6958489199854
39.45086616892552,-75.6958380393754
39.450867712501626,-75.69582693298611
39.45086922469774,-75.69581605237545
39.45087090289128,-75.69580397736465
39.45087241508521,-75.69579309675329
39.45087395865687,-75.69578199036323
39.45087550100729,-75.69577089218139
39.450877032207885,-75.69575900695924
39.45087846514742,-75.69574788443323
39.45087999634564,-75.69573599921038
39.45088155462568,-75.69572390376715
39.4508830858214,-75.69571201854357
39.4508845187563,-75.69570089601696
39.45088604994964,-75.69568901079268
39.45088760822465,-75.69567691534866
39.45088901407322,-75.69566600304081
39.45089057234576,-75.69565390759641
39.450892103534244,-75.69564202237072
39.45089353646221,-75.69563089984318
39.45089506764832,-75.6956190146168
39.45089662591581,-75.69560691917157
39.450898031757724,-75.69559600686188
39.45089959002275,-75.69558391141628
39.450901121203984,-75.69557202618849
39.45090257829296,-75.69556089532344
39.45090432680261,-75.69554908111922
39.450905967989996,-75.69553799205445
39.45090760917627,-75.69552690298951
39.4509093576824,-75.69551508878406
39.45091099886641,-75.69550399971861
39.45091278280501,-75.69549194608786
39.45091438855194,-75.69548109644633
39.4509160297326,-75.69547000738021
39.450917813667544,-75.69545795374864
39.45091941941125,-75.69544710410601
39.45092106058852,-75.69543601503925
39.45092284451983,-75.69542396140686
39.45092445026031,-75.69541311176313
39.450926091434226,-75.69540202269569
39.45092787536189,-75.6953899690625
39.45092948109913,-75.69537911941768
39.45093112226969,-75.69536803034957
39.45093290619369,-75.69535597671559
39.450934547361946,-75.69534488764711
39.4509361530949,-75.69533403800088
39.45093793701527,-75.69532198436609
39.45093957818014,-75.69531089529696
39.45094132666398,-75.69529908108365
39.450942967826606,-75.69528799201402
39.45094460898811,-75.69527690294422
39.450946357468425,-75.69526508872967
39.45094799862768,-75.69525399965939
39.45094963978582,-75.69524291058892
39.45095138826264,-75.69523109637313
39.45095302941853,-75.69522000730217
39.450954670573296,-75.69520891823105
39.45095641904661,-75.69519710401399
39.450958060199135,-75.69518601494237
39.450959701350534,-75.69517492587057
39.45096144982034,-75.69516311165229
39.450963090969495,-75.69515202257999
39.450964732117534,-75.69514093350756
39.45096648058383,-75.69512911928804
39.45096812172961,-75.69511803021507
39.4509699056268,-75.6951059765752
39.450971546770276,-75.69509488750188
39.45097315247949,-75.69508403784756
39.45097493637303,-75.69507198420689
39.45097657751313,-75.6950608951329
39.450978183219135,-75.69505004547749
39.45097996710902,-75.695037991836
39.45098160824577,-75.69502690276136
39.45098321394853,-75.69501605310484
39.45098499783477,-75.69500399946257
39.45098663896815,-75.69499291038724
39.450988244667684,-75.69498206072963
39.4509900266733,-75.69497000615569
39.4509915552616,-75.69495889736297
39.45099305307043,-75.69494801224762
39.45099458165654,-75.69493690345452
39.45099607946327,-75.69492601833855
39.450997741413296,-75.69491394032336
39.450999239217836,-75.69490305520667
39.45100076779952,-75.69489194641282
39.45100226560198,-75.6948810612955
39.451003794181474,-75.6948699525013
39.45100529198184,-75.69485906738335
39.45100695392468,-75.69484698936678
39.45100845172286,-75.69483610424813
39.45100998029791,-75.69482499545317
39.45101150887186,-75.69481388665812
39.45101300666689,-75.69480300153857
39.451014535238656,-75.69479189274317
39.451016166396556,-75.69478003840068
39.451017812066375,-75.69476894349688
39.45101978539996,-75.69475793547954
39.45102192882807,-75.69474597860184
39.45102390215938,-75.69473497058381
39.45102587548958,-75.69472396256543
39.451028018914045,-75.69471200568657
39.45102999224199,-75.69470099766752
39.451032135664,-75.69468904078785
39.45103410898967,-75.6946780327681
39.451036252409224,-75.69466607588761
39.45103822573261,-75.69465506786717
39.4510401990549,-75.69464405984641
39.45104234247082,-75.69463210296475
39.45104431579084,-75.6946210949433
39.45104645920429,-75.69460913806083
39.451048432522036,-75.69459813003867
39.45105062707222,-75.69458588787853
39.45105260038765,-75.69457487985584
39.45105474379612,-75.69456292297188
39.45105671710927,-75.69455191494849
39.45105869042132,-75.69454090692476
39.45106083382615,-75.69452895003965
39.45106280713593,-75.69451794201524
39.451064950538296,-75.69450598512931
39.45106692384581,-75.69449497710418
39.45106906724572,-75.69448302021746
39.45107104055095,-75.69447201219167
39.45107301385509,-75.69446100416553
39.45107515725136,-75.69444904727762
39.45107713055322,-75.69443803925081
39.45107927394703,-75.69442608236209
39.451081247246634,-75.69441507433459
39.45108339063798,-75.69440311744503
39.45108536393529,-75.69439210941684
39.45108733723153,-75.69438110138833
39.45108948061924,-75.69436914449761
39.45109150505127,-75.69435785119431
39.45109364843645,-75.69434589430294
39.45109562172807,-75.69433488627318
39.4510977651108,-75.69432292938097
39.45109973840016,-75.69431192135052
39.451101711688416,-75.69430091331974
39.45110398980091,-75.69428899655455
39.45110619171342,-75.69427806476473
39.45110864592459,-75.6942658803861
39.45111084783479,-75.69425494859553
39.45111304974391,-75.69424401680449
39.45111550395124,-75.69423183242486
39.451117705858074,-75.69422090063304
39.45111990776382,-75.69420996884081
39.4511222982581,-75.69419810075738
39.45112456387076,-75.69418685266716
39.45112676577315,-75.69417592087369
39.45112915626376,-75.69416405278886
39.45113142187289,-75.69415280469781
39.451133623771874,-75.69414187290315
39.45113601425885,-75.69413000481691
39.4511382161556,-75.69411907302131
39.4511406703489,-75.69410688863789
39.45114287224335,-75.69409595684151
39.451145074136726,-75.69408502504471
39.45114752832618,-75.69407284066028
39.45114973021727,-75.6940619088627
39.451151932107265,-75.69405097706466
39.45115432258452,-75.69403910897458
39.4511565881806,-75.69402786088042
39.45115879006722,-75.69401692908119
39.451161180540836,-75.6940050609897
39.45116338242522,-75.69399412918955
39.45116564801659,-75.69398288109427
39.45116803848654,-75.69397101300139
39.45117024036755,-75.69396008120002
39.45117269454296,-75.69394789681179
39.45117489642167,-75.69393696500961
39.451177098299304,-75.69392603320703
39.451179488763195,-75.69391416511169
39.45118175434622,-75.69390291701444
39.45118395622048,-75.69389198521063
39.451186346680714,-75.69388011711389
39.45118861226017,-75.69386886901579
39.45119081413107,-75.6938579372108
39.451193204587646,-75.69384606911262
39.451195406456286,-75.69383513730672
39.45119767203106,-75.6938238892075
39.451200062484,-75.69381202110795
39.45120226434927,-75.69380108930079
39.451204529920474,-75.69378984120077
39.451206920369756,-75.69377797309984
39.451209122231646,-75.69376704129145
39.45121151267852,-75.69375517318949
39.451213778244934,-75.69374392508827
39.45121598010344,-75.69373299327869
39.45121837054666,-75.69372112517532
39.451220636109525,-75.69370987707329
39.451222837964664,-75.69369894526248
39.45122522840423,-75.69368707715769
39.45122743025713,-75.69367614534598
39.45122969581529,-75.69366489724283
39.45123208625121,-75.69365302913666
39.451234288100736,-75.69364209732372
39.451236553655335,-75.69363084921973
39.45123894511991,-75.6936189810336
39.45124119403805,-75.69360806705893
39.45124350943404,-75.69359683046206
39.45124595070976,-75.69358498296548
39.45124819962453,-75.69357406898949
39.451250515016966,-75.69356283239175
39.451252956289046,-75.69355098489368
39.45125520520046,-75.69354007091643
39.451257520589344,-75.69352883431776
39.45125976949855,-75.69351792033974
39.45126221076583,-75.69350607283967
39.4512644596728,-75.6934951588607
39.451266775057,-75.69348392226081
39.45126921632065,-75.6934720747593
39.45127146522426,-75.69346116077902
39.45127378060489,-75.69344992417827
39.4512760295063,-75.69343901019721
39.451278470765146,-75.6934271626937
39.45128078614224,-75.69341592609203
39.451283035040284,-75.69340501210971
39.45128547629548,-75.69339316460471
39.45128779166903,-75.69338192800217
39.4512900405637,-75.69337101401854
39.4512922894573,-75.69336010003448
39.45129479718526,-75.69334792990864
39.45129704607656,-75.69333701592375
39.451299294966795,-75.69332610193838
39.45130180269094,-75.69331393181145
39.45130405157887,-75.69330301782527
39.451306300465745,-75.69329210383863
39.451308615828715,-75.69328086723344
39.45131105707063,-75.69326901972315
39.45131330595414,-75.69325810573523
39.451315621313555,-75.69324686912914
39.451318062551834,-75.69323502161738
39.45132031143197,-75.69322410762817
39.45132262678784,-75.6932128710212
39.45132487566577,-75.69320195703122
39.45132731689925,-75.69319010951746
39.451329632251564,-75.69317887290958
39.45133188112612,-75.69316795891834
39.45133432235598,-75.69315611140308
39.451336637704735,-75.69314487479434
39.45133888657593,-75.69313396080177
39.45134113544606,-75.6931230468088
39.451343643147354,-75.69311087667542
39.45134589201519,-75.69309996268159
39.451348140881954,-75.6930890486873
39.45135064857942,-75.69307687855286
39.45135289744389,-75.69306596455773
39.45135514630728,-75.69305505056217
39.45135765400092,-75.69304288042665
39.45135990286203,-75.69303196643023
39.451362151722066,-75.69302105243338
39.45136446705669,-75.6930098158211
39.45136690826961,-75.6929979682991
39.45136915712628,-75.69298705430093
39.451371405981874,-75.69297614030235
39.45137391366664,-75.69296397016427
39.45137616251994,-75.69295305616485
39.45137841137217,-75.69294214216495
39.45138072669858,-75.69293090555057
39.45138316790306,-75.69291905802508
39.45138541675192,-75.69290814402393
39.451387732074764,-75.69289690740864
39.45139017327561,-75.6928850598817
39.45139242212111,-75.69287414587924
39.451394737440395,-75.69286290926307
39.45139698628369,-75.69285199525984
39.45139942747974,-75.6928401477309
39.45140174279549,-75.69282891111384
39.45140399163541,-75.69281799710933
39.451406432827824,-75.69280614957891
39.45140874814001,-75.69279491296095
39.45141099697657,-75.69278399895515
39.45141324581206,-75.69277308494893
39.45141575347398,-75.69276091480441
39.45141800230718,-75.69275000079733
39.4514202511393,-75.6927390867898
39.45142275879739,-75.69272691664422
39.45142500762723,-75.69271600263585
39.45142725645598,-75.69270508862704
39.45142957175761,-75.69269385200644
39.45143201293672,-75.69268200447073
39.45143426176211,-75.69267109046062
39.45143657706018,-75.69265985383913
39.45143901823566,-75.69264800630195
39.45144126705769,-75.69263709229055
39.451443582352205,-75.69262585566815
39.45144583117202,-75.69261494165602
39.4514482723427,-75.69260309411685
39.45145058763367,-75.69259185749355
39.45145283645012,-75.69258094348011
39.45145527761718,-75.69256909593946
39.45145759290458,-75.69255785931529
39.45145984171768,-75.69254694530056
39.45146220000001,-75.69253549999999
