39.28044002489971,-75.60361697502682
39.28044518830006,-75.60362683574878
39.28044998482765,-75.60363601323459
39.2804551403375,-75.6036458775858
39.2804602958463,-75.603655741938
39.28046509237089,-75.60366491942636
39.28047024787758,-75.6036747837804
39.280475044400184,-75.60368396127043
39.28048019990478,-75.60369382562637
39.28048535540829,-75.60370368998325
39.28049015192789,-75.60371286747585
39.280495307429305,-75.60372273183462
39.28050046292965,-75.60373259619435
39.280505572580665,-75.60374237283055
39.2805107280788,-75.60375223719217
39.28051588357587,-75.60376210155474
39.28052068008937,-75.60377127905242
39.280525835584335,-75.60378114341687
39.280530632095854,-75.60379032091625
39.28053578758872,-75.60380018528254
39.28054094308052,-75.60381004964984
39.28054573958902,-75.60381922715175
39.28055089507872,-75.60382909152091
39.280556050567334,-75.60383895589105
39.28056084707285,-75.6038481333955
39.28056600255937,-75.60385799776752
39.28057079906288,-75.60386717527363
39.28057595454731,-75.60387703964753
39.28058111003066,-75.60388690402237
39.28058590653118,-75.60389608153105
39.28059106201241,-75.60390594590778
39.2805962174926,-75.60391581028549
39.2806010139901,-75.60392498779672
39.280606169468186,-75.60393485217628
39.28061096596371,-75.60394402968919
39.2806161214397,-75.60395389407061
39.280621276914594,-75.60396375845303
39.28062607340711,-75.60397293596847
39.28063122887992,-75.60398280035277
39.28063638435166,-75.60399266473803
39.28064118084116,-75.60400184225601
39.280646336310795,-75.60401170664316
39.280651132798326,-75.60402088416282
39.28065628826586,-75.60403074855182
39.28066144373232,-75.6040406129418
39.28066655334811,-75.60405038960482
39.28067170881236,-75.60406025399665
39.28067686427555,-75.60407011838947
39.28068166075698,-75.60407929591423
39.280686816218065,-75.60408916030892
39.2806916126975,-75.60409833783535
39.280696768156496,-75.60410820223191
39.28070192361441,-75.60411806662944
39.28070672009085,-75.60412724415843
39.28071187554666,-75.60413710855782
39.280717031001394,-75.6041469729582
39.28072182747483,-75.60415615048973
39.28072698292747,-75.60416601489197
39.280731779398906,-75.60417519242519
39.28073693484946,-75.60418505682928
39.28074209029892,-75.60419492123438
39.28074688676737,-75.60420409877014
39.280752042214736,-75.60421396317709
39.28075719766103,-75.60422382758503
39.280761994126465,-75.60423300512333
39.28076714957066,-75.60424286953314
39.280771946034115,-75.60425204707312
39.28077710147622,-75.6042619114848
39.28078510715008,-75.60425624136545
39.280793131392024,-75.60425029597262
39.28080082157867,-75.60424459808952
39.28080884581956,-75.60423865269436
39.28081611757094,-75.60423326483935
39.28082414181083,-75.60422731944192
39.28083216605019,-75.60422137404328
39.28083985623433,-75.60421567615465
39.28084788047265,-75.6042097307537
39.280855904710435,-75.60420378535153
39.28086392894769,-75.60419783994817
39.280871953184416,-75.6041918945436
39.280879224932086,-75.60418650668007
39.28088691511321,-75.60418080878475
39.280894939348414,-75.60417486337678
39.2809029635831,-75.60416891796761
39.28091098781726,-75.60416297255726
39.28091901205088,-75.6041570271457
39.28092703628398,-75.60415108173297
39.28093397397387,-75.60414594137379
39.28094199820599,-75.60413999595882
39.28095002243756,-75.60413405054265
39.28095804666861,-75.60412810512528
39.28096607089915,-75.60412215970672
39.28097376107468,-75.60411646179911
39.28098178530414,-75.60411051637823
39.280989057045346,-75.60410512849978
39.280997081273824,-75.60409918307661
39.28100510550178,-75.60409323765224
39.2810131297292,-75.60408729222668
39.2810208199017,-75.60408159431239
39.28102884412807,-75.6040756488845
39.28103686835392,-75.60406970345542
39.28104414009188,-75.60406431556952
39.28105216431674,-75.60405837013813
39.28106018854105,-75.60405242470557
39.28106787871052,-75.60404672678462
39.28107590293379,-75.60404078134972
39.281083927156544,-75.60403483591362
39.28109195137877,-75.60402889047633
39.281099223113486,-75.60402350258296
39.2811072473347,-75.6040175571434
39.28111493750114,-75.60401185921576
39.281122961721316,-75.60400591377388
39.281130985940976,-75.60399996833077
39.28113901016009,-75.60399402288648
39.28114703437866,-75.603988077441
39.281153972055954,-75.60398293705357
39.28116199627355,-75.60397699160586
39.28117002049063,-75.60397104615696
39.28117804470718,-75.60396510070686
39.28118606892318,-75.60395915525557
39.28119409313868,-75.60395320980308
39.28120178329953,-75.60394751186314
39.281209055027766,-75.60394212395488
39.281217079241735,-75.60393617849898
39.28122510345519,-75.60393023304188
39.2812331276681,-75.60392428758358
39.281241151880494,-75.60391834212409
39.28124884203831,-75.60391264417747
39.28125686624963,-75.60390669871566
39.28126413797466,-75.60390131079993
39.281272162185,-75.60389536533583
39.28128004025369,-75.60388908293689
39.28128787283254,-75.60388273798992
39.281294987623774,-75.60387697450058
39.281302820201496,-75.60387062955128
39.28131028337198,-75.60386458384676
39.28131811594854,-75.6038582388951
39.28132594852449,-75.6038518939422
39.28133306331313,-75.60384613044748
39.28134089588794,-75.6038397854923
39.28134801067557,-75.60383402199544
39.28135619162943,-75.60382739482446
39.281364024202496,-75.60382104986569
39.28137113898853,-75.60381528636557
39.28137897156045,-75.60380894140447
39.28138608634547,-75.60380317790224
39.28139391891625,-75.60379683293881
39.28140209986652,-75.60379020576035
39.28140921464997,-75.60378444225483
39.281417047218994,-75.60377809728782
39.28142416200143,-75.60377233378019
39.2814319945693,-75.60376598881086
39.2814398271366,-75.60375964384033
39.281446941917466,-75.60375388032946
39.28145512286359,-75.60374725314236
39.28146295542911,-75.60374090816823
39.281470070208414,-75.6037351446541
39.281477902772785,-75.60372879967767
39.281485017551084,-75.6037230361614
39.281492850114304,-75.60371669118265
39.28150103105684,-75.60371006398805
39.28150814583356,-75.60370430046851
39.28151597320113,-75.60369794877236
39.281522933005526,-75.6036918719361
39.281530938367915,-75.60368488218663
39.281537898171145,-75.60367880534818
39.28154590353222,-75.60367181559619
39.281552863334305,-75.60366573875555
39.281560182241904,-75.60365934836605
39.28156782849501,-75.6036526721582
39.28157514740142,-75.60364628176639
39.28158279365323,-75.60363960555617
39.281590112558455,-75.60363321516203
39.281597758809,-75.60362653894943
39.281605077713024,-75.60362014855296
39.28161272396229,-75.60361347233795
39.28162004286515,-75.60360708193919
39.28162700266156,-75.60360100508771
39.28163500801478,-75.60359401532071
39.28164196781004,-75.60358793846706
39.28164997316195,-75.60358094869754
39.28165693295607,-75.60357487184169
39.28166493830666,-75.60356788206965
39.28167189809963,-75.60356180521161
39.2816799034489,-75.60355481543706
39.28168686324071,-75.60354873857686
39.281694868588666,-75.60354174879978
39.28170182837933,-75.60353567193738
39.28170914727515,-75.60352928152477
39.28171679351549,-75.6035226052932
39.28172411241012,-75.60351621487828
39.28173175864917,-75.60350953864432
39.281739077542625,-75.60350314822706
39.281746723780394,-75.60349647199072
39.28175404267267,-75.60349008157117
39.28176168890914,-75.60348340533243
39.28176900780022,-75.60347701491055
39.2817759675852,-75.60347093803733
39.281783972925325,-75.60346394824523
39.28179093270916,-75.60345787136981
39.28179893804795,-75.60345088157523
39.28180589783064,-75.6034448046976
39.281813903168114,-75.6034378149005
39.28182086294965,-75.6034317380207
39.281828868285814,-75.60342474822107
39.2818358280662,-75.60341867133909
39.281843146951424,-75.60341228090572
39.281850793180276,-75.60340560465278
39.28185811206432,-75.60339921421708
39.28186575829189,-75.60339253796175
39.28187307717475,-75.60338614752372
39.28188072340103,-75.60337947126602
39.2818880422827,-75.60337308082569
39.2818956885077,-75.60336640456559
39.281903007388195,-75.60336001412294
39.28190996716291,-75.60335393723011
39.28191797249122,-75.60334694741549
39.281924932264786,-75.60334087052047
39.281932937591776,-75.60333388070333
39.28193989736418,-75.60332780380614
39.281947902689865,-75.60332081398646
39.281954862461134,-75.60331473708708
39.281962867785495,-75.6033077472649
39.28196982755559,-75.60330167036334
39.28197714643022,-75.60329527990918
39.281984792647606,-75.60328860363488
39.281992111521056,-75.60328221317839
39.28199975773715,-75.60327553690172
39.281994261334205,-75.60326672469549
39.28198885261003,-75.60325815526912
39.2819830445194,-75.60324895310067
39.28197723642775,-75.60323975093328
39.281971827700865,-75.60323118150993
39.281966019607246,-75.60322197934458
39.2819602115126,-75.60321277718026
39.28195480278301,-75.60320420775994
39.281948994686395,-75.60319500559767
39.28194358595503,-75.60318643617933
39.28193777785645,-75.60317723401911
39.28193234885697,-75.60316863249345
39.28192694012294,-75.60316006307805
39.28192113202141,-75.60315086092082
39.28191532391885,-75.60314165876464
39.28190991518212,-75.60313308935221
39.28190410707758,-75.60312388719807
39.281898698339084,-75.60311531778767
39.281892890232584,-75.60310611563557
39.28188708212507,-75.60309691348453
39.28188167338385,-75.60308834407712
39.28187586527436,-75.6030791419281
39.28187005716383,-75.60306993978016
39.2818650275206,-75.60306197100813
39.281859219408155,-75.60305276886213
39.28185381066251,-75.60304419945963
39.2818480025481,-75.60303499731567
39.28184219443266,-75.60302579517274
39.28183678568431,-75.60301722577327
39.281830977566905,-75.6030080236324
39.28182516944847,-75.60299882149256
39.28181976069742,-75.6029902520961
39.28181395257701,-75.6029810499583
39.281808543824184,-75.60297248056385
39.281803114803,-75.6029638790594
39.28179730667964,-75.60295467692461
39.28179189792415,-75.60294610753307
39.28178608979883,-75.60293690540031
39.28178028167248,-75.6029277032686
39.281774872914276,-75.60291913388006
39.281769064785955,-75.60290993175039
39.281763656025994,-75.60290136236387
39.281757847895705,-75.60289216023625
39.281752078373394,-75.60288291853367
39.28174671107733,-75.60287430032481
39.28174095081088,-75.60286505113034
39.281735190543394,-75.60285580193687
39.281729823244596,-75.60284718373103
39.28172406297512,-75.60283793453956
39.28171869567453,-75.60282931633567
39.28171293540306,-75.60282006714627
39.281707175130556,-75.60281081795786
39.281701807827226,-75.60280219975695
39.28169604755274,-75.60279295057057
39.28169068024761,-75.60278433237163
39.28168491997114,-75.60277508318727
39.281679159693624,-75.60276583400392
39.28167379238577,-75.60275721580796
39.28166803210626,-75.60274796662664
39.281662664796606,-75.60273934843262
39.28165690451512,-75.60273009925334
39.28165114423258,-75.60272085007506
39.281645776920186,-75.60271223188403
39.28164001663568,-75.60270298270777
39.28163464932149,-75.60269436451871
39.28162888903499,-75.60268511534447
39.281623128747455,-75.60267586617125
39.28161776143053,-75.60266724798518
39.281612001141,-75.602657998814
39.28160663382227,-75.60264938062986
39.281600873530756,-75.60264013146069
39.281595113238204,-75.60263088229253
39.281589745916754,-75.60262226411139
39.281583985622206,-75.60261301494526
39.28157861829895,-75.6026043967661
39.28157285800242,-75.60259514760199
39.28156709770485,-75.60258589843889
39.281561730378876,-75.6025772802627
39.28155597007932,-75.60256803110163
39.28155060275153,-75.60255941292739
39.2815449296354,-75.60255007068157
39.2815396700045,-75.60254133148213
39.28153403359842,-75.60253196625023
39.28152839719126,-75.60252260101929
39.28152276247294,-75.60251323859723
39.2815171260637,-75.6025038733683
39.281511866428104,-75.60249513417374
39.281506230016824,-75.60248576894678
39.281500970379376,-75.60247702975408
39.281494958881204,-75.60246704130408
39.28148969924189,-75.6024583021134
39.28148406282647,-75.60244893689041
39.28147880318531,-75.60244019770164
39.281472791682795,-75.602430209256
39.28146715526424,-75.60242084403603
39.28146189562021,-75.6024121048502
39.28145625919961,-75.60240273963218
39.28145099955374,-75.60239400044827
39.2814449880458,-75.60238401200809
39.28143972839805,-75.60237527282617
39.28143409197332,-75.60236590761211
39.28142883232372,-75.60235716843209
39.28142319589695,-75.60234780321998
39.28141756115998,-75.60233844081829
39.281411924731124,-75.6023290756082
39.28140628830119,-75.6023197103991
39.281401028646904,-75.60231097122397
39.28139539221494,-75.6023016060168
39.28138975747301,-75.60229224362045
39.28138412103896,-75.60228287841532
39.28137886138093,-75.60227413924407
39.28137322494484,-75.60226477404089
39.28136796528497,-75.60225603487154
39.28136195376081,-75.60224604644769
39.28135669409905,-75.60223730728036
39.281351057658846,-75.60222794208114
39.28134579799524,-75.60221920291572
39.28134016155299,-75.60220983771846
39.28133415002338,-75.60219984930004
39.28132889035694,-75.60219111013757
39.28132379071326,-75.60218219620235
39.28131804166679,-75.60217196093816
39.281313005499314,-75.6021629948445
39.28130796933091,-75.6021540287517
39.281302565219754,-75.60214440759843
39.2812971841107,-75.60213482739962
39.28129177999743,-75.60212520624839
39.281286743825156,-75.60211624015928
39.28128170765196,-75.60210727407105
39.28127595859658,-75.60209703881497
39.28127092242137,-75.60208807272858
39.28126588624528,-75.60207910664306
39.28126048212599,-75.60206948549786
39.28125510100843,-75.60205990530635
39.28124969688705,-75.6020502841632
39.28124466070705,-75.60204131808135
39.281239624526144,-75.60203235200038
39.28123387546185,-75.60202211675244
39.28122883927895,-75.60201315067332
39.28122380309512,-75.60200418459507
39.2812183989677,-75.60199456345794
39.28121301784166,-75.60198498327374
39.28120761371214,-75.60197536213865
39.281202577524446,-75.60196639606409
39.28119754133582,-75.6019574299904
39.28119179226261,-75.60194719475054
39.28118675607201,-75.6019382286787
39.28118201057785,-75.6019289918175
39.2811772794484,-75.60191878383247
39.28117281222286,-75.60190914525518
39.28116808109122,-75.60189893727181
39.281163349958405,-75.60188872928927
39.2811588827298,-75.60187909071452
39.28115415159478,-75.60186888273363
39.28114968436417,-75.6018592441606
39.28114495322695,-75.60184903618138
39.28114082715534,-75.60184013370433
39.28113609601597,-75.60182992572666
39.28113136487545,-75.6018197177498
39.28112689763982,-75.60181007918095
39.2811221664971,-75.60179987120577
39.28111769925945,-75.60179023263862
39.28111296811453,-75.6017800246651
39.281108236968436,-75.60176981669238
39.28110376972772,-75.60176017812782
39.28109937974101,-75.60175070625013
39.28109491249835,-75.60174106768721
39.281090181347906,-75.6017308597177
39.28108571410323,-75.60172122115648
39.28108098295059,-75.60171101318863
39.28107625179681,-75.60170080522163
39.28107178149197,-75.6016911570106
39.28106731209039,-75.60168077574501
39.28106307895445,-75.60167094326665
39.28105884581752,-75.60166111078905
39.28105437641258,-75.60165072952564
39.281050143273546,-75.60164089704959
39.281045910133514,-75.60163106457433
39.28104144072519,-75.60162068331307
39.281036878775765,-75.60161008710674
39.28103264563258,-75.60160025463391
39.281028176220794,-75.60158987337495
39.28102394307552,-75.60158004090361
39.28101970992924,-75.60157020843306
39.28101524051409,-75.6015598271763
39.28101100736571,-75.6015499947073
39.28100677421634,-75.60154016223908
39.281002304797816,-75.60152978098449
39.28099807164634,-75.60151994851779
39.28099350968591,-75.6015093523202
39.28098904026395,-75.60149897106793
39.28098480710931,-75.60148913860364
39.28098033768506,-75.60147875735278
39.28097610452834,-75.60146892489003
39.280971871370625,-75.60145909242806
39.280967401943,-75.6014487111794
39.28096316878318,-75.60143887871894
39.280958935622365,-75.6014290462593
39.28095446619135,-75.60141866501282
39.28094990421982,-75.60140806882399
39.28094567105585,-75.6013982363667
39.280941201621395,-75.60138785512252
39.28093696845533,-75.60137802266681
39.28093273528827,-75.60136819021186
39.28092826585044,-75.60135780896988
39.280924032681284,-75.60134797651645
39.280919799511125,-75.60133814406383
39.28091533006991,-75.60132776282401
39.280911096897675,-75.60131793037294
39.280906534915125,-75.60130733419285
39.28090206547048,-75.60129695295532
39.28089783229507,-75.60128712050664
39.28089359911866,-75.60127728805874
39.280889129670626,-75.60126690682341
39.280884896492125,-75.60125707437703
39.28088066331262,-75.60124724193143
39.28087619386122,-75.60123686069828
39.28087196067961,-75.60122702825423
39.28086749122593,-75.60121664702253
39.280862929232285,-75.60120605085118
39.28085869604753,-75.60119621840953
39.2808542265904,-75.6011858371801
39.28084999340355,-75.60117600473998
39.280845760215705,-75.60116617230064
39.28084129075519,-75.60115579107342
39.28083705756526,-75.60114595863561
39.28083282437431,-75.60113612619858
39.28082835491042,-75.60112574497353
39.28082412171738,-75.60111591253805
39.28081955971275,-75.60110531637547
39.280815090245405,-75.6010949351527
39.28081085704922,-75.60108510271962
39.28080662385202,-75.60107527028731
39.28080215438131,-75.60106488906675
39.28079792118203,-75.60105505663597
39.280793687981735,-75.60104522420599
39.28078921850765,-75.60103484298759
39.280785000826896,-75.6010249994087
39.28078078296535,-75.6010151552029
39.28077600259539,-75.60100399814402
39.28077178473168,-75.60099415393985
39.28076756686694,-75.60098430973645
39.280763114465806,-75.6009739181447
39.28075889659899,-75.60096407394282
39.28075444419555,-75.60095368235248
39.28075022632663,-75.60094383815212
39.28074600845671,-75.60093399395254
39.280741228077105,-75.60092283690027
39.28073701020502,-75.6009129927023
39.280732792331946,-75.60090314850511
39.280728339921666,-75.60089275691921
39.280724122046486,-75.60088291272353
39.280719904170304,-75.60087306852864
39.28071545175665,-75.60086267694491
39.280711233878364,-75.60085283275153
39.28070668802575,-75.60084222309558
39.28070223560865,-75.60083183151411
39.28069801772721,-75.60082198732312
39.280693799844755,-75.60081214313291
39.280689347424264,-75.6008017515536
39.28068512953971,-75.6007919073649
39.28068091165415,-75.60078206317698
39.2806761312565,-75.60077090613716
39.28067191336879,-75.60076106195086
39.28066769548007,-75.60075121776534
39.280663243052736,-75.60074082619046
39.28065902516192,-75.60073098200644
39.2806548072701,-75.60072113782321
39.280650354839395,-75.6007107462505
39.28064613694548,-75.60070090206878
39.280641591076254,-75.60069029242594
39.280637138642085,-75.60067990085548
39.280632920745006,-75.60067005667614
39.28062870284691,-75.60066021249763
39.280624250409375,-75.60064982092933
39.280620032509184,-75.6006399767523
39.280615814608005,-75.60063013257604
39.28061136216707,-75.60061974100994
39.280606816288945,-75.60060913137404
39.2806025983846,-75.60059928720018
39.28059814594021,-75.60058889563632
39.28059392803376,-75.60057905146398
39.28058971012631,-75.6005692072924
39.28058525767854,-75.60055881573072
39.280581039769,-75.60054897156067
39.28057682185844,-75.6005391273914
39.2805720414319,-75.60052797037149
39.28056782351919,-75.60051812620382
39.28056360560548,-75.60050828203694
39.28055915315088,-75.60049789047967
39.28055493523507,-75.60048804631431
39.28055071731825,-75.60047820214973
39.28054626486026,-75.60046781059465
39.280542046941335,-75.60045796643158
39.280537501045515,-75.60044735680965
39.28053304858407,-75.60043696525682
39.28052883066199,-75.60042712109613
39.2805246127389,-75.60041727693623
39.280520160274094,-75.60040688538558
39.2805159423489,-75.60039704122718
39.28051148988178,-75.60038664967796
39.28050727195451,-75.60037680552107
39.2805027260498,-75.60036619590612
39.28049827357923,-75.60035580435914
39.280494055648774,-75.60034596020466
39.280489837717326,-75.60033611605097
39.28048538524338,-75.60032572450616
39.28048116730984,-75.60031588035399
39.28047694937528,-75.60030603620258
39.28047249689795,-75.60029564465995
39.28046795098434,-75.60028503505193
39.28046373304662,-75.60027519090292
39.280459280565836,-75.60026479936253
39.28045506262603,-75.60025495521505
39.280450844685205,-75.60024511106833
39.28044639220104,-75.60023471953012
39.28044217425812,-75.60022487538491
39.28043762833678,-75.60021426578304
39.28043317584916,-75.6002038742471
39.28042895790308,-75.60019403010428
39.28042473995599,-75.60018418596225
39.28042028746499,-75.60017379442846
39.28041606951581,-75.60016395028795
39.280411851565624,-75.60015410614821
39.280407399071244,-75.6001437146166
39.280402853141,-75.60013310502168
39.28039863518765,-75.60012326088433
39.280394182689804,-75.60011286935497
39.28038996473436,-75.60010302521914
39.28038574677791,-75.60009318108409
39.28038129427669,-75.60008278955691
39.28037707631814,-75.60007294542338
39.280372858358604,-75.60006310129063
39.280368077875494,-75.60005194430967
39.280363859913784,-75.60004210017853
39.280359641951065,-75.60003225604815
39.280355189443,-75.6000218645254
39.2803509714782,-75.60001202039655
39.28034675351237,-75.60000217626846
39.28034230100092,-75.59999178474789
39.28033808303301,-75.59998194062133
39.28033353708508,-75.59997133104036
39.28032908457018,-75.59996093952203
39.2803248665991,-75.59995109539787
39.28032064862702,-75.5999412512745
39.280316196108735,-75.59993085975833
39.28031197813456,-75.59992101563645
39.28030776015938,-75.59991117151537
39.280303307637716,-75.59990078000138
39.280298761680875,-75.59989017042737
39.28029454370253,-75.59988032630868
39.28029009117741,-75.59986993479696
39.280285873196966,-75.59986009067977
39.28028165521552,-75.59985024656338
39.28027720268701,-75.5998398550538
39.28027298470347,-75.5998300109389
39.28026853217268,-75.59981961943078
39.28026398620696,-75.59980900986373
39.28025976822024,-75.59979916575125
39.280255315686,-75.59978877424535
39.28025109769718,-75.59977893013438
39.28024687970736,-75.59976908602418
39.280242784980146,-75.59975914774529
39.28023815233795,-75.59974789532492
39.28023406112218,-75.59973795800147
39.28022996990538,-75.59972802067875
39.28022587868755,-75.59971808335676
39.28022124604047,-75.59970683093951
39.28021715482044,-75.59969689361903
39.2802130635994,-75.59968695629927
39.280208651459375,-75.59967623949103
39.28020433972534,-75.59966576656612
39.28020024850107,-75.59965582924859
39.280196157275775,-75.5996458919318
39.28019174513124,-75.59963517512689
39.28018765390383,-75.59962523781164
39.28018334216405,-75.59961476489018
39.28017893001608,-75.59960404808778
39.280174838785456,-75.59959411077475
39.2801707475538,-75.59958417346246
39.2801664358094,-75.59957370054379
39.28016202365692,-75.5995629837447
39.28015793242204,-75.59955304643464
39.280153841186134,-75.5995431091253
39.28014952943712,-75.59953263620936
39.28014511728011,-75.59952191941363
39.28014102604097,-75.59951198210653
39.28013693480083,-75.59950204480018
39.28013252264047,-75.59949132800699
39.28012821088565,-75.5994808550946
39.280124119642274,-75.59947091779044
39.28012002839788,-75.59946098048702
39.28011561623301,-75.5994502636972
39.28011130447356,-75.59943979078754
39.28010721322594,-75.59942985348636
39.28010280105763,-75.59941913669903
39.28009870980791,-75.59940919939939
39.28009439804383,-75.59939872649252
39.28009030679197,-75.59938878919428
39.280085894619134,-75.59937807241029
39.28008180336516,-75.59936813511361
39.28007771211017,-75.59935819781765
39.2800730794202,-75.599346945428
39.280068988162995,-75.59933700813356
39.28006489690478,-75.59932707083983
39.28006080564553,-75.59931713354683
39.28005617295067,-75.59930588116032
39.28005208168923,-75.59929594386884
39.28004799042676,-75.59928600657808
39.28004389916327,-75.59927606928804
39.280039266463504,-75.59926481690466
39.28003517519782,-75.59925487961611
39.2800310839311,-75.59924494232831
39.28002667174245,-75.59923422555606
39.28002258047363,-75.59922428826982
39.280018268688764,-75.59921381537544
39.2800141774178,-75.59920387809058
39.28000976522464,-75.59919316132167
39.280005673951564,-75.59918322403837
39.28000136216207,-75.59917275114672
39.27999694996548,-75.59916203438034
39.27999285868919,-75.59915209709928
39.27998876741186,-75.59914215981892
39.27998445561774,-75.59913168693006
39.27998004341662,-75.59912097016701
39.279975952136084,-75.59911103288889
39.279971860854516,-75.5991010956115
39.279967769571925,-75.59909115833484
39.27996313685014,-75.59907990596567
39.27995904556535,-75.59906996869051
39.279954954279525,-75.59906003141607
39.279950542070566,-75.59904931465891
39.27994623026601,-75.59903884177636
39.27994213897697,-75.59902890450415
39.2799380476869,-75.59901896723267
39.27993363547343,-75.59900825047885
39.27992932366424,-75.59899777759904
39.27992523237096,-75.5989878403298
39.27992082015403,-75.59897712357848
39.27991672885864,-75.59896718631079
39.27991263756222,-75.59895724904382
39.2799083257473,-75.59894677616745
39.27990391352586,-75.59893605941947
39.27989982222621,-75.59892612215475
39.27989573092554,-75.59891618489075
39.27989141910601,-75.59890571201713
39.279887006880045,-75.59889499527247
39.27988291557615,-75.5988850580107
39.27987882427125,-75.59887512074967
39.27987419152371,-75.59886386839702
39.27987010021659,-75.5988539311375
39.27986600890845,-75.59884399387867
39.27986191759929,-75.59883405662059
39.27985728484686,-75.5988228042711
39.27985319353551,-75.59881286701452
39.27984910222312,-75.59880292975866
39.279844689985865,-75.59879221302242
39.27984059867137,-75.5987822757681
39.27983628683677,-75.59877180290354
39.279832195520136,-75.59876186565064
39.27982778327836,-75.59875114891773
39.27982369195963,-75.5987412116664
39.2798193801204,-75.59873073880459
39.279815288799526,-75.59872080155465
39.27981087655323,-75.59871008482509
39.279806785230235,-75.59870014757668
39.279802473386404,-75.59868967471765
39.279798061136674,-75.5986789579906
39.279793969810456,-75.59866902074442
39.27978987848321,-75.598659083499
39.27978578715495,-75.59864914625429
39.2797811543805,-75.59863789391899
39.279777063050055,-75.5986279566758
39.27977297171854,-75.59861801943332
39.27976855946097,-75.59860730271215
39.27976423693914,-75.5985968270876
39.279759954450135,-75.59858703324117
39.279755671960146,-75.59857723939555
39.27975114755924,-75.59856689231482
39.27974686506717,-75.59855709847076
39.27974234066399,-75.59854675139151
39.27973805816984,-75.59853695754902
39.279733533764386,-75.59852661047127
39.279728919782656,-75.59851605854075
39.279724637285376,-75.59850626470073
39.2797201128765,-75.59849591762533
39.27971583037714,-75.59848612378688
39.27971130596601,-75.59847577671297
39.279707023464574,-75.59846598287609
39.27970274096214,-75.59845618904001
39.279698216547644,-75.59844584196834
39.279693934043145,-75.59843604813386
39.279689409626386,-75.59842570106368
39.27968479563363,-75.59841514914213
39.27968027121453,-75.59840480207352
39.27967598870581,-75.59839500824225
39.27967170619609,-75.59838521441179
39.27966718177365,-75.59837486734547
39.27966289926185,-75.59836507351658
39.27965837483713,-75.59835472645173
39.27965409232326,-75.59834493262441
39.279649809808404,-75.5983351387979
39.27964528538033,-75.59832479173532
39.27964067137656,-75.59831423982268
39.27963614694617,-75.59830389276168
39.279631864427074,-75.5982940989384
39.27962733999441,-75.59828375187888
39.279623057473245,-75.59827395805718
39.279618774951096,-75.59826416423626
39.27961425051505,-75.598253817179
39.27960996799082,-75.59824402335967
39.27960544355253,-75.5982336763039
39.279601161026235,-75.59822388248614
39.27959654701146,-75.59821333058245
39.27959202256974,-75.59820298352903
39.27958774004029,-75.59819318971374
39.27958321559631,-75.59818284266183
39.2795789330648,-75.5981730488481
39.27957440861852,-75.59816270179765
39.27957012608494,-75.5981529079855
39.27956584355035,-75.59814311417414
39.279561319100736,-75.59813276712597
39.27955703656408,-75.59812297331618
39.279552180624066,-75.59811186818372
39.27954789808526,-75.5981020743756
39.27954361554547,-75.59809228056828
39.27953909109017,-75.59808193352396
39.279534808548306,-75.59807213971821
39.27953028409073,-75.59806179267537
39.27952600154677,-75.59805199887118
39.279521477086945,-75.59804165182985
39.279517194540915,-75.59803185802724
39.27951291199389,-75.59802206422543
39.279508056041905,-75.59801095910152
39.27950377349275,-75.59800116530138
39.27949924902722,-75.59799081826387
39.27949496647599,-75.59798102446531
39.279490683923754,-75.59797123066754
39.27948615945487,-75.59796088363228
39.27948187690056,-75.59795108983609
39.27947735242941,-75.59794074280232
39.279473069873035,-75.5979309490077
39.27946854539962,-75.59792060197543
39.27946393135171,-75.59791005009852
39.2794596487922,-75.59790025630636
39.279455124315355,-75.59788990927645
39.27945084175376,-75.59788011548586
39.27944631727465,-75.59786976845743
39.279442034710975,-75.59785997466842
39.27943775214631,-75.5978501808802
39.27943322766385,-75.59783983385402
39.27942894509711,-75.5978300400674
39.27942442061237,-75.59781969304271
39.27941980655346,-75.59780914117474
39.279415282066395,-75.59779879415161
39.27941099949543,-75.59778900036824
39.27940671692349,-75.59777920658563
39.27940219243307,-75.59776885956478
39.27939790985904,-75.59775906578375
39.27939338536634,-75.5977487187644
39.27938910279024,-75.59773892498495
39.27938482021314,-75.59772913120628
39.2793802957171,-75.59771878418918
39.27937568164717,-75.59770823233016
39.27937115714879,-75.59769788531464
39.27936687456748,-75.59768809153923
39.27936235006683,-75.5976777445252
39.279358067483436,-75.59766795075134
39.279353784899044,-75.5976581569783
39.27934926039505,-75.59764780996653
39.279344977808584,-75.59763801619506
39.27934045330231,-75.59762766918479
39.279336170713776,-75.59761787541487
39.27933155663283,-75.59760732356479
39.27932703212314,-75.59759697655684
39.279322749531474,-75.59758718278943
39.2793182250195,-75.59757683578299
39.27931394242576,-75.59756704201713
39.279309417911534,-75.59755669501217
39.2793051353157,-75.59754690124788
39.27930085271888,-75.59753710748438
39.279296328201305,-75.5975267604817
39.2792920456024,-75.59751696671978
39.27928718959049,-75.59750586163855
39.27928290698945,-75.5974960678783
39.279278624387416,-75.59748627411884
39.27927409986415,-75.59747592711999
39.279269817260044,-75.59746613336209
39.2792652927345,-75.59745578636475
39.27926101012832,-75.59744599260844
39.27925672752114,-75.59743619885293
39.279252202992254,-75.59742585185782
39.27924792038299,-75.59741605810387
39.279243064359115,-75.5974049530312
39.27923878174772,-75.59739515927893
39.27923425721423,-75.5973848122869
39.27922997460075,-75.5973750185362
39.27922569198628,-75.59736522478629
39.27922116744942,-75.59735487779652
39.27921688483289,-75.59734508404821
39.27921236029377,-75.59733473705992
39.27920807767515,-75.59732494331317
39.27920379505554,-75.59731514956721
39.279198939019686,-75.59730404450306
39.27919465639795,-75.59729425075878
39.27919013185313,-75.59728390377434
39.2791858492293,-75.59727411003162
39.27918132468222,-75.59726376304867
39.27917704205631,-75.59725396930753
39.27917275942942,-75.59724417556718
39.27916823487897,-75.59723382858648
39.27916395225,-75.59722403484771
39.2791594276973,-75.59721368786852
39.27915481357222,-75.59720313605413
39.279150530940115,-75.59719334231784
39.279146006383996,-75.59718299534099
39.2791417237498,-75.59717320160625
39.27913719919141,-75.59716285463088
39.27913291655515,-75.59715306089772
39.2791283919945,-75.59714271392387
39.279124109356154,-75.59713292019228
39.27911982671682,-75.59712312646148
39.2791153021528,-75.59711277948986
39.27911068801672,-75.59710222768445
39.279106163450365,-75.59709188071442
39.27910188080682,-75.59708208698686
39.27909759816228,-75.5970722932601
39.27909307359256,-75.59706194629231
39.27908879094595,-75.59705215256716
39.27908426637398,-75.59704180560087
39.279079983725275,-75.59703201187726
39.27907545915104,-75.59702166491248
39.279071176500274,-75.59701187119043
39.279066562353165,-75.59700131939394
39.2790620377755,-75.5969909724315
39.279057755121606,-75.59698117871191
39.27905323054166,-75.59697083175097
39.279048947885684,-75.59696103803297
39.2790446652287,-75.59695124431578
39.279040140645435,-75.59694089735709
39.279035857986365,-75.59693110364145
39.27903133340081,-75.59692075668427
39.279027050739685,-75.5969109629702
39.27902219465587,-75.59689985794019
39.279017911992604,-75.5968900642278
39.27901362932833,-75.5968802705162
39.2790091047371,-75.59686992356285
39.27900482207075,-75.59686012985283
39.279000297477246,-75.59684978290096
39.27899601480882,-75.59683998919252
39.2789917321394,-75.59683019548487
39.27898720754255,-75.59681984853526
39.27898292487105,-75.59681005482919
39.27897806877528,-75.59679894980772
39.27897378610165,-75.59678915610331
39.27896926150018,-75.59677880915677
39.278964978824476,-75.59676901545393
39.27896069614778,-75.5967592217519
39.27895617154296,-75.59674887480762
39.27895188886417,-75.59673908110716
39.27894736425709,-75.59672873416436
39.27894308157623,-75.59671894046546
39.27893879889439,-75.5967091467674
39.278933942786644,-75.59669804175446
39.278929660102655,-75.59668824805804
39.27892513548988,-75.59667790111908
39.27892085280381,-75.59666810742422
39.278916328188764,-75.59665776048679
39.278912045500626,-75.59664796679348
39.27890776281149,-75.59663817310103
39.27890323819308,-75.59662782616581
39.27889895550188,-75.59661803247491
39.27889443088121,-75.5966076855412
39.27888981668996,-75.59659713378042
39.27888553399563,-75.59658734009196
39.278881009371524,-75.59657699316061
39.2788767266751,-75.59656719947374
39.27887220204875,-75.59655685254388
39.27886791935025,-75.59654705885858
39.278863394721625,-75.5965367119302
39.278859112021046,-75.59652691824647
39.278854829319485,-75.59651712456355
39.27885030468751,-75.59650677763742
39.278845690485255,-75.59649622588557
39.27884116585093,-75.59648587896106
39.278836883145146,-75.59647608528135
39.27883260043838,-75.59646629160248
39.278828075800696,-75.59645594468017
39.27882379309184,-75.59644615100287
39.2788192684519,-75.59643580408208
39.27881498574097,-75.59642601040632
39.27881046109876,-75.59641566348704
39.27880617838575,-75.59640586981287
39.2788016,-75.59639539999999
39.27879400460097,-75.59640101039538
39.27878597433302,-75.59640694200823
39.278777944064565,-75.5964128736199
39.27877024734587,-75.59641855885128
39.278762970697336,-75.59642393379379
39.27875494042736,-75.59642986540203
39.278746910156855,-75.59643579700908
39.278739213436175,-75.59644148223609
39.27873118316463,-75.5964474138408
39.27872390651382,-75.59645278877801
39.278715876241286,-75.59645872038045
39.278708179518624,-75.59646440560307
39.27870014924503,-75.59647033720317
39.2786928725924,-75.5964757121362
39.278684842317844,-75.59648164373401
39.278677145593186,-75.59648732895224
39.27866911531757,-75.59649326054772
39.278661085041435,-75.59649919214203
39.27865380838651,-75.59650456706976
39.27864577810938,-75.59651049866177
39.27863808138222,-75.59651618387446
39.27863005110406,-75.59652211546417
39.27862202082535,-75.59652804705266
39.27861474416815,-75.59653342197511
39.278607047439,-75.5965391071834
39.2785990171588,-75.59654503876848
39.27859098687806,-75.59655097035237
39.27858295659679,-75.59655690193506
39.278576013487914,-75.5965620304745
39.27856798320566,-75.59656796205499
39.27855995292289,-75.59657389363426
39.2785519226396,-75.59657982521234
39.27854422590644,-75.59658551041176
39.27853694924467,-75.59659088532368
39.27852891895985,-75.59659681689834
39.27852088867453,-75.59660274847182
39.278513191939375,-75.59660843366683
39.27850516165301,-75.59661436523797
39.27849788498895,-75.5966197401446
39.27848985470158,-75.59662567171347
39.27848215796443,-75.59663135690408
39.27847412767603,-75.59663728847063
39.278466851010165,-75.59664266337306
39.278458820720765,-75.5966485949373
39.278451123981625,-75.59665428012354
39.27844309369119,-75.59666021168546
39.278435063400224,-75.5966661432462
39.27842778673207,-75.59667151814334
39.27842008999095,-75.59667720332517
39.278412059698475,-75.59668313488248
39.278404029405465,-75.5966890664386
39.278395999111936,-75.59669499799352
39.27838905599239,-75.596700126509
39.27838102569789,-75.5967060580617
39.27837299540285,-75.59671198961321
39.278364965107286,-75.5967179211635
39.278357268362136,-75.59672360633647
39.278349991689424,-75.5967289812231
39.27834196139235,-75.59673491276999
39.27833393109475,-75.59674084431569
39.278325900796624,-75.5967467758602
39.27831820404897,-75.5967524610276
39.278310927373965,-75.59675783590896
39.27830289707435,-75.59676376745006
39.27829486677417,-75.59676969898995
39.27828717002454,-75.59677538415298
39.27827913972334,-75.59678131569054
39.27827186304605,-75.5967866905666
39.27826383274385,-75.5967926221019
39.27825613599223,-75.59679830726053
39.278248105688995,-75.59680423879348
39.27824082900989,-75.59680961366534
39.278232798705666,-75.59681554519601
39.27822510195205,-75.59682123035026
39.278217071646786,-75.5968271618786
39.278209041340986,-75.59683309340575
39.2782017646596,-75.59683846827232
39.278194067903996,-75.59684415342218
39.27818603759668,-75.59685008494591
39.278178007288865,-75.59685601646845
39.27816997698051,-75.5968619479898
39.278163033848074,-75.59686707647629
39.278155003538735,-75.59687300799541
39.278146973228864,-75.59687893951333
39.278138942918474,-75.59688487103006
39.27813124615886,-75.59689055617102
39.27812396947289,-75.59689593102709
39.27811593916099,-75.59690186254042
39.27810790884857,-75.59690779405253
39.27810021208696,-75.5969134791891
39.27809218177349,-75.59691941069889
39.27808490508526,-75.59692478554966
39.27807687477079,-75.59693071705718
39.278069178007186,-75.59693640218936
39.278061147691695,-75.59694233369453
39.278053871001624,-75.59694770854112
39.27804584068513,-75.59695364004402
39.27803814391955,-75.5969593251718
39.278030113602014,-75.59696525667236
39.27802208328394,-75.59697118817175
39.2780148065916,-75.59697656301303
39.27800677627255,-75.59698249451013
39.277999079504454,-75.59698817963239
39.27799104918435,-75.59699411112716
39.277983018863736,-75.59700004262073
39.27797574216911,-75.59700541745673
39.277968045399035,-75.5970111025746
39.2779600150769,-75.59701703406475
39.27795198475424,-75.59702296555372
39.277943954431045,-75.59702889704147
39.27793701128573,-75.597034025499
39.27792898096156,-75.59703995698455
39.27792095063687,-75.5970458884689
39.27791292031165,-75.59705181995204
39.277905223537545,-75.59705750506103
39.27789794683835,-75.59706287988651
39.27788991651163,-75.59706881136624
39.27788188618436,-75.59707474284481
39.27787418940828,-75.59708042794938
39.277866159079984,-75.59708635942559
39.27785888237851,-75.5970917342458
39.27785085204922,-75.59709766571973
39.27784315527114,-75.59710335081992
39.27783512494081,-75.59710928229151
39.277827848237514,-75.59711465710754
39.27781981790619,-75.59712058857686
39.27781212112613,-75.59712627367266
39.277804090793765,-75.59713220513964
39.27779606046088,-75.59713813660544
39.2777887837553,-75.59714351141616
39.27778108697324,-75.59714919650757
39.27777305663885,-75.59715512796996
39.277765026303925,-75.59716105943113
39.277756995968474,-75.59716699089113
39.277750052812486,-75.59717211932468
39.277742022476055,-75.59717805078245
39.27773399213908,-75.59718398223903
39.27772596180161,-75.59718991369442
39.27771826501553,-75.59719559877693
39.27771098830537,-75.59720097357715
39.27770295796638,-75.5972069050291
39.27769492762686,-75.59721283647986
39.277687230838794,-75.597218521558
39.277679200498234,-75.59722445300643
39.27767192378581,-75.59722982780136
39.27766389344425,-75.59723575924752
39.27765586310217,-75.59724169069248
39.2776481663116,-75.5972473757651
39.27764088959735,-75.5972527505558
39.277632859253764,-75.59725868199735
39.277624828909644,-75.59726461343772
39.27761713211709,-75.59727029850592
39.27760910177194,-75.59727622994394
39.27760182505539,-75.59728160472937
39.27759379470923,-75.59728753616513
39.27758609791471,-75.59729322122894
39.27757806756751,-75.59729915266236
39.27757003721978,-75.59730508409459
39.27756276050097,-75.59731045887473
39.27755506370445,-75.59731614393415
39.27754703335522,-75.59732207536295
39.27753904337211,-75.5973280960491
39.27753105305241,-75.59733411748647
39.27752380883764,-75.59733957666407
39.2775161554297,-75.5973453442047
39.27750816510843,-75.59735136563863
39.277500174786645,-75.59735738707137
39.277492930570006,-75.59736284624476
39.277484940247184,-75.5973688676752
39.27747694992381,-75.59737488910444
39.277468959599915,-75.59738091053251
39.277462052294254,-75.59738611580754
39.27745406196933,-75.59739213723336
39.27744607164386,-75.59739815865798
39.27743808131785,-75.59740418008141
39.27743083709747,-75.5974096392463
39.277422846770435,-75.59741566066741
39.27741519335579,-75.59742142819363
39.27740720302768,-75.59742744961241
39.27739995880543,-75.59743290877309
39.27739196847631,-75.59743893018958
39.27738397814663,-75.59744495160488
39.277375987816406,-75.597450973019
39.27736908050529,-75.59745617828199
39.277361090174054,-75.59746219969385
39.27735309984229,-75.59746822110453
39.277345109509966,-75.597474242514
39.27733786528396,-75.59747970166617
39.27732987495062,-75.59748572307336
39.27732222152983,-75.5974914905863
39.277314231195405,-75.59749751199114
39.277306986967524,-75.5975029711391
39.27729899663209,-75.59750899254163
39.27729100629611,-75.597515013943
39.2772830159596,-75.59752103534314
39.27727577172983,-75.59752649448683
39.27726811830544,-75.59753226199204
39.277260127967374,-75.59753828338874
39.27725213762876,-75.59754430478428
39.277244893397125,-75.59754976392374
39.27723690305748,-75.59755578531696
39.27722891271729,-75.597561806709
39.27722125928981,-75.59756757420752
39.277214015056295,-75.59757303334275
39.27720602471456,-75.59757905473136
39.27719803437227,-75.59758507611876
39.277190044029446,-75.59759109750496
39.27718279979405,-75.59759655663592
39.27717514636352,-75.59760232412786
39.27716715601914,-75.59760834551064
39.27715916567422,-75.5976143668922
39.277151921436946,-75.59761982601896
39.277143931091,-75.59762584739823
39.2771359407445,-75.59763186877632
39.27712795039747,-75.5976378901532
39.27712104307174,-75.5976430953841
39.277113052723685,-75.59764911675875
39.27710506237509,-75.5976551381322
39.27709707202596,-75.59766115950445
39.27708982778495,-75.5976666186227
39.277081837434785,-75.59767263999268
39.27707418399758,-75.59767840747018
39.27706619364635,-75.59768442883781
39.27705894940344,-75.59768988795184
39.27705095905119,-75.59769590931718
39.277042968698396,-75.59770193068131
39.27703497834506,-75.59770795204425
39.277028071013845,-75.59771315726309
39.2770200806595,-75.5977191786238
39.277012090304595,-75.5977251999833
39.27700409994917,-75.59773122134159
39.276996855702514,-75.59773668044714
39.27698886534605,-75.59774270180317
39.27698121190268,-75.5977484692674
39.276973221545155,-75.59775449062107
39.27696597729661,-75.5977599497224
39.27695798693806,-75.59776597107378
39.276949996578956,-75.59777199242397
39.27694200621933,-75.59777801377294
39.2769347619689,-75.59778347287
39.27692710852196,-75.59778924032652
39.276919124775056,-75.59779526019965
39.2769119867917,-75.59780097245607
39.27690412613612,-75.59780726303796
39.27689626547995,-75.59781355361862
39.27688878094804,-75.59781954319996
39.276880920290736,-75.59782583377826
39.27687378230483,-75.59783154602928
39.276865921646404,-75.59783783660528
39.27685806098739,-75.59784412718005
39.27685092299994,-75.59784983942787
39.2768430623398,-75.59785613000034
39.27683592435135,-75.59786184224603
39.27682806369009,-75.59786813281619
39.27682020302824,-75.59787442338514
39.27681306503826,-75.5978801356276
39.27680485782813,-75.59788670352171
39.27679771983713,-75.59789241576202
39.27678985917302,-75.59789870632628
39.27678199850831,-75.59790499688933
39.2767748605158,-75.59791070912642
39.27676699984998,-75.59791699968714
39.27675913918356,-75.59792329024667
39.276752001189514,-75.59792900248056
39.27674414052196,-75.59793529303776
39.27673700252692,-75.59794100526952
39.27672914185827,-75.59794729582441
39.27672128118902,-75.59795358637811
39.2767137966451,-75.59795957593339
39.27670593597471,-75.5979658664847
39.27669879797711,-75.59797157871108
39.27669093730561,-75.59797786926009
39.2766830766335,-75.59798415980788
39.27667593863438,-75.59798987203102
39.276668077961155,-75.59799616257652
39.276660939961026,-75.59800187479756
39.27665307928669,-75.59800816534072
39.276645218611755,-75.59801445588268
39.2766380806101,-75.5980201681005
39.27663021993404,-75.59802645864015
39.27662273538386,-75.59803244818188
39.27661487470668,-75.59803873871915
39.2766070140289,-75.5980450292552
39.2765998760247,-75.59805074146765
39.276592015345784,-75.59805703200139
39.276584877340575,-75.59806274421172
39.27657701666055,-75.59806903474315
39.27656915597995,-75.59807532527337
39.276562017973205,-75.59808103748048
39.27655415729147,-75.59808732800839
39.27654701928372,-75.59809304021339
39.276538812053204,-75.59809960806435
39.27653095136973,-75.59810589858867
39.27652381336044,-75.5981116107904
39.276515952675865,-75.5981179013124
39.27650809199069,-75.59812419183321
39.27650095397988,-75.59812990403171
39.276493093293574,-75.5981361945502
39.27648595528176,-75.59814190674659
39.27647809459434,-75.59814819726277
39.27647023390634,-75.59815448777772
39.27646309589298,-75.5981601999709
39.276455235203855,-75.59816649048356
39.27644775064165,-75.59817247999926
39.276439889951384,-75.59817877050953
39.27643202926053,-75.59818506101861
39.27642489124462,-75.5981907732064
39.27641703055266,-75.59819706371316
39.27640989253575,-75.59820277589883
39.27640203184266,-75.59820906640327
39.27639417114897,-75.5982153569065
39.27638703313053,-75.59822106908895
39.276379172435725,-75.59822735958988
39.276372034416305,-75.59823307177021
39.276363827172354,-75.5982396395928
39.27635596647581,-75.59824593009016
39.27634882845484,-75.5982516422672
39.27634096775718,-75.59825793276224
39.2763338297352,-75.59826364493719
39.27632596903642,-75.5982699354299
39.27631810833705,-75.5982762259214
39.27631097031354,-75.59828193809312
39.276303109613046,-75.59828822858233
39.27629597158854,-75.59829394075196
39.276288110886924,-75.59830023123882
39.27628019965644,-75.59830642577833
39.27627302049705,-75.59831204371108
39.27626510977956,-75.59831823411096
39.276257199061504,-75.59832442450963
39.27625001990062,-75.59833004243917
39.276242109181474,-75.59833623283554
39.276234198461765,-75.5983424232307
39.2762270192994,-75.59834804115704
39.276219108578594,-75.5983542315499
39.27621119785723,-75.59836042194154
39.276204018693385,-75.59836603986467
39.276196107970925,-75.59837223025401
39.27618819724789,-75.59837842064216
39.27618101808256,-75.59838403856207
39.276173107358446,-75.5983902289479
39.27616592819216,-75.59839584686573
39.276158017466955,-75.59840203724926
39.27615010674117,-75.59840822763157
39.27614292757339,-75.59841384554619
39.27613501684653,-75.59842003592618
39.276127106119105,-75.59842622630501
39.276119926949846,-75.5984318442164
39.27611201622133,-75.59843803459289
39.27610410549224,-75.5984442249682
39.27609692632149,-75.59844984287639
39.27608901559131,-75.59845603324939
39.27608110486057,-75.59846222362115
39.27607392568835,-75.59846784152614
39.27606601495651,-75.59847403189562
39.276058104224106,-75.59848022226389
39.27605092505041,-75.59848584016568
39.27604301431691,-75.59849203053165
39.27603510358284,-75.59849822089639
39.276027924407664,-75.59850383879498
39.276020013672515,-75.59851002915742
39.27601283449636,-75.5985156470539
39.27600492376013,-75.59852183741404
39.27599701302331,-75.59852802777297
39.275989833845685,-75.59853364566625
39.27598192310779,-75.59853983602287
39.2759740123693,-75.59854602637829
39.275966833190196,-75.59855164426834
39.27595892245065,-75.59855783462147
39.27595101171053,-75.59856402497337
39.275943832529926,-75.59856964286024
39.27593592178872,-75.59857583320984
39.27592801104693,-75.59858202355824
39.275920831864845,-75.5985876414419
39.275912921121986,-75.59859383178798
39.275905010378544,-75.59860002213286
39.27589783119498,-75.5986056400133
39.275889920450446,-75.59861183035589
39.275882741265924,-75.59861744823424
39.27587483052032,-75.5986236385745
39.275866919774124,-75.59862982891356
39.275859740588125,-75.5986354467887
39.275851829840846,-75.59864163712545
39.27584391909301,-75.59864782746101
39.275836739905515,-75.59865344533293
39.27582882915659,-75.59865963566618
39.27582091840709,-75.59866582599821
39.275814082261704,-75.59867117542802
39.275806171511135,-75.59867736575782
39.27579826075999,-75.59868355608641
39.275791081569544,-75.598689173952
39.27578317081732,-75.59869536427827
39.27577526006452,-75.59870155460334
39.27576808087259,-75.5987071724657
39.27576017011871,-75.59871336278847
39.275752259364246,-75.59871955311003
39.27574508017083,-75.59872517096919
39.275737169415294,-75.59873136128844
39.27572999022092,-75.5987369791455
39.27572207946429,-75.59874316946244
39.27571416870709,-75.59874935977818
39.27570698951123,-75.59875497763204
39.275699078752936,-75.59876116794547
39.275691167994076,-75.5987673582577
39.27568398879673,-75.59877297610835
39.27567607803679,-75.59877916641827
39.275668167276265,-75.59878535672699
39.27566098807745,-75.59879097457443
39.275653068027815,-75.59879714571844
39.2756451475974,-75.5988033161598
39.275637960467314,-75.59880891531932
39.27563004003581,-75.59881508575839
39.27562211960374,-75.59882125619625
39.275614932472195,-75.59882685535257
39.275607012039046,-75.59883302578812
39.27559909160532,-75.59883919622249
39.27559117117104,-75.59884536665562
39.275583984037496,-75.59885096580766
39.27557606360213,-75.5988571362385
39.2755681431662,-75.59886330666812
39.2755609560312,-75.59886890581693
39.27555303559418,-75.59887507624427
39.275545115156596,-75.59888124667039
39.27553792802012,-75.598886845816
39.275530007581466,-75.59889301623983
39.27552208714224,-75.59889918666244
39.27551490000428,-75.59890478580485
39.27550697956398,-75.59891095622515
39.275499059123106,-75.59891712664425
39.27549113868166,-75.59892329706214
39.27548395154173,-75.59892889620025
39.2754760310992,-75.59893506661585
39.2754681106561,-75.59894123703025
39.275460923514714,-75.59894683616514
39.27545300307053,-75.59895300657722
39.275445082625794,-75.59895917698809
39.27543789548292,-75.5989647761198
39.2754299750371,-75.59897094652837
39.27542205459072,-75.59897711693573
39.27541413414376,-75.5989832873419
39.275406946998906,-75.5989888864693
39.27539902655087,-75.59899505687315
39.27539110610226,-75.5990012272758
39.27538391895595,-75.59900682639999
39.27537599850626,-75.59901299680034
39.275368078056005,-75.59901916719947
39.2753608909082,-75.59902476632048
39.27535297045688,-75.59903093671731
39.27534505000499,-75.59903710711293
39.27533786285571,-75.59904270623072
39.275329942402735,-75.59904887662404
39.27532202194919,-75.59905504701617
39.27531410149507,-75.59906121740708
39.27530691434382,-75.59906681652056
39.275298993888626,-75.59907298690918
39.275291073432875,-75.59907915729657
39.27528388628016,-75.59908475640685
39.275275965823305,-75.59909092679196
39.275268045365905,-75.59909709717586
39.275260858211716,-75.59910269628293
39.27525293775322,-75.59910886666451
39.27524501729416,-75.5991150370449
39.275237830138494,-75.59912063614877
39.27522990967836,-75.59912680652684
39.275221989217656,-75.59913297690373
39.27521406875639,-75.59913914727939
39.27520688159875,-75.59914474637895
39.2751989611364,-75.59915091675231
39.27519104067346,-75.59915708712448
39.275183853514356,-75.59916268622085
39.27517593305035,-75.5991688565907
39.27516801258579,-75.59917502695933
39.275160825425196,-75.5991806260525
39.27515290495955,-75.59918679641885
39.27514498449333,-75.59919296678399
39.27513779733126,-75.59919856587395
39.27512987686398,-75.59920473623677
39.27512195639611,-75.5992109065984
39.2751140359277,-75.59921707695881
39.27510684876365,-75.59922267604449
39.27509892829413,-75.5992288464026
39.27509100782406,-75.5992350167595
39.275083820658544,-75.59924061584196
39.275075900187375,-75.59924678619657
39.27506797971565,-75.59925295654996
39.27506079254867,-75.59925855562922
39.27505287207587,-75.59926472598032
39.275044951602496,-75.5992708963302
39.275037031128555,-75.59927706667888
39.275029843959594,-75.59928266575383
39.275021947683776,-75.59928888923959
39.27501478158877,-75.59929453759433
39.27500688678877,-75.59930076031672
39.27499899198818,-75.59930698303789
39.274991825891675,-75.59931263138944
39.27498393108999,-75.59931885410829
39.274976036287725,-75.59932507682596
39.274968870189724,-75.5993307251743
39.274960975386364,-75.59933694788964
39.27495308058242,-75.59934317060379
39.27494591448293,-75.5993488189489
39.2749380196779,-75.59935504166073
39.27493085357742,-75.59936069000375
39.27492295877128,-75.59936691271328
39.27491506396458,-75.59937313542159
39.2749078978626,-75.5993787837614
39.274900003054796,-75.5993850064674
39.274892108246405,-75.59939122917221
39.27488494214293,-75.5993968775088
39.27487704733345,-75.59940310021129
39.27486988122901,-75.59940874854577
39.274861986418415,-75.59941497124595
39.27485409160726,-75.59942119394493
39.274846925501315,-75.5994268422762
39.27483903068905,-75.59943306497287
39.27483079168191,-75.59943955896242
39.27482362557446,-75.59944520729043
39.27481573076051,-75.5994514299835
39.274807835945985,-75.5994576526754
39.27480066983702,-75.59946330100021
39.2747927750214,-75.59946952368978
39.27478560891148,-75.59947517201246
39.274777714094746,-75.59948139469974
39.27476981927745,-75.59948761738579
39.274762653166015,-75.59949326570528
39.27475475834762,-75.59949948838903
39.27474686352865,-75.59950571107157
39.27473969741572,-75.59951135938783
39.27473180259565,-75.59951758206807
39.27472463648174,-75.59952323038223
39.27471674166058,-75.59952945306016
39.274708846838834,-75.59953567573687
39.274701680723425,-75.59954132404783
39.27469378590058,-75.59954754672225
39.274685891077176,-75.59955376939543
39.27467872496027,-75.59955941770318
39.27467083013575,-75.59956564037408
39.274662935310644,-75.59957186304376
39.27465576919224,-75.5995775113483
39.27464787436605,-75.59958373401567
39.274640708246665,-75.5995893823181
39.27463281341938,-75.59959560498318
39.27462491859151,-75.59960182764704
39.274617752470625,-75.59960747594624
39.274609857641664,-75.59961369860781
39.27460196281213,-75.59961992126814
39.27459479668974,-75.59962556956415
39.27458655766436,-75.59963206351438
39.27457939154099,-75.59963771180823
39.274571496709235,-75.59964393446388
39.27456360187691,-75.59965015711835
39.27455643575204,-75.59965580540897
39.274548540918616,-75.59966202806113
39.2745406460846,-75.59966825071207
39.27453347995824,-75.5996738989995
39.27452558512313,-75.59968012164812
39.2745184189958,-75.59968576993344
39.2745097954512,-75.59969256694178
39.27450155641945,-75.59969906087834
39.27449366158203,-75.59970528352207
39.27448503803543,-75.59971208052629
39.274476799001825,-75.59971857445888
39.274468904162575,-75.59972479709882
39.27446100932275,-75.59973101973756
39.2744547105381,-75.59974070132925
39.274448598629725,-75.5997505858606
39.274442864211025,-75.59975985989105
39.27443675230041,-75.59976974442009
39.274430640388644,-75.59977962894787
39.274424905966704,-75.59978890297509
39.27441879405269,-75.59979878750059
39.2744137788444,-75.59980819428787
39.274409815383194,-75.59981821839581
39.27440533143341,-75.59982955888303
39.27440136796998,-75.59983958298959
39.2743974045055,-75.59984960709548
39.27439344103999,-75.59985963120069
39.274389163987735,-75.5998704484027
39.27438520052007,-75.59988047250646
39.27438103014868,-75.59989101989198
39.27437706667885,-75.59990104399445
39.27437306137993,-75.59991202976629
39.2743701436322,-75.59992206965468
39.27436697116625,-75.59993298601702
39.27436379869918,-75.59994390237877
39.274360626230965,-75.59995481873989
39.27435770847911,-75.59996485862627
39.274354412482815,-75.59997620003455
39.27435124001121,-75.59998711639408
39.274348067538476,-75.59999803275296
39.274344895064615,-75.60000894911128
39.274341977307515,-75.6000189889952
39.27433880483147,-75.6000299053524
39.274335632354294,-75.60004082170897
39.27433250000001,-75.6000516
39.27433065416957,-75.60006290578207
39.27432884956992,-75.60007395901685
39.27432704496918,-75.60008501225141
39.27432524036735,-75.60009606548572
39.27432347835011,-75.60010685788153
39.27432167374612,-75.60011791111523
39.27431986914103,-75.6001289643487
39.27431806453485,-75.60014001758191
39.274316259927566,-75.60015107081493
39.27431434159266,-75.60016282062276
39.27431238067058,-75.60017483126909
39.2743104197472,-75.60018684191508
39.27430845882255,-75.60019885256074
39.274306654209454,-75.60020990579221
39.27430469328232,-75.60022191643723
39.27430273235389,-75.60023392708192
39.27430077142417,-75.60024593772627
39.27429881049318,-75.60025794837028
39.27429684956088,-75.60026995901396
39.27429504494074,-75.60028101224378
39.274292071099744,-75.60029203312234
39.27428876130545,-75.60030388880233
39.27428569855431,-75.6003148595692
39.27428263580202,-75.60032583033549
39.2742795730486,-75.60033680110125
39.27427651029402,-75.60034777186644
39.27427333245043,-75.60035915487481
39.27427026969349,-75.60037012563902
39.274267206935406,-75.60038109640264
39.27426414417618,-75.60039206716574
39.27425941345299,-75.60040137479653
39.274254123731254,-75.60041111216282
39.27424919800067,-75.60042017948832
39.27424390827689,-75.60042991685265
39.27423865258391,-75.60043959156987
39.274233362857984,-75.60044932893223
39.274228437123426,-75.60045839625421
39.27422314739545,-75.60046813361463
39.2742180128292,-75.60047701572977
39.274211690438754,-75.6004856204502
39.2742052806556,-75.60049434410892
39.274199344799385,-75.600502422755
39.27419302240621,-75.60051102747202
39.2741870865483,-75.60051910611602
39.274180764153364,-75.60052771083076
39.27417482829376,-75.60053578947267
39.274168418504914,-75.60054451312485
39.27416209610725,-75.60055311783618
39.27415616024505,-75.60056119647494
39.27414977014496,-75.60056960019448
39.274142020219585,-75.60057703516958
39.274134914809075,-75.60058385182049
39.2741278093979,-75.60059066847026
39.27412005947031,-75.60059810344156
39.274112954057784,-75.60060492008897
39.274105848644616,-75.6006117367352
39.27409809871478,-75.6006191717027
39.27409099330024,-75.60062598834658
39.27408324336889,-75.60063342331149
39.27407613795301,-75.60064023995298
39.27406901512877,-75.60064703111689
39.274061186120974,-75.60065338281419
39.27405372557986,-75.6006594355718
39.27404589657091,-75.60066578726672
39.27403806756136,-75.60067213896042
39.27403095568084,-75.60067790884419
39.27402312667015,-75.60068426053559
39.27401601478861,-75.60069003041724
39.27400818577676,-75.60069638210632
39.27400072523193,-75.60070243485599
39.27399289621892,-75.60070878654268
39.27398506720533,-75.60071513822817
39.273977955321186,-75.60072090810444
39.2739702,-75.6007272
39.273974745078995,-75.60073719346637
39.273979490604646,-75.60074762766709
39.273984154621346,-75.60075788265377
39.273988818636894,-75.60076813764124
39.27399322605563,-75.60077782844047
39.27399789006893,-75.60078808342953
39.27400289218451,-75.60079908182395
39.27400729960009,-75.60080877262578
39.27401196360996,-75.60081902761733
39.27401662761864,-75.60082928260968
39.2740213731343,-75.60083971681895
39.274026037140686,-75.60084997181299
39.274030701145925,-75.60086022680782
39.27403510855525,-75.60086991761473
39.274039772558254,-75.60088017261117
39.2740445180684,-75.60089060682517
39.27404918206911,-75.6009008618233
39.27405384606866,-75.60091111682223
39.27405825347279,-75.60092080763339
39.27406291747011,-75.60093106263392
39.27406787058417,-75.60094209436315
39.27407215086095,-75.60095189000023
39.27407667276004,-75.6009622386059
39.27408095303475,-75.60097203424455
39.274085233308455,-75.600981829884
39.274089755204194,-75.60099217849194
39.27409403547583,-75.60100197413294
39.27409888874717,-75.60101308111955
39.27410316901667,-75.60102287676222
39.27410744928517,-75.6010326724057
39.27411197117521,-75.60104302101747
39.274116251441626,-75.6010528166625
39.2741207733294,-75.60106316527576
39.27412505359375,-75.60107296092238
39.27412957547925,-75.60108330953715
39.27413385574152,-75.60109310518531
39.27413846738009,-75.60110365921236
39.27414298926216,-75.60111400782942
39.2741472695213,-75.60112380348008
39.27415179140111,-75.60113415209865
39.27415607165817,-75.60114394775087
39.27416059353572,-75.60115429637094
39.274164873790696,-75.60116409202473
39.27416915404468,-75.60117388767931
39.27417400729562,-75.60118499468045
39.27417828754747,-75.6011947903367
39.27418280941932,-75.6012051389606
39.274187089669084,-75.60121493461841
39.27419136991786,-75.60122473027704
39.27419589178636,-75.60123507890319
39.274200172033055,-75.60124487456338
39.27420469389928,-75.60125522319102
39.274208974143896,-75.60126501885277
39.27421382738404,-75.60127612586157
39.27421810762651,-75.60128592152499
39.274222387867994,-75.60129571718922
39.27422690972852,-75.6013060658207
39.274231189967935,-75.60131586148648
39.27423571182621,-75.60132621011945
39.27423999206353,-75.6013360057868
39.27424427229987,-75.60134580145498
39.27424912553042,-75.6013569084706
39.274253405764625,-75.60136670414046
39.27425792761719,-75.60137705277725
39.274262207849304,-75.60138684844866
39.27426672969962,-75.60139719708694
39.27427100992965,-75.60140699275988
39.274275290158705,-75.60141678843365
39.27427981200565,-75.6014271370742
39.27428409223262,-75.60143693274952
39.27428894545236,-75.60144803977285
39.27429322567719,-75.60145783544984
39.27429774751953,-75.60146818409345
39.27430202774228,-75.60147797977201
39.27430630796404,-75.60148777545139
39.27431082980303,-75.60149812409725
39.27431511002271,-75.60150791977817
39.27431963185943,-75.60151826842552
39.27432424345156,-75.60152882249008
39.27432852366811,-75.60153861817349
39.27433304550141,-75.6015489668232
39.27433732571588,-75.60155876250816
39.2743418475469,-75.60156911115934
39.27434612775929,-75.60157890684589
39.27435064958805,-75.60158925549855
39.274354929798356,-75.60159905118664
39.27435921000768,-75.60160884687554
39.274364063207024,-75.6016199539134
39.27436834341421,-75.60162974960396
39.274372865237275,-75.60164009826048
39.27437714544237,-75.60164989395261
39.27438142564648,-75.60165968964554
39.2743859474662,-75.60167003830432
39.27439022766823,-75.60167983399883
39.27439474948567,-75.60169018265907
39.27439936105904,-75.60170073673885
39.27440388287415,-75.60171108540067
39.27440816307195,-75.6017208810984
39.27441244326877,-75.60173067679693
39.274416965080526,-75.60174102546104
39.27442124527527,-75.60175082116113
39.27442576708475,-75.6017611698267
39.27443004727742,-75.60177096552837
39.27443432746908,-75.60178076123084
39.27443918064804,-75.60179186828323
39.27444346083757,-75.60180166398737
39.274447982641355,-75.60181201265677
39.27445226282881,-75.60182180836247
39.274456784630324,-75.60183215703339
39.27446106481571,-75.60184195274067
39.27446534500008,-75.60185174844875
39.27446986679825,-75.6018620971219
39.274474146980545,-75.60187189283154
39.27447900014869,-75.6018829998916
39.274483280328845,-75.6018927956029
39.274487802122415,-75.60190314427912
39.27449208230048,-75.60191293999199
39.27449636247757,-75.60192273570567
39.27450088426779,-75.60193308438416
39.27450516444279,-75.60194288009939
39.27450968623073,-75.60195322877935
39.274514297775376,-75.60196378288235
39.27451857794726,-75.60197357860007
39.27452309973178,-75.60198392728236
39.27452737990157,-75.60199372300166
39.27453190168382,-75.60200407168544
39.274536181851545,-75.6020138674063
39.27454070363152,-75.60202421609158
39.27454498379717,-75.602034011814
39.274549263961816,-75.60204380753723
39.27455411710956,-75.60205491461177
39.274558397272074,-75.60206471033668
39.27456291904635,-75.6020750590258
39.27456719920679,-75.60208485475223
39.27457147936623,-75.6020946504795
39.274576001137156,-75.60210499917086
39.27458028129452,-75.60211479489968
39.274584803063185,-75.60212514359254
39.27458941458906,-75.60213569771074
39.274593936355394,-75.60214604640518
39.27459821650852,-75.60215584213722
39.27460249666068,-75.60216563787007
39.27460701842365,-75.60217598656676
39.274611298573724,-75.6021857823012
39.274615820334425,-75.60219613099939
39.274620100482416,-75.60220592673537
39.27462462224085,-75.60221627543504
39.27462923375677,-75.60222682956127
39.274633513901634,-75.60223662529972
39.27463803565664,-75.60224697400174
39.27464231579942,-75.60225676974176
39.27464683755216,-75.60226711844527
39.27465111769287,-75.60227691418686
39.27465539783258,-75.60228670992926
39.274659919581964,-75.60229705863499
39.27466453108908,-75.6023076127684
39.274669052836124,-75.60231796147573
39.274673332971616,-75.60232775722136
39.274677854716394,-75.60233810593019
39.27468213484981,-75.60234790167739
39.274686414982234,-75.60235769742539
39.27469093672366,-75.60236804613646
39.274695216854006,-75.60237784188604
39.274699738593156,-75.6023881905986
39.27470435009031,-75.60239874474003
39.274708630217525,-75.60240854049204
39.27471315195326,-75.60241888920696
39.27471743207839,-75.60242868496056
39.274721953811856,-75.60243903367696
39.2747262339349,-75.60244882943212
39.274730755666106,-75.60245917815001
39.274735035787074,-75.60246897390674
39.274739647275425,-75.60247952805534
39.2747441690032,-75.60248987677558
39.27474844912104,-75.60249967253478
39.27475297084654,-75.60251002125649
39.27475725096231,-75.60251981701725
39.274761772685544,-75.60253016574049
39.27476605279924,-75.60253996150281
39.27477033291191,-75.60254975726595
39.27477485463181,-75.60256010599142
39.27477946611019,-75.60257066014803
39.27478398782773,-75.60258100887509
39.27478826793621,-75.60259080464147
39.27479254804369,-75.60260060040862
39.27479706975788,-75.60261094913791
39.274801349863274,-75.60262074490666
39.274805871575204,-75.60263109363746
39.27481015167853,-75.60264088940777
39.274814630081224,-75.60265126637047
39.274818870511204,-75.60266109324206
39.2748231109402,-75.6026709201144
39.27482791764837,-75.60268205929958
39.274832158075185,-75.60269188617357
39.27483639850102,-75.60270171304833
39.274840875988,-75.60271208929825
39.27484511641175,-75.60272191617456
39.274849593896434,-75.60273229242591
39.27485383431807,-75.60274211930376
39.27485840395603,-75.60275270912062
39.274862881437286,-75.60276308537426
39.27486712185577,-75.60277291225452
39.27487136227325,-75.60278273913556
39.27487583975115,-75.6027931153914
39.27488008016654,-75.60280294227398
39.27488455764214,-75.60281331853128
39.27488879805546,-75.60282314541539
39.27489336768454,-75.6028337352393
39.2748978451567,-75.6028441114989
39.27490208556685,-75.60285393838541
39.274906325976005,-75.60286376527273
39.2749108034448,-75.60287414153451
39.27491504385187,-75.60288396842337
39.274919521318374,-75.60289434468662
39.27492409093964,-75.60290493451667
39.27492833134356,-75.60291476140792
39.274932808806625,-75.60292513767345
39.274937049208454,-75.60293496456627
39.27494128960927,-75.60294479145986
39.27494576706896,-75.60295516772757
39.27495000746769,-75.60296499462271
39.27495481414094,-75.60297613383223
39.27495905453752,-75.60298596072899
39.274963294933094,-75.60299578762654
39.27496777238705,-75.60300616389799
39.274972012780545,-75.60301599079706
39.27497625317304,-75.60302581769695
39.274980730623625,-75.60303619397061
39.27498497101403,-75.60304602087203
39.274989777677646,-75.60305716008823
39.27499401806589,-75.60306698699125
39.27499825845313,-75.60307681389507
39.275002735898,-75.60308719017249
39.27500697628316,-75.60309701707784
39.2750112166673,-75.60310684398397
39.2750156941088,-75.60311722026358
39.27502026370571,-75.60312781011302
39.27502474114487,-75.60313818639418
39.27502898152478,-75.6031480133035
39.275033221903676,-75.60315784021357
39.27503769933946,-75.60316821649693
39.275041939716274,-75.60317804340856
39.27504618009209,-75.60318787032098
39.275050986738876,-75.60319900954894
39.275055227112546,-75.603208836463
39.275059704542585,-75.60321921275009
39.27506394491416,-75.60322903966566
39.27506818528474,-75.60323886658203
39.275072662711416,-75.60324924287133
39.27507690307989,-75.60325906978922
39.275081472661306,-75.60326965965102
39.275085950084545,-75.60328003594259
39.27509019044987,-75.60328986286291
39.275094667870825,-75.60330023915594
39.275098908234064,-75.6033100660778
39.2751031485963,-75.60331989300045
39.27510762601389,-75.60333026929567
39.27511186637404,-75.60334009621987
39.275116435946586,-75.60335068608867
39.27512091336072,-75.6033610623862
39.27512515371771,-75.60337088931279
39.27512963112957,-75.60338126561176
39.27513387148447,-75.6033910925399
39.27513811183837,-75.60340091946883
39.275142146216,-75.60341292833276
39.27514560485236,-75.60342470353392
39.27514918933605,-75.60343690719768
39.275152773818256,-75.60344911086206
39.27515402372601,-75.60346099589259
39.27515526430454,-75.60347295424415
39.275156504881814,-75.60348491259602
39.275157865011515,-75.60349802336887
39.275158921463415,-75.60351000140548
39.27515905012805,-75.60352199910292
39.275159168069564,-75.60353299699231
39.27515929673184,-75.60354499468987
39.27515942539289,-75.60355699238751
39.275159543522975,-75.60356800816866
39.275159672181665,-75.60358000586626
39.27515885253065,-75.60359197776096
39.27515785837871,-75.60360297864284
39.27515677507039,-75.60361496607953
39.27515569176084,-75.603626953516
39.27515469760555,-75.60363795439734
39.2751536142936,-75.60364994183341
39.27515155791668,-75.6036618720278
39.275149432374896,-75.60367412516194
39.275147519821,-75.60368515047551
39.27514544209081,-75.60369712797458
39.275143364359344,-75.60370910547329
39.2751410434916,-75.60372102053275
39.27513794465172,-75.6037319738696
39.2751345962327,-75.60374380937796
39.27513112998435,-75.60375606136678
39.27512803114082,-75.60376701470184
39.27512468271787,-75.60377885020817
39.275121126353,-75.60379108036179
39.27511727822138,-75.60380117695163
39.27511362519748,-75.60381076162172
39.27510977706383,-75.60382085821026
39.275105928929136,-75.60383095479817
39.27510208079338,-75.60384105138546
39.27509690842626,-75.60385091411848
39.27509115723478,-75.60386114746109
39.275085751193835,-75.60387076665953
39.27508036802833,-75.60388034515186
39.27507391176127,-75.60388888632511
39.27506732489033,-75.60389741854499
39.275060849593466,-75.60390580623644
39.27505426272062,-75.60391433845399
39.275047787422,-75.60392272614303
39.275041400000006,-75.603931
39.27503387351979,-75.60393776518677
39.27502697947923,-75.60394396190276
39.27501904872829,-75.60395109046512
39.27501179175916,-75.60395761339637
39.275004223934225,-75.60396441573877
39.27499696696387,-75.6039709386677
39.274989036210165,-75.60397806722496
39.27498214216601,-75.60398426393432
39.27497421141093,-75.60399139248906
39.274966954438085,-75.6039979154133
39.274960060392154,-75.6040041121194
39.274952129635054,-75.60401124067039
39.27494487266039,-75.60401776359113
39.274937304829464,-75.60402456592277
39.274930047853545,-75.60403108884121
39.27492211709368,-75.60403821738711
39.274914860116546,-75.60404474030315
39.274907292282926,-75.60405154262997
39.27490003530454,-75.6040580655437
39.27489277832556,-75.60406458845627
39.27488521048997,-75.60407139077955
39.27487795350977,-75.60407791368979
39.2748700227451,-75.60408504222683
39.2748631286914,-75.60409123891861
39.274855197925376,-75.60409836745313
39.27484794094268,-75.60410489035868
39.27484099057647,-75.6041109765924
39.27483200522282,-75.60411701297323
39.27482412386835,-75.6041223076835
39.27481592563234,-75.60412781527398
39.27480804427698,-75.60413310998209
39.27479984604008,-75.60413861757031
39.27479196468385,-75.60414391227624
39.274783766446056,-75.6041494198622
39.27477509796999,-75.6041552433532
39.27476721661241,-75.6041605380558
39.27475901837321,-75.60416604563827
39.274751137014746,-75.60417134033868
39.27474293877466,-75.60417684791891
39.27473505741531,-75.60418214261715
39.274726859174336,-75.6041876501951
39.27471819069481,-75.60419347367768
39.27470999245287,-75.60419898125326
39.27470211109172,-75.60420427594707
39.27469391284889,-75.60420978352037
39.274686031486866,-75.60421507821202
39.27467783324314,-75.60422058578305
39.27466995188022,-75.60422588047254
39.274661753635606,-75.6042313880413
39.27465312320345,-75.60423723855214
39.27464577754591,-75.60424356927425
39.2746380972846,-75.60425018836685
39.274630059634326,-75.6042571154667
39.2746230713633,-75.6042631381769
39.27461503371173,-75.60427006527422
39.27460699605948,-75.60427699237017
39.27460000778674,-75.60428301507703
39.27459197013319,-75.60428994217048
39.2745849818593,-75.60429596487515
39.274576944204455,-75.60430289196609
39.274569263937344,-75.60430951104777
39.274561918273314,-75.60431584175697
39.27455388061647,-75.60432276884404
39.27454620034742,-75.60432938792209
39.2745388546816,-75.60433571862772
39.274531174411315,-75.60434233770337
39.27452313675182,-75.6043492647853
39.27451579108421,-75.60435559548739
39.27450811081197,-75.60436221455937
39.274500073150485,-75.60436914163745
39.274493063583584,-75.6043751275558
39.27448494184186,-75.60438188332826
39.27447787936359,-75.60438775798981
39.27447010999077,-75.60439422065382
39.274461988247175,-75.60440097642251
39.27445492576726,-75.60440685108077
39.27444715639261,-75.60441331374118
39.27444009391164,-75.60441918839732
39.2744319721656,-75.60442594416106
39.27442490968355,-75.60443181881502
39.274417140306525,-75.60443828147072
39.274410077823426,-75.60444415612257
39.27440195607494,-75.60445091188134
39.274394893590745,-75.60445678653102
39.274387124211344,-75.604463249182
39.27437900246098,-75.604470004937
39.274371939975154,-75.60447587958338
39.27436417059393,-75.60448234223078
39.27435710810706,-75.60448821687503
39.274348986354255,-75.60449497262508
39.2743419238663,-75.60450084726715
39.27433415448269,-75.60450730990985
39.27432673962324,-75.60451347765456
39.274318970238426,-75.60451994029488
39.27431120085297,-75.604526402934
39.27430413836234,-75.60453227757066
39.27429601660521,-75.60453903331195
39.27428895411351,-75.60454490794643
39.27428118472567,-75.60455137058084
39.274273769862354,-75.60455753831751
39.274266000473325,-75.60456400094955
39.27425893797948,-75.60456987557971
39.274251168589274,-75.60457633820943
39.27424375372375,-75.60458250594155
39.27423598433234,-75.60458896856888
39.27422821494031,-75.60459543119498
39.27422080007311,-75.60460159892362
39.274213030679874,-75.60460806154737
39.274205968182265,-75.60461393616995
39.27419819878784,-75.60462039879135
39.274190783918456,-75.60462656651544
39.274183014522826,-75.60463302913448
39.274175952023086,-75.60463890375276
39.27416818262628,-75.60464536636947
39.274160060858065,-75.60465212208832
39.27415299835668,-75.60465799670332
39.27414522895806,-75.60466445931644
39.2741378140848,-75.6046706270325
39.274130044684966,-75.60467708964322
39.27412298218146,-75.60468296425391
39.27411521278045,-75.60468942686232
39.27410779790497,-75.60469559457384
39.27410002850275,-75.60470205717986
39.27409296599712,-75.60470793178625
39.274084844222784,-75.6047146874927
39.27407707481874,-75.60472115009514
39.27407001231146,-75.60472702469824
39.27406224290625,-75.60473348729835
39.274054828026905,-75.60473965500182
39.27404707459378,-75.60474612493917
39.2740400648338,-75.60475310859192
39.27403305507314,-75.6047600922435
39.27402604531179,-75.60476707589399
39.27401903554978,-75.60477405954332
39.27401202578708,-75.60478104319151
39.274005016023715,-75.60478802683856
39.27399800625966,-75.6047950104845
39.27398999509992,-75.60480299179271
39.27398298533441,-75.6048099754362
39.273975975568234,-75.60481695907855
39.27396896580138,-75.60482394271975
39.27396195603384,-75.60483092635981
39.273954946265626,-75.60483790999875
39.273947936496725,-75.60484489363654
39.273940926727164,-75.60485187727319
39.2739339169569,-75.60485886090872
39.27392690718598,-75.6048658445431
39.27391927038193,-75.60487345287059
39.27391226060958,-75.60488043650261
39.27390525083654,-75.60488742013351
39.273898241062824,-75.60489440376324
39.273890856924794,-75.6049017603591
39.27388384714969,-75.6049087439865
39.273876837373926,-75.60491572761275
39.27386982759749,-75.60492271123786
39.27386281782036,-75.60492969486184
39.27385580804255,-75.60493667848468
39.273848798264076,-75.6049436621064
39.273841161451635,-75.60495127042024
39.27383415167172,-75.60495825403959
39.27382714189113,-75.60496523765778
39.27382013210987,-75.60497222127486
39.27381312232792,-75.60497920489078
39.273806112545294,-75.60498618850559
39.27379910276199,-75.60499317211924
39.27379171861406,-75.60500052869794
39.27378470882938,-75.60500751230927
39.273777699044025,-75.60501449591942
39.273770062223946,-75.60502210422085
39.27376305243716,-75.60502908782865
39.273756042649694,-75.60503607143532
39.27374903286155,-75.60504305504084
39.27374202307272,-75.60505003864525
39.27373501328323,-75.6050570222485
39.273728003493055,-75.60506400585062
39.2737209937022,-75.60507098945159
39.27371398391066,-75.60507797305145
39.27370697411845,-75.60508495665016
39.27369933729078,-75.60509256493921
39.27369232749713,-75.60509954853556
39.273684943338516,-75.60510690509584
39.27367793354349,-75.60511388868983
39.273670923747794,-75.60512087228268
39.27366391395142,-75.6051278558744
39.27365690415436,-75.60513483946498
39.27364989435663,-75.60514182305442
39.27364288455823,-75.60514880664273
39.27363587475914,-75.6051557902299
39.27362886495936,-75.60516277381593
39.273621228123304,-75.60517038209134
39.27361421832211,-75.605177365675
39.27360720852023,-75.60518434925754
39.27360019871767,-75.60519133283896
39.27359318891444,-75.6051983164192
39.273585804745935,-75.60520567296231
39.273578794941315,-75.60521265654023
39.273571785136035,-75.60521964011699
39.27356477533007,-75.60522662369263
39.27355776552343,-75.60523360726712
39.27355012867972,-75.60524121553011
39.27354311887165,-75.60524819910225
39.2735361090629,-75.60525518267323
39.27352909925347,-75.6052621662431
39.27352208944336,-75.6052691498118
39.27351507963258,-75.60527613337939
39.27350806982112,-75.60528311694584
39.27350106000898,-75.60529010051114
39.27349405019616,-75.60529708407532
39.27348666601774,-75.60530444060129
39.27347902916641,-75.60531204885184
39.27347201935146,-75.60531903241244
39.273465009535826,-75.6053260159719
39.273457993199294,-75.60533298748264
39.27345111918362,-75.60533921936926
39.27344321116372,-75.60534638866775
39.2734359731378,-75.60535295055746
39.27342873511129,-75.60535951244603
39.273421191098386,-75.60536635173557
39.27341395307062,-75.6053729136218
39.27340604504727,-75.60538008291397
39.273399171027364,-75.60538631479288
39.27339193299775,-75.60539287667567
39.27338402497234,-75.60540004596407
39.27337715095064,-75.60540627783973
39.273369912919186,-75.60541283971905
39.273362004891716,-75.60542000900371
39.27335476685899,-75.60542657088062
39.273347222839384,-75.60543341015824
39.27333998480542,-75.60543997203285
39.27333274677085,-75.6054465339063
39.273325202749234,-75.60545337318037
39.27331796471343,-75.6054599350515
39.27331005668112,-75.6054671043273
39.27330318265341,-75.60547333619202
39.27329594461575,-75.6054798980597
39.27328803658138,-75.60548706733174
39.27328079854245,-75.60549362919701
39.273273924512374,-75.6054998610574
39.27326601647596,-75.60550703032568
39.2732587784352,-75.60551359218749
39.27325123440688,-75.60552043144965
39.273243996364855,-75.60552699330916
39.27323675832224,-75.6055335551675
39.27322921429192,-75.60554039442611
39.27322197624805,-75.60554695628214
39.2732140682068,-75.60555412554156
39.27320683016167,-75.6055606873952
39.27319995612558,-75.60556691924464
39.27319204808226,-75.60557408850032
39.27318481003528,-75.60558065035048
39.27317726600026,-75.60558748960074
39.273170027952034,-75.60559405144859
39.27316278990322,-75.6056006132953
39.27315524586618,-75.60560745254199
39.273148007816125,-75.60561401438638
39.273140769765455,-75.6056205762296
39.27313322572644,-75.60562741547275
39.273125987674526,-75.60563397731369
39.27311807962429,-75.60564114655676
39.27311084157112,-75.6056477083953
39.27310396752723,-75.60565394023051
39.273096059474966,-75.60566110946984
39.27308882141995,-75.60566767130489
39.2730812773762,-75.60567451053969
39.27307403931994,-75.60568107237242
39.27306680126306,-75.60568763420402
39.273059257217334,-75.60569447343526
39.27305201915921,-75.60570103526453
39.2730447811005,-75.60570759709266
39.27303687304272,-75.60571476632188
39.2730299989928,-75.60572099814617
39.273022090933644,-75.60572816737287
39.273014852872414,-75.60573472919629
39.273007978820715,-75.6057409610173
39.273000070759494,-75.60574813024026
39.272992832696424,-75.60575469206022
39.27298528864398,-75.60576153127954
39.27297805057965,-75.60576809309718
39.27297081251475,-75.60577465491366
39.27296290445006,-75.60578182413028
39.27295603039413,-75.60578805594362
39.27294812232807,-75.6057952251577
39.27294088426065,-75.60580178696948
39.27293401020293,-75.60580801877957
