39.44813999638917,-75.71984008326582
39.44813999638917,-75.71984008326582
39.4481309814545,-75.71983942766032
39.44812200974851,-75.71983877519877
39.448111997957604,-75.7198380470979
39.4481031,-75.7198374
39.448104823098305,-75.71982595533383
39.44810649183968,-75.71981487169393
39.44810826900234,-75.71980306792071
39.44810993774147,-75.71979198428029
39.44811175152425,-75.71977993726215
39.44811338363865,-75.71976909686518
39.4481150523744,-75.71975801322402
39.44811686615355,-75.71974596620505
39.448118534886994,-75.71973488256353
39.448120312041404,-75.71972307878735
39.44812198077261,-75.71971199514527
39.4481236495027,-75.71970091150304
39.44812542665361,-75.71968910772557
39.44812709538144,-75.7196780240828
39.448128909152,-75.71966597706187
39.44813057787753,-75.71965489341872
39.44813220998005,-75.71964405301763
39.44813402374698,-75.71963200599585
39.44813569246913,-75.71962092235198
39.448137469611794,-75.71960911857151
39.448139138331705,-75.71959803492713
39.44814080705051,-75.71958695128257
39.44814262081128,-75.71957490425945
39.44814425290622,-75.71956406385571
39.44814606666455,-75.71955201683195
39.44814773537879,-75.71954093318648
39.4481493674705,-75.71953009278161
39.44815118122517,-75.71951804575701
39.448152849936065,-75.71950696211081
39.44815466368826,-75.71949491508575
39.4481562957756,-75.71948407467937
39.44815796448311,-75.71947299103246
39.44815977823166,-75.71946094400653
39.44816141031577,-75.71945010359902
39.44816322406187,-75.71943805657246
39.44816489276483,-75.71942697292465
39.448166561466685,-75.71941588927663
39.44816833858819,-75.71940408548859
39.44817000728778,-75.71939300184006
39.44817167598627,-75.71938191819136
39.448173453104275,-75.71937011440201
39.448175121800496,-75.71935903075277
39.44817693553682,-75.71934698372404
39.448178604230755,-75.71933590007443
39.448180236302996,-75.7193250596628
39.448182050035676,-75.71931301263322
39.448183718726234,-75.71930192898289
39.44818549583598,-75.71929012519055
39.44818716452429,-75.71927904153968
39.44818883321149,-75.71926795788866
39.44819064693804,-75.71925591085775
39.44819227900269,-75.71924507044348
39.44819409272678,-75.71923302341195
39.44819576140941,-75.71922193975998
39.44819739347085,-75.71921109934456
39.4481992071913,-75.71919905231218
39.44820087587057,-75.71918796865953
39.44820268958853,-75.71917592162666
39.44820432164559,-75.71916508120972
39.448205990321505,-75.71915399755636
39.44820780403581,-75.71914195052263
39.448209436089655,-75.71913111010458
39.448211249801524,-75.71911906307024
39.44821291847287,-75.71910797941594
39.44821458714312,-75.71909689576147
39.44821636423172,-75.71908509196153
39.4482180328997,-75.71907400830655
39.44821984660544,-75.71906196127085
39.44822147865168,-75.71905112085015
39.448223147316305,-75.71904003719446
39.4482249610184,-75.71902799015793
39.44822662968072,-75.71901690650182
39.44822840676106,-75.71900510269892
39.44823007542112,-75.71899401904228
39.44823174408008,-75.71898293538548
39.44823355777603,-75.71897088834764
39.44823518981363,-75.71896004792396
39.44823700350713,-75.71894800088548
39.44823867216153,-75.71893691722775
39.4482403041959,-75.71892607680294
39.44824211788576,-75.71891402976361
39.44824378653679,-75.71890294610517
39.448245600224155,-75.71889089906537
39.44824723225416,-75.71888005863904
39.44824890090183,-75.71886897497993
39.448250714585555,-75.71885692793926
39.448252346612335,-75.71884608751179
39.44825416029361,-75.71883404047048
39.44825582893672,-75.71882295681044
39.44825749757873,-75.71881187315023
39.44825927463792,-75.7188000693397
39.448260943277674,-75.71878898567894
39.4482627569528,-75.71877693863632
39.44826438897199,-75.71876609820619
39.44826605760837,-75.71875501454474
39.44826787127987,-75.71874296750127
39.44826953991395,-75.71873188383942
39.448271316964885,-75.7187200800259
39.44827298559672,-75.71870899636353
39.448274654227426,-75.71869791270097
39.44827643127487,-75.71868610888617
39.44827809990333,-75.71867502522308
39.44827991356624,-75.71866297817766
39.448281582192394,-75.7186518945142
39.44828321419971,-75.71864105407995
39.44828502785898,-75.71862900703368
39.448286696481766,-75.71861792336951
39.448288209297736,-75.71860704882077
39.44828988878332,-75.71859497405762
39.44829140212343,-75.71858409379915
39.448293081606565,-75.71857201903549
39.44829462636903,-75.71856091284712
39.44829613970591,-75.71855003258766
39.44829781918536,-75.71853795782337
39.44829933252006,-75.71852707756321
39.44830087727809,-75.71851597137406
39.448302556753895,-75.7185038966091
39.44830407008535,-75.71849301634798
39.448305749558685,-75.71848094158253
39.44830726288795,-75.7184700613207
39.448308807640345,-75.71845895513061
39.448310455685935,-75.71844710629222
39.44831200043605,-75.7184360001017
39.448313545185066,-75.7184248939111
39.44831519322712,-75.7184130450716
39.44831673797386,-75.71840193888058
39.448318251295625,-75.7183910586164
39.44831993075803,-75.71837898384885
39.448321444077614,-75.71836810358397
39.44832312353756,-75.71835602881592
39.448324668278666,-75.71834492262397
39.44832618159499,-75.71833404235812
39.44832786105128,-75.7183219675894
39.448329374365436,-75.71831108732285
39.44833091910209,-75.71829998113012
39.448332598554735,-75.71828790636076
39.44833411186564,-75.71827702609323
39.44833579131581,-75.71826495132339
39.44833730462454,-75.71825407105514
39.448338849355544,-75.71824296486147
39.4483404973788,-75.71823111601584
39.44834204210755,-75.71822000982178
39.448343586835186,-75.71820890362758
39.44834523485491,-75.71819705478086
39.448346779580284,-75.71818594858625
39.44834842759765,-75.71817409973873
39.448349972320734,-75.71816299354373
39.448351517042724,-75.7181518873486
39.44835316505656,-75.71814003849997
39.44835470977628,-75.71812893230444
39.448356223072075,-75.71811805203222
39.448357902505194,-75.71810597725907
39.448359415798805,-75.71809509698613
39.44836096051409,-75.71808399078982
39.44836263994355,-75.71807191601604
39.448364153233925,-75.71806103574214
39.448365832660926,-75.71804896096783
39.44836734594911,-75.71803808069325
39.44836889065875,-75.71802697449598
39.4483705700821,-75.71801489972104
39.44837208336704,-75.71800401944546
39.448373628073284,-75.7179929132477
39.44837527607069,-75.71798106439373
39.44837682077468,-75.71796995819557
39.448378468769704,-75.7179581093408
39.44838001383081,-75.71794700331812
39.448381601579435,-75.71793590441565
39.44838329445355,-75.71792407064174
39.44838488219992,-75.71791297173884
39.44838660825269,-75.71790090601682
39.44838816281577,-75.71789003906072
39.44838988886609,-75.71787797333816
39.44839144342699,-75.7178671063813
39.44839316947487,-75.71785504065821
39.448394757214395,-75.71784394175408
39.448396311772065,-75.7178330747962
39.44839803781628,-75.71782100907238
39.44839962555244,-75.71780991016766
39.448401318413545,-75.71779807638937
39.44840290614744,-75.71778697748421
39.448404632186694,-75.71777491175945
39.4484061867378,-75.71776404479947
39.4484079127746,-75.71775197907414
39.44840946732353,-75.71774111211342
39.4484110550518,-75.71773001320722
39.44841278108494,-75.71771794748119
39.44841433563063,-75.71770708051942
39.44841606166133,-75.71769501479284
39.448417649385014,-75.7176839158859
39.448419342233095,-75.71767208210319
39.448420929954516,-75.7176609831958
39.44842265598025,-75.71764891746828
39.44842421051939,-75.7176380505044
39.44842593654267,-75.71762598477635
39.44842752425953,-75.71761488586817
39.448429078795414,-75.71760401890329
39.44843080481504,-75.71759195317449
39.448432359348764,-75.71758108620885
39.44843408536594,-75.71756902047953
39.44843567307716,-75.71755792157032
39.44843736591221,-75.71754608778328
39.448438953621164,-75.7175349888736
39.44844067963338,-75.71752292314333
39.44844223416054,-75.7175120561756
39.448443821866114,-75.71750095726534
39.448445547874684,-75.71748889153436
39.4484471023986,-75.71747802456558
39.448448828404715,-75.71746595883405
39.44845038292646,-75.71745509186454
39.44845210893012,-75.71744302613244
39.44845369662885,-75.71743192722099
39.44845538945089,-75.71742009342954
39.44845697714736,-75.71740899451764
39.44845870314606,-75.71739692878462
39.44846025766125,-75.717386061813
39.448461845354345,-75.7173749629005
39.4484635713494,-75.71736289716677
39.44846512586134,-75.7173520301941
39.44846685185394,-75.71733996445981
39.44846840636371,-75.71732909748643
39.44847013235385,-75.71731703175159
39.44847172004012,-75.71730593283787
39.44847341284914,-75.71729409904205
39.448475000533136,-75.71728300012789
39.448476726518315,-75.71727093439212
39.44847828102152,-75.71726006741663
39.44847986870216,-75.71724896850186
39.448481594683685,-75.71723690276539
39.44848314918365,-75.71722603578884
39.448484875162734,-75.71721397005182
39.44848642966053,-75.71720310307454
39.44848815563716,-75.71719103733695
39.44848974331094,-75.717179938421
39.44849143610695,-75.71716810462081
39.44849302377847,-75.7171570057044
39.44849461144888,-75.71714590678782
39.44849630424137,-75.71713407298648
39.44849789190951,-75.71712297406948
39.44849961787752,-75.71711090833023
39.448501172365525,-75.71710004134982
39.44850289833108,-75.71708797561004
39.448504452816906,-75.71707710862889
39.44850617878001,-75.71706504288854
39.448507766441324,-75.71705394397033
39.44850945922431,-75.71704211016575
39.44851104688336,-75.7170310112471
39.448512634541295,-75.7170199123283
39.448514327320765,-75.71700807852257
39.44851591497645,-75.7169969796033
39.448517633501275,-75.71698492509697
39.44851896574943,-75.71697399300005
39.44852041690069,-75.71696208520378
39.44852177344759,-75.71695095369856
39.44852310569251,-75.71694002160079
39.44852458114109,-75.71692791439621
39.44852591338381,-75.71691698229793
39.448527364529156,-75.71690507450008
39.44852872107043,-75.71689394299423
39.448530053309916,-75.71688301089512
39.448531528752376,-75.71687090368972
39.44853286098966,-75.71685997159007
39.448534312129105,-75.71684806379065
39.44853566866474,-75.71683693228418
39.448537119801784,-75.71682502448417
39.44853845203471,-75.7168140923833
39.448539808567,-75.71680296087646
39.44854125970053,-75.71679105307547
39.44854261623053,-75.7167799215684
39.44854406736167,-75.71676801376681
39.44854539958916,-75.71675708166457
39.44854675611581,-75.71674595015712
39.44854820724343,-75.71673404235456
39.44854956376781,-75.71672291084687
39.448551014893035,-75.71671100304371
39.44855234711508,-75.71670007094009
39.44855370363612,-75.71668893943202
39.44855515475782,-75.71667703162788
39.44855651127657,-75.71666590011958
39.448557962395896,-75.71665399231486
39.4485592946125,-75.71664306020988
39.4485606511279,-75.71663192870116
39.4485621022437,-75.71662002089549
39.448563434457064,-75.71660908878967
39.44856490987021,-75.71659698158025
39.4485662420814,-75.7165860494739
39.44856759859116,-75.71657491796459
39.448569049701035,-75.71656301015733
39.448570381908986,-75.71655207805011
39.448571857316026,-75.71653997083992
39.44857318952177,-75.71652903873219
39.44857466492633,-75.71651693152171
39.44857599712987,-75.71650599941344
39.44857732933238,-75.71649506730486
39.44857880473331,-75.71648296009384
39.44858013693362,-75.71647202798474
39.44858161233208,-75.71645992077343
39.44858294453018,-75.7164489886638
39.44858427672725,-75.71643805655384
39.448585752122085,-75.71642594934204
39.44858708431695,-75.71641501723155
39.44858852590817,-75.71640295383143
39.44857995338178,-75.71640132146928
39.448570979827025,-75.71639913910852
39.44856200627219,-75.7163969567483
39.44855303271728,-75.71639477438863
39.44854502509597,-75.71639282694355
39.4485360515409,-75.71639064458492
39.44852693790983,-75.71638842816057
39.44851796435461,-75.71638624580306
39.4485089907993,-75.71638406344613
39.44850098317764,-75.71638211600346
39.44849200962217,-75.71637993364754
39.448483036066634,-75.7163777512922
39.44847406251101,-75.7163755689374
39.448464948879376,-75.71637335251691
39.44845694125737,-75.71637140507667
39.44844796770151,-75.71636922272349
39.448438994145576,-75.71636704037086
39.44843002058956,-75.71636485801875
39.44842104703348,-75.71636267566723
39.448413039411115,-75.71636072822942
39.44840392577892,-75.71635851181274
39.4483949522226,-75.71635632946281
39.44838597866619,-75.71635414711345
39.4483770051097,-75.71635196476463
39.44836899748698,-75.71635001732922
39.44836002393034,-75.71634783498145
39.448351050373624,-75.71634565263423
39.448341936740874,-75.71634343622145
39.448332963183994,-75.71634125387534
39.44832495556094,-75.71633930644236
39.44831598200389,-75.7163371240973
39.448307008446776,-75.71633494175279
39.44829803488959,-75.71633275940884
39.44828906133231,-75.71633057706545
39.4482810537089,-75.71632862963487
39.44827194007553,-75.71632641322647
39.44826296651801,-75.71632423088468
39.44825399296042,-75.71632204854345
39.44824501940275,-75.71631986620275
39.44823701177899,-75.7163179187746
39.44822803822116,-75.71631573643496
39.44821906466327,-75.71631355409588
39.448209951029334,-75.71631133769135
39.44820097747127,-75.71630915535337
39.448192969847156,-75.71630720792766
39.448183996288925,-75.71630502559073
39.44817502273064,-75.71630284325435
39.44816604917226,-75.71630066091853
39.4481570756138,-75.71629847858327
39.44814892791339,-75.71629649709402
39.44813995435478,-75.7162943147598
39.44813098079608,-75.71629213242615
39.44812200723731,-75.71628995009304
39.44811303367845,-75.71628776776049
39.448105026053646,-75.71628582033958
39.44809605249464,-75.71628363800808
39.448086938859596,-75.71628142161126
39.448077965300435,-75.71627923928087
39.44806899174119,-75.71627705695101
39.448060984116026,-75.71627510953256
39.44805201055662,-75.71627292720375
39.44804303699715,-75.71627074487552
39.44803406343759,-75.71626856254782
39.44802494980198,-75.71626634615488
39.44801694217647,-75.71626439873883
39.44800796861668,-75.71626221641276
39.44799899505681,-75.71626003408721
39.44799002149685,-75.71625785176225
39.44798104793682,-75.71625566943783
39.44797304031095,-75.71625372202418
39.44796406675078,-75.7162515397008
39.44795495311454,-75.71624932331225
39.4479459795542,-75.71624714098999
39.44793797192805,-75.71624519357827
39.44792899836755,-75.71624301125706
39.44792002480697,-75.71624082893639
39.4479110512463,-75.71623864661629
39.44790207768557,-75.71623646429673
39.447893929983096,-75.71623448282175
39.44788495642221,-75.71623230050325
39.447875982861234,-75.71623011818531
39.44786700930019,-75.7162279358679
39.447858035739046,-75.71622575355106
39.44785002811221,-75.71622380614419
39.447841054550906,-75.71622162382839
39.44783194091358,-75.71621940744753
39.44782296735213,-75.71621722513284
39.447813993790604,-75.7162150428187
39.44780598616341,-75.71621309541426
39.447797012601725,-75.71621091310118
39.44778803903997,-75.71620873078864
39.44777906547812,-75.71620654847666
39.44776995184023,-75.71620433209968
39.44776194421268,-75.71620238469765
39.4477529706506,-75.71620020238728
39.44774399708845,-75.71619802007746
39.44773502352622,-75.7161958377682
39.4477260499639,-75.71619365545948
39.447718042336,-75.71619170805987
39.44770892869755,-75.71618949168669
39.447699955135,-75.71618730937959
39.44769098157237,-75.71618512707305
39.447682008009664,-75.71618294476704
39.44767400038142,-75.71618099736985
39.44766503731052,-75.71617875072226
39.44765593042397,-75.71617646484894
39.447646967792316,-75.7161742151849
39.44763800516056,-75.71617196552143
39.44763000632006,-75.71616995777467
39.44762104368814,-75.71616770811227
39.447611936801174,-75.71616542224179
39.447602974169094,-75.71616317258052
39.447594011536935,-75.71616092291985
39.44758601269606,-75.71615891517558
39.44757705006373,-75.71615666551598
39.447567943176324,-75.71615437964833
39.44755898054383,-75.71615212998987
39.44755001791125,-75.71614988033198
39.44754201907,-75.7161478725902
39.44753305643726,-75.71614562293338
39.447523949549435,-75.71614333706857
39.447514986916524,-75.7161410874129
39.44750602428351,-75.71613883775781
39.4474980254419,-75.71613683001851
39.44748906280873,-75.7161345803645
39.447479955920485,-75.71613229450251
39.44747099328716,-75.71613004484963
39.44746299444523,-75.71612803711233
39.44745403181173,-75.71612578746054
39.44744506917815,-75.7161235378093
39.4474359622895,-75.71612125195016
39.44742699965573,-75.71611900230008
39.44741900081345,-75.71611699456525
39.44741003817952,-75.71611474491625
39.447400931290524,-75.71611245905936
39.44739196865644,-75.71611020941151
39.44738300602228,-75.71610795976422
39.44737500717961,-75.71610595203188
39.44736604454527,-75.71610370238567
39.44735693765585,-75.71610141653163
39.44734797502134,-75.71609916688655
39.44733901238676,-75.71609691724204
39.44733101354371,-75.71609490951221
39.44732205090895,-75.71609265986878
39.44731294401912,-75.71609037401758
39.447303981384195,-75.71608812437529
39.44729501874919,-75.71608587473358
39.44728701990577,-75.71608386700623
39.447278057270594,-75.7160816173656
39.447268950380334,-75.71607933151722
39.44725998774499,-75.71607708187773
39.44725102510957,-75.7160748322388
39.44724302626578,-75.71607282451397
39.44723406363019,-75.71607057487611
39.447224956739504,-75.71606828903057
39.447215994103736,-75.71606603939388
39.4472070314679,-75.71606378975774
39.447199032623736,-75.7160617820354
39.44718992573271,-75.7160594961921
39.44718096309662,-75.71605724655764
39.44717200046044,-75.71605499692373
39.447163037824176,-75.71605274729038
39.44715503897965,-75.71605073957052
39.44714593208819,-75.71604845373008
39.447136969451684,-75.71604620409838
39.44712800681509,-75.71604395446727
39.447120007970256,-75.71604194674939
39.4471110453335,-75.71603969711934
39.44710193844163,-75.71603741128173
39.44709297580471,-75.71603516165284
39.44708401316768,-75.7160329120245
39.447076014322484,-75.71603090430911
39.44706705168531,-75.71602865468186
39.447057944793016,-75.7160263688471
39.44704898215567,-75.71602411922098
39.44704001951824,-75.71602186959545
39.44703202067265,-75.71601986188256
39.447023058035064,-75.71601761225809
39.44701395114235,-75.71601532642616
39.447004988504574,-75.71601307680284
39.446996025866724,-75.7160108271801
39.44698802702078,-75.71600881946969
39.44697892012774,-75.71600653364001
39.44696995748963,-75.71600428401891
39.446960994851445,-75.71600203439839
39.44695203221317,-75.71599978477843
39.446944033366854,-75.71599777707053
39.44693492647339,-75.71599549124367
39.44692596383486,-75.71599324162537
39.44691700119625,-75.71599099200765
39.44690803855756,-75.71598874239048
39.44690003971086,-75.71598673468505
39.44689093281698,-75.71598444886105
39.44688197017803,-75.71598219924554
39.446873007539004,-75.7159799496306
39.44686404489991,-75.71597770001623
39.44685604605283,-75.71597569231328
39.446846939158526,-75.71597340649211
39.44683797651916,-75.71597115687939
39.44682901387973,-75.71596890726724
39.446820051240195,-75.71596665765566
39.44681205239275,-75.71596464995521
39.44680294549803,-75.71596236413689
39.44679398285824,-75.71596011452695
39.44678502021838,-75.7159578649176
39.44677605757843,-75.7159556153088
39.446768058730626,-75.71595360761086
39.44675895183546,-75.71595132179534
39.44674998935539,-75.71594907291131
39.44674101803078,-75.71594687649636
39.4467320467061,-75.71594468008195
39.4467240408717,-75.71594272004525
39.44671492859111,-75.71594048912227
39.44670595726619,-75.7159382927095
39.44669698594119,-75.71593609629726
39.4466880146161,-75.7159338998856
39.446680008781335,-75.71593193985133
39.4466710374561,-75.71592974344071
39.446662066130784,-75.71592754703065
39.446652953849636,-75.71592531611157
39.446643982524144,-75.71592311970262
39.44663597668903,-75.7159211596708
39.44662700536339,-75.71591896326291
39.44661803403767,-75.71591676685557
39.446609062711865,-75.71591457044879
39.44659995043024,-75.71591233953308
39.44659194459477,-75.71591037950368
39.44658297326873,-75.7159081830985
39.44657400194261,-75.7159059866939
39.44656503061641,-75.71590379028986
39.44655605929014,-75.71590159388636
39.44654805345431,-75.7158996338594
39.446538941172115,-75.7158974029475
39.44652996984559,-75.71589520654564
39.446520998518984,-75.71589301014431
39.446512027192306,-75.71589081374354
39.446504021356134,-75.71588885371902
39.44649505002929,-75.71588665731932
39.44648593774662,-75.71588442641077
39.44647696641963,-75.71588223001217
39.44646799509254,-75.71588003361414
39.44645998925602,-75.71587807359205
39.44645101792878,-75.71587587719507
39.44644204660145,-75.71587368079864
39.44643293431831,-75.71587144989343
39.44642396299083,-75.71586925349813
39.44641499166326,-75.71586705710338
39.4464069858263,-75.71586509708422
39.44639801449858,-75.71586290069051
39.44638904317079,-75.71586070429737
39.4463800718429,-75.7158585079048
39.44637095955918,-75.71585627700348
39.44636295372186,-75.71585431698675
39.446353982393745,-75.71585212059578
39.44634501106555,-75.71584992420539
39.446336039737275,-75.71584772781553
39.446327068408905,-75.71584553142623
39.446318921615486,-75.71584353690271
39.44630995028696,-75.71584134051446
39.44630097895837,-75.71583914412679
39.446292007629694,-75.71583694773966
39.44628303630093,-75.71583475135309
39.44627503046291,-75.71583279134123
39.44626605913399,-75.71583059495572
39.44625694684923,-75.71582836406158
39.44624797552016,-75.71582616767719
39.446239004190986,-75.71582397129336
39.44623099835262,-75.71582201128392
39.4462220270233,-75.71581981490114
39.44621305569391,-75.7158176185189
39.446203943408676,-75.71581538762811
39.446194972079105,-75.71581319124701
39.44618696624037,-75.71581123124002
39.446177994910656,-75.71580903485996
39.446169023580865,-75.71580683848046
39.446160052250995,-75.71580464210152
39.44615093996526,-75.71580241121407
39.44614196863523,-75.71580021483624
39.44613396279607,-75.71579825483218
39.44612499146587,-75.71579605845541
39.446116020135605,-75.7157938620792
39.44610704880523,-75.71579166570353
39.446098077474815,-75.71578946932843
39.446089930679506,-75.7157874748178
39.44608095934892,-75.71578527844376
39.446071988018254,-75.71578308207027
39.446063016687496,-75.71578088569733
39.446054045356654,-75.71577868932496
39.44604603951678,-75.71577672932577
39.44603692723001,-75.7157744984455
39.446027955898934,-75.71577230207474
39.44601898456777,-75.71577010570454
39.44601001323655,-75.7157679093349
39.44600200739632,-75.71576594933813
39.445993036064934,-75.71576375296955
39.445984064733466,-75.7157615566015
39.445974952446115,-75.71575932572514
39.44596598111449,-75.71575712935822
39.445957975273906,-75.7157551693639
39.44594900394212,-75.71575297299805
39.44594003261026,-75.71575077663275
39.4459310612783,-75.71574858026798
39.44592194899048,-75.71574634939496
39.44591394314954,-75.71574438940307
39.445904971817356,-75.71574219303994
39.44589600048508,-75.71573999667736
39.445887029152736,-75.71573780031534
39.445878057820316,-75.71573560395386
39.445870051979014,-75.71573364396443
39.44586093969064,-75.71573141309524
39.44585196835797,-75.71572921673538
39.44584300996948,-75.71572693439995
39.44583405292889,-75.71572465172315
39.445825912295135,-75.71572257710588
39.44581695525439,-75.71572029443017
39.445807998213546,-75.71571801175506
39.44579904117262,-75.71571572908053
39.44579008413161,-75.71571344640655
39.44578194349746,-75.71571137179185
39.44577298645627,-75.71570908911897
39.445764029414995,-75.71570680644669
39.44575507237363,-75.71570452377497
39.44574596902505,-75.71570220381797
39.44573797469765,-75.7157001664917
39.44572901765604,-75.71569788382168
39.44572006061434,-75.7156956011522
39.445710957265405,-75.7156932811975
39.44570200022353,-75.7156909985292
39.445694005895746,-75.71568896120544
39.445685048853704,-75.71568667853823
39.44567594550442,-75.71568435858582
39.4456669884622,-75.71568207591977
39.445658994134114,-75.71568003859802
39.44565003709173,-75.71567775593309
39.44564093374211,-75.71567543598294
39.44563197669955,-75.71567315331914
39.44562301965687,-75.71567087065593
39.445615025328415,-75.71566883333674
39.44560592197845,-75.71566651338888
39.44559696493554,-75.71566423072734
39.44558800789254,-75.71566194806637
39.44557905084945,-75.71565966540598
39.445571056520606,-75.7156576280893
39.44556195317021,-75.71565530814433
39.445552996126864,-75.71565302548562
39.44554403908343,-75.71565074282748
39.44553604475427,-75.7156487055128
39.44552694140353,-75.71564638557012
39.44551798435984,-75.71564410291367
39.44550902731608,-75.71564182025777
39.44550007027221,-75.71563953760246
39.445491929635516,-75.71563746300473
39.445482972591485,-75.71563518035052
39.44547401554737,-75.71563289769688
39.445465058503174,-75.71563061504382
39.445455955151715,-75.71562829510579
39.445447960821795,-75.71562625779616
39.44543900377734,-75.7156239751448
39.445430046732795,-75.71562169249398
39.445420943381,-75.71561937255824
39.44541198633627,-75.71561708990859
39.445403992005964,-75.7156150526015
39.445395034961074,-75.71561276995294
39.44538593160893,-75.7156104500195
39.445376974563864,-75.7156081673721
39.44536898023325,-75.71560613006702
39.445360023188016,-75.71560384742072
39.445351066142706,-75.715601564775
39.44534196279012,-75.71559924484441
39.44533300574463,-75.71559696219985
39.44532501141362,-75.71559492489729
39.445316054367964,-75.71559264225382
39.44530695101504,-75.71559032232553
39.4452979939692,-75.71558803968321
39.445289036923285,-75.71558575704147
39.44528104259188,-75.71558371974145
39.44527193923862,-75.71558139981545
39.44526298219244,-75.71557911717538
39.44525402514616,-75.71557683453591
39.445246030814474,-75.71557479723789
39.44523692746086,-75.71557247731418
39.445227970414344,-75.71557019467637
39.44521901336773,-75.71556791203915
39.445210056321024,-75.71556562940248
39.445201915681785,-75.71556355482171
39.445192958634905,-75.71556127218615
39.44518400158794,-75.71555898955117
39.4451750445409,-75.71555670691677
39.445166087493774,-75.71555442428294
39.445157946854124,-75.71555234970474
39.44514898980683,-75.71555006707202
39.44514003275944,-75.71554778443985
39.44513107571197,-75.7155455018083
39.44512197235721,-75.71554318189209
39.44511397802437,-75.71554114460166
39.44510502097664,-75.71553886197175
39.44509606392882,-75.71553657934243
39.44508696057372,-75.71553425942852
39.44507896624058,-75.71553222214011
39.445070009192506,-75.71552993951245
39.44506105214434,-75.71552765688538
39.4450519487889,-75.71552533697377
39.44504299174056,-75.71552305434786
39.445034997407035,-75.71552101706196
39.44502604035852,-75.71551873443714
39.445016937002734,-75.71551641452781
39.44500797995406,-75.71551413190416
39.44499902290529,-75.71551184928109
39.44499102857138,-75.71550981199769
39.444981925215245,-75.71550749209067
39.44497296816621,-75.71550520946926
39.4449640111171,-75.71550292684843
39.444955054067904,-75.71550064422819
39.444947059733614,-75.71549860694734
39.44493795637704,-75.71549628704317
39.44492899932759,-75.71549400442458
39.44492004227804,-75.7154917218066
39.44491204794344,-75.71548968452774
39.44490294458652,-75.71548736462587
39.444893987536716,-75.71548508200955
39.44488503048683,-75.7154827993938
39.444876071700506,-75.71548051809172
39.44486792765881,-75.71547848621444
39.44485896286828,-75.71547624956705
39.44484999807767,-75.7154740129202
39.44484103328698,-75.71547177627394
39.44483206849621,-75.71546953962824
39.44482296024609,-75.71546726719116
39.444813995455135,-75.7154650305466
39.444805994872176,-75.7154630344648
39.44479703008106,-75.71546079782132
39.444788065289885,-75.7154585611784
39.44477895703933,-75.71545628874412
39.44476999224797,-75.71545405210234
39.44476102745653,-75.71545181546112
39.444752062665,-75.71544957882047
39.44474391862225,-75.71544754695029
39.44473495383057,-75.71544531031071
39.444725989038794,-75.71544307367171
39.44471702424693,-75.71544083703326
39.44470805945498,-75.71543860039537
39.44469895120369,-75.71543632796624
39.44468998641159,-75.71543409132951
39.44468198582758,-75.7154320952547
39.4446730210353,-75.71542985861903
39.44466405624296,-75.71542762198393
39.44465494799123,-75.71542534955762
39.44464598319871,-75.71542311292365
39.4446370184061,-75.71542087629025
39.4446280536134,-75.71541863965743
39.44462005302888,-75.71541664358611
39.44461094477675,-75.71541437116261
39.444601979983815,-75.71541213453142
39.44459301519078,-75.7154098979008
39.44458405039766,-75.71540766127075
39.44457494214521,-75.71540538884955
39.44456597735192,-75.71540315222065
39.44455797676689,-75.71540115615281
39.44454901197344,-75.71539891952497
39.44454004717993,-75.71539668289768
39.44453093892703,-75.71539441047932
39.44452197413333,-75.71539217385317
39.44451300933956,-75.71538993722761
39.444504044545695,-75.7153877006026
39.444496043960136,-75.71538570453826
39.44448693570684,-75.7153834321227
39.44447797091273,-75.71538119549933
39.44446900611853,-75.71537895887654
39.44446004132425,-75.7153767222543
39.44445107652989,-75.71537448563265
39.44444196827617,-75.71537221321998
39.44443396769009,-75.71537021715913
39.44442500289548,-75.71536798053911
39.44441603810079,-75.71536574391966
39.444406929846735,-75.71536347150922
39.44439796505187,-75.71536123489092
39.44438900025693,-75.71535899827316
39.444380035461904,-75.71535676165597
39.4443720348753,-75.71535476559862
39.44436292662082,-75.71535249319102
39.444353961825534,-75.71535025657548
39.44434499703019,-75.71534801996052
39.444336032234744,-75.7153457833461
39.444327067439225,-75.71534354673224
39.44431795918431,-75.71534127432753
39.444309958597195,-75.71533927827366
39.44430099380142,-75.71533704166147
39.44429202900556,-75.71533480504984
39.44428306420963,-75.71533256843875
39.4442739559543,-75.71533029603687
39.4442649911582,-75.71532805942694
39.444256026362,-75.71532582281758
39.444248025774364,-75.71532382676719
39.444239060978006,-75.7153215901589
39.44422995272226,-75.71531931775984
39.44422098792574,-75.71531708115268
39.44421202312914,-75.71531484454609
39.44420305833244,-75.71531260794006
39.444193950076354,-75.7153103355433
39.4441859494882,-75.7153083394964
39.44417698469126,-75.71530610289204
39.44416801989424,-75.71530386628822
39.444159055097124,-75.71530162968497
39.44414994684063,-75.71529935729102
39.444140982043365,-75.71529712068892
39.44413201724601,-75.71529488408737
39.44412401665732,-75.71529288804398
39.4441150518598,-75.7152906514435
39.44410594360289,-75.71528837905238
39.444096978805206,-75.71528614245304
39.44408801400743,-75.71528390585428
39.44407904920956,-75.71528166925609
39.44407008441163,-75.71527943265845
39.444061940363106,-75.71527740082736
39.44405297556501,-75.7152751642308
39.44404401076682,-75.71527292763481
39.44403506040777,-75.71527060914423
39.4440259612059,-75.71526825100904
39.444017972093455,-75.71526618056343
39.444009021492015,-75.71526386094045
39.44400007089048,-75.71526154131804
39.44399097168826,-75.71525918318517
39.44398202108654,-75.71525686356395
39.4439740319737,-75.71525479312089
39.44396493277122,-75.71525243498976
39.44395598216924,-75.71525011537024
39.44394703156716,-75.71524779575131
39.443938080965,-75.71524547613295
39.44392994325116,-75.71524336718149
39.44392099264883,-75.71524104756423
39.4439120420464,-75.7152387279476
39.443902942843295,-75.71523636982057
39.44389399224067,-75.7152340502051
39.44388600312704,-75.71523197976718
39.44387705252426,-75.71522966015283
39.44386795332079,-75.71522730202813
39.44385900271782,-75.71522498241494
39.44385005211477,-75.71522266280233
39.44384191440012,-75.7152205538561
39.44383296379689,-75.71521823424462
39.44382401319358,-75.71521591463372
39.443815062590176,-75.7152135950234
39.44380596338607,-75.71521123690282
39.44379797427163,-75.71520916647003
39.44378902366797,-75.71520684686142
39.4437800730642,-75.71520452725339
39.44377097385973,-75.71520216913514
39.44376298474498,-75.71520009870439
39.44375403414096,-75.71519777909806
39.44374493493623,-75.71519542098154
39.44373598433202,-75.71519310137639
39.443727033727725,-75.71519078177182
39.44371904461257,-75.71518871134364
39.44370994540749,-75.71518635322944
39.44370099480293,-75.71518403362658
39.44369204419827,-75.7151817140243
39.44368294499291,-75.7151793559119
39.443674955877356,-75.71517728548628
39.44366600527245,-75.71517496588571
39.44365705466744,-75.71517264628571
39.44364795546173,-75.71517028817563
39.44363900485653,-75.71516796857681
39.4436310157406,-75.71516589815377
39.44362206513522,-75.71516357855606
39.44361296592916,-75.7151612204483
39.44360401532361,-75.71515890085178
39.44359506471797,-75.71515658125583
39.443586927001014,-75.71515447232473
39.44357797639521,-75.7151521527299
39.44356902578931,-75.71514983313567
39.44356007518332,-75.71514751354201
39.443550975976606,-75.71514515543836
39.44354298685987,-75.71514308502046
39.44353403625362,-75.71514076542849
39.44352493704665,-75.71513840732659
39.44351598644021,-75.7151360877358
39.44350703583369,-75.7151337681456
39.44349904671655,-75.71513169773026
39.44348994750922,-75.71512933963066
39.44348099690243,-75.71512702004217
39.443472046295554,-75.71512470045427
39.44346390857746,-75.71512259153049
39.44345495797042,-75.7151202719437
39.44344600736328,-75.71511795235749
39.44343705675604,-75.71511563277187
39.443427957548074,-75.7151132746764
39.44341996843023,-75.71511120426565
39.443411017822726,-75.71510888468174
39.44340206721514,-75.7151065650984
39.44339296800682,-75.71510420700524
39.443384017399055,-75.71510188742309
39.44337602828081,-75.71509981701492
39.44336692907222,-75.7150974589235
39.443357978464185,-75.71509513934305
39.44334902785606,-75.71509281976317
39.443340077247846,-75.71509050018388
39.443331939528555,-75.71508839126793
39.443322988920166,-75.71508607168977
39.44331403831169,-75.71508375211218
39.44330493910247,-75.71508139402489
39.443295988493794,-75.71507907444847
39.44328799937477,-75.71507700404544
39.44327904876594,-75.71507468447012
39.44326994955635,-75.71507232638515
39.44326099894734,-75.71507000681103
39.44325204833824,-75.7150676872375
39.443244059218806,-75.71506561683701
39.443234960008866,-75.71506325875436
39.443226009399496,-75.71506093918252
39.443217058790026,-75.71505861961127
39.44320892106964,-75.71505651070264
39.44319997045999,-75.71505419113251
39.443191019850275,-75.71505187156295
39.44318206924045,-75.715049551994
39.443172970029885,-75.71504719391547
39.44316498090975,-75.71504512351959
39.443156030299654,-75.71504280395231
39.44314693108883,-75.71504044587552
39.44313798047856,-75.71503812630942
39.44312902986821,-75.71503580674393
39.44312104074767,-75.7150337363506
39.44311194153648,-75.71503137827614
39.44310299092586,-75.71502905871233
39.44309404031516,-75.71502673914912
39.44308509262297,-75.71502441797838
39.44307696053604,-75.71502224798259
39.44306802184206,-75.71501986274941
39.443059083148015,-75.71501747751684
39.44304999179645,-75.71501505154924
39.443042012366575,-75.7150129222912
39.44303307367225,-75.71501053706037
39.443023982320405,-75.71500811109455
39.44301600289029,-75.71500598183808
39.44300706419568,-75.715003596609
39.44299797284355,-75.71500117064495
39.44298903414873,-75.71499878541708
39.44298105471829,-75.71499665616268
39.442971963365885,-75.71499423020042
39.4429630246708,-75.71499184497429
39.442954085975614,-75.71498945974876
39.442945953887424,-75.71498728976097
39.44293701519205,-75.71498490453658
39.44292807649659,-75.7149825193128
39.44291898514362,-75.71498009335416
39.4429110057125,-75.71497796410395
39.44290206701675,-75.71497557888192
39.44289297566349,-75.71497315292504
39.44288499623213,-75.7149710236764
39.44287605753612,-75.71496863845611
39.44286696618258,-75.71496621250101
39.44285802628051,-75.71496382932749
39.442849074224256,-75.71496151796822
39.44284093583673,-75.71495941669315
39.4428319837803,-75.714957105335
39.44282303172378,-75.71495479397741
39.4428139315729,-75.71495244438356
39.442804979516204,-75.71495013302716
39.44279602745942,-75.71494782167134
39.44278707540255,-75.71494551031611
39.44277893701445,-75.71494340904471
39.4427699849574,-75.71494109769058
39.44276103290026,-75.71493878633706
39.442751932748756,-75.7149364367473
39.44274298069143,-75.71493412539492
39.44273402863402,-75.71493181404315
39.44272507657653,-75.71492950269196
39.44271693818787,-75.71492740142422
39.4427079861302,-75.71492509007413
39.44269903407243,-75.71492277872464
39.4426899339203,-75.71492042913897
39.44268098186235,-75.71491811779065
39.44267202980432,-75.71491580644292
39.442663077746204,-75.71491349509574
39.44265493935699,-75.71491139383168
39.4426459872987,-75.71490908248565
39.4426370352403,-75.71490677114018
39.44262793508753,-75.71490442155861
39.44261898302898,-75.71490211021433
39.44261003097032,-75.71489979887062
39.44260107891158,-75.71489748752751
39.442592940521806,-75.7148953862671
39.44258398846288,-75.7148930749251
39.44257503640388,-75.71489076358367
39.442565936250475,-75.71488841400621
39.44255698419128,-75.71488610266596
39.44254803213201,-75.7148837913263
39.442539080072635,-75.71488147998721
39.442530941682314,-75.71487937873049
39.44252198962277,-75.71487706739251
39.44251303756314,-75.71487475605512
39.4425039374091,-75.71487240648177
39.4424949853493,-75.71487009514554
39.4424860332894,-75.71486778380992
39.44247804299289,-75.71486572079284
39.4424689428385,-75.71486337122181
39.44245999077833,-75.71486105988787
39.44245103871809,-75.71485874855452
39.442441938563434,-75.71485639898526
39.442432986503,-75.7148540876531
39.442424034442475,-75.7148517763215
39.442416044145425,-75.71484971330803
39.442406943990406,-75.7148473637411
39.442397991929624,-75.71484505241119
39.442389039868736,-75.71484274108187
39.442379939713454,-75.71484039151673
39.44237098765241,-75.7148380801886
39.44236203559125,-75.71483576886102
39.44235404529364,-75.71483370585116
39.442344945138004,-75.71483135628833
39.44233599307658,-75.71482904496247
39.44232704101509,-75.71482673363718
39.442317940859176,-75.71482438407615
39.4423089887975,-75.71482207275204
39.44230003673572,-75.71481976142852
39.44229204643756,-75.71481769842225
39.44228294628129,-75.71481534886352
39.44227399421926,-75.7148130375417
39.44226504215713,-75.71481072622045
39.44225594200059,-75.71480837666351
39.44224698993828,-75.71480606534345
39.442238037875896,-75.71480375402395
39.44223004757717,-75.7148016910213
39.44222094742028,-75.71479934146667
39.44221199535761,-75.71479703014887
39.44220304329487,-75.71479471883167
39.4421939431377,-75.71479236927884
39.44218499107477,-75.7147900579628
39.442176039011756,-75.71478774664735
39.44216804871248,-75.71478568364829
39.44215894855494,-75.71478333409777
39.44214999649167,-75.71478102278401
39.4421410444283,-75.71477871147083
39.44213194458491,-75.71477635949459
39.442122992938465,-75.71477404581034
39.44211500297686,-75.71477198068817
39.44210605133026,-75.71476966700503
39.44209695144247,-75.71476731500742
39.44208799979568,-75.71476500132546
39.442079048148805,-75.71476268764407
39.442069948260745,-75.71476033564826
39.44206195829868,-75.71475827052916
39.442053006651534,-75.71475595684946
39.44204405500431,-75.71475364317037
39.442034955115886,-75.71475129117687
39.44202600346848,-75.71474897749894
39.442018013506015,-75.7147469123824
39.44200906185843,-75.71474459870558
39.44199996196967,-75.7147422467144
39.44199101032189,-75.71473993303876
39.44198205867403,-75.71473761936369
39.44197392047008,-75.71473551593479
39.44196496882206,-75.71473320226083
39.441956017173936,-75.71473088858747
39.441947065525724,-75.71472857491469
39.44193796563632,-75.71472622292762
39.44192901398794,-75.71472390925601
39.4419210240246,-75.7147218441451
39.44191192413495,-75.71471949215976
39.44190297248629,-75.71471717848985
39.44189402083754,-75.71471486482052
39.441885069188714,-75.71471255115178
39.44187693098388,-75.71471044772863
39.44186797933487,-75.714708134061
39.44185902768578,-75.71470582039396
39.44185007603658,-75.71470350672749
39.4418409761462,-75.71470115474685
39.44183298618209,-75.71469908964106
39.44182403453263,-75.7146967759763
39.441814934641975,-75.71469442399737
39.44180598299235,-75.71469211033379
39.44179703134263,-75.71468979667078
39.44178807969283,-75.71468748300835
39.441779941487134,-75.71468537959095
39.44177098983713,-75.71468306592963
39.44176203818705,-75.7146807522689
39.441752938295785,-75.7146784002941
39.44174398664553,-75.71467608663454
39.441735996680535,-75.7146740215344
39.4417270450301,-75.71467170787597
39.44171794513847,-75.71466935590347
39.44170899348787,-75.7146670422462
39.441700041837166,-75.71466472858951
39.44169205187178,-75.71466266349192
39.44168295197979,-75.71466031152174
39.44167400032884,-75.71465799786675
39.44166504867778,-75.71465568421236
39.44165594878553,-75.71465333224397
39.4416469971343,-75.71465101859074
39.441639007168426,-75.71464895349622
39.44163005551703,-75.7146466398441
39.441620955624416,-75.71464428787803
39.44161200397283,-75.71464197422709
39.44160305232115,-75.71463966057672
39.441594914113765,-75.71463755717028
39.44158596246192,-75.71463524352103
39.441577010809986,-75.71463292987235
39.44156805915795,-75.71463061622427
39.4415589592647,-75.71462826426232
39.441550969298056,-75.71462619917291
39.44154201764576,-75.71462388552655
39.44153306599338,-75.71462157188073
39.44152396609979,-75.71461921992109
39.44151501444722,-75.71461690627646
39.441506062794566,-75.71461459263242
39.441497924586315,-75.71461248923171
39.441488972933485,-75.71461017558879
39.44148002128057,-75.71460786194643
39.44147106962756,-75.71460554830466
39.44146196973333,-75.71460319634913
39.44145397976582,-75.7146011312654
39.44144502811255,-75.71459881762532
39.44143592821806,-75.71459646567152
39.4414269765646,-75.71459415203262
39.441418024911066,-75.71459183839431
39.44141003494315,-75.71458977331312
39.4414009350483,-75.71458742136163
39.441391983394496,-75.71458510772501
39.4413830317406,-75.71458279408898
39.44137408008662,-75.71458048045353
39.44136498019141,-75.71457812850443
39.441356990223014,-75.71457606342634
39.44134803856876,-75.71457374979258
39.44133893867328,-75.71457139784519
39.44132998701887,-75.71456908421263
39.441321035364346,-75.71456677058063
39.44131304539556,-75.71456470550508
39.441303945499726,-75.71456235356003
39.44129499384494,-75.71456003992972
39.44128604219007,-75.71455772630001
39.44127694229397,-75.71455537435675
39.44126895232479,-75.71455330928376
39.441260000669665,-75.71455099565574
39.44125104901444,-75.71454868202832
39.44124194911797,-75.71454633008736
39.44123299746256,-75.7145440164611
39.441224045807076,-75.71454170283543
39.441216055837415,-75.71453963776553
39.4412069559406,-75.71453728582689
39.44119800428484,-75.71453497220291
39.44118905262901,-75.71453265857953
39.44117995273191,-75.71453030664269
39.44117196276186,-75.71452824157534
39.44116301110575,-75.71452592795364
39.44115405944954,-75.71452361433253
39.4411449595521,-75.714521262398
39.441136007895714,-75.71451894877806
39.44112801792526,-75.71451688371329
39.441118918027556,-75.71451453178047
39.44110996637091,-75.71451221816224
39.441101014714185,-75.71450990454458
39.44109206305736,-75.7145075909275
39.441082963159275,-75.71450523899708
39.44107497318836,-75.71450317393538
39.44106602153127,-75.71450086032002
39.4410570698741,-75.71449854670523
39.44104796997567,-75.71449619477713
39.44103901831831,-75.71449388116349
39.441031028346984,-75.71449181610436
39.44102192844829,-75.71448946417797
39.441012976790674,-75.71448715056606
39.44100402513297,-75.71448483695472
39.440995073475165,-75.71448252334397
39.44098693526228,-75.71448041997355
39.44097798360431,-75.71447810636391
39.44096903194625,-75.71447579275487
39.44095993204692,-75.71447344083259
39.44095098038867,-75.7144711272247
39.44094202873034,-75.7144688136174
39.44093403875815,-75.71446674856391
39.44092493885847,-75.71446439664396
39.44091598719987,-75.71446208303836
39.440907035541194,-75.71445976943333
39.440898083882416,-75.7144574558289
39.44088994566866,-75.71445535246424
39.4408809940097,-75.71445303886092
39.44087204235067,-75.71445072525817
39.44086294245035,-75.71444837334234
39.44085399079113,-75.71444605974078
39.440846000818155,-75.71444399469239
39.440837049158766,-75.71444168109193
39.44082794925811,-75.7144393291784
39.44081899759853,-75.71443701557912
39.44081004593886,-75.71443470198042
39.440800946037925,-75.71443235006869
39.44079295606447,-75.7144302850234
39.44078400440454,-75.71442797142639
39.440775052744534,-75.71442565782998
39.44076595284323,-75.71442330592055
39.44075700118302,-75.71442099232532
39.44074901120918,-75.71441892728258
39.44074005954881,-75.71441661368844
39.44073095964717,-75.71441426178134
39.44072200798662,-75.71441194818837
39.44071305632598,-75.714409634596
39.44070491811054,-75.71440753124229
39.44069596644973,-75.71440521765103
39.44068701478882,-75.71440290406034
39.440678060972076,-75.71440059026249
39.44066895271749,-75.71439831774249
39.44065998794336,-75.71439608102165
39.440651987370615,-75.71439408487056
39.440643022596326,-75.71439184815078
39.44063405782196,-75.71438961143156
39.44062494956694,-75.71438733891439
39.44061598479241,-75.71438510219632
39.440607984219284,-75.71438310604772
39.44059901944459,-75.71438086933071
39.44059005466981,-75.71437863261427
39.44058094641438,-75.7143763600999
39.44057198163944,-75.71437412338462
39.44056398106594,-75.71437212723849
39.44055501629083,-75.71436989052425
39.440546051515625,-75.71436765381058
39.44053694325979,-75.71436538129906
39.440527978484425,-75.71436314458653
39.44051997791056,-75.71436114844288
39.44051101313504,-75.71435891173144
39.440502048359434,-75.71435667502054
39.44049294010317,-75.71435440251183
39.440483975327375,-75.71435216580207
39.440475974753156,-75.71435016966092
39.44046700997722,-75.71434793295222
39.4404580452012,-75.7143456962441
39.44044893694451,-75.71434342373823
39.44043997216833,-75.71434118703125
39.440431971593725,-75.71433919089255
39.44042300681738,-75.71433695418665
39.44041404204094,-75.71433471748131
39.44040493378384,-75.71433244497823
39.44039596900724,-75.71433020827402
39.44038796843227,-75.71432821213781
39.440379003655515,-75.71432597543469
39.440370038878655,-75.71432373873212
39.440361074101716,-75.7143215020301
39.44035196584412,-75.71431922953045
39.440343001067006,-75.71431699282958
39.4403350004916,-75.71431499669636
39.44032603571434,-75.71431275999656
39.44031707093699,-75.71431052329733
39.44030796267898,-75.71430825080049
39.44029899790146,-75.71430601410239
39.44029099732568,-75.71430401797164
39.440282032548005,-75.71430178127463
39.44027306777024,-75.71429954457817
39.44026395951181,-75.71429727208414
39.44025499473388,-75.71429503538883
39.44024699415773,-75.71429303926055
39.44023802937963,-75.71429080256631
39.440229064601475,-75.71428856587264
39.44021995634261,-75.71428629338142
39.440210991564264,-75.71428405668888
39.44020299098775,-75.7142820605631
39.44019402620924,-75.71427982387162
39.440185061430654,-75.71427758718073
39.4401759531714,-75.71427531469233
39.44016698839263,-75.71427307800256
39.44015898781575,-75.71427108187925
39.44015002303682,-75.71426884519056
39.44014105825782,-75.71426660850243
39.44013194999813,-75.71426433601687
39.440122985218956,-75.71426209932987
39.44011498464171,-75.71426010320903
39.440106019862384,-75.71425786652311
39.44009705508296,-75.71425562983777
39.44008794682286,-75.71425335735502
39.440078981930085,-75.71425111906609
39.44007098713572,-75.71424908476519
39.44006202952223,-75.71424680547246
39.440053071908665,-75.71424452618031
39.44004396817395,-75.71424220970779
39.44003597337929,-75.71424017540889
39.44002701576546,-75.71423789611842
39.440018058151544,-75.7142356168285
39.440008954416506,-75.71423330035829
39.440000959621536,-75.71423126606139
39.43999198619471,-75.7142290958553
39.43998301030827,-75.71422692842576
39.43997403442173,-75.71422476099676
39.439965058535115,-75.71422259356832
39.439956082648415,-75.71422042614043
39.439947933971496,-75.71421845846125
39.43993895808464,-75.71421629103439
39.43992998219771,-75.71421412360809
39.43992100631071,-75.71421195618234
39.43991203042362,-75.71420978875715
39.43990305453647,-75.71420762133248
39.43989504504077,-75.71420568726471
39.439885929971794,-75.71420348623265
39.439876954084404,-75.7142013188096
39.43986797819692,-75.71419915138708
39.439859002309376,-75.71419698396512
39.439850026421745,-75.71419481654372
39.43984201692563,-75.71419288247884
39.43983304103786,-75.71419071505846
39.43982392596833,-75.71418851403025
39.43981495008039,-75.714186346611
39.43980597419236,-75.71418417919227
39.439796998304274,-75.71418201177411
39.439788022416096,-75.7141798443565
39.4397800129195,-75.714177910295
39.439771037031164,-75.71417574287842
39.439762061142766,-75.7141735754624
39.43975294607261,-75.7141713744386
39.43974397018403,-75.71416920702369
39.43973499429538,-75.71416703960932
39.43972698479837,-75.71416510555072
39.43971800890957,-75.71416293813738
39.439709033020705,-75.7141607707246
39.43970005713175,-75.71415860331236
39.43969094206104,-75.71415640229243
39.439681966171925,-75.7141542348813
39.4396739566745,-75.71415230082559
39.43966498078523,-75.71415013341552
39.43965600489589,-75.71414796600597
39.43964702900646,-75.71414579859697
39.43963805311697,-75.71414363118853
39.43962907722738,-75.71414146378065
39.439619962156044,-75.71413926276512
39.439611952658126,-75.71413732871281
39.43960297676831,-75.7141351613065
39.43959400087843,-75.71413299390076
39.43958502498846,-75.71413082649556
39.43957604909842,-75.71412865909093
39.43956707320827,-75.71412649168683
39.43955892452827,-75.71412452402926
39.439549948637975,-75.71412235662622
39.439541013591985,-75.71411991727648
39.4395319317428,-75.714117415427
39.439523007084745,-75.71411495688086
39.439514082426584,-75.71411249833535
39.43950500057708,-75.71410999648776
39.439496075918726,-75.7141075379435
39.43948795076635,-75.71410529964585
39.43947902610779,-75.71410284110276
39.439469944257894,-75.71410033925764
39.43946101959913,-75.71409788071578
39.43945193774903,-75.71409537887193
39.439443013090056,-75.71409292033132
39.43943408843098,-75.71409046179134
39.439425006580564,-75.71408795994938
39.439417038618714,-75.71408576495877
39.4394079567681,-75.71408326311803
39.43939903210863,-75.71408080458045
39.43938995025781,-75.71407830274096
39.43938102559813,-75.71407584420463
39.4393719437471,-75.7140733423664
39.43936301908723,-75.71407088383133
39.439354094427244,-75.71406842529686
39.439345969273425,-75.71406618700814
39.43933704461325,-75.71406372847485
39.439327962761716,-75.71406122663971
39.43931903810133,-75.71405876810766
39.43930995624959,-75.71405626627379
39.439301031589004,-75.71405380774299
39.439291949737054,-75.71405130591039
39.439283025076264,-75.71404884738082
39.43927489992171,-75.71404660909658
39.43926597526073,-75.7140441505682
39.439257050599636,-75.71404169204044
39.43924796874719,-75.71403919021091
39.4392390440859,-75.71403673168439
39.439229962233235,-75.71403422985614
39.439221037571734,-75.71403177133087
39.43921195571887,-75.71402926950388
39.43920398775485,-75.71402707452641
39.43919490590179,-75.71402457270064
39.439185981239895,-75.71402211417778
39.4391770565779,-75.71401965565553
39.439167974724526,-75.71401715383163
39.439159050062315,-75.71401469531064
39.43914998705194,-75.71401207307275
39.43914188212375,-75.71400966523798
39.439132995537086,-75.71400702518658
39.439123940617456,-75.71400433512707
39.43911505403056,-75.71400169507699
39.43910694910196,-75.71399928724456
39.43909789418199,-75.71399659718702
39.439089007594745,-75.71399395713885
39.439079952674525,-75.71399126708266
39.439071066087045,-75.71398862703583
39.43906296115792,-75.71398621920638
39.43905390623736,-75.71398352915215
39.439045019649534,-75.71398088910723
39.43903596472875,-75.71397819905435
39.43902707814069,-75.71397555901078
39.43901897321104,-75.71397315118429
39.439010086622766,-75.71397051114198
39.4390008935872,-75.71396748291879
39.43899288452681,-75.71396452403636
39.43898395074569,-75.71396122352418
39.43897594168499,-75.71395826464311
39.438967007903535,-75.7139549641325
39.43895807412189,-75.71395166362267
39.438949861295384,-75.71394862946438
39.43894092751341,-75.71394532895611
39.438932918451926,-75.71394237007858
39.43892398466961,-75.71393906957188
39.43891597560781,-75.71393611069573
39.43890704182516,-75.71393281019056
39.438897904276956,-75.71392943440696
39.43888989521472,-75.71392647553294
39.438880961431515,-75.71392317503016
39.43887295236895,-75.71392021615752
39.43886401858543,-75.71391691565627
39.43885600952257,-75.71391395678503
39.43884687197334,-75.7139105810062
39.438837938189266,-75.71390728050733
39.43882992912594,-75.71390432163822
39.43882099534154,-75.7139010211409
39.4388129862779,-75.71389806227316
39.438804052493154,-75.71389476177738
39.43879583966385,-75.71389172763202
39.43878690587874,-75.7138884271378
39.43877797209348,-75.71388512664441
39.43876996302907,-75.7138821677802
39.43876102924346,-75.71387886728834
39.438753020178744,-75.7138759084255
39.4387438826274,-75.7138725326563
39.43873494884127,-75.71386923216681
39.43872693977608,-75.71386627330612
39.43871800598961,-75.71386297281819
39.43870999692411,-75.71386001395888
39.438701063137295,-75.7138567134725
39.438692850306104,-75.71385367933578
39.43868391651893,-75.71385037885095
39.43867498273159,-75.71384707836694
39.43866697366532,-75.71384411951114
39.43865803987763,-75.71384081902869
39.43865003081107,-75.71383786017428
39.43864109702303,-75.71383455969335
39.43863288419075,-75.71383152556167
39.438623950402366,-75.71382822508231
39.4386150166138,-75.71382492460377
39.43860700754646,-75.71382196575287
39.43859807375757,-75.71381866527588
39.438590064689926,-75.71381570642636
39.438580927135256,-75.71381233067237
39.438572918067294,-75.71380937182427
39.43856398427771,-75.71380607135038
39.43855505722191,-75.7138027618913
39.438546887039685,-75.7137994700443
39.43853802423957,-75.71379589913563
39.43853007316038,-75.71379269556904
39.438520991256446,-75.71378903638319
39.43851304017689,-75.71378583281808
39.43850395827257,-75.71378217363394
39.438495095471424,-75.71377860272948
39.43848692528792,-75.7137753108879
39.43847806248636,-75.7137717399851
39.43846989230249,-75.71376844814507
39.43846102950054,-75.71376487724395
39.43845307841972,-75.71376167368412
39.43844399651393,-75.713758014506
39.43843604543275,-75.71375481094768
39.438426963526574,-75.71375115177126
39.43841810072361,-75.71374758087434
39.43840993053844,-75.71374428903972
39.438401067735064,-75.71374071814446
39.438392897549534,-75.7137374263114
39.438384034745766,-75.71373385541781
39.438375864559866,-75.71373056358628
39.43836700175569,-75.71372699269438
39.43835905067285,-75.7137237891428
39.438349968764825,-75.71372012997413
39.438341105960035,-75.71371655908474
39.43833293577322,-75.71371326725709
39.438324072968015,-75.71370969636939
39.438315902780836,-75.71370640454329
39.43830703997522,-75.71370283365722
39.43829886978767,-75.71369954183265
39.43829000698167,-75.71369597094828
39.43828114417545,-75.71369240006477
39.43827297398734,-75.71368910824255
39.4382641111807,-75.7136855373607
39.438255940992235,-75.71368224554001
39.4382470781852,-75.71367867465985
39.438238907996364,-75.7136753828407
39.43823004518893,-75.7136718119622
39.438221874999726,-75.7136685201446
39.43821301219188,-75.71366494926777
39.43820393028035,-75.71366129011376
39.43819597919408,-75.71365808657652
39.43818711638563,-75.71365451570222
39.438178946195485,-75.7136512238885
39.438170080985095,-75.71364765338032
39.43817281194974,-75.71363692358469
39.43817550802389,-75.71362580008272
39.43817833508138,-75.71361413616218
39.438181031153164,-75.71360301265926
39.43818372722377,-75.71359188915596
39.43818633363322,-75.71358113557355
39.43818902970155,-75.71357001206937
39.4381917257687,-75.71355888856482
39.438194332174895,-75.71354813498078
39.438197028239756,-75.71353701147534
39.43819972430345,-75.71352588796954
39.4382023307064,-75.7135151343839
39.43820502676781,-75.7135040108772
39.438207722828054,-75.71349288737014
39.43821032922776,-75.71348213378289
39.4382132459293,-75.71347009993421
39.43821594198599,-75.71345897642581
39.43821863804149,-75.71344785291704
39.43822124443677,-75.7134370993276
39.43822394049,-75.71342597581794
39.43822663654206,-75.7134148523079
39.438229242934085,-75.71340409871686
39.43823193898386,-75.71339297520593
39.43823463503246,-75.71338185169463
39.438237241421234,-75.713371098102
39.43823993746755,-75.71335997458982
39.438242633512694,-75.71334885107726
39.43824523989822,-75.713338097483
39.438248156583555,-75.71332606362793
39.43825085262515,-75.71331494011405
39.43825345900735,-75.71330418651812
39.438256155046666,-75.71329306300335
39.438258851084804,-75.71328193948821
39.43826145746375,-75.71327118589066
39.43826415349962,-75.71326006237463
39.4382668495343,-75.71324893885821
39.43826954556781,-75.71323781534144
39.4382721519424,-75.7132270617418
39.43827484797363,-75.71321593822412
39.43827754400368,-75.71320481470606
39.438280371016475,-75.71319315076234
39.43828306704415,-75.71318202724336
39.43828576307065,-75.71317090372396
39.43828836943867,-75.71316015012103
39.4382910654629,-75.71314902660077
39.43829376148595,-75.71313790308014
39.438296367850725,-75.71312714947558
39.43829906387148,-75.71311602595408
39.43830175989109,-75.71310490243216
39.438304366252616,-75.71309414882603
39.43830706226993,-75.71308302530325
39.43830975828606,-75.71307190178008
39.43831245430103,-75.71306077825655
39.4383152812985,-75.71304911430492
39.4383179773111,-75.71303799078042
39.438320673322515,-75.71302686725555
39.438323279676354,-75.71301611364562
39.438325975685494,-75.71300499011987
39.43832867169345,-75.71299386659373
39.43833127804404,-75.7129831129822
39.438333974049726,-75.7129719894552
39.43833667005422,-75.71296086592781
39.438339276401564,-75.71295011231467
39.43834197240379,-75.7129389887864
39.43834466840483,-75.71292786525774
39.438347274748935,-75.712917111643
39.43835019138689,-75.71290507776918
39.438352887384376,-75.71289395423919
39.43835549372515,-75.71288320062276
39.43835818972037,-75.71287207709189
39.43836088571442,-75.71286095356066
39.43836358170728,-75.71284983002904
39.4383661880437,-75.7128390764105
39.43836888403429,-75.71282795287799
39.438371580023706,-75.71281682934513
39.43837418635687,-75.71280607572497
39.438376882343995,-75.71279495219122
39.43837957832996,-75.71278382865708
39.438382184659865,-75.71277307503533
39.438385101281604,-75.7127610411551
39.438387797264014,-75.71274991761965
39.4383904035906,-75.71273916399619
39.43839309957073,-75.71272804045985
39.43839579554969,-75.71271691692313
39.43839840187303,-75.71270616329807
39.438401097849706,-75.71269503976046
39.4384037938252,-75.71268391622249
39.438406489799526,-75.71267279268412
39.438409096118505,-75.71266203905697
39.438411792090555,-75.71265091551773
39.43841448806142,-75.71263979197809
39.43841731501417,-75.71262812800327
39.438420010982675,-75.7126170044627
39.43842270694999,-75.71260588092176
39.4384253132624,-75.71259512729131
39.43842800922743,-75.7125840037495
39.43843070519131,-75.71257288020728
39.43843331150046,-75.71256212657522
39.438436007462045,-75.71255100303215
39.438438703422456,-75.71253987948866
39.43844130972836,-75.71252912585501
39.43844400568649,-75.71251800231066
39.43844670164344,-75.71250687876592
39.438449307946115,-75.71249612513066
39.438452224536675,-75.7124840912381
39.43845492049008,-75.71247296769201
39.43845761644232,-75.71246184414557
39.438460222740545,-75.71245109050814
39.43846291869049,-75.7124399669608
39.43846561463928,-75.7124288434131
39.43846822093425,-75.71241808977406
39.438470916880746,-75.71240696622547
39.43847361282606,-75.7123958426765
39.438476219117796,-75.71238508903585
39.43847891506083,-75.71237396548601
39.438481611002686,-75.71236284193579
39.438484217291176,-75.71235208829351
39.438487133865536,-75.71234005439455
39.438489829803835,-75.71232893084299
39.438492436089,-75.71231817719905
39.43849513202503,-75.71230705364661
39.43849782795989,-75.7122959300938
39.4385004342418,-75.71228517644826
39.438503130174375,-75.71227405289457
39.43850582610578,-75.7122629293405
39.438508522036,-75.71225180578605
39.43851112831356,-75.7122410521384
39.438513824241504,-75.71222992858307
39.438516520168264,-75.71221880502735
39.438520101052646,-75.71220604939398
39.43852366214229,-75.71219383485702
39.43852709849974,-75.71218204814612
39.43852984671336,-75.71216994214996
39.438532285551474,-75.71215910776647
39.43853480268944,-75.71214792553549
39.43853724152539,-75.71213709115105
39.438539758661044,-75.71212590891935
39.43854240497044,-75.71211415283464
39.4385449221037,-75.71210297060219
39.43854736093522,-75.71209213621577
39.43854987806617,-75.71208095398258
39.43855231689551,-75.71207011959524
39.43855504149933,-75.7120580156617
39.438557480326416,-75.7120471812733
39.438559997452664,-75.71203599903865
39.438562514577725,-75.71202481680369
39.438564953401524,-75.71201398241394
39.438567677999,-75.71200187847829
39.43857011682053,-75.71199104408751
39.43857263394089,-75.71197986185108
39.438575072760244,-75.71196902745935
39.43857758987831,-75.71195784522219
39.43858023616977,-75.7119460891292
39.43858275328543,-75.71193490689129
39.43858519210035,-75.71192407249757
39.43858770921371,-75.71191289025893
39.43859035550039,-75.71190113416371
39.43859287261135,-75.7118899519243
39.43859531142183,-75.71187911752862
39.43859782853048,-75.71186793528851
39.43860026733879,-75.71185710089189
39.43860299191863,-75.71184499695015
39.43860543072468,-75.71183416255249
39.43860794782863,-75.7118229803109
39.4386103866325,-75.71181214591229
39.438612903734146,-75.71180096366997
39.43861562830766,-75.71178885972614
39.438618067108145,-75.71177802532608
39.438620584206205,-75.71176684308271
39.43862302300453,-75.71175600868172
39.43862554010028,-75.71174482643762
39.43862818636904,-75.7117330703341
39.438630703462394,-75.71172188808924
39.43863314225628,-75.71171105368627
39.438635659347334,-75.7116998714407
39.43863809813904,-75.71168903703679
39.43864082269994,-75.7116769330886
39.4386432614894,-75.71166609868365
39.43864577857575,-75.71165491643659
39.438648217363024,-75.7116440820307
39.438650941918894,-75.71163197808076
39.43865338070391,-75.71162114367382
39.43865589778555,-75.7116099614253
39.43865833656839,-75.71159912701745
39.43866085364773,-75.71158794476818
39.438663499899775,-75.71157618865684
39.43866601697672,-75.71156500640683
39.438668534052475,-75.71155382415652
39.438670972829755,-75.71154298974626
39.43867348990321,-75.71153180749525
39.438676136149255,-75.71152005138116
39.43867865322031,-75.71150886912939
39.43868109199317,-75.71149803471715
39.43868360906192,-75.71148685246465
39.43868604783259,-75.71147601805144
39.438688772369524,-75.71146391409506
39.43869121113794,-75.71145307968084
39.43869372820198,-75.71144189742687
39.43869616696823,-75.71143106301169
39.43869889150011,-75.71141895905355
39.43870100556287,-75.71140800172154
39.43870303434173,-75.71139701062768
39.438705237729025,-75.7113850735696
39.43870726650561,-75.711374082475
39.438709295281114,-75.71136309138005
39.43871149866477,-75.71135115432068
39.43871358147389,-75.71133987047972
39.438715784855056,-75.71132793341964
39.43871781362597,-75.71131694232331
39.43871984239578,-75.71130595122666
39.438722045773304,-75.71129401416533
39.43872407454086,-75.71128302306792
39.438726103307324,-75.71127203197017
39.43872830668122,-75.71126009490756
39.43873033544542,-75.71124910380907
39.438732538816865,-75.71123716674559
39.43873460318082,-75.71122595399792
39.43873542632358,-75.71121404942235
39.43873625741713,-75.71120202984152
39.43873701991446,-75.71119100230861
39.43873785100563,-75.71117898272763
39.43873868209554,-75.71116696314657
39.43873950523229,-75.71115505856957
39.438740336319725,-75.71114303898815
39.43874109881142,-75.7111320114548
39.43874192989646,-75.7111199918732
39.43874276098024,-75.71110797229156
39.43874359206277,-75.7110959527098
39.438744346598206,-75.7110850401794
39.43874517767836,-75.71107302059734
39.43874600875727,-75.7110610010152
39.43874683983492,-75.71104898143294
39.43874767091132,-75.71103696185062
39.43874842544124,-75.71102604931892
39.43874925651527,-75.71101402973628
39.43875008758805,-75.71100201015354
39.43875091865958,-75.71098999057072
39.43875174972985,-75.71097797098781
39.438752512205795,-75.71096694345327
39.438753335322154,-75.71095503887159
39.438754166388804,-75.71094301928828
39.438754997454204,-75.71093099970489
39.43875575992567,-75.71091997216995
39.438756509609405,-75.71090805153713
39.438757235120114,-75.71089602377782
39.43875790067576,-75.71088498995532
39.43875862618407,-75.71087296219594
39.4387592856744,-75.71086202889026
39.43876001118033,-75.71085000113067
39.438760676731576,-75.71083896730798
39.43876139617206,-75.71082704006467
39.43876206172113,-75.7108160062418
39.438762787222274,-75.71080397848196
39.43876344670615,-75.71079304517495
39.43876417220492,-75.71078101741487
39.438764837749595,-75.71076998359185
39.438765557183025,-75.71075805634709
39.438766222725526,-75.71074702252386
39.4387669482195,-75.71073499476354
39.4387676137598,-75.7107239609403
39.43876833318853,-75.71071203369465
39.43876899872663,-75.71070099987122
39.438769724215824,-75.71068897211063
39.43877038368893,-75.71067803880145
39.438771109175754,-75.71066601104064
39.43877177470947,-75.71065497721705
39.43877249413115,-75.71064304996993
39.438773159662695,-75.71063201614616
39.43877384002097,-75.71061999237418
39.438774152344095,-75.71060900726187
39.43877449305904,-75.71059702350281
39.438774806733406,-75.71058599078754
39.438775147445995,-75.7105740070283
39.43877545976479,-75.71056302191553
39.43877577343593,-75.71055198920044
39.43877611414502,-75.71054000544089
39.43877642646063,-75.71052902032781
39.43877676852071,-75.71051698896626
39.438777080834136,-75.71050600385304
39.438777421538525,-75.71049402009301
39.43877773520311,-75.71048298737827
39.43877804751335,-75.71047200226474
39.43877838821423,-75.71046001850438
39.4387787018756,-75.71044898578982
39.438779042574126,-75.7104370020293
39.43877935488004,-75.7104260169153
39.43877969692947,-75.71041398555423
39.43878000923321,-75.7104030004401
39.43878032153592,-75.71039201532581
39.43878066358185,-75.71037998396488
39.43878097588239,-75.71036899885047
39.43878131657271,-75.71035701508909
39.43878163022429,-75.71034598237512
39.43878197091226,-75.71033399861358
39.438782283208475,-75.71032301349868
39.43878259685685,-75.71031198078488
39.43878293754131,-75.71029999702303
39.43878374117398,-75.71028796729017
39.4387845719475,-75.71027694590379
39.43878547738684,-75.71026493395354
39.43878629872197,-75.71025403775165
39.43878720415894,-75.71024202580101
39.43878810959467,-75.71023001385021
39.43878894036265,-75.71021899246323
39.438789845795974,-75.71020698051224
39.43879067656177,-75.71019595912504
39.438791581992696,-75.71018394717382
39.43879248742237,-75.71017193522249
39.43879330874883,-75.71016103901839
39.438794214176134,-75.71014902706666
39.43879511960219,-75.7101370151148
39.4387959503613,-75.71012599372689
39.438796855784965,-75.7101139817748
39.438797686541875,-75.71010296038673
39.43879859196314,-75.71009094843441
39.43879949738316,-75.71007893648195
39.438800318700935,-75.7100680402757
39.43880122411857,-75.71005602832282
39.43880205486995,-75.71004500693414
39.4388029602852,-75.71003299498109
39.43880386569919,-75.71002098302789
39.43880469644723,-75.7100099616389
39.438805601858824,-75.7099979496855
39.43880650726918,-75.70998593773196
39.43880732857828,-75.70997504152349
39.43880823398625,-75.70996302956955
39.438809064728765,-75.70995200817995
39.43880997013434,-75.7099399962258
39.43881026302299,-75.70992801000754
39.43881053597722,-75.70991598234488
39.43881078539338,-75.70990499183469
39.438811057482546,-75.70989300218707
39.438811329570484,-75.70988101253933
39.43881160251988,-75.70986898487695
39.43881187460535,-75.7098569952291
39.438812146689585,-75.7098450055811
39.43881239609906,-75.70983401507031
39.43881266904359,-75.70982198740823
39.43881294112424,-75.70980999775999
39.43881321320366,-75.70979800811162
39.43881348528185,-75.70978601846309
39.438813758221414,-75.7097739908013
39.43881400762421,-75.70976300029007
39.4388142796988,-75.7097510106413
39.43881455263477,-75.70973898297979
39.43881482470689,-75.70972699333092
39.43881509677778,-75.70971500368192
39.43881536884745,-75.70970301403278
39.43881561910612,-75.70969198550898
39.438815891173434,-75.70967999585973
39.43881655620052,-75.70966794297263
39.438817400803295,-75.70965692300449
39.43881824540501,-75.70964590303626
39.438819156148575,-75.70963402006471
39.43882000074813,-75.70962300009613
39.438820845346626,-75.70961198012746
39.43882176583903,-75.709599969911
39.438822610435324,-75.70958894994214
39.438823455030565,-75.7095779299732
39.438824375519424,-75.70956591975637
39.438825210360285,-75.70955502703053
39.43882605495229,-75.70954400706117
39.438826975437635,-75.70953199684382
39.43882782002744,-75.70952097687424
39.438828809423846,-75.70950992364476
39.43883168864409,-75.70949787525385
39.43883426239404,-75.70948710512931
39.438837141611735,-75.70947505673733
39.43883980273809,-75.70946392096621
39.43884268195316,-75.7094518725733
39.43884525569858,-75.70944110244659
39.43884813491109,-75.7094290540526
39.43885079603262,-75.70941791827978
39.43885367524253,-75.70940586988488
39.438856248983406,-75.70939509975595
39.43885912819074,-75.70938305135999
39.43886178930746,-75.70937191558546
39.438864668512174,-75.70935986718855
39.43886724224853,-75.70934909705745
39.43887111083407,-75.70933806844545
39.43887485288743,-75.70932790915083
39.43887889501941,-75.70931693516937
39.438882637070556,-75.7093067758735
39.438886679200166,-75.70929580189063
39.4388904212491,-75.7092856425935
39.43889427806295,-75.7092751717172
39.438898020109775,-75.70926501241875
39.43890206223477,-75.70925403843293
39.438906104358516,-75.70924306444634
39.43890984640199,-75.70923290514595
39.43891388852339,-75.70922193115794
39.438917882085235,-75.70921192111003
39.438922189555015,-75.70920112682032
39.43892618206201,-75.70919112180715
39.438930700251994,-75.70917979945601
39.43893469275675,-75.70916979444142
39.438939000221865,-75.70915900014845
39.43894330768581,-75.70914820585458
39.43894730018732,-75.70913820083771
39.438951818370974,-75.7091268784827
39.438955810870254,-75.70911687346444
39.43896011832952,-75.7091060791673
39.43896411082665,-75.70909607414754
39.438968418283636,-75.70908527984874
39.43897262150015,-75.70907474676831
39.43897692895477,-75.70906395246789
39.43898092144751,-75.70905394744524
