32.09017898782692,-81.12103397444568
32.09017109978955,-81.1210392094831
32.09016397154632,-81.12104394026863
32.090156083508234,-81.12104917530455
32.09014783353337,-81.12105465054508
32.0901399454945,-81.12105988557937
32.090132057455236,-81.12106512061287
32.09012492921032,-81.12106985139482
32.09011704117034,-81.12107508642681
32.09010915312997,-81.12108032145801
32.09010090315279,-81.12108579669356
32.090093015111655,-81.12109103172313
32.090085886865054,-81.12109576250153
32.09007799882318,-81.12110099752958
32.09007011078094,-81.12110623255684
32.09006186080182,-81.12111170778827
32.0900539727588,-81.1211169428139
32.09004684451052,-81.12112167358875
32.090038956466756,-81.12112690861287
32.09003106842263,-81.12113214363619
32.09002318037811,-81.12113737865873
32.09001493039666,-81.1211428538852
32.0900078021467,-81.12114758465646
32.08999991410107,-81.12115281967665
32.08999202605505,-81.12115805469605
32.089984138008646,-81.12116328971467
32.089976249961865,-81.1211685247325
32.08996875977361,-81.12117349570468
32.08996087172609,-81.12117873072096
32.08995298367819,-81.12118396573644
32.0899450956299,-81.12118920075112
32.08993720758122,-81.12119443576502
32.089929717391264,-81.12119940673342
32.08992182934186,-81.12120464174576
32.08991394129206,-81.12120987675733
32.08990605324188,-81.12121511176808
32.08989816519133,-81.12122034677803
32.089891036936336,-81.12122507753863
32.08988278694834,-81.12123055275109
32.08987489889666,-81.12123578775872
32.0898670108446,-81.12124102276553
32.089859122792156,-81.12124625777157
32.089851994535486,-81.1212509885286
32.08984410648231,-81.12125622353314
32.08983585649199,-81.12126169874061
32.089827968438044,-81.12126693374353
32.0898200803837,-81.12127216874562
32.08981295212536,-81.12127689949908
32.089805064070305,-81.12128213449968
32.089796814078035,-81.12128760970303
32.089788926022216,-81.121292844702
32.089781037966,-81.12129807970018
32.089773909705954,-81.12130281045008
32.08976602164902,-81.12130804544674
32.0897581335917,-81.1213132804426
32.08974988359711,-81.121318755641
32.089741995539,-81.12132399063525
32.08973486727728,-81.12132872138159
32.08972697921847,-81.12133395637431
32.08971909115925,-81.12133919136626
32.08971120309967,-81.1213444263574
32.08970295310274,-81.12134990155083
32.08969582483935,-81.12135463229359
32.08968793677863,-81.1213598672824
32.08968004871754,-81.12136510227042
32.08967216065606,-81.12137033725763
32.089664272594206,-81.12137557224406
32.089656782392126,-81.1213805431861
32.08964889432953,-81.12138577817099
32.089641006266554,-81.12139101315508
32.08963311820318,-81.12139624813837
32.08962523013943,-81.12140148312086
32.08961773993565,-81.12140645405916
32.08960985187116,-81.1214116890401
32.08960196446871,-81.1214169227761
32.089594009992844,-81.12142202171849
32.089586055516605,-81.12142712066009
32.08957810104002,-81.12143221960089
32.08956979125012,-81.12143754630186
32.08956183677279,-81.12144264524107
32.089553882295085,-81.12144774417948
32.089545927817035,-81.12145284311711
32.089537973338594,-81.12145794205396
32.08953001885982,-81.12146304099001
32.08952206438066,-81.1214681399253
32.08951375458815,-81.12147346662044
32.089505800108256,-81.1214785655541
32.08949784562801,-81.12148366448699
32.08948911890792,-81.12148925843519
32.0894811644269,-81.12149435736643
32.08947320994551,-81.12149945629689
32.089465255463764,-81.12150455522654
32.08945694566861,-81.12150988191578
32.089448991186124,-81.12151498084384
32.089441036703256,-81.12152007977112
32.089433082220054,-81.1215251786976
32.08942512773647,-81.1215302776233
32.089417173252535,-81.12153537654821
32.08940886345513,-81.12154070323244
32.089400908970454,-81.12154580215575
32.08939295448541,-81.12155090107827
32.089385,-81.121556
32.08937703024066,-81.12156106627579
32.08936906048096,-81.12156613255077
32.0893610907209,-81.121571198825
32.08935312096049,-81.12157626509844
32.08934479750521,-81.12158155621003
32.08933682774406,-81.12158662248186
32.089328857982565,-81.12159168875289
32.089320888220705,-81.12159675502315
32.089312918458475,-81.12160182129264
32.089304948695904,-81.12160688756133
32.089296203771674,-81.12161244658847
32.089288234008336,-81.12161751285552
32.08927991055007,-81.12162280396042
32.089271940786,-81.12162787022585
32.08926397102157,-81.12163293649051
32.089256001256786,-81.1216380027544
32.08924803149164,-81.1216430690175
32.08924006172616,-81.1216481352798
32.0892320919603,-81.12165320154132
32.089224122194075,-81.12165826780206
32.08921615242749,-81.12166333406202
32.0892078289659,-81.12166862515947
32.089199859198594,-81.12167369141783
32.08919188943092,-81.1216787576754
32.08918391966291,-81.12168382393217
32.08918121178957,-81.1216739234528
32.089178668441335,-81.12166411983542
32.08917603936479,-81.12165398577237
32.08917341028732,-81.12164385170955
32.089170866936605,-81.12163404809323
32.08916800066775,-81.12162299975866
32.08916545731532,-81.12161319614312
32.08916282823432,-81.12160306208148
32.089160199152424,-81.12159292802008
32.08915765579752,-81.12158312440559
32.089155026713875,-81.12157299034477
32.08915239762934,-81.12156285628419
32.08914985427197,-81.12155305267075
32.0891472251857,-81.12154291861071
32.08914468182669,-81.121533114998
32.08914205273869,-81.12152298093855
32.08913942364977,-81.12151284687934
32.089136880288294,-81.1215030432677
32.08913425119764,-81.12149290920904
32.08913147064385,-81.12148219132652
32.08912884155139,-81.12147205726849
32.08912621245804,-81.1214619232107
32.08912366909237,-81.12145211960089
32.08912103999729,-81.12144198554367
32.08911841090131,-81.12143185148669
32.08911586753315,-81.1214220478779
32.08911323843544,-81.1214119138215
32.089110695065656,-81.12140211021347
32.0891080659662,-81.12139197615761
32.08910543686584,-81.121381842102
32.08910250773396,-81.12137179348194
32.08909968578237,-81.12136212780638
32.089096496717495,-81.12135120470758
32.08909356861762,-81.12134117546262
32.08909064051688,-81.12133114621798
32.08908771241526,-81.1213211169737
32.08908478431276,-81.12131108772977
32.08908185620939,-81.12130105848617
32.089078928105124,-81.12129102924291
32.08907599999999,-81.121281
32.08907312515235,-81.12127095012332
32.089070250303834,-81.12126090024698
32.089067375454434,-81.12125085037094
32.089064602939885,-81.12124115823956
32.08906172808878,-81.12123110836426
32.089058853236786,-81.1212210584893
32.08905597838391,-81.12121100861464
32.089053103530155,-81.12120095874029
32.08905022867551,-81.12119090886628
32.08904735382,-81.1211808589926
32.08904458129973,-81.12117116686409
32.08904170644251,-81.12116111699113
32.08903883158439,-81.12115106711849
32.08903595672541,-81.12114101724619
32.08903308186554,-81.1211309673742
32.08903020700479,-81.12112091750254
32.089027332143154,-81.12111086763119
32.08902455961716,-81.12110117550554
32.08902168475382,-81.12109112563495
32.089018809889595,-81.12108107576465
32.0890159350245,-81.12107102589468
32.08901306015851,-81.12106097602503
32.08901018529164,-81.12105092615572
32.089007310423895,-81.12104087628673
32.08900453789218,-81.12103118416395
32.08900166302272,-81.12102113429567
32.08899878815238,-81.12101108442774
32.088995913281174,-81.12100103456012
32.08899304245597,-81.12099098422595
32.08899034555735,-81.12098087161188
32.08898773880981,-81.12097109704246
32.08898504190947,-81.12096098442898
32.088982345008226,-81.12095087181578
32.0889794956136,-81.1209401873996
32.08897679871056,-81.12093007478704
32.08897410180664,-81.12091996217477
32.08897140490181,-81.12090984956275
32.088968798148436,-81.12090007499597
32.08896610124189,-81.12088996238455
32.088963404334436,-81.12087984977342
32.08896055493347,-81.12086916536025
32.08895785802423,-81.12085905274976
32.08895516111409,-81.12084894013955
32.08895246420306,-81.1208388275296
32.08894985744385,-81.12082905296545
32.08894716053108,-81.12081894035612
32.08894446361744,-81.12080882774703
32.08894161421012,-81.12079814333687
32.088938917294676,-81.12078803072846
32.08893622037832,-81.12077791812031
32.08893361361411,-81.12076814355845
32.08893091669604,-81.1207580309509
32.088928219777074,-81.12074791834364
32.08892528021113,-81.12073689588982
32.08892267344357,-81.12072712132947
32.08891997652189,-81.1207170087231
32.088917279599336,-81.12070689611701
32.0889146728293,-81.1206971215578
32.08891197590502,-81.12068700895232
32.08890927897984,-81.12067689634709
32.08890633940719,-81.12066587389573
32.08890373263377,-81.120656099338
32.08890103570591,-81.12064598673372
32.08889833877714,-81.1206358741297
32.08889573200126,-81.1206260995731
32.08889303507077,-81.12061598696968
32.088890338139386,-81.12060587436655
32.088887488713965,-81.120595189965
32.08888479178078,-81.12058507736253
32.0888820948467,-81.12057496476031
32.08887939791171,-81.12056485215835
32.08887679113001,-81.12055507760438
32.088874094193315,-81.12054496500305
32.08887115460819,-81.12053394255624
32.08886854782396,-81.12052416800343
32.08886585088456,-81.120514055403
32.08886315394427,-81.12050394280286
32.088860457003086,-81.12049383020296
32.088857850215554,-81.12048405565164
32.08885515327264,-81.12047394305236
32.088852213680795,-81.12046292060798
32.088849606890726,-81.12045314605781
32.088846909945126,-81.12044303345947
32.08884421299862,-81.12043292086138
32.088841606206095,-81.1204231463123
32.08883890925786,-81.12041303371483
32.08883621230874,-81.12040292111762
32.08883331967884,-81.1203918833663
32.08883075481422,-81.12038208945522
32.088828102734475,-81.12037196251767
32.08882545065385,-81.12036183558035
32.088822646742884,-81.12035112888479
32.08881999466045,-81.1203410019481
32.08881734257711,-81.1203308750117
32.088814777707476,-81.12032108110283
32.08881188657824,-81.12031004138164
32.08880923449222,-81.12029991444611
32.088806669620034,-81.12029012053834
32.08880401753227,-81.12027999360339
32.08880112639913,-81.12026895388355
32.08879856152442,-81.12025915997694
32.08879590943394,-81.12024903304285
32.08879325734258,-81.12023890610902
32.08879036620556,-81.12022786639052
32.088787801327456,-81.12021807248536
32.088785149233395,-81.12020794555241
32.08878249713842,-81.12019781861972
32.08877969321281,-81.12018711193093
32.08877704111604,-81.12017698499886
32.0887744,-81.1201669
32.088771439136096,-81.12015682029049
32.08876849497325,-81.12014679743997
32.08876528858634,-81.12013588190054
32.08876234442167,-81.12012585905076
32.088759400256116,-81.12011583620132
32.0887564560897,-81.12010581335225
32.08875351192239,-81.12009579050353
32.088750675065256,-81.12008613297466
32.088747468672636,-81.12007521743779
32.088744524502694,-81.12006519459023
32.08874158033187,-81.120055171743
32.08873863616017,-81.12004514889614
32.0887356919876,-81.12003512604961
32.08873274781415,-81.12002510320345
32.08872978921577,-81.12001407844892
32.088727088049005,-81.12000396723022
32.08872438688133,-81.11999385601182
32.08872177614676,-81.11998408331297
32.0887188319906,-81.11997306252921
32.08871613082023,-81.11996295131172
32.08871342964896,-81.11995284009451
32.08871057592404,-81.11994215783139
32.08870787475099,-81.11993204661484
32.08870517357703,-81.11992193539855
32.08870247240219,-81.11991182418252
32.0886996186736,-81.11990114192115
32.088696917496954,-81.11989103070579
32.088694216319425,-81.11988091949071
32.088691515140994,-81.11987080827588
32.08868866140874,-81.11986012601625
32.08868596022851,-81.11985001480208
32.08868325904739,-81.11983990358817
32.08868031487758,-81.11982888280936
32.088677704129466,-81.11981911011667
32.08867500294564,-81.11980899890371
32.08867230176094,-81.11979888769099
32.08866944810442,-81.1197882099316
32.088666692371426,-81.11977811701665
32.088663936637545,-81.11976802410199
32.08866118090278,-81.11975793118764
32.08865842516713,-81.11974783827354
32.0886557635175,-81.119738089954
32.088653007780124,-81.11972799704057
32.088650252041866,-81.11971790412741
32.088647248954864,-81.11970690530164
32.08864458730189,-81.11969715698369
32.08864183156095,-81.11968706407151
32.08863907581911,-81.11967697115962
32.08863632007638,-81.11966687824804
32.08863365842012,-81.11965712993161
32.08863090267567,-81.11964703702064
32.088628146930326,-81.11963694410997
32.0886253911841,-81.1196268511996
32.08862248217608,-81.1196161969723
32.08861972642805,-81.11960610406263
32.08861697067913,-81.1195960111532
32.088614214929336,-81.1195859182441
32.08861155326644,-81.1195761699308
32.08860879751492,-81.11956607702234
32.08860604176251,-81.11955598411417
32.088603286009196,-81.11954589120627
32.088600530255015,-81.11953579829866
32.08859762123887,-81.11952514407531
32.08859486548289,-81.1195150511684
32.088592109726015,-81.11950495826179
32.08858935396825,-81.11949486535543
32.08858669229789,-81.11948511704563
32.08858393653839,-81.11947502413992
32.08858118077802,-81.11946493123452
32.088578425016756,-81.11945483832937
32.088575515993405,-81.11944418410962
32.08857276023034,-81.11943409120518
32.0885700044664,-81.11942399830103
32.08856724870156,-81.11941390539718
32.088564587024564,-81.1194041570905
32.088561831258005,-81.11939406418729
32.08855907549056,-81.11938397128436
32.08855631972222,-81.11937387838171
32.08855365804194,-81.11936413007656
32.08855065492153,-81.11935313126357
32.088547899150505,-81.1193430383619
32.08854514337859,-81.11933294546054
32.0885423876058,-81.11932285255945
32.088539725921336,-81.11931310425625
32.08853697014681,-81.11930301135581
32.08853421437139,-81.11929291845564
32.08853145859509,-81.11928282555577
32.08852879690735,-81.1192730772541
32.088525793778324,-81.1192620784444
32.08852303799934,-81.11925198554549
32.088520282219456,-81.11924189264688
32.08851762052836,-81.1192321443468
32.08851486474677,-81.11922205144884
32.08851210896429,-81.11921195855118
32.08850935318092,-81.11920186565379
32.08850669148653,-81.11919211735523
32.08850393570144,-81.1191820244585
32.0885009325638,-81.11917102565202
32.08849817677685,-81.11916093275592
32.08849551507912,-81.11915118445896
32.08849275929045,-81.11914109156348
32.088490003500894,-81.1191309986683
32.08848724771045,-81.1191209057734
32.08848449191911,-81.11911081287879
32.088481830217255,-81.1191010645837
32.088478827071974,-81.11909006578017
32.08847607127795,-81.11907997288652
32.08847331548304,-81.11906987999319
32.08847065377784,-81.11906013169973
32.08846789798121,-81.11905003880702
32.088465142183686,-81.11903994591461
32.08846238638529,-81.11902985302247
32.088459724676795,-81.11902010473054
32.08845696887666,-81.11901001183905
32.08845396572277,-81.11899901303877
32.08845120992079,-81.1189889201479
32.088448548208945,-81.11897917185756
32.088445792405246,-81.11896907896734
32.08844303660066,-81.11895898607742
32.08844028079517,-81.11894889318776
32.08843761908004,-81.11893914489895
32.088434863272845,-81.11892905200993
32.08843210746475,-81.11891895912125
32.08842910430225,-81.11890796032421
32.0884263484923,-81.11889786743612
32.08842368677299,-81.11888811914925
32.088420930961334,-81.11887802626181
32.088418175148774,-81.11886793337466
32.08841541933533,-81.11885784048778
32.08841275761274,-81.11884809220246
32.08841000179757,-81.11883799931623
32.088407245981514,-81.11882790643027
32.08840424281041,-81.11881690763653
32.088401581084455,-81.11880715935278
32.08839882526571,-81.11879706646782
32.08839606944609,-81.11878697358314
32.088393313625566,-81.11877688069875
32.08839065189635,-81.11876713241655
32.08838789607411,-81.1187570395328
32.088385140250985,-81.11874694664934
32.088382137072216,-81.1187359478585
32.088379475339636,-81.11872619957788
32.088376719513825,-81.11871610669542
32.088373963687125,-81.11870601381322
32.08837120785953,-81.11869592093132
32.08836845203106,-81.1186858280497
32.08836579029436,-81.11867607977096
32.08836303446416,-81.11866598689002
32.08836027863307,-81.11865589400934
32.08835727544569,-81.11864489522176
32.08835461370564,-81.11863514694461
32.08835185787188,-81.1186250540649
32.08834910203721,-81.1186149611855
32.088346346201654,-81.11860486830636
32.08834368445832,-81.11859512003075
32.08834092862105,-81.11858502715226
32.08833817278289,-81.11857493427408
32.088335416943835,-81.11856484139616
32.08833250784118,-81.1185541872154
32.088329752000334,-81.11854409433819
32.0883269961586,-81.11853400146126
32.08832424031597,-81.1185239085846
32.088321578566,-81.11851416031213
32.08831882272166,-81.11850406743613
32.088316066876416,-81.11849397456041
32.0883133110303,-81.11848388168498
32.08831030782666,-81.1184728829036
32.08830764607251,-81.11846313463307
32.0883048902237,-81.11845304175863
32.088302134374004,-81.11844294888446
32.08829937852341,-81.11843285601059
32.08829671676598,-81.11842310774159
32.08829396091367,-81.11841301486835
32.08829120506047,-81.11840292199541
32.08828844920639,-81.11839282912275
32.0882855400884,-81.11838217494953
32.08828278423251,-81.11837208207757
32.08828002837574,-81.11836198920591
32.088277272518084,-81.11835189633453
32.08827461075402,-81.11834214806863
32.088271854894636,-81.1183320551979
32.08826909903436,-81.11832196232744
32.08826634317321,-81.11831186945729
32.08826368140584,-81.11830212119293
32.08826067818505,-81.11829112241816
32.088257922321205,-81.11828102954895
32.08825516645648,-81.11827093668005
32.088252410590854,-81.11826084381144
32.08824974881931,-81.11825109554904
32.08824699295197,-81.11824100268106
32.08824423708374,-81.11823090981338
32.08824148121462,-81.11822081694599
32.088238819439795,-81.11821106868513
32.08823581621039,-81.1182000699136
32.088233060338574,-81.11818997704718
32.08823030446588,-81.11817988418105
32.088227642687706,-81.11817013592179
32.08822488681329,-81.11816004305629
32.088222130937986,-81.1181499501911
32.08821937506179,-81.11813985732618
32.08821671328033,-81.11813010906842
32.08821371004328,-81.11811911029986
32.08821095416439,-81.11810901743593
32.08820819828463,-81.11809892457228
32.08820553649981,-81.11808917631612
32.08820278061833,-81.11807908345311
32.08820002473595,-81.1180689905904
32.08819727346431,-81.11805889616558
32.08819461601064,-81.11804914580084
32.088191864774345,-81.11803905134522
32.088189113537155,-81.1180289568899
32.08818636229908,-81.11801886243485
32.088183457852786,-81.11800820585366
32.08818070661291,-81.1179981113993
32.088177955372146,-81.11798801694523
32.0881752041305,-81.11797792249145
32.08817254667019,-81.11796817212984
32.0881697954268,-81.11795807767669
32.08816704418254,-81.11794798322383
32.08816429293739,-81.11793788877125
32.08816163547381,-81.11792813841116
32.08815888422692,-81.11791804395922
32.08815613297916,-81.1179079495076
32.088153381730514,-81.11789785505623
32.08815072426363,-81.11788810469766
32.08814772602298,-81.11787710402965
32.08814497477164,-81.11786700957927
32.08814222351941,-81.11785691512917
32.08813956604918,-81.11784716477219
32.08813681479523,-81.11783707032272
32.08813406354039,-81.11782697587356
32.08813131228466,-81.11781688142466
32.088128654811136,-81.1178071310692
32.08812590355368,-81.11779703662096
32.08812315229534,-81.117786942173
32.088120401036115,-81.11777684772531
32.08811774355931,-81.11776709737137
32.08811499229835,-81.11775700292435
32.088111994045306,-81.11774600226101
32.0881092427825,-81.1177359078146
32.08810658530235,-81.11772615746226
32.08810383403782,-81.11771606301649
32.088101082772404,-81.117705968571
32.08809833150608,-81.11769587412579
32.088095674022654,-81.11768612377496
32.088092922754626,-81.1176760293304
32.0880901714857,-81.11766593488612
32.0880874202159,-81.11765584044213
32.08808476272917,-81.11764609009282
32.08808201145764,-81.1176359956495
32.08807926018522,-81.11762590120642
32.08807626191976,-81.11761490054778
32.088073604429695,-81.11760515020005
32.08807085315459,-81.11759505575796
32.0880681018786,-81.11758496131617
32.0880653506017,-81.11757486687465
32.08806269310834,-81.11756511652844
32.088059941829734,-81.11755502208757
32.088057190550245,-81.11754492764699
32.08805443926986,-81.11753483320668
32.08805178177322,-81.11752508286202
32.088049030491106,-81.11751498842234
32.08804627920811,-81.11750489398297
32.08804352792422,-81.11749479954388
32.08804062343122,-81.11748414298557
32.08803787214554,-81.11747404854718
32.08803512085896,-81.11746395410906
32.0880323695715,-81.11745385967122
32.08802971206823,-81.11744410932967
32.08802696077904,-81.11743401489248
32.088024209488964,-81.11742392045556
32.088021458198,-81.11741382601893
32.08801880069143,-81.1174040756789
32.088016049398746,-81.11739398124294
32.08801334940719,-81.117383870066
32.08801049772196,-81.11737318678209
32.088007798562174,-81.1173630749087
32.0880050994015,-81.11735296303556
32.088002400239915,-81.11734285116268
32.08799979137737,-81.11733307758058
32.08799709221407,-81.11732296570833
32.08799439304986,-81.11731285383631
32.087991541358306,-81.1173021705554
32.08798884219232,-81.11729205868409
32.08798614302542,-81.11728194681302
32.08798344385764,-81.1172718349422
32.087980834989246,-81.11726206136272
32.087978135819725,-81.11725194949254
32.087975193822366,-81.11724092792304
32.08797258495144,-81.11723115434474
32.08796988577922,-81.11722104247545
32.08796718660612,-81.11721093060645
32.08796457773275,-81.11720115702929
32.08796187855792,-81.11719104516091
32.08795917938219,-81.11718093329279
32.087956237378094,-81.11716991172568
32.08795362850135,-81.11716013815004
32.08795092932293,-81.11715002628284
32.087948230143624,-81.11713991441593
32.08794562126441,-81.1171301408414
32.08794292208337,-81.11712002897508
32.08793998007353,-81.11710900741011
32.087937280890635,-81.11709889554437
32.08793467200806,-81.11708912197136
32.087931972823434,-81.11707901010624
32.08792927363791,-81.11706889824138
32.08792666475288,-81.11705912466948
32.08792396556562,-81.11704901280523
32.087921023549065,-81.11703799124273
32.087918324359954,-81.11702787937907
32.08791571547155,-81.1170181058087
32.08791301628072,-81.11700799394563
32.08791031708899,-81.11699788208283
32.087907708198124,-81.11698810851358
32.08790476617582,-81.11697708695321
32.08790206698139,-81.11696697509134
32.08789936778608,-81.11695686322973
32.08789675889184,-81.11694708966199
32.0878940596948,-81.116936977801
32.08789136049686,-81.1169268659403
32.08788875160016,-81.11691709237367
32.087885809571134,-81.11690607081573
32.087883110370505,-81.11689595895594
32.08788041116899,-81.11688584709641
32.08787780226892,-81.11687607353133
32.08787510306567,-81.11686596167242
32.087872403861525,-81.11685584981376
32.0878695521292,-81.11684516655228
32.087866852923256,-81.11683505469428
32.08786415371642,-81.11682494283657
32.08786154481135,-81.11681516927376
32.08785884560279,-81.11680505741666
32.08785614639333,-81.1167949455598
32.08785344718297,-81.1167848337032
32.08785059544431,-81.11677415044477
32.08784789623216,-81.11676403858884
32.08784519701912,-81.11675392673318
32.08784258810822,-81.116744153173
32.08783988889344,-81.11673404131795
32.087837189677785,-81.11672392946319
32.08783424763048,-81.1167129079119
32.08783163871622,-81.11670313435323
32.087828939497854,-81.11669302249938
32.087826240278595,-81.11668291064579
32.08782363136188,-81.11667313708826
32.0878209321409,-81.11666302523528
32.08781823291901,-81.11665291338258
32.087815290864995,-81.11664189183372
32.0878126819449,-81.11663211827769
32.087809982720344,-81.11662200642594
32.08780728349488,-81.11661189457443
32.087804674572325,-81.11660212101953
32.08780197534514,-81.11659200916863
32.08779903328536,-81.11658098762189
32.08779633405632,-81.11657087577156
32.087793725130396,-81.11656110221818
32.08779102589961,-81.11655099036848
32.08778832666795,-81.11654087851905
32.08778571773955,-81.11653110496677
32.08778301850616,-81.11652099311794
32.087780076439685,-81.11650997157368
32.087777377204425,-81.11649985972542
32.087774768272666,-81.11649008617468
32.08777206903567,-81.11647997432702
32.08776936979781,-81.11646986247966
32.08776676086359,-81.11646008893003
32.087763818791345,-81.1164490673879
32.08776111955078,-81.11643895554144
32.08775851061403,-81.11642918199297
32.08775581137173,-81.11641907014715
32.087753112128546,-81.11640895830158
32.087750412884446,-81.11639884645628
32.0877478039444,-81.1163890729093
32.087744861865446,-81.11637805136958
32.087742162618675,-81.1163679395252
32.0877395536761,-81.1163581659794
32.08773685442759,-81.11634805413564
32.08773415517819,-81.11633794229215
32.087731455927894,-81.11632783044891
32.087728604148445,-81.11631714720986
32.08772590489636,-81.1163070353673
32.087723205643364,-81.11629692352501
32.08772059669496,-81.11628714998182
32.08771789744024,-81.11627703814013
32.087715198184625,-81.11626692629869
32.08771249892813,-81.11625681445754
32.08770964714233,-81.11624613122152
32.08770694788404,-81.116236019381
32.08770424474715,-81.1162259039204
32.08770140872837,-81.11621583954677
32.087698672311284,-81.11620612863977
32.08769583629079,-81.11619606426684
32.08769300026941,-81.11618599989424
32.08769016424716,-81.11617593552194
32.08768707450248,-81.11616497075275
32.08768423847838,-81.11615490638113
32.0876814024534,-81.11614484200982
32.087678666030506,-81.11613513110566
32.0876758300038,-81.11612506673505
32.08767299397623,-81.11611500236474
32.08767015794776,-81.11610493799476
32.0876673219184,-81.11609487362507
32.08766423216607,-81.11608390885895
32.0876614957382,-81.11607419795727
32.087658659706186,-81.11606413358865
32.08765582367328,-81.11605406922035
32.08765298763949,-81.11604400485236
32.08765015160483,-81.11603394048467
32.08764731556927,-81.11602387611728
32.08764447953284,-81.11601381175024
32.08764174309922,-81.11600410085134
32.08763865333833,-81.11599313608873
32.087635817299216,-81.11598307172274
32.08763298125923,-81.11597300735706
32.08763014521835,-81.11596294299169
32.087627309176604,-81.11595287862663
32.08762447313396,-81.11594281426187
32.08762173669452,-81.11593310336583
32.08761890065016,-81.11592303900176
32.08761581088162,-81.11591207424223
32.08761297483543,-81.11590200987888
32.08761013878836,-81.11589194551581
32.08760730274039,-81.11588188115304
32.08760456629597,-81.11587217025946
32.087601730246305,-81.1158621058974
32.08759889419574,-81.11585204153567
32.087596058144314,-81.11584197717423
32.087593222091975,-81.1158319128131
32.0875901323148,-81.115820948057
32.087587296260644,-81.11581088369657
32.08758455981042,-81.11580117280585
32.087581723754546,-81.1157911084461
32.08757888769778,-81.11578104408666
32.087576051640134,-81.11577097972754
32.08757321558161,-81.11576091536874
32.08757037952219,-81.11575085101023
32.087567289737365,-81.1157398862572
32.08756455328133,-81.11573017536932
32.087561717219245,-81.1157201110119
32.08755888115628,-81.11571004665478
32.087556045092434,-81.11569998229795
32.087553209027696,-81.11568991794145
32.087550372962085,-81.11567985358525
32.08754753689558,-81.11566978922937
32.08754480043381,-81.11566007834429
32.08754171064043,-81.11564911359478
32.08753887457125,-81.11563904923996
32.08753603850119,-81.11562898488546
32.08753320243026,-81.11561892053126
32.087530366358436,-81.11560885617739
32.08752762989168,-81.11559914529478
32.08752479381814,-81.11558908094159
32.087521957743725,-81.1155790165887
32.08751886794268,-81.11556805184226
32.08751603186642,-81.11555798749008
32.08751319578928,-81.1155479231382
32.08751035971125,-81.11553785878661
32.087507623238686,-81.11552814790684
32.08750478715894,-81.11551808355597
32.08750195107832,-81.11550801920541
32.08749911499682,-81.11549795485516
32.08749627891443,-81.11548789050522
32.08749318910476,-81.1154769257622
32.087490353020534,-81.11546686141294
32.087487616542155,-81.11545715053605
32.08748478045622,-81.11544708618747
32.08748194436938,-81.11543702183921
32.08747910828168,-81.11542695749127
32.08747627219308,-81.11541689314363
32.08747343610361,-81.11540682879632
32.08747044589336,-81.1153962175289
32.08746760980209,-81.11538615318233
32.08746477370995,-81.11537608883606
32.087461937616915,-81.11536602449011
32.087459101522995,-81.11535596014447
32.0874562654282,-81.11534589579915
32.08745342933253,-81.11533583145413
32.08745069284342,-81.11532612058248
32.087447856746024,-81.11531605623819
32.08744484697372,-81.11530505824885
32.08744208943054,-81.11529496595861
32.087439331886465,-81.11528487366866
32.0874366685486,-81.11527512616577
32.087433911002805,-81.11526503387647
32.08743115345614,-81.11525494158745
32.08742849011582,-81.11524519408573
32.08742573256742,-81.11523510179737
32.08742297501812,-81.11522500950926
32.08742021746796,-81.11521491722148
32.08741755412435,-81.11520516972129
32.08741479657245,-81.11519507743414
32.08741203901966,-81.11518498514727
32.08740928146598,-81.11517489286068
32.0874066181191,-81.11516514536204
32.087403860563704,-81.11515505307611
32.0874011030074,-81.11514496079046
32.08739834545023,-81.11513486850508
32.087395682100066,-81.11512512100798
32.08739292454116,-81.11511502872327
32.08739016698137,-81.11510493643884
32.0873874094207,-81.11509484415468
32.087384746067244,-81.1150850966591
32.087381988504845,-81.11507500437563
32.087379230941565,-81.11506491209242
32.087376473377375,-81.11505481980947
32.08737381002064,-81.11504507231543
32.08737080496063,-81.11503407424154
32.087368047393774,-81.11502398195961
32.087365289826025,-81.11501388967797
32.08736262646593,-81.11500414218548
32.08735986889646,-81.11499404990448
32.08735711132611,-81.11498395762376
32.087354353754854,-81.11497386534333
32.08735169039148,-81.11496411785241
32.087348932818514,-81.11495402557263
32.08734617524465,-81.11494393329312
32.087343417669906,-81.11493384101394
32.087340754303256,-81.11492409352451
32.08733799672678,-81.11491400124595
32.08733523914942,-81.11490390896768
32.08733257578032,-81.11489416147946
32.08732981820124,-81.11488406920182
32.08732706062126,-81.11487397692449
32.08732430304041,-81.11486388464742
32.087321639668026,-81.11485413716072
32.08731888208545,-81.11484404488432
32.087316124501974,-81.11483395260818
32.08731336691761,-81.11482386033234
32.08731070354194,-81.11481411284717
32.087307945955864,-81.11480402057198
32.087305188368894,-81.11479392829709
32.08730243078103,-81.11478383602247
32.08729976740208,-81.11477408853884
32.08729676231644,-81.11476309047471
32.087294004725905,-81.11475299820107
32.08729124713447,-81.11474290592774
32.08728858375217,-81.1147331584457
32.087285826159025,-81.114723066173
32.08728306856497,-81.11471297390057
32.08728031097004,-81.11470288162845
32.08727764758446,-81.11469313414793
32.0872748899878,-81.11468304187646
32.08727213239026,-81.11467294960525
32.08726937479182,-81.11466285733435
32.087266711402975,-81.11465310985538
32.08726395380281,-81.11464301758511
32.087261196201766,-81.11463292531514
32.087258438599825,-81.11462283304543
32.08725577520768,-81.11461308556801
32.08725301760403,-81.11460299329896
32.08725025999948,-81.1145929010302
32.08724759660488,-81.11458315355394
32.087244795986834,-81.11457307905796
32.08724199310147,-81.1145630026733
32.08723893911771,-81.11455202359276
32.0872361362305,-81.11454194720872
32.087233333342404,-81.11453187082499
32.08723062775746,-81.1145221442494
32.087227824867654,-81.11451206786637
32.087225021976955,-81.11450199148362
32.087222219085376,-81.11449191510114
32.0872194161929,-81.11448183871899
32.08721671060386,-81.11447211214538
32.08721390770967,-81.11446203576392
32.087210853716385,-81.11445105668716
32.087208050820344,-81.11444098030633
32.08720524792343,-81.11443090392581
32.08720254233022,-81.11442117735422
32.08719973943159,-81.11441110097438
32.08719693653207,-81.11440102459484
32.08719413363167,-81.11439094821559
32.08719133073038,-81.11438087183664
32.087188527828204,-81.11437079545802
32.08718582223006,-81.11436106888875
32.087182768227215,-81.11435008981577
32.08717996532236,-81.11434001343817
32.08717716241664,-81.11432993706084
32.087174359510016,-81.11431986068385
32.087171653907696,-81.11431013411661
32.087168850999355,-81.11430005774028
32.08716604809013,-81.11428998136425
32.08716324518003,-81.1142799049885
32.08716044226903,-81.11426982861309
32.087157485563026,-81.1142591993533
32.08715468265024,-81.11424912297862
32.08715187973657,-81.11423904660421
32.08714907682201,-81.1142289702301
32.087146273906576,-81.11421889385632
32.087143568296,-81.11420916729307
32.087140765378834,-81.11419909091995
32.08713796246079,-81.11418901454712
32.087135159541845,-81.1141789381746
32.08713235662203,-81.1141688618024
32.08712930260102,-81.11415788273649
32.08712659698544,-81.11414815617567
32.08712379406295,-81.11413807980446
32.08712099113957,-81.11412800343358
32.08711818821531,-81.114117927063
32.087115385290154,-81.1141078506927
32.087112679670476,-81.11409812413385
32.087109876743604,-81.11408804776423
32.087107073815865,-81.11407797139493
32.08710427088722,-81.11406789502591
32.08710121685667,-81.11405691596379
32.087098511232824,-81.11404718940695
32.087095708301504,-81.11403711303896
32.08709290536932,-81.11402703667129
32.08709010243623,-81.11401696030391
32.08708729950225,-81.11400688393682
32.087084496567385,-81.11399680757003
32.08708179093862,-81.11398708101555
32.08707898800204,-81.11397700464947
32.08707593396291,-81.11396602559074
32.087073131024496,-81.11395594922529
32.08707032808519,-81.11394587286014
32.08706762245224,-81.11393614630768
32.087064819511234,-81.11392606994322
32.08706201656931,-81.11391599357906
32.087059213626524,-81.11390591721518
32.08705641068284,-81.1138958408516
32.0870537050458,-81.1138861143011
32.0870509021004,-81.11387603793821
32.08704784805174,-81.11386505888328
32.08704504510449,-81.11385498252103
32.08704224215637,-81.11384490615907
32.087039536515164,-81.11383517961059
32.08703673356532,-81.11382510324935
32.087033930614595,-81.1138150268884
32.087031127662975,-81.11380495052774
32.087028324710474,-81.11379487416737
32.087025521757084,-81.11378479780731
32.08702281611095,-81.1137750712612
32.08701976205274,-81.11376409221
32.08701695909668,-81.11375401585099
32.08701415613973,-81.11374393949225
32.08701135318191,-81.11373386313382
32.0870086475316,-81.11372413658974
32.08700584457205,-81.11371406023198
32.08700327116935,-81.11370390442654
32.087000552320966,-81.11369315778424
32.08699798388664,-81.11368300567915
32.086995415451405,-81.1136728535743
32.08699269660024,-81.11366210693319
32.08699012816319,-81.11365195482891
32.08698764159351,-81.11364212632037
32.08698507315471,-81.11363197421662
32.08698227243151,-81.11362090398144
32.086979785859285,-81.11361107547398
32.086977217417775,-81.11360092337101
32.08697449856017,-81.11359017673277
32.08697193011683,-81.11358002463037
32.08696936167261,-81.11356987252819
32.08696687509618,-81.11356004402248
32.086964074366186,-81.11354897378956
32.08696158778803,-81.11353914528459
32.08695901934025,-81.11352899318351
32.08695621860732,-81.11351792295154
32.0869537320266,-81.11350809444762
32.086951163576096,-81.11349794234735
32.08694867699375,-81.11348811384411
32.08694587625695,-81.11347704361347
32.086943307803736,-81.11346689151398
32.086940821218825,-81.11345706301178
32.086938020479096,-81.11344599278209
32.086935533892465,-81.11343616428066
32.086932965435686,-81.11342601218227
32.08693016469302,-81.11341494195355
32.0869276792202,-81.11340512671933
32.08692482701805,-81.11339506833399
32.08692197481503,-81.11338500994896
32.08691912261111,-81.11337495156425
32.08691627040631,-81.11336489317986
32.08691341820064,-81.11335483479579
32.08691066672839,-81.11334513165426
32.08690781452099,-81.11333507327089
32.08690496231272,-81.11332501488785
32.086902110103566,-81.11331495650509
32.08689925789353,-81.11330489812268
32.08689640568261,-81.11329483974059
32.08689365420545,-81.11328513660149
32.08689080199282,-81.1132750782201
32.0868879497793,-81.11326501983903
32.08688484256386,-81.11325406219308
32.08688199034851,-81.1132440038127
32.086879138132275,-81.11323394543263
32.08687628591516,-81.11322388705287
32.08687353443219,-81.11321418391665
32.08687068221337,-81.11320412553762
32.08686782999366,-81.11319406715887
32.08686497777307,-81.11318400878048
32.08686212555158,-81.11317395040238
32.08685927332923,-81.1131638920246
32.086856421105985,-81.11315383364713
32.08685366961729,-81.11314413051376
32.08685081739234,-81.11313407213702
32.086847965166506,-81.11312401376057
32.08684511293978,-81.11311395538445
32.08684226071218,-81.11310389700866
32.0868394084837,-81.11309383863316
32.086836656990094,-81.1130841355022
32.086833804759905,-81.11307407712742
32.08683095252882,-81.11306401875295
32.08682810029686,-81.11305396037882
32.086825248064024,-81.113043902005
32.086822140827685,-81.11303294436753
32.086819288593006,-81.1130228859944
32.086816537093604,-81.11301318286633
32.08681368485721,-81.1130031244939
32.08681083261994,-81.11299306612179
32.08680798038178,-81.11298300774999
32.086805128142736,-81.11297294937849
32.086802275902805,-81.11296289100733
32.08679942366201,-81.11295283263648
32.08679667215688,-81.11294312951125
32.086793819914355,-81.11293307114111
32.08679096767096,-81.11292301277128
32.08678811542668,-81.11291295440178
32.086784939063136,-81.11290302717924
32.08678176260526,-81.11289310588353
32.08677858614653,-81.1128831845882
32.08677528472961,-81.11287287300397
32.08677210826911,-81.11286295170946
32.08676893180774,-81.11285303041534
32.08676603550451,-81.11284398416414
32.08676285904151,-81.11283406287083
32.08675968257763,-81.11282414157793
32.0867563811552,-81.11281382999569
32.08675320468954,-81.11280390870355
32.08675002822303,-81.11279398741185
32.086746851755656,-81.11278406612057
32.08674367528742,-81.11277414482971
32.08674049881834,-81.11276422353927
32.08673719739032,-81.11275391195908
32.08673430107914,-81.11274486571129
32.086731124607475,-81.11273494442199
32.08672794813495,-81.11272502313311
32.08672477166157,-81.11271510184463
32.086721595187335,-81.11270518055659
32.08671829375381,-81.11269486897841
32.08671511727779,-81.11268494769114
32.08671194080092,-81.11267502640429
32.08670876432318,-81.11266510511787
32.0867055878446,-81.11265518383188
32.0867026915255,-81.11264613758756
32.08669939008647,-81.11263582601136
32.08669621360531,-81.1126259047265
32.08669303712328,-81.11261598344205
32.0866898606404,-81.11260606215804
32.08668668415666,-81.11259614087443
32.086683382712955,-81.11258582929992
32.08668020622744,-81.1125759080171
32.08667702974106,-81.1125659867347
32.08667385325383,-81.11255606545271
32.08667095692678,-81.11254701921182
32.086667780437885,-81.11253709793061
32.08666447898868,-81.1125267863581
32.086661302498015,-81.11251686507768
32.08665812600648,-81.11250694379767
32.086654949514106,-81.11249702251808
32.086651773020854,-81.11248710123893
32.08664859652675,-81.1124771799602
32.08664529507197,-81.11246686838975
32.08664211857609,-81.1124569471118
32.08663922224108,-81.11244790087429
32.08663604574354,-81.1124379795971
32.08663286924515,-81.11242805832035
32.0866296927459,-81.112418137044
32.0866263912856,-81.11240782547554
32.08662321478457,-81.11239790419997
32.086620038282675,-81.11238798292483
32.08661686177993,-81.11237806165012
32.08661368527633,-81.1123681403758
32.086610508771855,-81.11235821910194
32.08660748746839,-81.11234878257497
32.086604310962215,-81.11233886130182
32.08660113445518,-81.11232894002907
32.08659795794728,-81.11231901875675
32.08659478143853,-81.11230909748484
32.08659160492891,-81.11229917621337
32.08658830345753,-81.11228886464896
32.08658512694613,-81.11227894337824
32.08658195043388,-81.11226902210797
32.08657877392077,-81.11225910083809
32.0865757,-81.11224949999999
32.08657260426468,-81.11223916513704
32.08656960832651,-81.11222916344212
32.08656661238745,-81.11221916174756
32.08656361644753,-81.11220916005337
32.08656062050673,-81.11219915835954
32.08655762456506,-81.11218915666606
32.08655462862251,-81.11217915497295
32.0865516326791,-81.1121691532802
32.0865486367348,-81.11215915158785
32.08654564078963,-81.11214914989584
32.08654264484359,-81.1121391482042
32.08653964889668,-81.1121291465129
32.0865366529489,-81.11211914482199
32.08653365700024,-81.11210914313142
32.0865306610507,-81.11209914144122
32.0865276651003,-81.11208913975139
32.08652466914902,-81.11207913806192
32.08652167319688,-81.11206913637282
32.08651867724385,-81.11205913468407
32.08651568128995,-81.1120491329957
32.08651268533519,-81.11203913130768
32.08650968937954,-81.11202912962004
32.08650669342301,-81.11201912793275
32.08650369746562,-81.11200912624582
32.086500701507354,-81.11199912455928
32.08649770554822,-81.11198912287307
32.08649470958821,-81.11197912118725
32.086491713627325,-81.11196911950177
32.08648871766556,-81.11195911781667
32.086485721702935,-81.11194911613192
32.08648272573944,-81.11193911444755
32.08647972977505,-81.11192911276352
32.0864767338098,-81.11191911107987
32.086473737843676,-81.11190910939659
32.086470741876674,-81.11189910771367
32.086467745908806,-81.11188910603111
32.086464749940056,-81.11187910434892
32.08646175397045,-81.11186910266707
32.08645875799995,-81.1118591009856
32.086455762028585,-81.11184909930451
32.086452766056354,-81.11183909762376
32.086449770083235,-81.11182909594338
32.086446774109255,-81.11181909426335
32.086443778134395,-81.1118090925837
32.08644078215867,-81.11179909090443
32.08643778618206,-81.1117890892255
32.086434790204585,-81.11177908754694
32.08643179422623,-81.11176908586873
32.086428798247006,-81.1117590841909
32.08642580226691,-81.11174908251343
32.08642280628594,-81.11173908083632
32.08641981030409,-81.11172907915956
32.086416814321375,-81.11171907748319
32.08641381833779,-81.11170907580718
32.08641082235332,-81.11169907413152
32.08640782636798,-81.11168907245623
32.08640483038178,-81.1116790707813
32.086401834394685,-81.11166906910675
32.08639883840674,-81.11165906743254
32.08639584241791,-81.11164906575871
32.086392846428204,-81.11163906408524
32.08638985043763,-81.11162906241212
32.08638685444618,-81.11161906073939
32.08638385845385,-81.111609059067
32.08638086246065,-81.11159905739498
32.08637786646658,-81.11158905572333
32.08637477963327,-81.11157808608911
32.08637195601511,-81.11156801718329
32.08636913239605,-81.11155794827775
32.08636630877611,-81.11154787937251
32.08636358389198,-81.11153816255816
32.086360760270345,-81.11152809365363
32.0863579366478,-81.1115180247494
32.08635511302438,-81.11150795584548
32.086352289400075,-81.11149788694185
32.08634946577489,-81.11148781803854
32.08634674088584,-81.1114781012266
32.08634391725894,-81.11146803232397
32.08634109363115,-81.11145796342164
32.08633801726072,-81.11144699325685
32.086335193631086,-81.1114369243552
32.08633237000058,-81.11142685545387
32.086329645106545,-81.11141713864436
32.08632682147431,-81.1114070697437
32.0863239978412,-81.11139700084337
32.0863211742072,-81.11138693194333
32.08631835057232,-81.11137686304362
32.086315625674196,-81.11136714623609
32.08631280203761,-81.11135707733706
32.08630997840012,-81.11134700843833
32.086307154761755,-81.11133693953992
32.086304331122506,-81.11132687064179
32.08630125473968,-81.11131590048191
32.08629852983657,-81.11130618367683
32.086295706194655,-81.11129611477978
32.086292882551845,-81.11128604588302
32.086290058908155,-81.11127597698658
32.08628723526357,-81.11126590809043
32.08628441161812,-81.1112558391946
32.08628168671008,-81.1112461223919
32.086278863062915,-81.11123605349677
32.086276039414855,-81.11122598460193
32.086273215765914,-81.1112159157074
32.086270392116084,-81.11120584681318
32.08626766720396,-81.11119613001247
32.086264843552414,-81.11118606111896
32.0862617671563,-81.11117509096445
32.08625894350292,-81.11116502207157
32.086256119848656,-81.11115495317901
32.0862532961935,-81.11114488428676
32.086250571276395,-81.11113516748851
32.08624774761952,-81.11112509859696
32.086244923961765,-81.1111150297057
32.08624210030314,-81.11110496081476
32.08623927664361,-81.11109489192414
32.08623645298321,-81.1110848230338
32.086233728061174,-81.11107510623792
32.08623090439905,-81.11106503734828
32.08622808073604,-81.11105496845894
32.08622500432756,-81.11104399830937
32.08622218066271,-81.1110339294207
32.08621935699697,-81.11102386053234
32.086216632069956,-81.1110141437389
32.086213808402505,-81.11100407485124
32.08621098473419,-81.11099400596389
32.08620816106496,-81.11098393707684
32.08620533739487,-81.11097386819009
32.08620261246376,-81.11096415139865
32.08619978879195,-81.11095408251262
32.08619696511925,-81.11094401362686
32.08619414144566,-81.11093394474142
32.086191317771195,-81.11092387585627
32.08618824135031,-81.11091290571161
32.08618551641421,-81.11090318892262
32.08618269273707,-81.11089312003855
32.08617986905905,-81.11088305115479
32.08617704538014,-81.1108729822713
32.08617422170035,-81.11086291338815
32.08617139801967,-81.1108528445053
32.08616867307866,-81.1108431277187
32.08616584939627,-81.11083305883653
32.08616302571299,-81.11082298995468
32.08616020202883,-81.1108129210731
32.086157378343785,-81.1108028521919
32.08615465339867,-81.11079313540728
32.086151829711916,-81.11078306652674
32.08614875327774,-81.11077209638742
32.08614592958914,-81.11076202750753
32.08614310589965,-81.11075195862797
32.086140282209286,-81.11074188974871
32.086137557259185,-81.11073217296652
32.0861347335671,-81.11072210408797
32.08613190987413,-81.1107120352097
32.08612902333795,-81.11070199065624
32.086126136355894,-81.11069194540742
32.08612324937296,-81.11068190015894
32.086120362389146,-81.11067185491078
32.08611747540446,-81.11066180966296
32.08611469161038,-81.11065212346956
32.08611180462398,-81.11064207822247
32.0861089176367,-81.11063203297572
32.086106030648544,-81.11062198772927
32.0861031436595,-81.11061194248317
32.086100256669575,-81.11060189723739
32.08609736967877,-81.11059185199191
32.08609448268707,-81.1105818067468
32.08609169888648,-81.11057212055671
32.08608855415131,-81.11056117850435
32.08608566715696,-81.11055113326034
32.08608278016174,-81.11054108801665
32.08607989316563,-81.11053104277329
32.086077006168644,-81.11052099753027
32.08607411917078,-81.11051095228756
32.08607123217203,-81.11050090704519
32.08606834517241,-81.11049086180314
32.086065561364364,-81.11048117561683
32.086062674363035,-81.11047113037553
32.086059787360824,-81.11046108513453
32.08605690035773,-81.11045103989387
32.08605401335375,-81.11044099465353
32.086051126348906,-81.11043094941354
32.08604823934317,-81.11042090417388
32.08604535233655,-81.11041085893453
32.086042568521975,-81.11040117275151
32.086039681513654,-81.1103911275129
32.08603679450446,-81.11038108227463
32.08603390749436,-81.11037103703666
32.08603102048341,-81.11036099179901
32.08602813347156,-81.11035094656171
32.08602524645883,-81.11034090132475
32.086022359445224,-81.1103308560881
32.08601947243074,-81.11032081085177
32.0860166886088,-81.11031112467248
32.086013801592614,-81.1103010794369
32.08601091457553,-81.11029103420164
32.086008027557575,-81.1102809889667
32.08600514053875,-81.11027094373209
32.08600199577513,-81.11026000169153
32.085999108754464,-81.11024995645762
32.08599622173291,-81.11023991122407
32.08599333471049,-81.11022986599083
32.08599055088112,-81.11022017981529
32.08598766385699,-81.11021013458279
32.08598477683197,-81.11020008935061
32.08598188980608,-81.11019004411877
32.0859790027793,-81.11017999888725
32.08597611575164,-81.11016995365605
32.085973228723105,-81.11015990842516
32.08597034169369,-81.11014986319465
32.085967557857785,-81.1101401770224
32.085964670826655,-81.1101301317926
32.08596178379465,-81.11012008656313
32.08595889676177,-81.11011004133398
32.085956009728,-81.11009999610516
32.085953122693354,-81.11008995087667
32.085950235657826,-81.11007990564849
32.08594734862142,-81.11006986042065
32.085944461584134,-81.11005981519314
32.08594167774086,-81.11005012902461
32.08593879070187,-81.11004008379783
32.08593590366199,-81.11003003857138
32.08593301662124,-81.11001999334528
32.08593012957961,-81.11000994811947
32.085927242537096,-81.10999990289399
32.08592435549369,-81.10998985766885
32.0859214684494,-81.10997981244402
32.0859186845996,-81.10997012627882
32.085915539807594,-81.10995918425016
32.08591265276066,-81.10994913902647
32.08590976571284,-81.10993909380309
32.08590687866415,-81.10992904858004
32.08590399161457,-81.10991900335733
32.08590110456412,-81.10990895813495
32.08589821751277,-81.10989891291288
32.08589533046056,-81.10988886769115
32.08589254660332,-81.1098791815297
32.085889659549395,-81.10986913630872
32.08588677249459,-81.10985909108804
32.085883885438896,-81.10984904586769
32.08588099838233,-81.10983900064767
32.08587811132488,-81.10982895542799
32.08587522426655,-81.10981891020863
32.08587233720735,-81.1098088649896
32.08586945014726,-81.10979881977089
32.08586666628266,-81.10978913361316
32.08586377922087,-81.1097790883952
32.08586089215819,-81.10976904317754
32.085858005094636,-81.10975899796021
32.085855118030196,-81.10974895274322
32.08585223096488,-81.10973890752658
32.08584934389868,-81.10972886231023
32.0858464568316,-81.10971881709423
32.085843672960465,-81.10970913093979
32.08584078589168,-81.10969908572453
32.085837898822014,-81.10968904050958
32.08583501175146,-81.10967899529496
32.08583212468004,-81.10966895008066
32.085828979859585,-81.10965800806382
32.08582609278632,-81.10964796285025
32.08582320571218,-81.10963791763697
32.085820318637154,-81.10962787242406
32.08581753475859,-81.1096181862734
32.08581464768187,-81.1096081410612
32.08581176060426,-81.10959809584934
32.08580887352578,-81.10958805063781
32.0858059864464,-81.1095780054266
32.08580309936615,-81.10956796021571
32.08580021228502,-81.10955791500517
32.08579732520302,-81.10954786979494
32.08579454131791,-81.10953818364757
32.08579165423419,-81.10952813843808
32.085788767149594,-81.10951809322891
32.08578588006412,-81.10950804802009
32.08578299297777,-81.10949800281158
32.08578010589052,-81.1094879576034
32.0857772188024,-81.10947791239555
32.08577433171341,-81.10946786718803
32.08577144462352,-81.10945782198081
32.085768660731055,-81.10944813583717
32.085765773639466,-81.10943809063069
32.085762886546995,-81.10942804542455
32.085759999453664,-81.10941800021875
32.08575711235943,-81.10940795501327
32.08575422526432,-81.10939790980811
32.08575133816832,-81.10938786460329
32.08574845107146,-81.1093778193988
32.0857455639737,-81.10936777419462
32.08574252232361,-81.10935719125348
32.085739635224094,-81.1093471460501
32.08573674812367,-81.10933710084703
32.08573386102238,-81.1093270556443
32.085730973920214,-81.10931701044191
32.08572808681716,-81.10930696523985
32.08572519971324,-81.10929692003809
32.08572231260842,-81.10928687483668
32.08571952870199,-81.1092771887001
32.085716641595475,-81.10926714349942
32.08571375448807,-81.10925709829905
32.08571086737979,-81.10924705309903
32.08570798027063,-81.10923700789932
32.08570509316059,-81.10922696269996
32.08570220604966,-81.10921691750092
32.08569931893787,-81.1092068723022
32.085696431825184,-81.10919682710382
32.085693647911384,-81.10918714097093
32.08569076079701,-81.10917709577328
32.085687873681735,-81.10916705057593
32.08568498656558,-81.10915700537893
32.085682099448555,-81.10914696018226
32.085679212330646,-81.10913691498592
32.08567632521185,-81.10912686978992
32.08567343809217,-81.10911682459421
32.08567065417185,-81.10910713846464
32.08566776705047,-81.10909709326968
32.0856648799282,-81.10908704807505
32.08566199280507,-81.10907700288075
32.08565910568105,-81.10906695768678
32.08565621855615,-81.10905691249313
32.08565333129052,-81.10904587968471
32.08565077679479,-81.10903608106182
32.085648135808285,-81.10902595067826
32.08564558131092,-81.1090161520561
32.08564294032269,-81.10900602167312
32.08564029933357,-81.1089958912904
32.085637744833726,-81.10898609266931
32.08563510384286,-81.10897596228715
32.085632462851095,-81.10896583190524
32.08562967019658,-81.10895511977554
32.08562702920301,-81.10894498939427
32.08562438820854,-81.10893485901323
32.08562183370368,-81.10892506039431
32.08561919270748,-81.10891493001385
32.08561663820099,-81.10890513139566
32.085613997203055,-81.10889500101578
32.085611356204225,-81.10888487063613
32.08560880169526,-81.10887507201902
32.08560616069468,-81.10886494163995
32.08560328154029,-81.10885389775197
32.085600727028776,-81.10884409913598
32.0855980860255,-81.10883396875778
32.08559553151237,-81.10882417014253
32.08559289050736,-81.1088140397649
32.08559024950145,-81.10880390938752
32.08558769498584,-81.10879411077332
32.08558505397819,-81.10878398039651
32.08558241296965,-81.10877385001993
32.08557985845155,-81.1087640514068
32.08557697928764,-81.10875300752221
32.085574338276395,-81.10874287714653
32.08557178375577,-81.10873307853451
32.08556914274278,-81.10872294815937
32.085566588220516,-81.10871314954808
32.0855639472058,-81.10870301917356
32.08556130619019,-81.10869288879925
32.08555875166545,-81.10868309018903
32.085556110648106,-81.10867295981531
32.08555346962987,-81.10866282944184
32.085550676948266,-81.1086521173246
32.08554803592821,-81.10864198695174
32.08554539490728,-81.10863185657912
32.08554284037752,-81.10862205797109
32.08554019935483,-81.10861192759904
32.08553764482345,-81.10860212899176
32.08553500379902,-81.10859199862028
32.08553236277371,-81.10858186824908
32.08552980823985,-81.10857206964282
32.0855271672128,-81.10856193927219
32.085524288029745,-81.10855089539423
32.08552173349334,-81.10854109678911
32.085519092463585,-81.10853096641934
32.08551645143293,-81.1085208360498
32.08551389689406,-81.10851103744575
32.08551125586167,-81.10850090707679
32.08550870132115,-81.10849110847349
32.08550606028703,-81.1084809781051
32.08550341925201,-81.10847084773695
32.08550086470903,-81.1084610491347
32.08549798551644,-81.10845000526012
32.085495344478716,-81.10843987489285
32.08549278993318,-81.10843007629171
32.085490148893726,-81.10841994592501
32.08548759434657,-81.10841014732462
32.08548495330537,-81.10840001695848
32.08548231226328,-81.10838988659262
32.08547975771364,-81.10838008799328
32.085477116669814,-81.10836995762797
32.0854744756251,-81.10835982726293
32.08547160643034,-81.1083491541247
32.085468776572,-81.10833908749603
32.08546594671278,-81.10832902086767
32.08546311685268,-81.10831895423962
32.085460286991704,-81.10830888761188
32.08545745712985,-81.10829882098443
32.08545447320052,-81.1082882062988
32.085451643336874,-81.10827813967211
32.08544881347234,-81.10826807304572
32.085445983606924,-81.10825800641967
32.08544315374062,-81.10824793979391
32.08544007063746,-81.10823697233778
32.08543724076931,-81.1082269057127
32.085434510069724,-81.1082171918609
32.085431680199854,-81.1082071252365
32.08542885032912,-81.10819705861243
32.08542602045749,-81.10818699198866
32.08542293734858,-81.10817602453487
32.08542010747511,-81.10816595791175
32.085417376770536,-81.10815624406243
32.08541454689536,-81.10814617744002
32.0854117170193,-81.10813611081794
32.085408633905594,-81.1081251433661
32.08540580402768,-81.10811507674465
32.08540297414889,-81.10810501012354
32.08540014426923,-81.10809494350275
32.08539741355882,-81.10808522965625
32.08539458367745,-81.10807516303613
32.08539150055799,-81.10806419558662
32.08538867067475,-81.10805412896717
32.08538584079064,-81.10804406234806
32.085383010905645,-81.10803399572923
32.085380181019765,-81.10802392911071
32.085377450303575,-81.10801421526706
32.08537436717835,-81.10800324781988
32.0853715372898,-81.10799318120242
32.08536870740037,-81.10798311458528
32.08536587751006,-81.10797304796844
32.08536304761885,-81.10796298135192
32.085360063659685,-81.10795236668162
32.0853572337667,-81.10794230006586
32.08535440387283,-81.1079322334504
32.08535157397807,-81.10792216683522
32.08534874408243,-81.10791210022037
32.0853459141859,-81.10790203360582
32.085343084288496,-81.10789196699162
32.085340353561506,-81.10788225315325
32.08533752366238,-81.10787218653971
32.08533469376236,-81.10786211992648
32.085331863861484,-81.10785205331356
32.08532903395971,-81.10784198670096
32.08532620405704,-81.10783192008866
32.085323473325126,-81.10782220625268
32.08532064342075,-81.10781213964107
32.085317813515495,-81.10780207302979
32.08531498360935,-81.10779200641879
32.085312153702326,-81.10778193980812
32.08530967620557,-81.10777312680224
32.08530660842812,-81.10776215243186
32.08530379381446,-81.10775208026433
32.085300979199914,-81.10774200809712
32.08529816458448,-81.10773193593018
32.085295349968156,-81.10772186376356
32.0852926334613,-81.10771214268709
32.08528981884327,-81.10770207052117
32.085287004224355,-81.10769199835553
32.08528418960455,-81.10768192619021
32.08528137498386,-81.10767185402518
32.08527865847291,-81.10766213295071
32.08527584385051,-81.10765206078638
32.08527302922722,-81.10764198862232
32.08526996257381,-81.10763101456939
32.085267147948684,-81.10762094240602
32.08526433332268,-81.10761087024297
32.08526161680672,-81.1076011491709
32.08525880217899,-81.10759107700852
32.08525598755037,-81.10758100484644
32.08525317292088,-81.10757093268467
32.08525035829049,-81.10756086052321
32.08524764177044,-81.10755113945312
32.08524482713834,-81.10754106729235
32.085242012505354,-81.10753099513185
32.08523919787149,-81.1075209229717
32.085236383236726,-81.10751085081182
32.08523366671258,-81.10750112974371
32.08523060004589,-81.10749015569611
32.08522778540845,-81.10748008353727
32.085224970770135,-81.10747001137875
32.08522215613094,-81.10745993922053
32.085219341490856,-81.10744986706261
32.08521662496173,-81.10744014599695
32.08521381031993,-81.10743007383971
32.08521099567724,-81.1074200016828
32.085208181033664,-81.10740992952618
32.08520536638921,-81.10739985736986
32.08520264985598,-81.10739013630617
32.085199835209814,-81.10738006415053
32.08519702056275,-81.1073699919952
32.08519420591482,-81.10735991984018
32.08519113923476,-81.10734894579781
32.08518842269737,-81.10733922473614
32.08518560804676,-81.10732915258217
32.085182793395255,-81.1073190804285
32.08517997874287,-81.10730900827512
32.08517716408959,-81.10729893612206
32.08517434943545,-81.10728886396929
32.08517163289313,-81.10727914291002
32.08516881823727,-81.10726907075794
32.085166003580504,-81.10725899860614
32.085163188922856,-81.10724892645467
32.08516037426434,-81.10723885430352
32.08515765771793,-81.10722913324622
32.08515484305769,-81.10721906109575
32.085151776364334,-81.10720808705868
32.085148961702245,-81.10719801490886
32.08514614703928,-81.10718794275934
32.08514343048872,-81.10717822170409
32.085140615824024,-81.10716814955526
32.08513780115847,-81.10715807740674
32.085134986492,-81.10714800525851
32.08513217182467,-81.10713793311061
32.08512935715644,-81.10712786096299
32.08512664060095,-81.10711813991009
32.08512382593101,-81.10710806776315
32.085120759227166,-81.10709709373027
32.085117944555385,-81.10708702158401
32.085115129882716,-81.10707694943804
32.085112315209166,-81.10706687729237
32.08510959864868,-81.10705715624191
32.0851067839734,-81.10704708409693
32.08510396929725,-81.10703701195227
32.08510115462021,-81.10702693980791
32.085098087908705,-81.107015965778
32.08509527322982,-81.10700589363431
32.08509255666434,-81.10699617258626
32.08508974198376,-81.10698610044327
32.08508692730227,-81.10697602830055
32.0850841126199,-81.10696595615813
32.08508129793665,-81.10695588401602
32.085078483252495,-81.10694581187421
32.08507551464795,-81.10693518894318
32.085072699962026,-81.10692511680212
32.08506988527521,-81.10691504466136
32.08506707058751,-81.1069049725209
32.085064255898935,-81.10689490038074
32.08506153932437,-81.10688517933711
32.085058724634074,-81.10687510719767
32.085055909942895,-81.10686503505849
32.08505284321609,-81.1068540610347
32.085050028523064,-81.10684398889619
32.085047213829164,-81.106833916758
32.085044497249605,-81.10682419571681
32.085041682553985,-81.1068141235793
32.08503886785748,-81.10680405144208
32.08503605316008,-81.10679397930518
32.0850332384618,-81.10678390716859
32.085030171727325,-81.1067729331478
32.08502745514278,-81.10676321210903
32.08502464044183,-81.10675313997348
32.08502182573999,-81.10674306783822
32.08501901103726,-81.10673299570327
32.08501619633365,-81.10672292356863
32.08501338162917,-81.10671285143428
32.0850106650397,-81.10670313039788
32.0850075982976,-81.10669215638018
32.08500478359044,-81.10668208424688
32.08500196888239,-81.10667201211389
32.08499915417345,-81.10666193998121
32.08499633946364,-81.10665186784881
32.08499362286917,-81.10664214681483
32.084990808157634,-81.10663207468315
32.0849879934452,-81.10662200255176
32.084985178731905,-81.10661193042067
32.084982111981176,-81.10660095640633
32.08497929726603,-81.1065908842759
32.08497658066658,-81.10658116324434
32.08497376594972,-81.1065710911146
32.08497095123196,-81.10656101898516
32.08496813651333,-81.10655094685602
32.08496532179382,-81.10654087472717
32.0849625070734,-81.10653080259866
32.08495953862569,-81.10652017646723
32.084956768801426,-81.10651008842923
32.084953998976275,-81.10650000039156
32.084951229150235,-81.10648991235416
32.08494855435938,-81.10648017044956
32.08494578453163,-81.10647008241283
32.08494301470298,-81.10645999437638
32.084940244873444,-81.10644990634022
32.08493722657081,-81.10643891334063
32.08493455177577,-81.106429171438
32.08493178194356,-81.10641908340284
32.08492901211046,-81.10640899536796
32.08492624227647,-81.10639890733339
32.084923567478135,-81.10638916543229
32.08492079764243,-81.10637907739837
32.08491802780583,-81.10636898936474
32.08491525796833,-81.10635890133139
32.084912239657115,-81.1063479083351
32.0849095648546,-81.10633816643599
32.08490679501444,-81.10632807840364
32.08490402517339,-81.10631799037158
32.084901255331445,-81.10630790233982
32.08489858052566,-81.10629816044225
32.084895810682,-81.10628807241115
32.08489304083745,-81.10627798438033
32.084890270992005,-81.10626789634979
32.08488734770944,-81.10625724949104
32.084884577862205,-81.10624716146121
32.08488180801409,-81.10623707343167
32.084879038165084,-81.10622698540244
32.084876268315185,-81.10621689737347
32.08487359350194,-81.10620715547944
32.08487082365032,-81.10619706745113
32.08486805379782,-81.10618697942314
32.08486503547035,-81.10617598643313
32.08486236065376,-81.10616624454069
32.08485959079857,-81.10615615651366
32.08485682094249,-81.10614606848694
32.08485405108553,-81.10613598046051
32.084851281227685,-81.10612589243438
32.08484860640698,-81.10611615054385
32.08484583654741,-81.10610606251836
32.08484306668695,-81.10609597449316
32.08484004835088,-81.10608498150644
32.08483737352683,-81.10607523961755
32.08483460366369,-81.10606515159334
32.08483183379966,-81.10605506356943
32.08482906393474,-81.10604497554579
32.08482638910741,-81.10603523365845
32.08482361924078,-81.10602514563547
32.08482084937325,-81.1060150576128
32.084818079504835,-81.10600496959042
32.08481506116016,-81.105993976607
32.08481238632866,-81.10598423472163
32.08480961645758,-81.10597414670023
32.08480684658558,-81.10596405867913
32.08480407671271,-81.10595397065832
32.084801401877925,-81.10594422877449
32.084798632003334,-81.10593414075434
32.084795862127855,-81.10592405273447
32.084792843775546,-81.10591305975403
32.08479007389821,-81.10590297173479
32.084787399059245,-81.10589322985294
32.084784629180206,-81.10588314183437
32.084781859300264,-81.10587305381608
32.084779089419435,-81.10586296579805
32.08477641457719,-81.10585322391775
32.08477364469465,-81.1058431359004
32.08477087481123,-81.10583304788335
32.084767856450306,-81.10582205490623
32.08476518160471,-81.10581231302751
32.0847624117186,-81.10580222501147
32.084759641831596,-81.10579213699569
32.08475687194371,-81.10578204898022
32.08475410205493,-81.10577196096503
32.08475142720523,-81.10576221908825
32.08474865731473,-81.10575213107371
32.08474588742334,-81.10574204305948
32.08474286905383,-81.10573105008564
32.08474019420078,-81.10572130821046
32.08473742430671,-81.10571122019722
32.08473465441175,-81.10570113218425
32.084731884515904,-81.10569104417158
32.08472920965958,-81.10568130229797
32.08472643976201,-81.10567121428595
32.08472366986356,-81.10566112627423
32.08472089996421,-81.10565103826279
32.08471813006399,-81.10564095025167
32.08471545520355,-81.10563120837995
32.084712685301604,-81.10562112036946
32.08470991539876,-81.10561103235926
32.08470714549503,-81.10560094434935
32.084704470631316,-81.10559120247919
32.08470170072587,-81.10558111446993
32.08469893081953,-81.10557102646098
32.084696160912316,-81.10556093845231
32.08469348604532,-81.10555119658369
32.084690716136365,-81.10554110857566
32.084687946226545,-81.10553102056795
32.084685176315816,-81.10552093256051
32.084682501445535,-81.10551119069345
32.08467973153309,-81.10550110268666
32.08467696161977,-81.10549101468017
32.08467419170556,-81.10548092667396
32.08467151683199,-81.10547118480844
32.0846684984369,-81.10546019184449
32.08466572852,-81.1054501038393
32.084662958602216,-81.10544001583438
32.084660283725306,-81.10543027397047
32.0846575138058,-81.10542018596621
32.08465474388542,-81.10541009796225
32.084651973964135,-81.10540000995857
32.08464920404196,-81.10538992195517
32.08464652916094,-81.10538018009316
32.084643759237046,-81.10537009209044
32.084640989312284,-81.105360004088
32.08463821938661,-81.10534991608584
32.08463554450231,-81.10534017422539
32.08463277457493,-81.10533008622389
32.084630004646655,-81.1053199982227
32.08462723471749,-81.10530991022176
32.08462455982991,-81.10530016836286
32.08462178989903,-81.1052900803626
32.084619019967256,-81.10527999236261
32.0846162500346,-81.10526990436294
32.08461357514375,-81.10526016250559
32.08461080520936,-81.10525007450656
32.084608035274094,-81.10523998650783
32.08460526533794,-81.10522989850938
32.08460259044381,-81.10522015665354
32.08459982050593,-81.10521006865575
32.08459705056716,-81.10519998065826
32.084594280627506,-81.10518989266104
32.08459135724893,-81.10517924584992
32.08458858730748,-81.10516915785341
32.08458581736516,-81.1051590698572
32.08458304742193,-81.10514898186126
32.084580277477826,-81.10513889386564
32.084577602576225,-81.10512915201336
32.084574832630395,-81.10511906401838
32.08457206268369,-81.10510897602367
32.08456929273607,-81.10509888802927
32.08456661783121,-81.10508914617854
32.084563847881874,-81.10507905818478
32.08456107793166,-81.10506897019133
32.08455830798056,-81.10505888219816
32.0845556330724,-81.10504914034898
32.084552863119576,-81.10503905235647
32.08455009316587,-81.10502896436425
32.084547323211275,-81.10501887637231
32.08454464829985,-81.10500913452468
32.084541878343515,-81.1049990465334
32.08453910838631,-81.1049889585424
32.08453633842821,-81.10497887055172
32.084533663513504,-81.10496912870562
32.08453089355368,-81.10495904071557
32.08452814507638,-81.10494894499749
32.08452539743408,-81.1049388493216
32.084522496618966,-81.10492819084592
32.08451974897486,-81.10491809517073
32.08451700132987,-81.10490799949581
32.08451425368399,-81.10489790382118
32.08451159957009,-81.10488815181445
32.08450885192249,-81.10487805614045
32.084506104274,-81.10486796046672
32.08450335662461,-81.10485786479329
32.08450070250743,-81.10484811278808
32.084497954856324,-81.10483801711528
32.08449520720432,-81.10482792144278
32.084492459551434,-81.10481782577055
32.08448980543097,-81.10480807376688
32.08448681107085,-81.10479707162864
32.08448406341529,-81.1047869759574
32.08448131575883,-81.10477688028642
32.084478661635,-81.10476712828431
32.08447591397682,-81.10475703261397
32.08447316631776,-81.10474693694394
32.084470418657794,-81.10473684127416
32.08446776453068,-81.10472708927357
32.08446501686899,-81.10471699360444
32.08446226920642,-81.10470689793561
32.084459521542954,-81.10469680226706
32.084456867412555,-81.10468705026798
32.084453873041,-81.10467604813408
32.084451125374855,-81.10466595246649
32.08444847124195,-81.10465620046865
32.08444572357407,-81.10464610480172
32.08444297590531,-81.10463600913505
32.084440228235664,-81.10462591346868
32.08443757409945,-81.10461616147234
32.08443482642808,-81.10460606580662
32.084432078755825,-81.10459597014116
32.08442933108267,-81.104585874476
32.084426676943174,-81.10457612248119
32.084423929268304,-81.10456602681667
32.08442118159254,-81.10455593115242
32.084418187208584,-81.10454492902318
32.084415533065744,-81.10453517702994
32.08441278538729,-81.10452508136666
32.084410037707954,-81.1045149857037
32.08440729002772,-81.10450489004099
32.08440463588159,-81.10449513804927
32.08440188819964,-81.1044850423872
32.084399140516794,-81.10447494672542
32.08439639283307,-81.10446485106392
32.08439373868366,-81.10445509907375
32.08439099099821,-81.10444500341289
32.08438824331185,-81.1044349077523
32.08438524891646,-81.10442390562737
32.0843825947637,-81.10441415363879
32.08437984707467,-81.10440405797918
32.08437709938475,-81.10439396231988
32.08437435169394,-81.10438386666083
32.08437169753789,-81.10437411467375
32.08436894984536,-81.10436401901536
32.084366202151934,-81.10435392335722
32.08436345445763,-81.1043438276994
32.084360800298285,-81.10433407571384
32.08435805260225,-81.10432398005666
32.08435530490533,-81.10431388439976
32.08435255720752,-81.10430378874314
32.08434965633581,-81.10429313029516
32.08434690863619,-81.10428303463924
32.0843441609357,-81.1042729389836
32.08434150677055,-81.10426318700077
32.08433875906834,-81.10425309134577
32.08433601136521,-81.10424299569105
32.08433326366123,-81.1042329000366
32.084330609492795,-81.1042231480553
32.084327861787074,-81.10421305240149
32.08432511408046,-81.10420295674798
32.08432236637295,-81.10419286109475
32.08431971220124,-81.10418310911497
32.084316717782066,-81.1041721069991
32.08431397007188,-81.10416201134684
32.084311222360796,-81.10415191569487
32.08430856818573,-81.10414216371666
32.08430582047294,-81.10413206806534
32.084303072759255,-81.10412197241428
32.084300325044666,-81.10411187676351
32.08429767086631,-81.10410212478683
32.08429492315,-81.1040920291367
32.08429217543282,-81.10408193348685
32.08428942771474,-81.10407183783728
32.0842867735331,-81.10406208586213
32.084284025813304,-81.10405199021321
32.08428103138171,-81.104040988102
32.084278283660055,-81.1040308924537
32.084275629475066,-81.10402114048011
32.08427288175169,-81.10401104483245
32.08427013402743,-81.10400094918506
32.084267386302265,-81.10399085353797
32.084264732113986,-81.10398110156592
32.084261984387105,-81.10397100591946
32.08425923665933,-81.10396091027327
32.08425648893067,-81.10395081462738
32.084253834739116,-81.10394106265686
32.08425108700873,-81.10393096701159
32.08424833927746,-81.10392087136663
32.08424534483348,-81.10390986926008
32.084242690638554,-81.10390011729112
32.084239942904595,-81.10389002164713
32.08423719516975,-81.10387992600342
32.08423454097238,-81.10387017403562
32.08423179323581,-81.10386007839254
32.084229045498354,-81.10384998274975
32.084226297760004,-81.10383988710727
32.08422364355935,-81.10383013514098
32.08422089581927,-81.10382003949911
32.084218148078314,-81.10380994385751
32.08421540033646,-81.10379984821624
32.08421249941985,-81.10378918979029
32.0842097516762,-81.10377909414967
32.08420700393166,-81.10376899850935
32.08420425618624,-81.1037589028693
32.08420160197894,-81.10374915090613
32.0841988542318,-81.10373905526674
32.08419610648375,-81.1037289596276
32.084193358734815,-81.10371886398879
32.08419070452424,-81.10370911202712
32.0841879567736,-81.10369901638893
32.08418520902206,-81.10368892075103
32.08418246126962,-81.10367882511338
32.084179605891656,-81.10366814674565
32.084176903331844,-81.10365803599424
32.08417420077115,-81.10364792524312
32.08417158872782,-81.1036381531367
32.084168886165386,-81.10362804238619
32.08416618360207,-81.10361793163595
32.08416323793692,-81.1036069114044
32.08416062589023,-81.10359713929948
32.08415792332421,-81.1035870285502
32.08415522075731,-81.10357691780113
32.084152608708145,-81.10356714569735
32.084149906139515,-81.10355703494892
32.08414696046862,-81.1035460147195
32.084144257898124,-81.10353590397168
32.084141645845605,-81.1035261318694
32.08413894327339,-81.10351602112218
32.08413624070027,-81.1035059103752
32.08413362864528,-81.10349613827407
32.084130926070436,-81.1034860275277
32.08412798039283,-81.10347500730076
32.08412527781613,-81.10346489655498
32.08412266575778,-81.10345512445537
32.08411996317935,-81.10344501371019
32.08411726060004,-81.1034349029653
32.08411455801983,-81.10342479222068
32.08411170285586,-81.103414110642
32.08410900027384,-81.10340399989802
32.08410629769094,-81.10339388915435
32.08410368562676,-81.10338411705737
32.084100983042134,-81.1033740063143
32.08409828045661,-81.10336389557148
32.08409533476744,-81.1033528753487
32.084092722699886,-81.10334310325325
32.084090020111674,-81.10333299251137
32.08408731752256,-81.10332288176977
32.084084705452554,-81.10331310967544
32.08408200286172,-81.10330299893444
32.08407905716679,-81.10329197871378
32.084076354574094,-81.10328186797338
32.08407374250072,-81.10327209588058
32.08407103990629,-81.10326198514079
32.08406833731098,-81.10325187440125
32.08406572523514,-81.10324210230955
32.08406277953448,-81.10323108209106
32.08406007693647,-81.10322097135246
32.08405737433757,-81.10321086061411
32.08405476225836,-81.10320108852395
32.08405205965773,-81.10319097778623
32.08404935705621,-81.10318086704876
32.08404674497453,-81.10317109495973
32.08404379926716,-81.1031600747437
32.08404109666294,-81.10314996400716
32.084038394057835,-81.10313985327089
32.084035781972794,-81.10313008118337
32.08403307936596,-81.10311997044774
32.08403037675823,-81.10310985971235
32.08402752156617,-81.10309917814708
32.084024818956635,-81.10308906741236
32.08402211634621,-81.1030789566779
32.0840194137349,-81.10306884594372
32.08401680164405,-81.10305907385886
32.08401409903101,-81.10304896312529
32.084011153312055,-81.10303794291343
32.084008541218665,-81.10302817082973
32.084005838602934,-81.10301806009711
32.08400313598631,-81.10300794936474
32.08400043336877,-81.10299783863263
32.0839978212721,-81.1029880665504
32.0839948755474,-81.10297704634068
32.08399217292719,-81.10296693560952
32.083989560827966,-81.10295716352846
32.083986858206025,-81.10294705279789
32.08398415558319,-81.1029369420676
32.083981452959456,-81.10292683133756
32.08397859775106,-81.10291614978007
32.08397589512554,-81.10290603905074
32.08397319249913,-81.10289592832163
32.083970580394066,-81.10288615624322
32.08396787776593,-81.10287604551472
32.08396517513688,-81.10286593478652
32.08396222940064,-81.102854914581
32.083959617292216,-81.10284514250411
32.08395691466048,-81.1028350317768
32.083954212027855,-81.1028249210498
32.08395159991698,-81.10281514897403
32.083948897282625,-81.10280503824762
32.083946194647375,-81.1027949275215
32.08394324890442,-81.10278390731841
32.083940636790174,-81.10277413524418
32.08393793415224,-81.10276402451895
32.0839352315134,-81.10275391379402
32.08393261939669,-81.1027441417209
32.083929916756134,-81.10273403099659
32.08392697100743,-81.10272301079564
32.083924268365,-81.1027129000719
32.08392165624494,-81.10270312800031
32.08391895360079,-81.10269301727718
32.083916250955745,-81.10268290655432
32.08391354830982,-81.10267279583171
32.08391069307875,-81.10266211428502
32.08390799043102,-81.10265200356311
32.08390528778241,-81.10264189284145
32.0839026756565,-81.10263212077248
32.08389997300615,-81.10262201005142
32.0838972703549,-81.10261189933064
32.08389432459464,-81.1026008791339
32.083891712465366,-81.10259110706647
32.08388900981143,-81.10258099634662
32.0838863071566,-81.10257088562702
32.083883695024866,-81.10256111356071
32.08388099236831,-81.10255100284174
32.083878046602294,-81.10253998264714
32.08387534394387,-81.10252987192874
32.083872731808775,-81.10252009986395
32.083870029148635,-81.10250998914617
32.083867326487606,-81.10249987842867
32.083864714350035,-81.10249010636501
32.08386201168727,-81.10247999564811
32.083859065914545,-81.10246897545595
32.08385636324992,-81.10245886473965
32.083853751109004,-81.1024490926775
32.08385104844265,-81.10243898196181
32.08384834577541,-81.10242887124637
32.08384574241869,-81.10241808646461
32.083843288509094,-81.10240790315355
32.08384090943496,-81.10239803040079
32.083838455523605,-81.1023878470902
32.08383585350749,-81.10237704917452
32.08383339959431,-81.1023668658644
32.08383102051679,-81.10235699311293
32.083828343661295,-81.10234588463987
32.083825964582054,-81.10233601188908
32.083823585501996,-81.10232613913867
32.08382113158438,-81.10231595582975
32.08381852956182,-81.10230515791675
32.083816075642375,-81.10229497460834
32.08381369655894,-81.10228510185921
32.083811019696654,-81.10227399338821
32.083808640611494,-81.10226412063975
32.083806186688456,-81.10225393733228
32.08380358466033,-81.10224313942157
32.083801130735466,-81.10223295611459
32.08379875164692,-81.1022230833674
32.083796297720305,-81.1022129000609
32.0837936956885,-81.10220210215168
32.083791241760046,-81.10219191884566
32.08378886266811,-81.10218204609977
32.08378618579608,-81.10217093763168
32.08378380670242,-81.10216106488647
32.08378135277039,-81.10215088158141
32.08377897367507,-81.1021410088368
32.083776296799144,-81.10212990036986
32.083773917702096,-81.10212002762594
32.083771463766475,-81.10210984432182
32.08376886172541,-81.10209904641634
32.08376640778797,-81.10208886311271
32.08376402868755,-81.1020789903701
32.0837616495863,-81.10206911762783
32.083758972703585,-81.10205800916293
32.08375659360062,-81.10204813642135
32.08375413965874,-81.10203795311892
32.08375153761125,-81.10202715521613
32.08374908366752,-81.10201697191422
32.08374670456118,-81.1020070991739
32.083744250615695,-81.10199691587245
32.083741648564526,-81.10198611797114
32.083739194617216,-81.10197593467016
32.08373681550748,-81.10196606193117
32.08373413861503,-81.10195495346916
32.08373175950356,-81.10194508073084
32.083729305552666,-81.1019348974308
32.08372692643955,-81.10192502469309
32.083724262798036,-81.10191391227406
32.08372189579373,-81.10190403478563
32.08371945471946,-81.10189384820772
32.08371686582669,-81.1018830447891
32.08371449881985,-81.10187316730168
32.08371205774289,-81.10186298072452
32.083709690734395,-81.10185310323772
32.08370702776859,-81.10184199073042
32.08370466075835,-81.10183211324426
32.0837022196778,-81.10182192666804
32.0836998526659,-81.10181204918248
32.0836971896962,-81.10180093667631
32.083694822682595,-81.10179105919144
32.083692381598446,-81.10178087261615
32.08369001458318,-81.10177099513189
32.08368735160959,-81.10175988262685
32.08368498459257,-81.10175000514326
32.08368261757477,-81.10174012766001
32.083679954598274,-81.10172901515588
32.083677587578734,-81.1017191376733
32.08367514648832,-81.10170895109967
32.08367277946713,-81.1016990736177
32.08367011648674,-81.10168796111469
32.083667749463814,-81.1016780836334
32.083665308369824,-81.10166789706071
32.08366294134522,-81.10165801958001
32.08366027836096,-81.10164690707813
32.08365791133463,-81.10163702959811
32.083655470237055,-81.10162684302632
32.08365310320907,-81.10161696554692
32.083650514291485,-81.10160616213844
32.08364807319121,-81.10159597556743
32.0836457061607,-81.10158609808904
32.08364304316964,-81.10157498558917
32.08364067613739,-81.10156510811144
32.08363823503353,-81.10155492154136
32.08363586799964,-81.10154504406424
32.08363320500468,-81.10153393156551
32.083630837969054,-81.10152405408905
32.0836283968616,-81.1015138675199
32.08362602982432,-81.10150399004408
32.083623366825485,-81.10149287754646
32.08362099978646,-81.10148300007128
32.083618632746635,-81.10147312259646
32.08361619163475,-81.1014629360285
32.08361360270334,-81.1014521326256
32.083611161589616,-81.10144194605813
32.08360879454641,-81.10143206858459
32.08360613154078,-81.10142095608902
32.08360376449584,-81.10141107861612
32.083601323378524,-81.10140089204958
32.08359895633193,-81.10139101457732
32.08359629332241,-81.10137990208287
32.083593926274084,-81.10137002461126
32.08359155922494,-81.10136014714
32.08358919490364,-81.10134993718272
32.08358690297281,-81.10134003127179
32.08358432633146,-81.10132889482358
32.08358203439889,-81.10131898891326
32.08357974246549,-81.10130908300327
32.083577381135555,-81.10129887716012
32.0835750892005,-81.1012889712507
32.08357279726464,-81.10127906534161
32.08357043593207,-81.10126885949909
32.08356814399453,-81.10125895359054
32.083565636741504,-81.10124811707831
32.08356327540624,-81.10123791123645
32.083560983466164,-81.10122800532886
32.08355869152527,-81.10121809942159
32.083556330187385,-81.10120789358037
32.08355403824483,-81.10119798767366
32.08355174630145,-81.10118808176728
32.08354916964575,-81.101176945323
32.08354687770064,-81.10116703941723
32.08354458575471,-81.10115713351178
32.083542224411524,-81.10114692767186
32.08353993246393,-81.10113702176697
32.08353764051553,-81.10112711586243
32.08353527916971,-81.10111691002314
32.08353298721965,-81.10110700411913
32.08353047995298,-81.10109616761216
32.08352811860446,-81.10108596177353
32.083525826651844,-81.1010760558705
32.083523534698415,-81.10106614996775
32.08352123203237,-81.10105592722405
32.083518786738296,-81.10104506688863
32.083516551749796,-81.10103514059183
32.08351425079865,-81.10102492133802
32.08351201580848,-81.10101499504174
32.08350957051073,-81.1010041347077
32.08350726955688,-81.10099391545448
32.08350503456414,-81.10098398915909
32.0835025892636,-81.10097312882606
32.08350028830705,-81.10096290957345
32.08349805331175,-81.10095298327894
32.08349581831565,-81.10094305698473
32.08349330704918,-81.10093190369494
32.083491072051324,-81.10092197740131
32.08348883705265,-81.10091205110798
32.08348632578325,-81.10090089781893
32.08348409078283,-81.1008909715262
32.0834818557816,-81.10088104523375
32.08347955481702,-81.10087082598294
32.08347710950629,-81.1008599656536
32.0834748745025,-81.10085003936202
32.08347263949789,-81.10084011307077
32.083470128221705,-81.1008289597835
32.08346789321534,-81.10081903349281
32.08346565820818,-81.10080910720244
32.08346335723733,-81.10079888795306
32.08346091192014,-81.10078802762611
32.08345867691041,-81.10077810133663
32.083456375936855,-81.10076788208787
32.083453930616884,-81.10075702176194
32.08345169560459,-81.10074709547331
32.08344939462834,-81.10073687622516
32.08344715961438,-81.10072694993708
32.083444714290735,-81.10071608961255
32.08344241331177,-81.10070587036498
32.08344017829525,-81.10069594407777
32.083437732968804,-81.10068508375426
32.08343543198714,-81.10067486450731
32.083433196968066,-81.10066493822099
32.08343096194816,-81.10065501193496
32.08342851661805,-81.10064415161284
32.08342621563282,-81.10063393236672
32.08342398061036,-81.10062400608156
32.083421535277466,-81.10061314576046
32.08341923428954,-81.10060292651497
32.08341699926452,-81.10059300023069
32.083414764238675,-81.10058307394672
32.083412252938196,-81.1005719206657
32.08341001791062,-81.10056199438232
32.083407782882226,-81.10055206809923
32.08340524182043,-81.10054092316382
32.08340297982359,-81.10053100641088
32.08340071782594,-81.10052108965826
32.08339838824898,-81.10051087663739
32.083396126249646,-81.10050095988528
32.083393651565174,-81.10049011071212
32.08339132198552,-81.1004798976919
32.08338905998364,-81.10046998094072
32.08338679798095,-81.10046006418986
32.083384255714016,-81.10044891874901
32.08338199370958,-81.10043900199872
32.08337973170434,-81.10042908524879
32.08337740211935,-81.1004188722298
32.0833749274275,-81.10040802305934
32.08337266541968,-81.10039810631031
32.083370335832,-81.10038789329195
32.083368073822534,-81.10037797654346
32.083365599127,-81.10036712737443
32.08336326953662,-81.10035691435671
32.08336100752458,-81.10034699760912
32.083358745511745,-81.10033708086183
32.08335641591874,-81.10032686784471
32.08335394121861,-81.10031601867739
32.083351679203204,-81.10030610193103
32.08334934960751,-81.10029588891454
32.08334708759044,-81.10028597216872
32.083344612886634,-81.10027512300279
32.08334228328823,-81.10026490998696
32.08334002126861,-81.10025499324205
32.083337393127024,-81.10024485784064
32.0833348483378,-81.10023505484284
32.083332217731524,-81.10022492126565
32.08332943562479,-81.10021420408492
32.08332680501671,-81.10020407050835
32.08332417440773,-81.100193936932
32.08332162961432,-81.10018413393607
32.08331899900361,-81.1001740003603
32.083316368392005,-81.10016386678477
32.08331382359612,-81.10015406378992
32.08331119298277,-81.10014393021494
32.083308648185245,-81.10013412722078
32.08330578025364,-81.10012307946316
32.083303149637594,-81.10011294588905
32.083300604837525,-81.10010314289603
32.08329797421974,-81.10009300932249
32.08329534360106,-81.10008287574921
32.08329279879851,-81.10007307275721
32.083290168178095,-81.1000629391845
32.08328762337391,-81.10005313619324
32.08328499275176,-81.10004300262106
32.083282362128706,-81.10003286904914
32.08327958000479,-81.10002215187623
32.083276949379936,-81.10001201830495
32.08327431875418,-81.10000188473389
32.08327177394497,-81.09999208174479
32.08326914331747,-81.0999819481743
32.08326659850664,-81.09997214518593
32.08326396787741,-81.09996201161601
32.08326133724727,-81.09995187804633
32.083258792433966,-81.09994207505902
32.08325592448419,-81.09993102730768
32.08325329385136,-81.09992089373884
32.0832507490355,-81.09991109075264
32.083248118400924,-81.09990095718439
32.08324557358343,-81.09989115419891
32.08324294294712,-81.09988102063122
32.08324031230991,-81.09987088706376
32.083237767489955,-81.09986108407935
32.083235136851,-81.09985095051248
32.08323226889261,-81.09983990276406
32.083229724070094,-81.09983009978076
32.08322709342844,-81.09981996621472
32.08322454860429,-81.09981016323216
32.083221917960906,-81.09980002966671
32.08321928731662,-81.0997898961015
32.08321674249,-81.09978009311996
32.083214111843986,-81.09976995955533
32.08321148119706,-81.09975982599092
32.08320893636797,-81.09975002301043
32.083206068400024,-81.09973897526537
32.08320352356922,-81.09972917228569
32.083200892918754,-81.09971903872245
32.083198262267395,-81.09970890515947
32.083195717434116,-81.09969910218084
32.083193086781016,-81.09968896861844
32.08319045612703,-81.09967883505625
32.083187911291276,-81.0996690320787
32.08318528063554,-81.09965889851708
32.083182498478216,-81.09964818135947
32.08317986782067,-81.09963804779848
32.08317723716223,-81.09962791423774
32.0831746923223,-81.099618111262
32.08317206166213,-81.09960797770182
32.08316943100105,-81.09959784414188
32.083166886158644,-81.09958804116718
32.08316425549583,-81.09957790760782
32.083161710651794,-81.09956810463387
32.083158842666656,-81.0995570568948
32.08315621200114,-81.09954692333628
32.08315366715455,-81.09953712036341
32.0831510364873,-81.09952698680546
32.08314840581916,-81.09951685324778
32.08314586097009,-81.09950705027597
32.0831432303002,-81.09949691671885
32.083140642699824,-81.09948713164682
32.083137966154936,-81.09947701247017
32.08313528960915,-81.0994668932938
32.083132460849704,-81.09945619864948
32.083129784302116,-81.09944607947374
32.08312710775363,-81.09943596029825
32.08312452000592,-81.09942617685357
32.0831218434557,-81.0994160576787
32.08311916690458,-81.09940593850406
32.08311649035258,-81.09939581932969
32.083113902601546,-81.09938603588645
32.08311122604782,-81.09937591671267
32.0831085494932,-81.09936579753916
32.08310572072472,-81.09935510289905
32.08310304416829,-81.09934498372618
32.08310036761096,-81.09933486455357
32.08309777985493,-81.09932508111258
32.08309510329588,-81.09931496194058
32.083092426735924,-81.09930484276882
32.083089838977436,-81.09929505932891
32.083087162415744,-81.09928494015774
32.08308448585318,-81.09927482098685
32.0830818980922,-81.09926503754805
32.0830789805122,-81.09925400718032
32.08307630394691,-81.0992438880103
32.08307371618342,-81.09923410457266
32.083071039616414,-81.09922398540327
32.08306836304851,-81.09921386623412
32.08306577528256,-81.09920408279757
32.08306309871292,-81.09919396362902
32.08306042214239,-81.09918384446074
32.08305783437397,-81.0991740610253
32.0830551578017,-81.0991639418576
32.08305224021212,-81.09915291149326
32.08304965244116,-81.09914312805896
32.0830469758662,-81.09913300889217
32.08304429929035,-81.09912288972565
32.08304171151693,-81.09911310629245
32.08303903493934,-81.0991029871265
32.08303635836086,-81.09909286796082
32.083033770584954,-81.0990830845287
32.08303109400476,-81.09907296536363
32.083028417423655,-81.0990628461988
32.08302558862813,-81.09905215157143
32.08302291204524,-81.09904203240725
32.08302023546143,-81.09903191324334
32.08301764768054,-81.09902212981349
32.083014971095004,-81.09901201065017
32.08301229450858,-81.0990018914871
32.08300970672522,-81.09899210805834
32.083007030137054,-81.09898198889589
32.08300435354801,-81.09897186973366
32.08300176576218,-81.09896208630599
32.08299908917139,-81.09895196714439
32.08299617156177,-81.09894093678724
32.082993583773394,-81.09893115336072
32.082990907179926,-81.09892103420002
32.08298823058555,-81.09891091503957
32.0829856427947,-81.09890113161416
32.08298296619861,-81.0988910124543
32.08298028960161,-81.09888089329472
32.0829777018083,-81.09887110987039
32.08297502520958,-81.09886099071139
32.08297234860996,-81.09885087155264
32.08296951979551,-81.09884017693416
32.082966843194086,-81.0988300577761
32.08296416659177,-81.09881993861825
32.08296157879346,-81.09881015519616
32.082958902189404,-81.09880003603892
32.08295622558446,-81.09878991688194
32.08295363778368,-81.09878013346098
32.082950961177005,-81.09877001430459
32.082948284569426,-81.09875989514848
32.082945696766195,-81.09875011172859
32.0829427791375,-81.09873908137833
32.08294010252722,-81.09872896222312
32.08293751472144,-81.09871917880439
32.08293483810945,-81.09870905964976
32.08293216149655,-81.0986989404954
32.08292957368831,-81.09868915707776
32.08292689707368,-81.098679037924
32.08292422045815,-81.09866891877047
32.082921632647455,-81.09865913535393
32.082918956030205,-81.09864901620101
32.082916038391936,-81.09863798585417
32.082913361772825,-81.09862786670183
32.08291077395874,-81.09861808328678
32.08290809733789,-81.09860796413503
32.08290542071615,-81.09859784498354
32.082902832899606,-81.09858806156959
32.08290015627614,-81.0985779424187
32.08289747965178,-81.09856782326806
32.082894891832765,-81.09855803985519
32.08289221520666,-81.09854792070513
32.082889297558836,-81.09853689036171
32.08288670973728,-81.09852710695002
32.082884033108485,-81.09851698780088
32.0828813564788,-81.09850686865198
32.08287876865478,-81.09849708524138
32.08287609202337,-81.09848696609309
32.082873415391056,-81.09847684694508
32.08287082756457,-81.09846706353555
32.082868150930516,-81.09845694438813
32.08286547429559,-81.09844682524094
32.082862645445076,-81.09843613063943
32.082859968808336,-81.0984260114929
32.082857291078774,-81.0984158918063
32.082854683016535,-81.09840611782249
32.08285198471994,-81.09839600567959
32.082849286422444,-81.09838589353697
32.08284667835775,-81.09837611955427
32.08284398005852,-81.09836600741224
32.082841281758405,-81.09835589527047
32.08283867369125,-81.09834612128891
32.08283597538941,-81.09833600914776
32.08283327708667,-81.09832589700687
32.08283066901705,-81.09831612302641
32.082827727952306,-81.0983051011202
32.08282502964688,-81.09829498898024
32.082822331340566,-81.09828487684055
32.08281972326756,-81.0982751028616
32.08281702495951,-81.09826499072253
32.08281432665057,-81.09825487858372
32.082811718575115,-81.0982451046059
32.08280902026445,-81.09823499246768
32.08280632195289,-81.09822488032974
32.082803713874966,-81.09821510635302
32.08280101556167,-81.09820499421569
32.08279831724748,-81.09819488207866
32.08279546640596,-81.09818419833775
32.08279276808997,-81.09817408620135
32.082790069773104,-81.0981639740652
32.082787371455325,-81.09815386192935
32.08278476337158,-81.09814408795528
32.082782065052086,-81.09813397582002
32.08277936673168,-81.09812386368502
32.08277675864547,-81.09811408971204
32.08277406032336,-81.09810397757767
32.08277136200034,-81.09809386544354
32.08276875391167,-81.09808409147169
32.08276605558693,-81.09807397933818
32.08276335726128,-81.09806386720494
32.08276050640807,-81.0980531834696
32.08275780808064,-81.09804307133703
32.082755109752306,-81.09803295920472
32.08275250165864,-81.09802318523515
32.082749803328575,-81.09801307310344
32.08274710499764,-81.09800296097201
32.08274440666578,-81.09799284884085
32.08274179856882,-81.09798307487273
32.082739100235244,-81.09797296274216
32.08273640190078,-81.09796285061186
32.08273379380135,-81.0979530766449
32.08273109546516,-81.0979429645152
32.08272839712808,-81.09793285238578
32.08272554626316,-81.097922168656
32.08272284792428,-81.09791205652724
32.0827201495845,-81.09790194439874
32.082717541480086,-81.09789217043405
32.08271484313857,-81.09788205830617
32.08271214479616,-81.09787194617854
32.082709446452874,-81.0978618340512
32.082706838345146,-81.09785206008796
32.082704140000125,-81.09784194796121
32.0827014416542,-81.09783183583473
32.08269883354403,-81.09782206187259
32.08269613519638,-81.09781194974674
32.08269319408396,-81.09780092785788
32.08269058597125,-81.09779115389692
32.0826878876209,-81.09778104177198
32.08268518926967,-81.0977709296473
32.0826825811545,-81.09776115568748
32.082679882801536,-81.09775104356342
32.08267718444768,-81.09774093143962
32.08267457633004,-81.0977311574809
32.08267187797446,-81.0977210453577
32.082669179617994,-81.09771093323478
32.082666481260624,-81.09770082111211
32.082663873139694,-81.09769104715487
32.08266117478058,-81.09768093503281
32.082658233655785,-81.09766991314845
32.082655625532304,-81.09766013919239
32.08265292640636,-81.09765002770685
32.08265019621643,-81.0976399261276
32.08264755838185,-81.09763016626235
32.08264482819018,-81.09762006468375
32.08264209799764,-81.09760996310541
32.0826393678042,-81.09759986152733
32.08263672996632,-81.09759010166358
32.08263375445854,-81.09757909244267
32.08263102426241,-81.09756899086555
32.082628294065394,-81.09755888928875
32.08262565622415,-81.09754912942655
32.08262292602541,-81.09753902785035
32.08262019582577,-81.09752892627442
32.08261746562525,-81.09751882469878
32.08261482778072,-81.0975090648381
32.082612097578476,-81.09749896326308
32.08260912206207,-81.09748795404535
32.08260648421502,-81.09747819418587
32.08260375401008,-81.09746809261182
32.082601023804244,-81.09745799103803
32.082598293597535,-81.09744788946452
32.08259565574719,-81.09743812960654
32.08259292553874,-81.09742802803365
32.0825901953294,-81.09741792646108
32.08258721980534,-81.09740691724619
32.08258458195164,-81.09739715738976
32.08258185173962,-81.09738705581813
32.0825791215267,-81.09737695424674
32.08257639131289,-81.09736685267566
32.082573753455904,-81.09735709282074
32.08257102324038,-81.09734699125029
32.08256829302396,-81.09733688968011
32.082565317492225,-81.09732588046806
32.082562679631884,-81.09731612061472
32.08255994941276,-81.09730601904549
32.082557219192765,-81.09729591747654
32.08255458132996,-81.09728615762432
32.082551851108235,-81.097276056056
32.082549120885616,-81.09726595448798
32.08254639066212,-81.09725585292021
32.08254375279602,-81.09724609306947
32.08254077725572,-81.09723508386071
32.08253804702953,-81.09722498229391
32.08253531680244,-81.09721488072739
32.082532678933,-81.09720512087821
32.08252994870418,-81.09719501931231
32.082527218474475,-81.09718491774669
32.082524488243884,-81.09717481618135
32.08252185037115,-81.0971650563337
32.08251887482319,-81.09715404712777
32.08251614458991,-81.09714394556337
32.08251350671464,-81.09713418571693
32.08251077647963,-81.09712408415317
32.082508046243746,-81.09711398258969
32.08250531600695,-81.09710388102648
32.0825026781284,-81.09709412118154
32.082499947889886,-81.09708401961896
32.08249697233427,-81.09707301041588
32.0824942420939,-81.09706290885393
32.08249160421198,-81.09705314901053
32.0824888739699,-81.09704304744919
32.08248614372691,-81.0970329458881
32.08248341348304,-81.09702284432733
32.08248077559784,-81.09701308448543
32.08247804535225,-81.09700298292528
32.082475315105754,-81.0969928813654
32.0824723395415,-81.0969818721655
32.08246970165294,-81.09697211232516
32.08246697140377,-81.09696201076626
32.0824642411537,-81.09695190920759
32.082461603262686,-81.0969421493684
32.082458873010886,-81.09693204781038
32.08245614275821,-81.09692194625266
32.08245341250464,-81.0969118446952
32.08245052929288,-81.09690117721766
32.08244779903751,-81.09689107566088
32.082445068781254,-81.09688097410437
32.0824424,-81.0968711
32.08243923241068,-81.09686188867211
32.08243585566992,-81.0968520691361
32.08243247892831,-81.09684224960058
32.08242925600499,-81.09683287737003
32.0824258792617,-81.09682305783535
32.08242279776387,-81.09681409687396
32.08241927959175,-81.09680386607155
32.082415902845945,-81.0967940465382
32.082412821345784,-81.09678508557796
32.08240944459836,-81.0967752660455
32.08240622166925,-81.09676589381716
32.08240284492015,-81.09675607428555
32.08239976341697,-81.0967471133268
32.08239624523859,-81.09673688252703
32.08239286848697,-81.09672706299673
32.08238978698146,-81.09671810203912
32.08238626880037,-81.09670787124048
32.08238326594686,-81.09669887960793
32.08237976484077,-81.09668810645478
32.08237654703888,-81.09667820505209
32.08237320098594,-81.09666790901515
32.08236998318229,-81.09665800761327
32.08236676537776,-81.0966481062118
32.082363419322014,-81.09663781017589
32.08235991821019,-81.09662703702568
32.082356700402975,-81.09661713562552
32.08235335434434,-81.09660683959072
32.082350136535354,-81.09659693819135
32.08234691872551,-81.09658703679243
32.08234370091481,-81.09657713539394
32.08234007154649,-81.09656596761135
32.08233685373397,-81.09655606621374
32.08233363592058,-81.09654616481654
32.08233028702405,-81.0965358623189
32.08233896205439,-81.09653284989083
32.08234792280019,-81.09652969460492
32.08235596528235,-81.09652686266033
32.08236492602784,-81.09652370737328
32.0823738867732,-81.09652055208565
32.082381929254986,-81.09651772013952
32.08239089000005,-81.09651456485075
32.08239985074496,-81.0965114095614
32.08240812535115,-81.09650849587709
32.082417086095774,-81.0965053405866
32.082425128576915,-81.09650250863788
32.082434089321254,-81.09649935334626
32.08244305006544,-81.09649619805406
32.08245109254618,-81.0964933661038
32.08246005494487,-81.09649020465723
32.08246896570618,-81.09648687226324
32.082476967708395,-81.09648387972106
32.08248587846938,-81.09648054732591
32.082495033207124,-81.09647712368901
32.0825030352089,-81.09647413114519
32.0825119459694,-81.09647079874824
32.0825199479709,-81.09646780620335
32.082529102707994,-81.09646438256402
32.08253801346799,-81.09646105016525
32.082546015469056,-81.09645805761873
32.082554926228745,-81.09645472521879
32.08256292822953,-81.09645173267123
32.0825720829658,-81.09644830902882
32.082580993724996,-81.09644497662705
32.08258899572534,-81.09644198407784
32.0825979064842,-81.09643865167492
32.08260615246117,-81.09643556788332
32.082615063219734,-81.09643223547918
32.08262397397814,-81.09642890307443
32.08263197597773,-81.09642591052254
32.082640886735824,-81.0964225781166
32.08265014774597,-81.0964243825805
32.082658221619056,-81.09642707387037
32.082667221619204,-81.09643007386974
32.08267622161922,-81.09643307386966
32.08268500000063,-81.09643599999731
32.08269400000039,-81.09643899999838
32.082702999999995,-81.096442
32.082711980117075,-81.09643891926684
32.082720038140806,-81.09643615486796
32.082729018257616,-81.0964330741337
32.08273707628111,-81.09643030973383
32.08274605639763,-81.09642722899846
32.08275411442088,-81.09642446459759
32.08276309453714,-81.09642138386113
32.08277207465326,-81.0964183031241
32.082779905583465,-81.0964156166286
32.082788885699316,-81.09641253589047
32.082796943721945,-81.09640977148712
32.082805923837526,-81.09640669074787
32.08281398185991,-81.09640392634353
32.082822961975225,-81.09640084560318
32.08283101999737,-81.09639808119785
32.0828400001124,-81.0963950004564
32.082848980227304,-81.09639191971436
32.08285703824907,-81.09638915530752
32.08286601836369,-81.09638607456439
32.08287407638522,-81.09638331015655
32.08288305649957,-81.0963802294123
32.08289111452085,-81.09637746500347
32.08290009463494,-81.09637438425814
32.08290907474886,-81.09637130351221
32.08291690567714,-81.096368617009
32.08292587342659,-81.09636553433548
