21.405319079441075,-157.7557069841924
21.405319612896367,-157.755710077028
21.405318045712654,-157.75570099090382
21.405316311770683,-157.75569093796216
21.405314611010493,-157.75568107740332
21.40531304382515,-157.75567199127943
21.405311343063836,-157.75566213072096
21.40530977587743,-157.75565304459724
21.405308041932493,-157.75564299165603
21.405306507927524,-157.7556340979155
21.405304773981417,-157.75562404497455
21.40530320679287,-157.75561495885108
21.405301506028152,-157.7556050982936
21.405299938838542,-157.7555960121703
21.405298238072692,-157.75558615161307
21.405296504123623,-157.75557609867263
21.405294936932385,-157.75556701254962
21.405293236164812,-157.75555715199292
21.405291668972513,-157.75554806587004
21.405289968203814,-157.75553820531366
21.405288401010452,-157.75552911919095
21.405286667057847,-157.75551906625108
21.405285693702446,-157.75550997061555
21.40528652659584,-157.75549995458437
21.405287269076453,-157.75549102581363
21.40528801947095,-157.75548200186793
21.40528885236267,-157.75547198583655
21.405289602756135,-157.7554629618908
21.40529034523479,-157.75545403311972
21.40529117812483,-157.75544401708822
21.40529192851678,-157.75543499314233
21.405292761405683,-157.75542497711078
21.405293511796604,-157.75541595316486
21.40529425427277,-157.7554070243933
21.405295087159992,-157.75539700836157
21.405295837549403,-157.7553879844156
21.405296587938327,-157.75537896046953
21.40529783538583,-157.7553689543901
21.405299986804582,-157.75535999634394
21.40530236340452,-157.75535010068896
21.405304577213577,-157.755340882858
21.405306953812325,-157.75533098720274
21.40530910522894,-157.75532202915593
21.405311481826544,-157.75531213350018
21.405313695633343,-157.75530291566886
21.40531607222976,-157.75529302001277
21.405318223644244,-157.75528406196528
21.405320662630647,-157.75527390652482
21.405322814044048,-157.75526494847708
21.405325190638116,-157.75525505282025
21.40532734205047,-157.75524609477216
21.405329781034418,-157.7552359393311
21.405331932445694,-157.75522698128268
21.405332926720305,-157.7552169919299
21.405333881779733,-157.7552069869807
21.40533474237303,-157.7551979716282
21.405335697431305,-157.75518796667893
21.405336558023574,-157.75517895132634
21.405337513080713,-157.75516894637693
21.405338457734057,-157.75515905040893
21.405339318324764,-157.75515003505618
21.405340273380173,-157.75514003010656
21.40534113396984,-157.7551310147537
21.405342089024117,-157.75512100980396
21.40534304407778,-157.75511100485411
21.405343904665884,-157.75510198950118
21.405344859718408,-157.75509198455126
21.40534572030548,-157.75508296919818
21.40534667535686,-157.7550729642482
21.40534763040765,-157.7550629592981
21.40534849099315,-157.75505394394492
21.405349435639746,-157.75504404797542
21.405350296224224,-157.7550350326221
21.40535125127274,-157.7550250276717
21.40535220632065,-157.7550150227213
21.40535306690356,-157.75500600736783
21.405354021950327,-157.75499600241733
21.405354976996495,-157.75498599746672
21.405355837577833,-157.7549769821131
21.40535679262286,-157.75496697716244
21.405357653203165,-157.75495796180874
21.405358608247056,-157.75494795685793
21.405359563290336,-157.7549379519071
21.405360413466177,-157.7549290455332
21.405361368508334,-157.75491904058217
21.405362229086045,-157.7549100252282
21.405363184127058,-157.75490002027706
21.405364139167478,-157.75489001532583
21.405364999743615,-157.7548809999718
21.40536595478289,-157.75487099502047
21.405366815358008,-157.7548619796663
21.405367770396133,-157.75485197471488
21.405368725433668,-157.7548419697634
21.405369586007204,-157.75483295440907
21.405370541043595,-157.7548229494575
21.405371485676632,-157.75481305348504
21.405372346248612,-157.75480403813052
21.405373301283273,-157.7547940331787
21.405374161854223,-157.75478501782413
21.405375116887736,-157.75477501287222
21.405376071920656,-157.7547650079202
21.405376932490032,-157.7547559925655
21.405377887521805,-157.75474598761343
21.405378748090154,-157.75473697225863
21.4053797,-157.754727
21.40537094798848,-157.75472531091037
21.40536206741543,-157.75472359700933
21.405353024786596,-157.7547218518326
21.405343982157735,-157.7547201066561
21.405335908252983,-157.75471854843812
21.405327027679796,-157.75471683453787
21.405317985050832,-157.75471508936195
21.405308942421833,-157.75471334418629
21.40530006184854,-157.75471163028666
21.405291987943635,-157.7547100720696
21.405282945314532,-157.75470832689453
21.40527406474114,-157.7547066129955
21.40526502211196,-157.75470486782083
21.405255979482746,-157.75470312264642
21.405247905577703,-157.75470156443026
21.405239025004175,-157.75469985053203
21.405229982374852,-157.75469810535822
21.4052209397455,-157.75469636018462
21.40521205917187,-157.75469464628702
21.405203016542448,-157.75469290111386
21.40519494263721,-157.75469134289878
21.40518606206348,-157.75468962900177
21.405177019433953,-157.7546878838292
21.405167976804396,-157.75468613865687
21.405158934174807,-157.75468439348472
21.405151022325168,-157.75468286654635
21.405141979695514,-157.75468112137463
21.40513293706581,-157.75467937620306
21.40512405649184,-157.75467766230753
21.40511501386207,-157.7546759171364
21.40510693995653,-157.75467435892318
21.405098059382446,-157.75467264502822
21.405089016752584,-157.75467089985773
21.405079974122682,-157.7546691546874
21.405070865659983,-157.7546664492455
21.40506280057073,-157.75466366691006
21.405053828996625,-157.75466057185125
21.405044857422396,-157.75465747679277
21.40503588584807,-157.7546543817347
21.405027820758434,-157.75465159940052
21.4050188491839,-157.75464850434312
21.405009877609256,-157.75464540928607
21.405000906034502,-157.7546423142294
21.404992840944487,-157.7546395318965
21.404983869369534,-157.75463643684049
21.404974897794467,-157.75463334178485
21.40496592621929,-157.7546302467296
21.404956954644007,-157.7546271516747
21.404948889553516,-157.75462436934336
21.404939980376792,-157.75462105834555
21.40493201133461,-157.75461796629884
21.404922860222182,-157.75461441560068
21.404914891179768,-157.75461132355466
21.404906037570832,-157.75460788829085
21.40489806852819,-157.75460479624547
21.40488980198169,-157.75460158876686
21.404880948372373,-157.7545981535042
21.404872979329394,-157.7545950614598
21.404864125719833,-157.75459162619785
21.40485585917285,-157.75458841872063
21.40484700556303,-157.75458498345947
21.4048390365196,-157.75458189141645
21.404831088209903,-157.75457876389896
21.404822049328878,-157.7545748679672
21.404813010447693,-157.7545709720359
21.40480483286801,-157.75456744734254
21.404796115778105,-157.7545636901104
21.404787938198144,-157.75456016541776
21.404778899316323,-157.75455626948815
21.404771043527685,-157.75455288349457
21.40476200464556,-157.75454898756578
21.40475382706503,-157.75454546287472
21.404745109974186,-157.754541705645
21.40473693239338,-157.75453818095468
21.40472789351061,-157.7545342850276
21.40472008020134,-157.75453082104198
21.404710954009623,-157.75452610262104
21.404703003550495,-157.75452199207757
21.404695053091185,-157.7545178815345
21.40468710263169,-157.75451377099182
21.404677976439118,-157.7545090525728
21.404670025979218,-157.754504942031
21.40466207551916,-157.7545008314896
21.404653761208028,-157.75449653283073
21.404644998865482,-157.75449200253152
21.404637048404844,-157.7544878919914
21.404629097944017,-157.7544837814517
21.404620783632115,-157.75447948279458
21.404612029503024,-157.75447493871152
21.40460498674105,-157.75447102754364
21.4045967750828,-157.75446646723478
21.404588943261203,-157.7544621178671
21.404581111439402,-157.75445776849983
21.404572899780526,-157.7544532081923
21.404565067958302,-157.7544488588259
21.40455802519526,-157.7544449476603
21.40454981353576,-157.75444038735404
21.40454198171295,-157.75443603798885
21.40453414988994,-157.75443168862407
21.404525938229813,-157.75442712831918
21.404518895465866,-157.75442321715548
21.404511063642254,-157.7544188677919
21.404502953315934,-157.75441408581435
21.404494961756853,-157.75440907029832
21.404487715674477,-157.7544045226453
21.404480129663625,-157.7543997616532
21.40447288358082,-157.75439521400097
21.404464892020762,-157.75439019848676
21.40445690046044,-157.754385182973
21.40445005992572,-157.75438088984492
21.4044420683649,-157.75437587433208
21.404434076803824,-157.7543708588197
21.404426830719686,-157.75436631117
21.404419244706897,-157.7543615501813
21.404411730994905,-157.75435642087595
21.40440480117043,-157.7543513110818
21.40439675725112,-157.7543453797964
21.404389827426076,-157.75434027000313
21.404382463182202,-157.75433483988638
21.40437553335664,-157.75432973009393
21.404368603530788,-157.7543246203019
21.404360559609913,-157.75431868901902
21.404353629783497,-157.75431357922784
21.404346265538244,-157.75430814911337
21.404338656035,-157.7543025381557
21.404331726207772,-157.75429742836585
21.404323682285288,-157.75429149708543
21.404316752457486,-157.75428638729645
21.404309822629425,-157.75428127750786
21.404301778706,-157.75427534622898
21.40429484887737,-157.75427023644127
21.404287919048482,-157.75426512665396
21.404280309542788,-157.7542595157
21.404272945294643,-157.75425408559013
21.40426601546492,-157.7542489758041
21.404259085634948,-157.7542438660185
21.404251041709294,-157.75423793474306
21.404244111878764,-157.75423282495834
21.40423718204796,-157.754227715174
21.40422981779813,-157.75422228506685
21.404222887966796,-157.75421717528334
21.40421527845837,-157.75421156433356
21.40420791420768,-157.7542061342278
21.404200984375507,-157.75420102444554
21.404194054543087,-157.75419591466374
21.404186690291557,-157.7541904845593
21.404179080781624,-157.75418487361182
21.404172175230684,-157.754179777496
21.404165340405413,-157.7541735677608
21.40415804651058,-157.7541669409419
21.404151211684567,-157.7541607312077
21.404144376858163,-157.75415452147388
21.404138124947334,-157.75414884134466
21.404130831050992,-157.75414221452772
21.40412399622351,-157.7541360047953
21.40411716139567,-157.75412979506333
21.404109867498157,-157.7541231682479
21.40410303266956,-157.75411695851693
21.404096197840598,-157.75411074878636
21.404089363011266,-157.75410453905624
21.404082069112203,-157.75409791224286
21.404075234282118,-157.75409170251368
21.404068399451663,-157.75408549278498
21.40406156462083,-157.75407928305674
21.40405427072022,-157.7540726562453
21.404047435888643,-157.75406644651804
21.404041183973195,-157.75406076639482
21.40403434914091,-157.75405455666836
21.404027055238792,-157.75404792985898
21.404020220405773,-157.7540417201335
21.404013385572377,-157.75403551040844
21.404006550738618,-157.75402930068387
21.40399925683493,-157.75402267387648
21.403992422000425,-157.75401646415287
21.403985587165533,-157.75401025442966
21.403978752330296,-157.75400404470696
21.403971458425055,-157.75399741790156
21.40396462358906,-157.7539912081798
21.40395778875268,-157.75398499845846
21.40395095391596,-157.7539787887376
21.403944242926194,-157.7539726915374
21.403937408088744,-157.75396648181746
21.403930114181232,-157.75395985501507
21.403923279343008,-157.75395364529606
21.40391598543472,-157.75394701849473
21.403909150595748,-157.75394080877666
21.40390273257167,-157.7539342941082
21.403895892171374,-157.75392711858612
21.40388956358519,-157.7539204799536
21.403882723184005,-157.75391330443247
21.403876859982603,-157.7539071539862
21.403870318760994,-157.7538997113648
21.40386415556946,-157.75389185913326
21.40385799237741,-157.75388400690218
21.40385095492327,-157.75387504081658
21.403844791730133,-157.75386718858653
21.40383862853648,-157.75385933635695
21.40383127496303,-157.75385359286597
21.403824033300733,-157.75384795069206
21.403817234152548,-157.75384265329347
21.403809992489656,-157.75383701112048
21.40380275082643,-157.75383136894794
21.403795951677388,-157.75382607155063
21.403788054788286,-157.75381991887573
21.403781255638634,-157.75381462147928
21.403774013974182,-157.7538089793086
21.403767214823972,-157.75380368191298
21.403759973158923,-157.7537980397432
21.403752731493594,-157.75379239757393
21.403745932342492,-157.75378710017958
21.40373803545102,-157.75378094750815
21.403731236299308,-157.75377565011468
21.40372399463275,-157.75377000794722
21.403717195480464,-157.7537647105546
21.4037090515844,-157.75375891337848
21.40370197089489,-157.75375404887387
21.403694180544647,-157.75374869682585
21.40368596758083,-157.7537430544389
21.403678886890553,-157.75373818993563
21.40367109653944,-157.75373283788906
21.403663306188008,-157.753727485843
21.40365580288368,-157.75372233100165
21.403648012531683,-157.75371697895656
21.403640931840123,-157.75371211445542
21.40363314148757,-157.75370676241124
21.403624928521392,-157.75370112002832
21.40361784782905,-157.7536962555285
21.40361005747563,-157.75369090348576
21.403602267121904,-157.7536855514435
21.403594763815438,-157.7536803966059
21.40358697346114,-157.75367504456457
21.40357918310656,-157.75366969252374
21.40357210241269,-157.75366482802656
21.40356388944412,-157.75365918564768
21.40355680874973,-157.75365432115134
21.403549018394017,-157.75364896911242
21.403541228037998,-157.75364361707395
21.40353372472938,-157.75363846224005
21.403525934372794,-157.75363311020254
21.40351814401591,-157.75362775816555
21.403511063319975,-157.7536228936718
21.40350285034903,-157.75361725129696
21.403495059991297,-157.7536118992614
21.403487979294567,-157.75360703476898
21.403480188936257,-157.75360168273434
21.40347268562551,-157.75359652790416
21.40346489526663,-157.75359117587047
21.40345710490745,-157.75358582383726
21.403450024209437,-157.75358095934698
21.403441887235893,-157.75357518110982
21.403433778086494,-157.75356935641403
21.403426099158814,-157.7535638407416
21.40341799000876,-157.7535580160469
21.4034110020577,-157.75355299669513
21.403402892907007,-157.75354717200145
21.403394783756003,-157.75354134730833
21.403387101967557,-157.75353583154373
21.40338005436463,-157.7535309101865
21.40337187839906,-157.75352520089177
21.403364127899934,-157.75351978870194
21.4033570802962,-157.753514867346
21.403348904329718,-157.75350915805285
21.403341856725465,-157.7535042366978
21.40333410622518,-157.75349882450985
21.40332705862041,-157.7534939031557
21.403318882652734,-157.7534881938645
21.40331183504744,-157.75348327251118
21.40330408454599,-157.75347786032512
21.40329590857738,-157.75347215103548
21.40328886097131,-157.75346722968348
21.40328111046897,-157.75346181749885
21.403274062862362,-157.7534568961477
21.403265886892573,-157.75345118686008
21.40325883928545,-157.7534462655098
21.403251088781946,-157.75344085332705
21.40324291281123,-157.75343514404094
21.403235865203317,-157.753430222692
21.40322811469892,-157.7534248105107
21.403221067090502,-157.7534198891626
21.403212891118574,-157.7534141798785
21.40320584350962,-157.75340925853126
21.403198093004068,-157.7534038463518
21.40318991703124,-157.75339813706927
21.40318286942148,-157.75339321572335
21.40317511891505,-157.75338780354537
21.403168071304798,-157.75338288220033
21.403159895330756,-157.75337717291973
21.403152847719973,-157.75337225157557
21.40314509721236,-157.75336683939946
21.40313692123743,-157.75336113012042
21.403129873625836,-157.75335620877755
21.403122123117345,-157.7533507966029
21.403115075505248,-157.7533458752609
21.40310689952911,-157.75334016598384
21.403099851916476,-157.7533352446427
21.40309210140683,-157.75332983246992
21.40308392542977,-157.75332412319443
21.40307687781635,-157.75331920185462
21.403069127305805,-157.75331378968326
21.40306207969189,-157.75330886834428
21.40305390371362,-157.7533031590708
21.403046856099163,-157.7532982377327
21.403039105587478,-157.75329282556325
21.403032039642774,-157.7532879326671
21.403023801457724,-157.75328233722246
21.403015983846803,-157.75327702743607
21.403008166235615,-157.75327171765014
21.40299992804965,-157.75326612220712
21.40299282478029,-157.7532612976093
21.40298500716824,-157.75325598782482
21.402977189555898,-157.7532506780408
21.402968951368734,-157.75324508259982
21.402961848098357,-157.75324025800373
21.402954030485166,-157.75323494822118
21.402946212871665,-157.7532296384391
21.402937974683333,-157.75322404300016
21.402930811385954,-157.75321936124203
21.402922739380493,-157.75321449915012
21.402915064580895,-157.7532098763118
21.402906992574945,-157.7532050142208
21.402900078521835,-157.75320084961146
21.402892006515433,-157.75319598752137
21.40288393450877,-157.75319112543173
21.402877020455062,-157.75318696082354
21.402868948447967,-157.75318209873478
21.402860876440602,-157.7531772366465
21.402852804433003,-157.7531723745587
21.402845129631345,-157.75316775172422
21.402837057623266,-157.7531628896373
21.40282898561495,-157.75315802755094
21.402820913606366,-157.753153165465
21.402812841597548,-157.7531483033795
21.402805166794707,-157.75314368054725
21.402797094785406,-157.75313881846273
21.40278978352316,-157.7531344146062
21.402781711513413,-157.75312955252255
21.40277403670966,-157.75312492969204
21.4027659646994,-157.7531200676093
21.402757892688914,-157.75311520552708
21.40274982067817,-157.7531103434453
21.40274208738052,-157.75310581930924
21.40273388289289,-157.7531012421612
21.402726059249435,-157.7530968774804
21.40271823560578,-157.75309251279998
21.402710031117515,-157.75308793565333
21.402702207473443,-157.75308357097376
21.402694002984756,-157.75307899382796
21.40268617934025,-157.75307462914927
21.402677974851134,-157.75307005200438
21.402670151206216,-157.75306568732654
21.402662327561096,-157.7530613226491
21.402654123071333,-157.75305674550557
21.402645511892306,-157.75305194147768
21.402637307402095,-157.7530473643351
21.402629483756115,-157.7530429996594
21.402621279265478,-157.75303842251773
21.40261345561909,-157.75303405784288
21.40260525112801,-157.75302948070205
21.402597427481197,-157.75302511602808
21.402589603834176,-157.75302075135454
21.402581399342466,-157.75301617421505
21.402573575695033,-157.75301180954236
21.402565371202883,-157.75300723240377
21.402557166710526,-157.75300265526568
21.40254934306246,-157.75299829059426
21.40254113856968,-157.75299371345707
21.4025333149212,-157.7529893487865
21.402525110427984,-157.7529847716502
21.402517286779084,-157.75298040698047
21.402509082285437,-157.75297582984507
21.402501258636125,-157.75297146517622
21.402492266608114,-157.75296644869124
21.402484442958354,-157.75296208402327
21.402476238463837,-157.75295750688971
21.40246841481365,-157.7529531422226
21.40246021031871,-157.75294856508992
21.40245200582354,-157.75294398795774
21.402444182172733,-157.75293962329192
21.40243597767714,-157.75293504616062
21.402428154025905,-157.75293068149566
21.402419949529882,-157.75292610436526
21.402412125878246,-157.75292173970115
21.40240392138178,-157.75291716257163
21.402396097729724,-157.75291279790838
21.40238789323283,-157.7529082207798
21.40237928204611,-157.75290341676748
21.40237107754878,-157.7528988396398
21.402363253895857,-157.75289447497832
21.402355049398096,-157.75288989785153
21.40234722574476,-157.7528855331909
21.402339019640376,-157.75288095732975
21.402331111344427,-157.75287675809562
21.40232283316674,-157.75287236245816
21.40231412127412,-157.75286773652257
21.402306212977567,-157.7528635372897
21.40229793479928,-157.7528591416536
21.402290026502353,-157.7528549424216
21.402280944727284,-157.75285012008428
21.40227303642994,-157.75284592085313
21.402265128132402,-157.75284172162242
21.40225684995311,-157.75283732598854
21.402248138058724,-157.7528327000567
21.402240229760586,-157.75282850082726
21.402231951580674,-157.75282410519475
21.402224043282164,-157.75281990596616
21.40221576510185,-157.75281551033453
21.402207053206364,-157.75281088440502
21.402199144907247,-157.75280668517772
21.402190866726325,-157.75280228954745
21.402182958426827,-157.75279809032097
21.402175071632712,-157.75279384652208
21.402166813302205,-157.75278940001263
21.40215892796739,-157.75278515433473
21.40215104263238,-157.75278090865726
21.40214315729718,-157.75277666298018
21.402134898965855,-157.7527722164725
21.402127013630256,-157.75276797079627
21.402119128294466,-157.75276372512045
21.402111242958473,-157.75275947944505
21.402102984626342,-157.75275503293912
21.40209509928996,-157.75275078726455
21.402087213953386,-157.75274654159037
21.402079754789785,-157.75274252537952
21.402071869452826,-157.75273827970616
21.40206398411568,-157.75273403403324
21.40205609877835,-157.75272978836068
21.402047840444826,-157.7527253418578
21.402039955107092,-157.75272109618612
21.40203206976916,-157.75271685051482
21.40202418443104,-157.75271260484396
21.402015926096723,-157.7527081583428
21.402008040758194,-157.75270391267276
21.402000155419486,-157.75269966700318
21.40199227008057,-157.75269542133395
21.401984011745462,-157.75269097483456
21.40197612640616,-157.7526867291662
21.40196904023608,-157.75268291379143
21.40196110160792,-157.7526787634962
21.40195191054614,-157.7526742082139
21.40194389813718,-157.75267023709713
21.40193588572807,-157.75266626598074
21.401927873318776,-157.75266229486473
21.401919036460068,-157.7526579151351
21.401911024050424,-157.75265394401995
21.40190301164059,-157.7526499729052
21.401894999230617,-157.75264600179085
21.401886162371127,-157.752641622063
21.401878149960766,-157.75263765094948
21.401870137550247,-157.75263367983635
21.401861770935653,-157.752629533173
21.40185293407538,-157.75262515344696
21.401844921664324,-157.7526211823351
21.4018369092531,-157.75261721122362
21.401828896841707,-157.75261324011254
21.401819994418386,-157.75260901372653
21.401811909983937,-157.75260522137054
21.401803825549376,-157.752601429015
21.401794901306207,-157.75259724271118
21.40178715836312,-157.75259361054796
21.40177907392806,-157.75258981819357
21.401770149684356,-157.7525856318911
21.401762065248967,-157.7525818395375
21.401753980813425,-157.7525780471843
21.401745056569183,-157.75257386088313
21.4017369721333,-157.75257006853073
21.401728887697278,-157.75256627617873
21.401719963452496,-157.7525620898789
21.401711879016133,-157.7525582975277
21.401704136071494,-157.75255466536828
21.40169605163484,-157.75255087301784
21.401687127389337,-157.7525466867197
21.40167904295235,-157.7525428943701
21.401670958515204,-157.75253910202088
21.40166203426917,-157.75253491572408
21.401653949831697,-157.75253112337566
21.401645989481544,-157.75252702354686
21.40163803398657,-157.75252292391693
21.401630078491422,-157.75251882428736
21.40162175988035,-157.75251453753728
21.40161380438483,-157.75251043790854
21.40160503601002,-157.75250591938715
21.40159708051411,-157.7525018197593
21.40158912501803,-157.7524977201318
21.40158116952176,-157.75249362050477
21.401572850909552,-157.7524893337573
21.40156489541292,-157.75248523413106
21.401556939916095,-157.7524811345052
21.4015489844191,-157.75247703487977
21.401541028921915,-157.75247293525473
21.40153307342455,-157.75246883563014
21.401525117927005,-157.75246473600592
21.401516799313498,-157.75246044926143
21.40150884381558,-157.75245634963804
21.40150088831749,-157.75245225001504
21.401492119939814,-157.75244773149996
21.40148416444134,-157.7524436318778
21.40147620894268,-157.7524395322561
21.40146789032802,-157.75243524551425
21.401459934829,-157.75243114589333
21.40145197932979,-157.7524270462728
21.401444023830397,-157.75242294665273
21.401436068330828,-157.75241884703303
21.401428112831077,-157.75241474741375
21.401419794215297,-157.75241046067444
21.401411838715177,-157.75240636105596
21.40140388321487,-157.7524022614379
21.40139592771439,-157.75239816182025
21.401387159334064,-157.75239364331105
21.401379203833187,-157.75238954369425
21.401370885216274,-157.75238525695755
21.40136292971504,-157.75238115734157
21.401354974213618,-157.752377057726
21.401347022320074,-157.75237295527705
21.40133886952369,-157.75236826143663
21.401331104407603,-157.75236379079746
21.401322951610787,-157.75235909695797
21.401315186494248,-157.75235462631963
21.401307033696977,-157.75234993248105
21.40129888089946,-157.75234523864293
21.40129111578228,-157.75234076800592
21.40128296298431,-157.7523360741687
21.401275197866685,-157.75233160353253
21.401267045068273,-157.75232690969625
21.401259279950203,-157.75232243906092
21.401251903950865,-157.75231819245465
21.401243751151796,-157.75231349861969
21.401235986033097,-157.75230902798563
21.401227833233584,-157.75230433415157
21.401220068114437,-157.7522998635184
21.40121191531448,-157.75229516968525
21.401203762514278,-157.7522904758526
21.401195997394474,-157.7522860052207
21.40118784459385,-157.75228131138894
21.401180079473605,-157.75227684075793
21.40117192667251,-157.75227214692706
21.401164161551826,-157.7522676762969
21.40115600875029,-157.75226298246696
21.401147855948516,-157.75225828863748
21.401140090827173,-157.75225381800863
21.40113193802496,-157.75224912418008
21.401124172903167,-157.75224465355205
21.401116020100503,-157.75223995972442
21.401107867297608,-157.7522352658972
21.40110010217516,-157.75223079527052
21.401091949371818,-157.75222610144425
21.401084184248933,-157.7522216308184
21.401076031445132,-157.75221693699305
21.401067878641094,-157.75221224316815
21.401060113517563,-157.7522077725436
21.401051960713097,-157.75220307871965
21.40104419558911,-157.75219860809594
21.401036042784185,-157.75219391427285
21.401028277659773,-157.75218944365005
21.40102012485438,-157.7521847498279
21.401012748849013,-157.75218050323403
21.401004983723958,-157.75217603261248
21.400996830917936,-157.75217133879164
21.40098906579243,-157.75216686817095
21.40097997221717,-157.75216206092034
21.40097204901567,-157.75215789252172
21.40096412581397,-157.7521537241235
21.4009562026121,-157.75214955572568
21.400947911605243,-157.75214519382615
21.400939988402975,-157.75214102542918
21.40093206520054,-157.7521368570326
21.40092377419309,-157.7521324951344
21.400915850990263,-157.75212832673864
21.400907121289272,-157.75212373404494
21.400899198086044,-157.75211956565008
21.40089090707781,-157.75211520375362
21.400882983874208,-157.75211103535958
21.400875060670415,-157.75210686696593
21.400867137466438,-157.7521026985727
21.400858846457417,-157.752098336678
21.400850923253056,-157.75209416828562
21.400842193550368,-157.75208957559556
21.40083390254075,-157.75208521370223
21.4008259793358,-157.7520810453111
21.400818060147486,-157.7520768774383
21.4008098792739,-157.75207224600197
21.400802082451765,-157.75206783198914
21.400793901577746,-157.75206320055372
21.400786104755188,-157.75205878654177
21.40077792388072,-157.75205415510723
21.40077012705774,-157.75204974109613
21.40076194618285,-157.7520451096625
21.400753765307723,-157.75204047822936
21.400745968484106,-157.75203606421954
21.400737787608538,-157.75203143278728
21.40072999078448,-157.75202701877834
21.400721809908497,-157.75202238734698
21.400714013084002,-157.75201797333892
21.400705832207574,-157.75201334190845
21.40069803538265,-157.75200892790122
21.40068985450578,-157.75200429647168
21.4006816736287,-157.7519996650426
21.400673876803125,-157.75199525103667
21.400664913348255,-157.75199017656917
21.40065711652224,-157.75198576256412
21.400648935644252,-157.7519811311369
21.400641138817818,-157.75197671713272
21.40063295793937,-157.7519720857064
21.400625161112515,-157.75196767170308
21.40061698023364,-157.75196304027767
21.40060879935455,-157.75195840885272
21.40060100252705,-157.75195399485068
21.40059282164751,-157.75194936342663
21.400585024819577,-157.75194494942545
21.4005768439396,-157.7519403180023
21.40056904711125,-157.751935904002
21.400560866230833,-157.75193127257978
21.400553069402044,-157.75192685858033
21.400544888521193,-157.75192222715899
21.400536707640125,-157.75191759573812
21.4005289108107,-157.75191318173995
21.40052072992918,-157.75190855032
21.400512933099325,-157.7519041363227
21.400504752217376,-157.75189950490363
21.400496955387087,-157.7518950909072
21.400488774504705,-157.75189045948903
21.400480977673993,-157.75188604549345
21.400472796791156,-157.7518814140762
21.400464999960025,-157.75187700008144
21.40045681907676,-157.75187236866512
21.400449022245198,-157.75186795467124
21.40044084136149,-157.7518633232558
21.400433044529496,-157.75185890926278
21.400424863645355,-157.75185427784825
21.40041706681293,-157.7518498638561
21.400408885928346,-157.75184523244243
21.400401089095507,-157.75184081845114
21.400392908210474,-157.7518361870384
21.4003851113772,-157.751831773048
21.40037693049175,-157.75182714163617
21.40036913365805,-157.75182272764658
21.400360952772143,-157.75181809623564
21.400353155938024,-157.75181368224693
21.400344975051688,-157.7518090508369
21.400337178217125,-157.75180463684902
21.400328997330345,-157.75180000543992
21.40032120049537,-157.7517955914529
21.40031301960815,-157.7517909600447
21.400305222772744,-157.75178654605855
21.400297041885075,-157.75178191465122
21.40028924504926,-157.75177750066592
21.40028106416116,-157.75177286925953
21.4002732673249,-157.75176845527508
21.400265086436374,-157.7517638238696
21.400257289599676,-157.751759409886
21.400249891289295,-157.75175522151858
21.400241876324017,-157.7517502279253
21.400233879416863,-157.75174522222548
21.400225882509435,-157.75174021652612
21.400218290644098,-157.75173546436523
21.400211040198176,-157.75173092591785
21.40020304329,-157.75172592021985
21.400195046381562,-157.75172091452234
21.40018704947287,-157.75171590882528
21.400179799026052,-157.75171137037958
21.40017180211687,-157.75170636468349
21.400164061121018,-157.7517018770819
21.400155902091672,-157.7516971968996
21.40014812995705,-157.75169273864844
21.400139970927253,-157.75168805846707
21.400132198792196,-157.75168360021678
21.400124039761952,-157.7516789200363
21.40011626762646,-157.75167446178685
21.40010888666524,-157.7516702279231
21.40010072763435,-157.751665547744
21.400092955498224,-157.7516610894958
21.400084796466867,-157.75165640931758
21.400077024330308,-157.75165195107027
21.400068865298508,-157.75164727089293
21.400061093161515,-157.75164281264648
21.40005293412928,-157.75163813247008
21.400045161991837,-157.75163367422448
21.400037002959152,-157.75162899404896
21.400029230821275,-157.7516245358042
21.400021071788142,-157.75161985562963
21.40001291275477,-157.7516151754555
21.40000591868605,-157.75161116352737
21.39999775965227,-157.7516064833541
21.399989987513308,-157.75160202511148
21.39998182847909,-157.75159734493917
21.399974056339715,-157.75159288669738
21.399965897305027,-157.75158820652592
21.399958125165217,-157.75158374828504
21.39994996613008,-157.7515790681145
21.399942193989837,-157.75157460987447
21.399934034954246,-157.7515699297048
21.39992587591846,-157.75156524953567
21.399918103777555,-157.75156079129692
21.399909944741292,-157.75155611112868
21.39990295067007,-157.75155209920555
21.399894791633386,-157.75154741903816
21.399887019491633,-157.75154296080112
21.399878860454514,-157.75153828063466
21.399871088312317,-157.75153382239844
21.39986292927475,-157.75152914223287
21.39985515713212,-157.75152468399753
21.399846998094112,-157.75152000383287
21.399838839055867,-157.7515153236687
21.399831066912576,-157.75151086543465
21.399822907873887,-157.75150618527135
21.39981513573016,-157.75150172703817
21.39980697669102,-157.7514970468758
21.399799982617292,-157.75149303495772
21.39979182357772,-157.7514883547962
21.399784051433155,-157.7514838965647
21.399775892393137,-157.7514792164041
21.39976812024815,-157.75147475817346
21.399759961207693,-157.7514700780138
21.399751802166993,-157.75146539785456
21.39974403002134,-157.75146093962522
21.399735870980194,-157.7514562594669
21.399728098834107,-157.7514518012384
21.399719939792522,-157.75144712108101
21.399712167645987,-157.75144266285338
21.399704008603965,-157.7514379826969
21.39969701452772,-157.7514339707838
21.399688855485277,-157.7514292906282
21.39968069644259,-157.75142461047304
21.39967292429499,-157.75142015224753
21.399664765251867,-157.75141547209327
21.39965699310382,-157.75141101386865
21.39964883406025,-157.7514063337153
21.39964106191178,-157.75140187549152
21.399632902867758,-157.75139719533908
21.399625130718857,-157.75139273711616
21.399616971674373,-157.75138805696463
21.399609199525038,-157.75138359874256
21.399601040480107,-157.75137891859194
21.399593659506014,-157.75137468475495
21.399585887356032,-157.75137022653414
21.39957772831046,-157.75136554638485
21.399569956160047,-157.7513610881649
21.399561797114032,-157.75135640801653
21.399554024963187,-157.75135194979745
21.399545865916725,-157.75134726964998
21.399538093765432,-157.75134281143175
21.39952993471852,-157.75133813128522
21.39952216256681,-157.75133367306785
21.399514003519435,-157.7513289929222
21.39950584447184,-157.751324312777
21.399498072319464,-157.75131985456093
21.399490691342802,-157.7513156207293
21.399482919190007,-157.75131116251404
21.399474760141548,-157.75130648237064
21.39946698798833,-157.75130202415625
21.399458828939412,-157.75129734401375
21.399451056785754,-157.75129288580024
21.399442897736392,-157.75128820565862
21.399435125582297,-157.75128374744597
21.399426966532495,-157.7512790673053
21.39941880748247,-157.75127438716507
21.39941103532772,-157.75126992895372
21.399402876277232,-157.7512652488144
21.399395104122046,-157.7512607906039
21.399387723142794,-157.75125655677758
21.399379950987193,-157.7512520985679
21.39937179193584,-157.75124741843038
21.3993640197798,-157.75124296022153
21.399355860728004,-157.75123828008492
21.399348088571536,-157.75123382187695
21.39933992951929,-157.75122914174125
21.39933177046682,-157.75122446160597
21.39932399830969,-157.7512200033993
21.399315839256765,-157.751215323265
21.399308067099206,-157.7512108650592
21.39929990804583,-157.75120618492576
21.399292135887833,-157.7512017267208
21.399284754905995,-157.75119749289982
21.39927698274759,-157.7511930346957
21.39926882369336,-157.75118835456405
21.399261051534506,-157.7511838963608
21.399252892479822,-157.75117921623004
21.399244733424894,-157.75117453609977
21.39923696126539,-157.7511700778978
21.399228802210022,-157.75116539776843
21.399221030050086,-157.7511609395673
21.39921287099428,-157.75115625943886
21.399205098833892,-157.75115180123862
21.399196939777646,-157.75114712111105
21.399189167616843,-157.7511426629117
21.399181786632425,-157.75113842909605
21.39917362757552,-157.7511337489698
21.39916585541407,-157.7511292907717
21.399157696356713,-157.75112461064637
21.399149924194823,-157.75112015244912
21.399142152032738,-157.7511156942523
21.399133992974708,-157.7511110141283
21.399126220812175,-157.75110655593235
21.3991188398262,-157.75110232211995
21.39911106766326,-157.7510978639248
21.39910290860436,-157.7510931838026
21.39909513644098,-157.7510887256083
21.39908697738163,-157.751084045487
21.39907920521782,-157.7510795872936
21.39907210581718,-157.75107570532214
21.399063020840206,-157.75107194196457
21.39905393586307,-157.75106817860745
21.399046033991866,-157.75106490534006
21.39903694901444,-157.75106114198374
21.399029047142967,-157.75105786871706
21.39901996216526,-157.75105410536156
21.399012060293533,-157.7510508320956
21.399003914848375,-157.751046168117
21.398995787541583,-157.75104141946196
21.398988051071928,-157.7510368991674
21.398979923764696,-157.7510321505133
21.39897218729459,-157.75102763021957
21.398964059986877,-157.7510228815664
21.398955932678927,-157.75101813291369
21.39894819620816,-157.75101361262128
21.398940068899755,-157.75100886396947
21.398931941591115,-157.75100411531815
21.398924976759904,-157.75100004588353
21.398916849450824,-157.75099529723306
21.398909112978952,-157.75099077694279
21.398900985669417,-157.75098602829323
21.398892858359645,-157.75098127964415
21.398885121887098,-157.75097675935518
21.39887699457686,-157.75097201070702
21.398868867266412,-157.75096726205933
21.39886113079319,-157.75096274177167
21.398853003482255,-157.7509579931249
21.39884526700859,-157.75095347283812
21.3988379113377,-157.75094917504825
21.398829784026105,-157.7509444264028
21.398822047551786,-157.75093990611728
21.39881392023973,-157.75093515747275
21.398806183764954,-157.7509306371881
21.398798056452442,-157.7509258885445
21.3987899291397,-157.75092113990135
21.39878219266424,-157.750916619618
21.398774065351038,-157.75091187097576
21.39876593803759,-157.75090712233398
21.39875897320221,-157.75090305290755
21.398750845888337,-157.75089830426666
21.398743109411782,-157.75089378398545
21.398734982097455,-157.75088903534547
21.398726854782886,-157.75088428670597
21.398719118305653,-157.75087976642604
21.398710990990622,-157.75087501778745
21.39870286367535,-157.75087026914935
21.39869512719745,-157.75086574887072
21.39868699988171,-157.7508610002335
21.39867926340337,-157.7508564799558
21.398671907728218,-157.75085218217464
21.39866378041181,-157.75084743353875
21.398656043932814,-157.7508429132623
21.398647916615953,-157.75083816462734
21.398640180136507,-157.75083364435173
21.39863205281919,-157.7508288957177
21.398623925501628,-157.7508241470841
21.39861618902151,-157.7508196268098
21.398608061703495,-157.75081487817715
21.39859993438525,-157.75081012954496
21.398592969545724,-157.7508060601267
21.398584842227038,-157.75080131149537
21.398577105745822,-157.7507967912232
21.398568978426663,-157.7507920425928
21.3985608511073,-157.75078729396287
21.398553114625404,-157.750782773692
21.398544987305556,-157.75077802506297
21.39853685998549,-157.75077327643444
21.398529123502907,-157.7507687561649
21.398520996182377,-157.75076400753724
21.398513259699364,-157.75075948726857
21.3985059040199,-157.7507551894961
21.398497776698708,-157.7507504408698
21.398490040215027,-157.75074592060238
21.398481912893367,-157.750741171977
21.39847417640924,-157.75073665171044
21.39846604908712,-157.75073190308595
21.398457921764766,-157.75072715446197
21.398450185279962,-157.7507226341967
21.398442057957144,-157.7507178855736
21.398433930634095,-157.750713136951
21.398426194148627,-157.75070861668706
21.39841883846693,-157.7507043189192
21.398411101981022,-157.75069979865606
21.398402974657078,-157.75069505003523
21.398394847332888,-157.75069030141486
21.398387110846325,-157.75068578115307
21.398378983521667,-157.7506810325336
21.3983708561968,-157.75067628391463
21.398363119709565,-157.7506717636541
21.39835499238421,-157.75066701503607
21.39834725589652,-157.75066249477644
21.39833990021278,-157.75065819701265
21.398331772886774,-157.75065344839595
21.39832403639843,-157.7506489281376
21.398315909071954,-157.75064417952177
21.398308172583164,-157.75063965926424
21.398300193100106,-157.75063556385615
21.398292224095716,-157.75063149384818
21.398285070670322,-157.7506278403811
21.398277101665595,-157.7506237703739
21.398269132660694,-157.75061970036705
21.398261163655615,-157.75061563036067
21.398254010229593,-157.75061197689502
21.39824604122417,-157.75060790688937
21.398238072218582,-157.75060383688415
21.39822989335303,-157.75059921763997
21.39822209368841,-157.75059480880523
21.398213910295357,-157.7505901830649
21.398206110630323,-157.750585774231
21.39819792723683,-157.7505811484916
21.398190127571358,-157.75057673965856
21.39818272727152,-157.75057255657111
21.39817492760564,-157.7505681477389
21.3981667442113,-157.75056352200124
21.39815894454501,-157.75055911316986
21.398151144878497,-157.75055470433892
21.398142961483497,-157.75055007860263
21.398135161816576,-157.75054566977252
21.39812697842114,-157.7505410440371
21.39811917875378,-157.75053663520788
21.3981109953579,-157.75053200947337
21.39810319569012,-157.750527600645
21.3980950122938,-157.7505229749114
21.398087212625594,-157.75051856608388
21.398079029228843,-157.75051394035117
21.398072012654623,-157.75050997417503
21.398063829257467,-157.7505053484432
21.39805602958843,-157.75050093961735
21.398047846190835,-157.7504963138864
21.398040046521373,-157.75049190506144
21.398031863123325,-157.7504872793314
21.398024063453438,-157.75048287050726
21.39801588005495,-157.75047824477812
21.398008080384635,-157.75047383595486
21.397999896985727,-157.75046921022664
21.397992097314972,-157.75046480140423
21.397983913915628,-157.7504601756769
21.397976114244464,-157.75045576685534
21.397968713939402,-157.75045158377893
21.397960914267838,-157.75044717495817
21.397953114596053,-157.7504427661378
21.397944931195635,-157.75043814041268
21.397937131523424,-157.75043373159323
21.397928948122562,-157.75042910586902
21.39792114844993,-157.7504246970504
21.39791296504863,-157.75042007132708
21.397905165375573,-157.75041566250934
21.397896981973847,-157.75041103678694
21.397889182300354,-157.75040662797002
21.39788099889819,-157.75040200224853
21.397873199224282,-157.75039759343247
21.39786579891671,-157.75039341036134
21.397857999242397,-157.7503890015461
21.397849815839365,-157.75038437582634
21.397842016164635,-157.75037996701198
21.397833832761165,-157.75037534129316
21.397826033086,-157.75037093247965
21.39781784968211,-157.75036630676172
21.39781005000651,-157.75036189794903
21.39780186660219,-157.75035727223204
21.397794066926153,-157.75035286342023
21.397785883521394,-157.75034823770412
21.39777808384495,-157.75034382889316
21.397769900439737,-157.75033920317793
21.397762100762872,-157.75033479436783
21.39775508418115,-157.75033082820704
21.397746900775307,-157.7503262024931
21.397739101097834,-157.75032179368426
21.397730917691547,-157.75031716797128
21.39772311801364,-157.75031275916325
21.397714934606924,-157.75030813345114
21.3977071349286,-157.750303724644
21.39769895152145,-157.7502990989328
21.39769115184268,-157.7502946901265
21.397682968435095,-157.75029006441622
21.397675168755896,-157.75028565561078
21.397666985347872,-157.7502810299014
21.397659185668264,-157.75027662109682
21.397651785355464,-157.75027243803663
21.397643985675447,-157.7502680292329
21.39763580226656,-157.75026340352525
21.39762800258613,-157.75025899472234
21.397619819176818,-157.75025436901564
21.39761201949595,-157.75024996021358
21.397603836086194,-157.75024533450775
21.3975960364049,-157.75024092570655
21.397587852994704,-157.75023630000166
21.397580053312993,-157.7502318912013
21.397571869902354,-157.7502272654973
21.397564070220213,-157.75022285669783
21.39755627053785,-157.75021844789873
21.397548870222543,-157.7502142648439
21.3975410705398,-157.75020985604564
21.397532887128094,-157.75020523034382
21.397525087444915,-157.75020082154646
21.39751690403277,-157.75019619584552
21.397509104349165,-157.750191787049
21.397500920936597,-157.750187161349
21.397493121252555,-157.75018275255331
21.397484937839547,-157.75017812685422
21.39747713815507,-157.75017371805941
21.39746895474163,-157.7501690923612
21.39746115505675,-157.75016468356725
21.39745297550677,-157.75016004749938
21.397445274872528,-157.7501554669437
21.39743794489446,-157.7501511068654
21.397429849644503,-157.75014629158227
21.397421754394298,-157.7501414762996
21.397414053759142,-157.75013689574567
21.397405958508475,-157.75013208046394
21.397397863257556,-157.75012726518267
21.39739016262172,-157.75012268463004
21.39738206737032,-157.7501178693497
21.397373972118686,-157.75011305406983
21.397366271482156,-157.7501084735185
21.39735817623004,-157.75010365823957
21.397350846249676,-157.75009929816585
21.39734275099711,-157.7500944828878
21.397335050359672,-157.7500899023382
21.397326955106642,-157.75008508706108
21.397318859853364,-157.75008027178438
21.397311159215228,-157.75007569123613
21.397303063961477,-157.75007087596038
21.3972949687075,-157.75006606068513
21.39728726806868,-157.75006148013816
21.3972794,-157.75005679999998
21.397270970061456,-157.75005206143857
21.39726316012916,-157.75004767139004
21.397254967680194,-157.75004306632528
21.397247157747476,-157.7500386762776
21.397238965298072,-157.75003407121375
21.397231940348348,-157.7500301224145
21.397223747898536,-157.75002551735147
21.397215937965008,-157.75002112730547
21.39720774551475,-157.75001652224338
21.3971999355808,-157.75001213219826
21.39719174313012,-157.75000752713706
21.397183933195738,-157.75000313709276
21.397175740744622,-157.74999853203246
21.397167930809815,-157.74999414198902
21.397160120874815,-157.749989751946
21.39715192842305,-157.74998514688707
21.397144118487617,-157.7499807568449
21.397135926035425,-157.74997615178688
21.397128116099577,-157.74997176174557
21.397119923646937,-157.7499671566884
21.39711211371067,-157.74996276664797
21.397103921257592,-157.7499581615917
21.397096111320906,-157.7499537715521
21.397087918867395,-157.74994916649678
21.397080108930275,-157.74994477645805
21.397071916476342,-157.7499401714036
21.397064106538803,-157.7499357813657
21.397055914084444,-157.74993117631217
21.39704810414649,-157.74992678627515
21.397039911691675,-157.7499221812225
21.397032101753293,-157.74991779118633
21.39702390929805,-157.7499131861346
21.39701609935925,-157.74990879609928
21.397007906903568,-157.74990419104844
21.397000096964344,-157.74989980101398
21.396991904508244,-157.74989519596406
21.396984094568587,-157.74989080593042
21.396975902112054,-157.7498862008814
21.39696809217199,-157.74988181084868
21.396959899715007,-157.74987720580052
21.396952089774512,-157.7498728157686
21.396943897317104,-157.74986821072142
21.396936087376186,-157.74986382069036
21.396927894918342,-157.74985921564402
21.396920084977,-157.74985482561385
21.39691189251873,-157.74985022056845
21.396904082576963,-157.7498458305391
21.396895890118266,-157.74984122549458
21.396888080176087,-157.7498368354661
21.39687988771694,-157.7498322304225
21.396872077774336,-157.74982784039486
21.39686426783151,-157.74982345036767
21.396856075371723,-157.7498188453254
21.39684826542849,-157.74981445529903
21.39684007296826,-157.74980985025766
21.396832263024606,-157.74980546023215
21.396824070563937,-157.7498008551917
21.396816260619865,-157.74979646516707
21.396808068158784,-157.7497918601275
21.396801043198945,-157.74978791134896
21.39679285073744,-157.74978330631026
21.396785040792537,-157.74977891628728
21.3967768483306,-157.7497743112495
21.39676903838528,-157.74976992122737
21.396760845922906,-157.74976531619046
21.396753035977156,-157.74976092616922
21.396744843514345,-157.7497563211332
21.396737033568186,-157.7497519311128
21.396728841104956,-157.74974732607768
21.396721031158354,-157.74974293605814
21.39671283869469,-157.74973833102396
21.39670502874767,-157.74973394100525
21.39669683628357,-157.74972933597195
21.396689026336134,-157.7497249459541
21.396680833871592,-157.74972034092173
21.396673023923736,-157.74971595090474
21.396664831458757,-157.7497113458732
21.396657021510475,-157.7497069558571
21.396648829045088,-157.7497023508265
21.396641019096364,-157.74969796081123
21.396632826630537,-157.74969335578155
21.39662501668141,-157.74968896576712
21.396616824215133,-157.74968436073834
21.39660901426559,-157.74967997072477
21.396600821798877,-157.7496753656969
21.396593011848903,-157.74967097568418
21.396584819381765,-157.74966637065717
21.39657700943137,-157.74966198064533
21.396569199480766,-157.7496575906339
21.39656100701297,-157.74965298560826
21.39655319706195,-157.74964859559768
21.396545004593737,-157.74964399057293
21.396537194642292,-157.7496396005632
21.39652900217364,-157.74963499553937
21.396521192221762,-157.74963060553048
21.396512999752677,-157.74962600050753
21.396505189800386,-157.74962161049953
21.396496997330857,-157.7496170054775
21.396489187378144,-157.74961261547034
21.396480994908185,-157.7496080104492
21.396473184955052,-157.7496036204429
21.39646499248466,-157.74959901542266
21.396457182531112,-157.74959462541722
21.396448990060286,-157.74959002039787
21.396441180106297,-157.74958563039328
21.396432987635045,-157.74958102537485
21.396425177680634,-157.7495766353711
21.396416985208944,-157.7495720303536
21.396409175254114,-157.74956764035073
21.39640098278199,-157.7495630353341
21.396393172826745,-157.74955864533203
21.396384980354185,-157.74955404031633
21.39637717039852,-157.74954965031515
21.396369762911473,-157.74954548654338
21.396361952955395,-157.74954109654303
21.396353760481997,-157.74953649152906
21.396345950525497,-157.74953210152955
21.396337758051665,-157.7495274965165
21.396329948094753,-157.7495231065178
21.39632175562047,-157.74951850150566
21.39631394566314,-157.74951411150786
21.39630575318844,-157.74950950649662
21.39629794323069,-157.74950511649968
21.396290121775237,-157.74950074697188
21.396281909569414,-157.7494961878993
21.396274077160143,-157.74949183967442
21.396265864953893,-157.74948728060272
21.39625724339138,-157.74948249427428
21.396249031184688,-157.74947793520357
21.396241198774565,-157.74947358698037
21.39623298656744,-157.74946902791055
21.396225154156905,-157.74946467968826
21.396216941949373,-157.74946012061932
21.396209109538425,-157.74945577239785
21.396200897330452,-157.7494512133298
21.396193064919093,-157.7494468651092
21.396184852710686,-157.74944230604208
21.396177020298918,-157.7494379578223
21.396168808090096,-157.74943339875608
21.3961609756779,-157.74942905053717
21.396152763468663,-157.7494244914718
21.39614493105605,-157.74942014325376
21.396135929693205,-157.74941514608557
21.39612809728017,-157.74941079786842
21.39611988507004,-157.7494062388049
21.396112052656587,-157.7494018905886
21.39610384044603,-157.74939733152598
21.396096008032167,-157.74939298331054
21.3960877958212,-157.74938842424882
21.396079963406905,-157.7493840760342
21.396072130992422,-157.74937972782004
21.39606391878081,-157.74937516875966
21.39605608636591,-157.74937082054632
21.39604787415389,-157.74936626148684
21.396040041738566,-157.74936191327436
21.396031829526116,-157.74935735421576
21.39602399711039,-157.74935300600416
21.39601499574396,-157.74934800884333
21.396007163327802,-157.74934366063258
21.395998951114464,-157.74933910157583
21.395991118697886,-157.74933475336596
21.39598290648412,-157.7493301943101
21.395975074067128,-157.74932584610107
21.395966861852955,-157.74932128704612
21.39595902943554,-157.74931693883795
21.395950817220935,-157.7493123797839
21.395942984803117,-157.74930803157656
21.39593477258808,-157.7493034725234
21.39592694016984,-157.74929912431693
21.395918727954378,-157.74929456526468
21.395910895535735,-157.74929021705904
21.395902696068966,-157.74928556228446
21.395895095526086,-157.74928082327295
21.39588709070559,-157.74927583219107
21.395879833814067,-157.74927130745058
21.395871828993076,-157.74926631636964
21.395864228449216,-157.74926157735985
21.395856971557045,-157.7492570526206
21.395848966735315,-157.749252061541
21.39584078713366,-157.74924632356837
21.395832818255105,-157.74924027626207
21.3958259551872,-157.7492350681179
21.395817986307975,-157.74922902081263
21.39581001742839,-157.74922297350793
21.395802723105447,-157.74921731237134
21.39579678590081,-157.7492112415304
21.39579084869584,-157.74920517068983
21.395784911490534,-157.74919909984968
21.395778974284887,-157.74919302900983
21.39577303707891,-157.74918695817038
21.395766918766636,-157.74918008203872
21.395760850530593,-157.74917315095132
21.395754782294112,-157.7491662198643
21.395748714057223,-157.74915928877772
21.395743110481206,-157.74915288842345
21.395737042243493,-157.74914595733767
21.3957309740054,-157.74913902625235
21.395725106001393,-157.7491319018102
21.39571886272412,-157.7491241271596
21.395713079938375,-157.7491169259525
21.39570683666014,-157.74910915130286
21.39570105387347,-157.74910195009664
21.395695271086364,-157.7490947488908
21.39568902780668,-157.7490869742425
21.39568324501863,-157.74907977303747
21.39567700173798,-157.74907199839012
21.395671869410855,-157.74906511076904
21.39566594163724,-157.74905704950476
21.395660013863107,-157.74904898824096
21.39565408608842,-157.7490409269776
21.395648158313197,-157.7490328657147
21.395642230537437,-157.7490248044522
21.39563668689718,-157.74901726558187
21.395630759120394,-157.74900920432032
21.39562541521498,-157.74900166326617
21.395620017510456,-157.74899398579925
21.395614619805468,-157.74898630833272
21.395609306732393,-157.74897875124407
21.39560390902648,-157.74897107377834
21.395598511320106,-157.748963396313
21.395593198245585,-157.74895583922543
21.395587800538284,-157.7489481617609
21.395582487462782,-157.748940604674
21.39557708975454,-157.74893292721023
21.39557169204585,-157.7489252497469
21.395566378968912,-157.74891769266108
21.395560981259276,-157.7489100151985
21.395555583549182,-157.74890233773633
21.395550270470814,-157.7488947806516
21.39554487275979,-157.74888710319024
21.395539111921007,-157.74887890923344
21.395534161968474,-157.74887186864558
21.39552876425606,-157.7488641911854
21.39552300341576,-157.74885599722987
21.39551805346193,-157.74884895664306
21.395512655748117,-157.74884127918406
21.395507342665866,-157.74883372210215
21.39550194495115,-157.74882604464398
21.395496547235933,-157.74881836718617
21.39549096270107,-157.74881103278292
21.395484905416566,-157.74880308313172
21.3954793044741,-157.7487957323902
21.395473648279395,-157.74878830913596
21.395468047336017,-157.7487809583952
21.395461990049515,-157.74877300874573
21.395456790196143,-157.74876618440183
21.395451189251396,-157.7487588336622
21.39544513196343,-157.74875088401404
21.3954399321088,-157.74874405967125
21.39543387481989,-157.74873611002397
21.395428273873247,-157.7487287592859
21.395422216583302,-157.74872080963945
21.39541701672701,-157.74871398529822
21.395410959436106,-157.74870603565265
21.39540535848758,-157.74869868491615
21.3953997022871,-157.74869126166743
21.395394101337672,-157.74868391093173
21.395388044044783,-157.74867596128792
21.395382844185974,-157.74866913694893
21.395376786892122,-157.748661187306
21.395371185940803,-157.74865383657183
21.39536552973766,-157.7486464133257
21.39535992878544,-157.74863906259233
21.395353871489597,-157.7486311129511
21.395348270536427,-157.74862376221853
21.39534307067468,-157.7486169378822
21.39533701337737,-157.74860898824227
21.39533141242282,-157.74860163751083
21.395325756216543,-157.74859421426765
21.395320155261068,-157.74858686353699
21.395314097961798,-157.7485789138988
21.395308898097525,-157.74857208956473
21.39530284079727,-157.74856413992745
21.395297239839937,-157.74855678919835
21.395291583630993,-157.74854936595773
21.395285982672725,-157.7485420152294
21.395279925370502,-157.74853406559387
21.395274324411268,-157.74852671486627
21.39526866820053,-157.7485192916274
21.395263067240396,-157.7485119409006
21.39525700993618,-157.74850399126683
21.395251810067723,-157.74849716693654
21.39524575276256,-157.74848921730364
21.39524015180053,-157.7484818665784
21.39523495193084,-157.7484750422493
21.3952288946242,-157.74846709261766
21.395223293660802,-157.74845974189358
21.39521723635314,-157.7484517922628
21.39521203648177,-157.7484449679352
21.395205979173127,-157.7484370183053
21.395200378207868,-157.7484296675828
21.395194721991345,-157.7484222443494
21.39518912102515,-157.74841489362768
21.395183063714548,-157.74840694399953
21.395177863840665,-157.7484001196742
21.395171806529078,-157.7483921700469
21.395166205561026,-157.74838481932673
21.39516054934183,-157.74837739609592
21.395154948372852,-157.74837004537653
21.395148891059293,-157.748362095751
21.395143290089365,-157.74835474503243
21.395138090212527,-157.7483479207097
21.39513203289752,-157.74833997108547
21.395126431926204,-157.74833262036802
21.39512077570389,-157.74832519714013
21.395115174731664,-157.74831784642345
21.395109117414663,-157.74830989680098
21.39510391753532,-157.7483030724805
21.395097860217366,-157.7482951228589
21.395092259243253,-157.7482877721438
21.39508660301827,-157.74828034891848
21.395081002043252,-157.74827299820416
21.39507494472331,-157.74826504858427
21.39506934374731,-157.7482576978707
21.395063687520548,-157.7482502746471
21.39505808654364,-157.74824292393433
21.395052029221713,-157.7482349743162
21.395046829338188,-157.7482281499996
21.395040772015275,-157.74822020038232
21.395035171036497,-157.7482128496711
21.395029971151732,-157.74820602535559
21.39502391382738,-157.7481980757396
21.39501831284722,-157.74819072502956
21.395012656616462,-157.74818330180975
21.395007055635375,-157.74817595110045
21.395000998309037,-157.74816800148622
21.394995397327012,-157.74816065077772
21.394989741094456,-157.74815322755964
21.394984140111504,-157.7481458768519
21.39497808278319,-157.74813792723944
21.3949728828942,-157.74813110292772
21.394966825564918,-157.7481231533161
21.394961224580097,-157.74811580260996
21.39495556834487,-157.74810837939444
21.39494996735913,-157.74810102868904
21.39494391002787,-157.7480930790792
21.394938309041162,-157.74808572837458
21.394932652804137,-157.74807830516073
21.394927051816534,-157.74807095445692
21.39492145082845,-157.74806360375348
21.39491579459009,-157.74805618054086
21.394910193601106,-157.7480488298382
21.39490413626639,-157.74804088023137
21.39489893637198,-157.7480340559246
21.394892879036302,-157.74802610631863
21.394887278045434,-157.74801875561752
21.394881621804405,-157.7480113324075
21.394876020812628,-157.74800398170717
21.394869963474967,-157.74799603210295
21.394864362482224,-157.7479886814034
21.39485870623942,-157.7479812581951
21.394853105245762,-157.74797390749632
21.3948470479061,-157.74796595789385
21.394841848007502,-157.74795913359085
21.39483579066689,-157.74795118398927
21.394830189671342,-157.74794383329206
21.3948249897715,-157.74793700899016
21.394818932429427,-157.74792905938986
21.3948133314325,-157.74792170869378
21.39480767518571,-157.7479142854893
21.394802074187872,-157.747906934794
21.394796016843813,-157.74789898519543
21.394790415845037,-157.74789163450095
21.394784759596437,-157.74788421129816
21.394779158596716,-157.7478768606044
21.394773101250692,-157.74786891100763
21.39476790134663,-157.74786208670955
21.39476184399963,-157.7478541371136
21.39475624299806,-157.74784678642143
21.39475058674679,-157.7478393632212
21.39474498574428,-157.74783201252978
21.394739137323977,-157.74782388609475
21.394733665855654,-157.7478162771606
21.394728271200865,-157.74780877504872
21.39472279973163,-157.74780116611538
21.394716954649763,-157.74779303761642
21.394711483179574,-157.7477854286839
21.39470608852284,-157.7477779265735
21.39470024343941,-157.74776979807575
21.394694771967806,-157.7477621891445
21.394688926883337,-157.74775406064765
21.394683905837105,-157.74774707810477
21.39467806075162,-157.7477389496087
21.394672589278162,-157.74773134067908
21.394666744191642,-157.74772321218393
21.394661349530992,-157.7477157100765
21.39465587805611,-157.7477081011481
21.394650032968045,-157.7476999726542
21.394644561492218,-157.74769236372666
21.394639166829627,-157.7476848616207
21.394633695352905,-157.74767725269402
21.394627850262772,-157.74766912420176
21.394622455598707,-157.74766162209693
21.394616984120574,-157.74765401317146
21.39461113902888,-157.74764588468045
21.394605667549786,-157.7476382757558
21.39460027288379,-157.74763077365247
21.394594801403777,-157.74762316472862
21.394588956310034,-157.7476150362393
21.39458351495111,-157.74760737322637
21.394578394178385,-157.74759969669495
21.39457317178174,-157.74759186782057
21.394567949384626,-157.74758403894657
21.394562726987044,-157.74757621007302
21.39455794539781,-157.74756904201428
21.394552383813746,-157.74756070467
21.39454716141472,-157.74755287579757
21.394542379824145,-157.74754570773982
21.394537157424185,-157.7475378788681
21.394531935023764,-157.74753004999675
21.3945268142461,-157.74752237346863
21.394521591844686,-157.747514544598
21.394516369442822,-157.7475067157278
21.394511147040465,-157.74749888685795
21.39450636544677,-157.7474917188025
21.394501143043495,-157.74748388993342
21.394496361448965,-157.74747672187866
21.394491139044764,-157.74746889301028
21.39448669663551,-157.7474622334276
21.394481474230435,-157.74745440455996
21.394476251824873,-157.74744657569266
21.39447205572232,-157.7474389704533
21.394467945406845,-157.74743002894797
21.394464204690394,-157.747421891463
21.394460094373848,-157.74741294995832
21.394456353656384,-157.74740481247377
21.394452243338765,-157.7473958709697
21.39444813302057,-157.7473869294659
21.394444392301597,-157.74737879198213
21.39444028198232,-157.74736985047892
21.394436171662484,-157.747360908976
21.394432430942,-157.747352771493
21.394428320621074,-157.74734382999065
21.394424210299597,-157.7473348884886
21.394420295958042,-157.7473263733184
21.394416555235566,-157.74731823583647
21.39441302016197,-157.74730899249784
21.39441010656686,-157.74729996034702
21.3944074809817,-157.74729182102925
21.39440467455278,-157.7472831210972
21.39440176095615,-157.747274088947
21.39439913536958,-157.74726594962968
21.394396221771927,-157.7472569174798
21.39439330817372,-157.7472478853301
21.39439078975312,-157.74724007823184
21.394388591451925,-157.74723109317424
21.39438680250855,-157.74722204504027
21.39438501356466,-157.7472129969064
21.39438322462026,-157.74720394877266
21.394381289637245,-157.74719416200688
21.39437950069179,-157.74718511387334
21.394377711745832,-157.7471760657399
21.39437592279936,-157.74716701760656
21.394374133852377,-157.74715796947334
21.3943724031334,-157.74714900757203
21.394364125604906,-157.7471532929047
21.394356935457214,-157.74715684948927
21.394348920306523,-157.7471608141586
21.394340905155666,-157.7471647788275
21.39433289000464,-157.74716874349605
21.394324874853446,-157.74717270816416
21.39431685970209,-157.74717667283187
21.39430884455055,-157.7471806374992
21.394300829398848,-157.74718460216613
21.394292814246974,-157.74718856683268
21.394284799094926,-157.74719253149883
21.394277255664868,-157.74719727443812
21.394270998457895,-157.74720399834467
21.394263775973638,-157.74721175952357
21.394257019034978,-157.7472190204327
21.39425026209583,-157.74722628134137
21.394243039610053,-157.74723404251858
21.39423772942643,-157.74724075482726
21.394231563296838,-157.74724860429353
21.394225856067706,-157.74725586957973
21.394219689937128,-157.74726371904507
21.39421398270705,-157.74727098433047
21.39420813876374,-157.74727908176274
21.394203679609507,-157.74728781121863
21.39419898910307,-157.74729699357928
21.394194922586465,-157.7473049543862
21.394190232078866,-157.74731413674618
21.39418577292244,-157.74732286620068
21.394181082413624,-157.74733204856
21.394176623256083,-157.7473407780138
21.394171932746048,-157.74734996037245
21.394167473587398,-157.7473586898255
21.39416422421708,-157.74736709182164
21.394161363712534,-157.747375148948
21.394158193245424,-157.74738407913813
21.39415533273997,-157.74739213626412
