21.355464708199605,-158.0621254542049
21.355457110134772,-158.06211982850968
21.35544975445753,-158.062114382333
21.35544215630108,-158.06210875662433
21.35543480062326,-158.06210331044858
21.355427202466178,-158.06209768474088
21.355419846787772,-158.06209223856607
21.355412248630056,-158.0620866128593
21.355404892951057,-158.0620811666854
21.355397294792713,-158.0620755409796
21.35538993911312,-158.0620700948067
21.355383018689114,-158.06206497089926
21.355374985273972,-158.06205902292984
21.35536806484939,-158.06205389902328
21.35536073098458,-158.06204625756914
21.355354834925006,-158.06203915805128
21.35534847623688,-158.0620315014777
21.355342580176412,-158.06202440196066
21.355335778543342,-158.062016212034
21.35532988248194,-158.06200911251784
21.355323523791895,-158.0620014559462
21.35531718478546,-158.0619938230769
21.355310826094406,-158.0619861665062
21.35530493003117,-158.06197906699177
21.355298571339176,-158.06197141042202
21.355293604743718,-158.0619632564573
21.355288969249603,-158.06195501995202
21.355283921498074,-158.06194605093503
21.355279553490888,-158.06193828971217
21.355274505738247,-158.06192932069592
21.355269870242,-158.06192108419197
21.355265234745215,-158.0619128476883
21.35526045447908,-158.06190435395493
21.355255818981245,-158.0618961174519
21.355250771225784,-158.06188714843756
21.35524613572687,-158.0618789119352
21.355241767715842,-158.06187115071495
21.355236719958683,-158.06186218170166
21.355232084458212,-158.06185394520026
21.35522703669989,-158.0618449761877
21.355222668686928,-158.06183721496882
21.35521803318488,-158.06182897846836
21.355212985424885,-158.0618200094569
21.355208349921764,-158.0618117729571
21.35520356964938,-158.06180327922831
21.355198934145207,-158.06179504272916
21.35519429864052,-158.06178680623034
21.355189250877682,-158.06177783722072
21.355184882860865,-158.06177007600448
21.35518012115728,-158.06176135191063
21.35517098099097,-158.06176494423278
21.355163024213642,-158.06176807103614
21.355154185563446,-158.0617715443918
21.3551459281874,-158.06177478932173
21.355137089536942,-158.06177826267663
21.355128832160673,-158.0617815076058
21.355119993509938,-158.06178498095994
21.355112036731903,-158.0617881077613
21.35510289748244,-158.0617916992418
21.355094940704177,-158.06179482604242
21.35508610205292,-158.06179829939506
21.355077844675936,-158.06180154432212
21.35506900602443,-158.061805017674
21.3550610492457,-158.06180814447328
21.35505190999543,-158.06181173595147
21.355043953216466,-158.06181486275005
21.355034813965936,-158.06181845422745
21.355026857186726,-158.06182158102536
21.355018018534444,-158.06182505437494
21.355009761156506,-158.06182829929918
21.35500092250395,-158.061831772648
21.354992965724293,-158.06183489944453
21.354983826472964,-158.0618384909196
21.354975869693057,-158.06184161771543
21.354967031039987,-158.06184509106276
21.354958773661338,-158.06184833598485
21.35494993500801,-158.06185180933144
21.354941677629107,-158.06185505425282
21.354932838975515,-158.06185852759862
21.354924882194915,-158.0618616543924
21.35491574294252,-158.0618652458643
21.35490778616169,-158.06186837265741
21.354898947507586,-158.06187184600174
21.354890690127966,-158.06187509092098
21.354881851473593,-158.0618785642645
21.354873894692293,-158.06188169105624
21.354864755439113,-158.06188528252582
21.354856798657575,-158.06188840931688
21.354847659404125,-158.06189200078563
21.354839702622364,-158.061895127576
21.354830863967194,-158.06189860091726
21.35482260658664,-158.0619018458337
21.354813767931226,-158.0619053191742
21.35480581114899,-158.0619084459632
21.35479667189475,-158.06191203742964
21.35478871511227,-158.06191516421794
21.354779876456337,-158.06191863755694
21.35477161907506,-158.0619218824712
21.35476278041886,-158.06192535580942
21.354754823635933,-158.06192848259641
21.354745684380877,-158.06193207406048
21.354737727597715,-158.06193520084673
21.354728888940997,-158.06193867418347
21.354720631559008,-158.06194191909563
21.3547126747755,-158.0619450458809
21.35470383611839,-158.06194851921651
21.35469557873606,-158.0619517641276
21.354686740078684,-158.06195523746243
21.354678783294712,-158.06195836424635
21.35466994463709,-158.06196183758047
21.354661687254275,-158.06196508249016
21.354652848596377,-158.06196855582346
21.354644891811947,-158.06197168260604
21.354635752555186,-158.06197527406502
21.354627795770508,-158.0619784008469
21.35461895711209,-158.0619818741787
21.354610699728575,-158.06198511908627
21.354602742943552,-158.06198824586713
21.354593904284762,-158.06199171919783
21.354585646900897,-158.06199496410431
21.35457680824184,-158.06199843743428
21.354568851456346,-158.0620015642138
21.354560012797037,-158.062005037543
21.354551755412686,-158.0620082824481
21.354542916753108,-158.06201175577652
21.35453495996716,-158.06201488255465
21.354525820708687,-158.06201847400857
21.354517863922496,-158.06202160078604
21.35450902526241,-158.06202507411297
21.354500767877344,-158.06202831901592
21.354491929216987,-158.0620317923421
21.354483972430327,-158.0620349191182
21.35447571504491,-158.06203816402012
21.354466876384183,-158.06204163734517
21.354458919597185,-158.06204476412026
21.35445008093619,-158.06204823744454
21.3544418235503,-158.06205148234505
21.35443298488904,-158.0620549556686
21.354425028101577,-158.06205808244232
21.354415888841388,-158.06206167389115
21.354407932053693,-158.0620648006642
21.35439909339191,-158.06206827398623
21.354390836005305,-158.0620715188846
21.354381997343264,-158.06207499220588
21.354374040555104,-158.06207811897755
21.35436578316815,-158.06208136387488
21.354356944505728,-158.06208483719502
21.354348987717223,-158.06208796396572
21.354340149054536,-158.06209143728512
21.35433190383862,-158.06209472994058
21.354323119610484,-158.06209833591384
21.35431489718781,-158.06210171126247
21.35430611295939,-158.06210531723494
21.354297890536465,-158.0621086925828
21.35428910630775,-158.0621122985545
21.35428088388457,-158.06211567390164
21.35427209965558,-158.06211927987255
21.354263877232132,-158.06212265521899
21.354255093002863,-158.0621262611891
21.354246870579168,-158.06212963653476
21.35423895882018,-158.0621328843507
21.354229863925653,-158.06213661784903
21.354221952166416,-158.06213986566425
21.354212857271605,-158.0621435991618
21.35420494551211,-158.0621468469763
21.354196161281855,-158.0621504529437
21.354187938857272,-158.06215382828685
21.354179154626724,-158.06215743425346
21.354170932201882,-158.06216080959587
21.354162147971067,-158.0621644155617
21.35415392554596,-158.06216779090337
21.35414514131486,-158.06217139686845
21.3541369188895,-158.06217477220937
21.354128134658115,-158.06217837817366
21.354119912232488,-158.06218175351384
21.35411200047162,-158.06218500132448
21.354102905574948,-158.06218873481683
21.35409499381382,-158.06219198262676
21.354085898916868,-158.06219571611825
21.35407798715549,-158.06219896392747
21.35406889225823,-158.06220269741817
21.35406098049661,-158.0622059452267
21.354051885599073,-158.0622096787166
21.354043973837186,-158.0622129265244
21.354034878939373,-158.0622166600135
21.35402696717724,-158.0622199078206
21.354017872279137,-158.06222364130886
21.354009960516734,-158.06222688911527
21.354000865618342,-158.06223062260273
21.353992953855702,-158.0622338704084
21.35398416962193,-158.06223747636605
21.35397594719413,-158.06224085170004
21.35396803543111,-158.0622440995047
21.353958940532006,-158.06224783299015
21.353951054589597,-158.06225113479132
21.353942123420815,-158.06225530474774
21.3539340332303,-158.06225908205147
21.353925943039627,-158.0622628593548
21.353917011870312,-158.06226702930988
21.353908921679317,-158.06227080661245
21.35390083148817,-158.0622745839146
21.35389308188761,-158.06227820219493
21.353884150717576,-158.06228237214827
21.35387606052596,-158.06228614944928
21.35386797033419,-158.06228992674986
21.353859880142252,-158.06229370405006
21.353850948971527,-158.06229787400167
21.353842858779277,-158.06230165130108
21.353834768586864,-158.06230542860013
21.35382617800636,-158.06230943952914
21.35381808781363,-158.06231321682736
21.35380999762074,-158.0623169941252
21.35380190742771,-158.0623207714227
21.353792976255743,-158.06232494137123
21.35378488606238,-158.06232871866789
21.353776795868864,-158.06233249596417
21.353768205287157,-158.06233650689026
21.353760115093312,-158.06234028418572
21.353752024899325,-158.06234406148084
21.353743934705182,-158.06234783877554
21.35373500353198,-158.0623520087211
21.353726913337503,-158.06235578601496
21.35371882314288,-158.0623595633085
21.35371107353891,-158.0623631815806
21.353702142365016,-158.06236735152441
21.353694052169907,-158.06237112881675
21.35368596197465,-158.0623749061087
21.353677030800224,-158.06237907605123
21.353668940604635,-158.06238285334237
21.353660850408904,-158.0623866306331
21.353652760213023,-158.0623904079235
21.353644169628723,-158.06239441884338
21.353636079432516,-158.06239819613296
21.353627989236152,-158.06240197342214
21.35361905806048,-158.06240614336164
21.353610967863794,-158.06240992065003
21.353602877666958,-158.06241369793804
21.35359478746995,-158.06241747522566
21.353586196884454,-158.06242148614263
21.353578106687134,-158.06242526342945
21.353570130868718,-158.06242929679834
21.35356179467867,-158.0624335343499
21.35355381868773,-158.0624375888002
21.353545842696597,-158.06244164325017
21.35353786670529,-158.0624456976997
21.35352907381451,-158.06245016740462
21.353521097822835,-158.0624542218533
21.353513121830982,-158.06245827630158
21.35350514583894,-158.0624623307495
21.35349716984674,-158.06246638519698
21.35348883365504,-158.06247062274468
21.353480857662458,-158.06247467719137
21.353472881669713,-158.06247873163764
21.353464905676795,-158.0624827860835
21.353456929683695,-158.06248684052898
21.353448136790913,-158.0624913102294
21.353440160797437,-158.06249536467405
21.35343218480379,-158.06249941911827
21.353423848610603,-158.06250365666253
21.353415872616587,-158.06250771110595
21.353407896622407,-158.06251176554895
21.353399920628043,-158.06251581999157
21.353391944633497,-158.06251987443378
21.353383968638777,-158.06252392887558
21.353375992643887,-158.06252798331698
21.353367199749094,-158.06253245301295
21.35335922375383,-158.0625365074535
21.35335088755898,-158.06254074499392
21.35334291156335,-158.06254479943365
21.35333493556755,-158.06254885387298
21.353326959571557,-158.06255290831194
21.353318983575395,-158.06255696275048
21.35331100757906,-158.0625610171886
21.353303031582538,-158.06256507162635
21.353295055585846,-158.0625691260637
21.35328590248963,-158.0625737788553
21.353277926492563,-158.06257783329175
21.353269950495317,-158.06258188772782
21.353261974497883,-158.0625859421635
21.353253998500275,-158.06258999659877
21.3532460225025,-158.06259405103364
21.353238046504543,-158.0625981054681
21.353230070506402,-158.0626021599022
21.353222094508094,-158.06260621433586
21.353213758310126,-158.06261045186903
21.353204965411347,-158.06261492155605
21.35319698941247,-158.06261897598844
21.353189013413427,-158.06262303042047
21.35318103741421,-158.06262708485207
21.353173061414804,-158.06263113928327
21.353165085415224,-158.06263519371407
21.35315710941547,-158.06263924814448
21.35314877321602,-158.06264348567424
21.353140797215914,-158.06264754010382
21.353132821215617,-158.062651594533
21.353124028314838,-158.06265606421553
21.353116052314178,-158.06266011864386
21.35310807631332,-158.0626641730718
21.353100100312304,-158.06266822749936
21.35309212431111,-158.0626722819265
21.353084148309726,-158.06267633635323
21.35307581210863,-158.06268057387916
21.353067836106906,-158.06268462830505
21.353059860104985,-158.0626886827306
21.3530518841029,-158.06269273715571
21.35304309120012,-158.06269720683372
21.35303511519765,-158.062701261258
21.35302713919501,-158.06270531568188
21.35301916319219,-158.06270937010535
21.35301082698961,-158.06271360762784
21.353002850986446,-158.0627176620505
21.352994874983082,-158.06272171647274
21.35298689897955,-158.0627257708946
21.352978922975847,-158.06272982531607
21.352970946971958,-158.0627338797371
21.35296215406718,-158.06273834941067
21.352954178062916,-158.0627424038309
21.352946202058476,-158.0627464582507
21.352937865854244,-158.06275069576932
21.352929889849438,-158.0627547501883
21.352921913844472,-158.06275880460691
21.352913937839325,-158.0627628590251
21.352905961833983,-158.06276691344289
21.35289798582848,-158.06277096786027
21.352890009822804,-158.06277502227724
21.352881216916018,-158.06277949194632
21.352872880710308,-158.06278372946153
21.352864904704063,-158.06278778387727
21.352856928697655,-158.0627918382926
21.352848952691062,-158.0627958927075
21.352840976684284,-158.06279994712202
21.35283300067734,-158.06280400153614
21.352825024670214,-158.0628080559499
21.35281704866291,-158.0628121103632
21.35280907265543,-158.0628161647761
21.352799919546946,-158.0628208175396
21.352791943539096,-158.06282487195168
21.35278396753106,-158.06282892636332
21.35277599152284,-158.06283298077457
21.352768015514457,-158.06283703518542
21.35276003950589,-158.06284108959588
21.352752063497135,-158.06284514400593
21.35274408748822,-158.0628491984156
21.35273575127939,-158.06285343592356
21.352727775270104,-158.0628574903324
21.352718982359328,-158.0628619599925
21.352711006349658,-158.0628660144005
21.352703030339832,-158.06287006880808
21.3526951,-158.0628741
21.352687047637176,-158.06287811027155
21.35267904201765,-158.06288209726335
21.35267103639795,-158.06288608425476
21.352663030778075,-158.06289007124576
21.3526542022115,-158.06289446808344
21.35264619659127,-158.0628984550736
21.352638190970854,-158.06290244206338
21.352629829838314,-158.06290660610614
21.352621824217557,-158.0629105930951
21.352613818596634,-158.06291458008366
21.352605812975547,-158.06291856707185
21.352596984407587,-158.0629229639064
21.35258897878614,-158.0629269508937
21.352580973164514,-158.06293093788065
21.35257296754271,-158.0629349248672
21.35256496192074,-158.06293891185334
21.352556956298603,-158.06294289883908
21.352548127729484,-158.06294729567097
21.352540122106983,-158.06295128265586
21.352532116484316,-158.06295526964038
21.352524110861456,-158.06295925662448
21.352516105238443,-158.0629632436082
21.352508099615253,-158.06296723059154
21.352500093991885,-158.06297121757444
21.35249090990939,-158.0629757914563
21.352482904285647,-158.06297977843838
21.35247489866175,-158.06298376542006
21.352466893037686,-158.0629877524013
21.35245888741344,-158.0629917393822
21.35245088178902,-158.0629957263627
21.35244287616445,-158.06299971334275
21.35243404759261,-158.0630041101684
21.352426041967664,-158.06300809714767
21.352418036342552,-158.06301208412654
21.352410030717255,-158.06301607110498
21.352402025091802,-158.06302005808303
21.35239401946616,-158.0630240450607
21.35238601384036,-158.06302803203798
21.352377185267176,-158.0630324288605
21.352369179641002,-158.06303641583696
21.352361174014668,-158.063040402813
21.352353168388166,-158.06304438978862
21.352344807249363,-158.06304855381657
21.352336801622506,-158.0630525407914
21.35232879599549,-158.06305652776584
21.352319967420936,-158.06306092458527
21.352311961793546,-158.06306491155885
21.35230395616598,-158.06306889853204
21.352295950538252,-158.06307288550485
21.35228794491035,-158.06307687247727
21.352279939282273,-158.06308085944926
21.352271933654027,-158.06308484642085
21.352263105078126,-158.0630892432372
21.35225509944951,-158.06309323020798
21.35224709382073,-158.06309721717835
21.352239088191787,-158.06310120414832
21.35223108256266,-158.0631051911179
21.352223076933367,-158.06310917808707
21.352215071303906,-158.06311316505585
21.35220624272664,-158.0631175618691
21.352197881584623,-158.0631217258894
21.352189875954615,-158.06312571285693
21.35218187032444,-158.0631296998241
21.352173864694095,-158.06313368679082
21.352165859063575,-158.06313767375718
21.352157853432892,-158.06314166072312
21.35214902485427,-158.06314605753323
21.35214101922321,-158.06315004449834
21.35213301359199,-158.06315403146306
21.352125007960606,-158.06315801842737
21.352117002329035,-158.0631620053913
21.352108996697297,-158.06316599235484
21.352100991065388,-158.06316997931796
21.352092162485413,-158.06317437612498
21.35208415685315,-158.06317836308725
21.3520761512207,-158.06318235004915
21.35206814558809,-158.06318633701065
21.352059784443043,-158.06319050102377
21.35205177881008,-158.06319448798448
21.352043773176952,-158.06319847494476
21.352034944595612,-158.06320287174862
21.352026938962112,-158.06320685870807
21.352018933328452,-158.06321084566713
21.352010927694614,-158.06321483262582
21.352002922060606,-158.06321881958408
21.351994916426424,-158.06322280654197
21.35198608784391,-158.06322720334316
21.351978082209378,-158.0632311903002
21.351970076574673,-158.06323517725681
21.351962070939777,-158.0632391642131
21.35195406530472,-158.0632431511689
21.351946059669498,-158.06324713812438
21.351938054034097,-158.0632511250794
21.351929225450235,-158.06325552187752
21.351921219814482,-158.06325950883172
21.351912858666207,-158.06326367283722
21.3519048530301,-158.0632676597906
21.35189684739381,-158.06327164674363
21.351888841757376,-158.06327563369624
21.351880836120756,-158.06327962064844
21.351872007535516,-158.06328401744344
21.351864001898537,-158.0632880043948
21.351855996261392,-158.06329199134578
21.351847990624055,-158.06329597829634
21.351839984986558,-158.06329996524656
21.351831979348898,-158.06330395219635
21.35182397371105,-158.06330793914572
21.35181514512447,-158.0633123359376
21.351807139486276,-158.06331632288615
21.35179913384789,-158.0633203098343
21.35179112820935,-158.0633242967821
21.35178312257063,-158.06332828372945
21.35177511693174,-158.0633322706764
21.351766755780268,-158.06333643467428
21.351757927192324,-158.06334083146305
21.3517499215529,-158.06334481840878
21.351741915913312,-158.0633488053541
21.35173391027353,-158.06335279229904
21.351725904633593,-158.06335677924355
21.351717898993492,-158.06336076618769
21.3517098933532,-158.06336475313142
21.351701064763905,-158.06336914991707
21.35169305912326,-158.06337313685998
21.35168505348244,-158.06337712380247
21.35167704784145,-158.0633811107446
21.351669042200292,-158.06338509768628
21.351661036558966,-158.0633890846276
21.351653030917465,-158.0633930715685
21.351644202326806,-158.06339746835104
21.351636196684947,-158.06340145529114
21.351628191042916,-158.06340544223082
21.351619829888207,-158.06340960622106
21.35161182424583,-158.06341359315994
21.35160381860327,-158.06341758009842
21.351595812960543,-158.06342156703647
21.35158698436853,-158.0634259638159
21.351578978725446,-158.06342995075315
21.35157097308219,-158.06343393768998
21.351562967438756,-158.06343792462644
21.351554961795156,-158.06344191156248
21.35154695615138,-158.06344589849814
21.351538950507447,-158.0634498854334
21.35153012191407,-158.0634542822097
21.351522116269763,-158.06345826914412
21.351514110625292,-158.06346225607814
21.351506104980633,-158.0634662430118
21.351498099335814,-158.063470229945
21.35149009369082,-158.06347421687786
21.35148173253309,-158.06347838086091
21.351472903938365,-158.0634827776341
21.35146489829283,-158.0634867645657
21.351456892647132,-158.0634907514969
21.35144888700126,-158.06349473842766
21.351440881355217,-158.06349872535807
21.351432875709,-158.06350271228806
21.351424047113102,-158.06350710905858
21.351416041466518,-158.06351109598774
21.351408035819777,-158.06351508291652
21.351400030172858,-158.0635190698449
21.35139202452576,-158.06352305677285
21.351384018878505,-158.06352704370042
21.35137601323106,-158.06353103062762
21.351367184633812,-158.063535427395
21.35135917898602,-158.06353941432138
21.351351173338042,-158.06354340124733
21.351343167689908,-158.06354738817288
21.35133480652896,-158.0635515521483
21.351326800880468,-158.06355553907304
21.351318795231816,-158.06355952599736
21.351309966633192,-158.06356392276166
21.351301960984177,-158.06356790968516
21.35129395533499,-158.06357189660827
21.351285949685618,-158.063575883531
21.35127794403609,-158.0635798704533
21.351269938386388,-158.06358385737522
21.351261932736506,-158.06358784429673
21.35125310413654,-158.06359224105793
21.3512450984863,-158.06359622797862
21.351237092835888,-158.0636002148989
21.35122908718531,-158.0636042018188
21.351221081534558,-158.0636081887383
21.351213075883628,-158.0636121756574
21.351205070232538,-158.06361616257607
21.35119624163121,-158.06362055933417
21.351187880467027,-158.06362472330196
21.351179874815394,-158.06362871021943
21.351171869163583,-158.06363269713646
21.35116386351162,-158.0636366840531
21.35115585785947,-158.06364067096936
21.35114785220715,-158.06364465788525
21.35113902360446,-158.06364905464022
21.35113101795178,-158.06365304155523
21.351123012298924,-158.0636570284699
21.351115006645905,-158.0636610153841
21.35110700099271,-158.06366500229794
21.35109899533933,-158.06366898921138
21.351090989685794,-158.06367297612442
21.351082161081745,-158.0636773728763
21.351074155427852,-158.0636813597885
21.351066149773775,-158.0636853467003
21.351058144119527,-158.06368933361173
21.351049782952334,-158.06369349757233
21.351041777297755,-158.0636974844829
21.35103377164298,-158.06370147139313
21.351024943037583,-158.06370586814188
21.35101693738246,-158.06370985505123
21.35100893172715,-158.0637138419602
21.351000926071688,-158.0637178288688
21.350992920416047,-158.06372181577697
21.350984914760243,-158.06372580268473
21.350976909104265,-158.06372978959214
21.350968080497495,-158.06373418633777
21.35096007484115,-158.0637381732443
21.350952069184643,-158.06374216015047
21.350944063527955,-158.0637461470562
21.350936057871102,-158.06375013396158
21.350928052214083,-158.06375412086655
21.35091922360614,-158.06375851760953
21.350911217948756,-158.06376250451365
21.35090285677832,-158.06376666846663
21.35089485112059,-158.06377065536995
21.350886845462682,-158.06377464227285
21.3508788398046,-158.06377862917537
21.35087083414635,-158.0637826160775
21.35086200553706,-158.06378701281736
21.350853999878442,-158.06379099971863
21.350845994219668,-158.0637949866195
21.35083798856071,-158.06379897352002
21.350829982901573,-158.06380296042013
21.350821977242283,-158.06380694731982
21.35081397158282,-158.06381093421913
21.350805142972163,-158.0638153309559
21.350797137312334,-158.06381931785435
21.350789131652327,-158.06382330475242
21.350781125992157,-158.0638272916501
21.350773120331812,-158.06383127854738
21.35076511467129,-158.06383526544428
21.350756753497656,-158.06383942938962
21.35074792488565,-158.06384382612325
21.35073991922459,-158.06384781301887
21.350731913563372,-158.06385179991412
21.350723907901973,-158.06385578680894
21.350715902240395,-158.0638597737034
21.35070789657866,-158.06386376059743
21.350699890916747,-158.0638677474911
21.350691062303383,-158.0638721442216
21.350683056641113,-158.06387613111443
21.350675050978655,-158.06388011800684
21.350667045316047,-158.06388410489885
21.350659039653262,-158.06388809179046
21.350651033990296,-158.0638920786817
21.35064302832717,-158.06389606557252
21.35063419971245,-158.06390046229996
21.350626194048953,-158.06390444918995
21.350617832872274,-158.06390861312806
21.350609827208427,-158.06391260001726
21.350601821544423,-158.06391658690603
21.350593815880245,-158.06392057379443
21.350585810215883,-158.0639245606824
21.350576981599804,-158.06392895740672
21.350568975935087,-158.06393294429384
21.350560970270195,-158.06393693118062
21.35055296460514,-158.06394091806698
21.35054495893991,-158.06394490495296
21.350536953274506,-158.06394889183852
21.35052894760894,-158.06395287872368
21.3505201189915,-158.06395727544486
21.350512113325557,-158.06396126232923
21.350504107659457,-158.06396524921314
21.350496101993183,-158.06396923609668
21.35048809632673,-158.06397322297983
21.350480090660113,-158.06397720986257
21.350471729480226,-158.06398137379313
21.350462900861416,-158.0639857705112
21.350454895194265,-158.0639897573927
21.35044688952693,-158.0639937442738
21.35043888385943,-158.0639977311545
21.350430878191762,-158.0640017180348
21.35042293491779,-158.0640058613063
21.350414683282,-158.06401032505673
21.350406805896426,-158.06401458635472
21.350398928510653,-158.06401884765233
21.35038987932622,-158.0640237428376
21.35038200194002,-158.06402800413431
21.350374124553635,-158.0640322654306
21.3503658729166,-158.06403672917838
21.350357995529823,-158.0640409904738
21.35035011814285,-158.06404525176887
21.350341866505218,-158.06404971551532
21.35033398911784,-158.06405397680953
21.350326111730276,-158.0640582381033
21.350317860092026,-158.06406270184846
21.35030998270406,-158.0640669631414
21.35030210531589,-158.06407122443395
21.35029385367704,-158.06407568817775
21.350285976288486,-158.06407994946946
21.35027772464922,-158.06408441321238
21.350269847260257,-158.06408867450324
21.350261969871106,-158.06409293579367
21.350252920682816,-158.06409783097072
21.350245043293242,-158.06410209226027
21.350237165903472,-158.06410635354942
21.350228914262974,-158.0641108172897
21.350221036872817,-158.064115078578
21.35021315948245,-158.0641193398659
21.35020490784135,-158.06412380360484
21.35019703045059,-158.0641280648919
21.35018915305964,-158.0641323261785
21.350180901417925,-158.06413678991615
21.350173024026574,-158.06414105120194
21.350164799999998,-158.0641455
21.350158095418834,-158.0641530970761
21.350152001813022,-158.06416000184453
21.350145443195373,-158.0641674335248
21.350138876500925,-158.06417487435598
21.35013291372667,-158.06418192935865
21.350127931454086,-158.064188943874
21.350120282667465,-158.0641963776991
21.35011223808258,-158.06420331812495
21.35010486091738,-158.0642087765379
21.350097179306122,-158.06421428808864
21.350089758726234,-158.0642196123488
21.350082077114358,-158.06422512389855
21.350075086792245,-158.06423013944791
21.35006766621156,-158.06423546370672
21.350059984598783,-158.0642409752551
21.35005299427588,-158.06424599080316
21.350044882404156,-158.0642518110604
21.350037892080717,-158.06425682660756
21.350030210466734,-158.06426233815407
21.35002278988437,-158.06426766241006
21.350015108269794,-158.0642731739556
21.350008117945265,-158.06427818950107
21.35000069736208,-158.06428351375573
21.34999301574661,-158.06428902529987
21.349986025421295,-158.06429404084403
21.349977913546784,-158.06429986109677
21.349970923220926,-158.06430487664005
21.34996324160425,-158.06431038818232
21.34995582101939,-158.0643157124342
21.34994813940211,-158.06432122397553
21.34994114907518,-158.0643262395171
21.349933728489464,-158.0643315637676
21.349926046871317,-158.06433707530752
21.349919056543577,-158.06434209084784
21.34991094466628,-158.06434791109604
21.349903954338,-158.0643529266355
21.349896272718652,-158.0643584381735
21.349888852131265,-158.06436376242124
21.349881170511292,-158.0643692739583
21.34987418018196,-158.06437428949602
21.349866759593755,-158.06437961374237
21.349859773369996,-158.06438570225242
21.349852838227488,-158.06439178746248
21.349845903084613,-158.06439787267212
21.34983896794141,-158.06440395788127
21.349831576437353,-158.06441044352127
21.349824641293413,-158.06441652872948
21.349817706149125,-158.0644226139372
21.349810771004478,-158.06442869914451
21.34980383585949,-158.06443478435133
21.349796900714143,-158.0644408695577
21.349789965568426,-158.06444695476364
21.349782574061777,-158.06445344040011
21.349775638915375,-158.06445952560506
21.34976870376858,-158.06446561080958
21.349761768621466,-158.0644716960136
21.349754833473973,-158.06447778121722
21.34974789832615,-158.06448386642032
21.34974096317795,-158.06448995162302
21.349733571668732,-158.06449643725597
21.349726636519815,-158.0645025224577
21.349719701370564,-158.06450860765895
21.349712766220936,-158.06451469285975
21.349705831070978,-158.06452077806009
21.349698895920657,-158.06452686325997
21.34969196076997,-158.0645329484594
21.349685025618957,-158.06453903365832
21.34967763410677,-158.0645455192873
21.34967069895502,-158.0645516044853
21.349663763802926,-158.06455768968286
21.349656828650474,-158.06456377487996
21.349649293927982,-158.06457038616438
21.349642358774787,-158.0645764713605
21.349635423621226,-158.0645825565562
21.349628032106413,-158.06458904218164
21.349621096952152,-158.06459512737635
21.34961416179752,-158.0646012125706
21.349607226642554,-158.0646072977644
21.34960089105717,-158.0646128568702
21.349593749134968,-158.06461969962717
21.349587091470227,-158.06462610952173
21.349580988099085,-158.06463198575045
21.349573867499004,-158.06463884135016
21.349567209833126,-158.06464525124338
21.34956064352632,-158.06465157317675
21.34955398585967,-158.0646579830691
21.349547328192653,-158.064664392961
21.349540761884743,-158.06467071489303
21.34953410421696,-158.06467712478403
21.349526983614044,-158.06468398038032
21.349520880239787,-158.06468985660527
21.349513759636107,-158.06469671220054
21.34950710196674,-158.06470312208978
21.349500998591463,-158.06470899831348
21.349493877986554,-158.06471585390733
21.349487220316064,-158.06472226379518
21.349480654004896,-158.0647285857231
21.34947399633363,-158.06473499561008
21.349467338661974,-158.06474140549665
21.349460772349737,-158.06474772742317
21.349454114677336,-158.0647541373088
21.34944699406959,-158.06476099289924
21.349440890691206,-158.06476686911918
21.34943423301763,-158.0647732790035
21.349427112408698,-158.0647801345925
21.349421009029268,-158.0647860108112
21.349413888419537,-158.06479286639922
21.34940723074442,-158.06479927628172
21.349400664428916,-158.06480559820412
21.349394006753045,-158.06481200808574
21.349387349076753,-158.06481841796693
21.349380782760175,-158.06482473988797
21.34937412508313,-158.06483114976825
21.349367004470576,-158.06483800535287
21.349360901088044,-158.0648438815678
21.349354243409856,-158.06485029144676
21.3493471227961,-158.06485714702987
21.349341019412527,-158.0648630232436
21.34933389879797,-158.06486987882576
21.34932724111822,-158.06487628870292
21.34932113773363,-158.0648821649154
21.34931401711787,-158.06488902049608
21.349307913732602,-158.06489489670773
21.34930079311606,-158.06490175228745
21.349294129927966,-158.06490816399696
21.349286850967204,-158.06491481188868
21.349280031666982,-158.06492103997053
21.349273212366384,-158.06492726805195
21.349265933404446,-158.06493391594213
21.349259114103095,-158.0649401440226
21.349251835140382,-158.06494679191175
21.349245015838264,-158.0649530199913
21.349238196535797,-158.06495924807038
21.349230917571894,-158.06496589595804
21.34922409826866,-158.06497212403616
21.349216819303972,-158.06497877192282
21.349209999999992,-158.06498499999998
21.349203631513355,-158.0649905089368
21.349197111662843,-158.06499614880735
21.349190846764294,-158.06500181431147
21.349184151498633,-158.0650081835836
21.349178016441304,-158.0650140199233
21.349170858874015,-158.0650208289858
21.349164163607234,-158.0650271982566
21.34915700603912,-158.0650340073181
21.349150870980388,-158.06503984365614
21.349144175712485,-158.06504621292555
21.349137018143175,-158.06505302198565
21.349130322874476,-158.06505939125412
21.349123725513373,-158.06506566738148
21.349117030243914,-158.0650720366491
21.34911033497407,-158.06507840591627
21.34910373761188,-158.06508468204225
21.349097042341302,-158.06509105130849
21.349089884769196,-158.06509786036514
21.349083189497815,-158.0651042296305
21.349076592134203,-158.0651105057546
21.349069896862066,-158.06511687501904
21.34906320158954,-158.0651232442831
21.34905604401543,-158.06513005333724
21.349049908951585,-158.06513588966894
21.349042751376686,-158.06514269872213
21.349036056102637,-158.0651490679843
21.349029360828172,-158.06515543724606
21.34902276346169,-158.0651617133665
21.349016068186494,-158.06516808262734
21.34900891060958,-158.06517489167805
21.349002215333606,-158.065181260938
21.348995617965656,-158.06518753705657
21.348988922688925,-158.06519390631559
21.34898222741178,-158.06520027557423
21.348975069832886,-158.06520708462244
21.348968934764915,-158.06521292094908
21.348961777185213,-158.0652197299964
21.348955081906556,-158.06522609925315
21.348948386627487,-158.0652324685095
21.348941789256692,-158.06523874462434
21.348935093976873,-158.0652451138798
21.348927936395185,-158.06525192292463
21.34892124111459,-158.06525829217912
21.34891464374232,-158.06526456829215
21.34890794846098,-158.06527093754576
21.348901253179243,-158.06527730679895
21.34889409559554,-158.06528411584128
21.34888796052343,-158.06528995216289
21.348880793565794,-158.06529674904078
21.34887408828952,-158.06530310733234
21.348867944806305,-158.0653089329018
21.348860777408856,-158.06531572939898
21.348854072131434,-158.0653220876892
21.34884736685365,-158.06532844597896
21.348840761248578,-158.06533470975316
21.348834055970045,-158.06534106804202
21.348826888570578,-158.06534786453676
21.348820183291238,-158.0653542228247
21.34881403980531,-158.0653600483908
21.348806872404662,-158.06536684488407
21.348800167124214,-158.06537320317068
21.34879402363725,-158.06537902873552
21.34878685623544,-158.0653858252273
21.34878015095383,-158.06539218351259
21.348772983551175,-158.0653989800034
21.348766840062854,-158.06540480556652
21.34876013478013,-158.06541116385046
21.348752967376303,-158.0654179603398
21.348746823886966,-158.0654237859017
21.348740118603118,-158.06543014418426
21.348732951198095,-158.06543694067216
21.348726245913458,-158.0654432989538
21.34871964030195,-158.0654495627197
21.348712935016557,-158.06545592100048
21.348706229730773,-158.0654622792808
21.348699062323753,-158.06546907576623
21.348692918831706,-158.06547490132473
21.348686213544777,-158.0654812596037
21.34867904613659,-158.06548805608767
21.348672902643504,-158.06549388164493
21.348665735234526,-158.0655006781279
21.348659029946074,-158.06550703640508
21.34865232465724,-158.0655133946818
21.348645719041834,-158.0655196584426
21.34863901375224,-158.06552601671845
21.34863230846229,-158.0655323749938
21.34862514105089,-158.06553917147386
21.348618997555093,-158.06554499702773
21.348611830142914,-158.06555179350678
21.348605124851414,-158.06555815178038
21.348598981354595,-158.065563977333
21.348591813941244,-158.0655707738106
21.348585108648624,-158.0655771320828
21.348578403355592,-158.0655834903546
21.348571797736263,-158.06558975411036
21.348565092442485,-158.06559611238123
21.348557925027134,-158.0656029088564
21.348551781527927,-158.06560873440606
21.348545076233027,-158.0656150926756
21.348537908816503,-158.06562188914924
21.348531203520807,-158.0656282474179
21.34852506002024,-158.06563407296593
21.348517892602526,-158.06564086943814
21.348511187305704,-158.0656472277054
21.34850401988717,-158.0656540241766
21.348497876385235,-158.06565984972295
21.34849117108728,-158.06566620798887
21.348484003667554,-158.0656730044586
21.348477860164607,-158.0656788300037
21.348471154865518,-158.06568518826828
21.34846398744462,-158.06569198473656
21.34845728214475,-158.06569834300024
21.348450676518983,-158.0657046067477
21.348443971218355,-158.06571096501045
21.348437265917354,-158.0657173232728
21.34843066029052,-158.0657235870189
21.348423954988764,-158.06572994528034
21.348417249686626,-158.0657363035413
21.348410082262536,-158.06574310000568
21.348403938755833,-158.06574892554616
21.348396772021758,-158.06575572020955
21.34839003745497,-158.06576204596732
21.348383302887804,-158.0657683717246
21.34837667321825,-158.06577459895112
21.348369938650343,-158.06578092470752
21.34836320408205,-158.06578725046347
21.348356007953182,-158.0657940097607
21.348349839842424,-158.06579980344364
21.348343105273003,-158.06580612919825
21.348335909142985,-158.06581288849407
21.3483291745728,-158.0658192142477
21.348323006460678,-158.065825007929
21.348315810329485,-158.06583176722333
21.34830907575816,-158.06583809297564
21.34830187962617,-158.06584485226895
21.348295145054067,-158.06585117802035
21.348288976940257,-158.0658569716995
21.34828178080708,-158.06586373099134
21.34827504623387,-158.0658700567414
21.34826831166027,-158.065876382491
21.34826168198469,-158.0658826097097
21.348254947410375,-158.06588893545836
21.348248212835642,-158.06589526120663
21.348241016700104,-158.0659020204955
21.348234848583573,-158.0659078141713
21.34822811400775,-158.06591413991822
21.348220917871014,-158.06592089920562
21.348214183294413,-158.06592722495162
21.348208015176535,-158.0659330186257
21.348200819038638,-158.06593977791167
21.348194084460918,-158.0659461036563
21.348187349882792,-158.0659524294005
21.348180720202986,-158.06595865661365
21.34817398562412,-158.06596498235695
21.348166789484257,-158.0659717416404
21.34816005490461,-158.0659780673828
21.348153886784054,-158.0659838610535
21.348146690643013,-158.0659906203355
21.34813995606224,-158.06599694607652
21.34813322148112,-158.0660032718171
21.34812602533885,-158.06601003109762
21.348119857216595,-158.0660158247662
21.348113122634327,-158.06602215050543
21.348105926490913,-158.06602890978448
21.348099191907863,-158.06603523552278
21.348093023784255,-158.0660410291897
21.348085827639665,-158.0660477884673
21.3480790930555,-158.06605411420426
21.34807235847096,-158.06606043994077
21.348065728785127,-158.06606666714606
21.34805899419986,-158.06607299288166
21.34805225961419,-158.0660793186168
21.34804506346721,-158.06608607789144
21.348038895340903,-158.066091871555
21.348031699193154,-158.06609863082863
21.34802496460597,-158.06610495656196
21.348018230018415,-158.06611128229486
21.348011600329755,-158.06611750949642
21.348004865741448,-158.0661238352284
21.347998131152778,-158.06613016095994
21.34799093500264,-158.06613692023066
21.347984766873633,-158.06614271389083
21.347978032283827,-158.06614903962102
21.34797083613253,-158.06615579889024
21.347964101541944,-158.06616212461947
21.347957366950986,-158.0661684503483
21.347950737259136,-158.06617467754572
21.347944002667425,-158.06618100327367
21.34793726807533,-158.06618732900114
21.347930071921663,-158.0661940882674
21.34792390378961,-158.06619988192378
21.34791716919641,-158.06620620764988
21.347909973041556,-158.0662129669147
21.347903238447568,-158.0662192926399
21.347896608752883,-158.0662255198336
21.347889874158152,-158.06623184555792
21.347883139563056,-158.06623817128175
21.347875943406226,-158.0662449305441
21.34786977527147,-158.0662507241971
21.347863040675247,-158.06625704991956
21.347855844517248,-158.06626380918044
21.347849109920244,-158.066270134902
21.347842941784148,-158.06627592855332
21.34783574562498,-158.0662826878127
21.347829011026846,-158.06628901353295
21.34782227642835,-158.06629533925272
21.34781564672942,-158.06630156644093
21.34780891213017,-158.06630789215984
21.347802177530536,-158.06631421787827
21.347794981368995,-158.0663209771347
21.347788246768587,-158.0663273028522
21.347782078629447,-158.06633309649973
21.347774882466727,-158.06633985575468
21.34776814786519,-158.06634618147086
21.34776095170167,-158.06635294072478
21.347754783561165,-158.06635873437062
21.347748048958522,-158.06636506008542
21.34774095302251,-158.0663719442182
21.34773487188149,-158.06637784787003
21.347727777216566,-158.0663847354634
21.347721145894102,-158.066391173237
21.347714601409134,-158.06639752670685
21.347707970085906,-158.06640396447955
21.347700875419353,-158.06641085207093
21.347694244095333,-158.06641728984272
21.34768769960885,-158.06642364331074
21.347681068284082,-158.06643008108162
21.347673973615855,-158.06643696867104
21.347667892471343,-158.0664428723187
21.347660797802327,-158.0664497599072
21.34765416647596,-158.06645619767627
21.347648085330402,-158.0664621013227
21.34764099066016,-158.06646898890975
21.34763435933265,-158.0664754266775
21.34762781484288,-158.0664817801414
21.3476211835146,-158.06648821790827
21.34761408884273,-158.06649510549332
21.347608007695076,-158.06650100913726
21.3476009130224,-158.06650789672133
21.347594281692523,-158.06651433448644
21.34758773720058,-158.06652068794756
21.34758110586994,-158.0665271257118
21.347574011195626,-158.06653401329388
21.347567930045873,-158.06653991693528
21.347560835370746,-158.06654680451646
21.347554204038556,-158.06655324227884
21.3475476595444,-158.06655959573723
21.347541028211428,-158.06656603349873
21.347533933534663,-158.06657292107792
21.347527302200884,-158.0665793588385
21.34752075770525,-158.06658571229505
21.347514126370694,-158.0665921500548
21.3475070316923,-158.066599037632
21.347500950539036,-158.0666049412692
21.347493855859824,-158.06661182884545
21.347487224523704,-158.06661826660334
21.347480680025875,-158.06662462005713
21.34747404868898,-158.06663105781416
21.34746695400813,-158.06663794538846
21.347460872852775,-158.06664384902314
21.347453778171126,-158.06665073659647
21.347447146832657,-158.0666571743517
21.347440602332632,-158.0666635278027
21.3474339709934,-158.06666996555703
21.34742733965377,-158.06667640331094
21.34742079515265,-158.0666827567606
21.347414163812257,-158.06668919451363
21.347407069127744,-158.06669608208352
21.347400987969255,-158.06670198571447
21.347393893283947,-158.06670887328343
21.347387261941975,-158.06671531103467
21.347380717438657,-158.06672166448155
21.347374086095922,-158.06672810223188
21.347366991408965,-158.06673498979887
21.347360360065423,-158.0667414275483
21.347353815560638,-158.0667477809933
21.347347184216314,-158.06675421874183
21.34734008952772,-158.06676110630687
21.347334008365724,-158.0667670099336
21.347326913676323,-158.06677389749768
21.347320282330436,-158.0667803352444
21.347313737823445,-158.06678668868668
21.347307106476798,-158.06679312643251
21.347300011785745,-158.06680001399462
21.347293930621653,-158.06680591761886
21.347286835929808,-158.06681280517998
21.347280204581583,-158.06681924292403
21.3472736600724,-158.06682559636351
21.34726702872339,-158.0668320341067
21.347259934029914,-158.06683892166583
21.34725385286372,-158.06684482528757
21.347246758169426,-158.0668517128458
21.34724012681886,-158.06685815058714
21.347233582307467,-158.0668645040239
21.34722695095614,-158.06687094176436
21.3472198562602,-158.06687782932062
21.347213775091927,-158.0668837329398
21.347207095642176,-158.06689011545996
21.34719994959516,-158.06689693915092
21.34719326606157,-158.0669033211915
21.347186120013724,-158.0669101448815
21.347179994829535,-158.06691599375816
21.347172848780893,-158.06692281744716
21.34716616524576,-158.0669291994859
21.347159019196287,-158.06693602317392
21.347152894010705,-158.06694187204894
21.34714574796047,-158.06694869573593
21.347139064423775,-158.0669550777729
21.34713191837271,-158.0669619014589
21.347125234835218,-158.0669682834949
21.347118647133872,-158.06697457401728
21.34711196359564,-158.0669809560524
21.347104817542952,-158.06698777973642
21.347098134003936,-158.0669941617706
21.34709200881523,-158.0670000106418
21.347084862761356,-158.06700683432442
21.34707817922118,-158.06701321635728
21.347071033166472,-158.06702004003884
21.34706434962551,-158.0670264220708
21.3470577619209,-158.06703271258897
21.34705107837919,-158.06703909462
21.34704393232286,-158.0670459182996
21.347037248780357,-158.06705230032972
21.347030661074285,-158.06705859084605
21.347023977531023,-158.06706497287527
21.3470168314731,-158.06707179655288
21.34701014792903,-158.0670781785812
21.347003001870284,-158.0670850022578
21.346996876676705,-158.06709085112308
21.346989730617167,-158.0670976747987
21.34698304707156,-158.0671040568252
21.346976363525567,-158.06711043885124
21.34696977581624,-158.0671167293634
21.346963092269483,-158.06712311138855
21.346955946207927,-158.0671299350617
21.346949262660374,-158.06713631708598
21.346942116597994,-158.06714314075813
21.346935991401303,-158.0671489896196
21.346928845338116,-158.06715581329078
21.346922161789045,-158.0671621953132
21.346915015725024,-158.0671690189834
21.346908890526976,-158.06717486784316
21.346901744462162,-158.0671816915124
21.346895060911546,-158.06718807353298
21.346887914845922,-158.06719489720118
21.346881789646467,-158.06720074605926
21.346875106094707,-158.0672071280785
21.346867960027872,-158.0672139517453
21.346861276475316,-158.06722033376363
21.346854134038274,-158.06722715879238
21.34684805908083,-158.06723306999183
21.346840971630055,-158.0672399663907
21.34683388417884,-158.06724686278906
21.34682726017875,-158.06725330822846
21.346820721768328,-158.06725967038457
21.346814097767453,-158.06726611582312
21.346807010314606,-158.06727301221952
21.346799922861308,-158.06727990861538
21.346793298859225,-158.0672863540525
21.346786760446943,-158.0672927162063
21.346780136444078,-158.06729916164255
21.346773048989146,-158.06730605803645
21.34676596153377,-158.06731295442987
21.346759886571693,-158.06731886562375
21.346752799115528,-158.06732576201617
21.34674617511067,-158.06733220745016
21.34673908765366,-158.06733910384156
21.346733012690162,-158.0673450150338
21.34672592523235,-158.06735191142423
21.346718837774098,-158.06735880781417
21.346712213767248,-158.06736525324587
21.34670512630816,-158.06737214963482
21.346699051342878,-158.0673780608249
21.346692103110957,-158.06738511670798
21.34668568952151,-158.06739164857933
21.346679214606535,-158.0673982429063
21.346672801016336,-158.06740477477675
21.346665861051367,-158.06741184272846
21.34665991250959,-158.0674179009724
21.346652972543783,-158.06742496892318
21.34664603257751,-158.06743203687344
21.34664008403462,-158.06743809511616
21.346633144067518,-158.06744516306549
21.3466267304746,-158.0674516949327
21.34662025555596,-158.06745828925574
21.346613841962288,-158.06746482112206
21.34660736704281,-158.06747141544426
21.346600953448405,-158.0674779473097
21.346594013478725,-158.06748501525618
21.346588064932952,-158.06749107349557
21.346581124962448,-158.0674981414411
21.346574711366475,-158.0675046733047
21.346568236444586,-158.06751126762427
21.346561822847864,-158.06751779948698
21.346554882875648,-158.0675248674306
21.346548934327675,-158.06753092566754
21.34654199435461,-158.0675379936102
21.34653558075637,-158.06754452547108
21.346529105832037,-158.06755111978802
21.34652269223302,-158.06755765164803
21.346516217307872,-158.0675642459641
21.34650927733269,-158.06757131390435
21.34650286373249,-158.067577845763
21.346496388806113,-158.06758444007775
21.346489975205166,-158.06759097193552
21.346483035228264,-158.06759803987381
21.346477086676288,-158.06760409810622
21.34647014669853,-158.0676111660436
21.346463733096048,-158.06761769789952
21.34645725816723,-158.06762429221166
21.34645084456399,-158.0676308240667
21.34644390458455,-158.06763789200212
21.34643795603036,-158.0676439502321
21.34643101605007,-158.0676510181666
21.346424602445303,-158.0676575500198
21.346418127514035,-158.06766414432934
21.346411713908516,-158.06767067618162
21.34640523897644,-158.0676772704903
21.346398825370144,-158.0676838023417
21.346391885387312,-158.0676908702733
21.346385410454005,-158.06769746458068
21.346378996846546,-158.0677039964307
21.346372056862407,-158.06771106436085
21.346366108304213,-158.06771712258634
21.346359168319236,-158.06772419051555
21.346352754710228,-158.06773072236376
21.346346279774494,-158.06773731666848
21.34633986616473,-158.06774384851582
21.346332926178043,-158.0677509164431
21.34632697761766,-158.06775697466608
21.346320037630132,-158.06776404259244
21.346313624018837,-158.06777057443796
21.346307149080662,-158.06777716874004
21.346300735468617,-158.06778370058464
21.34629426052962,-158.06779029488587
21.346287846916805,-158.0677968267296
21.34628090692673,-158.06780389465305
21.34627495836344,-158.0678099528728
21.34626801837253,-158.0678170207953
21.34626107838114,-158.06782408871737
21.346255129816758,-158.06783014693585
21.346248189824525,-158.06783721485692
21.346241776209006,-158.06784374669743
21.346235301266358,-158.0678503409947
21.346228887650067,-158.06785687283434
21.34622194765615,-158.06786394075348
21.34621599908957,-158.0678699989695
21.346209059094793,-158.06787706688772
21.346202645476986,-158.06788359872553
21.34619617053188,-158.0678901930202
21.34618975691331,-158.0678967248571
21.34618328196741,-158.0679033191509
21.346176868348067,-158.06790985098695
21.346169928350758,-158.06791691890223
21.346163979781256,-158.067922977115
21.346157039783108,-158.06793004502939
21.346150626162235,-158.0679365768636
21.346144151213885,-158.06794317115478
21.34613721121444,-158.0679502390677
21.3461307975924,-158.06795677090054
21.34612432264282,-158.06796336519037
21.346117909020023,-158.06796989702232
21.34611096901886,-158.0679769649333
21.34610502044607,-158.06798302314235
21.346098080444072,-158.06799009105242
21.346092131870563,-158.06799614926064
21.34608519186771,-158.06800321716975
21.34607877824263,-158.06800974899895
21.346072303289795,-158.06801634328534
21.34606588966394,-158.06802287511368
21.346058949659398,-158.06802994302083
21.346053001083693,-158.0680360012266
21.346046061078315,-158.06804306913284
21.3460396474509,-158.06804960095934
21.34603317249564,-158.06805619524312
21.346026758867506,-158.0680627270687
21.346019818860388,-158.06806979497304
21.3460133439039,-158.06807638925545
21.34600693027458,-158.06808292107968
21.345999990266172,-158.06808998898256
21.345994041687195,-158.06809604718458
21.345987101677938,-158.06810311508653
21.345981153098244,-158.06810917328775
21.345974213088155,-158.06811624118873
21.34596779945653,-158.06812277301026
21.3459613244968,-158.0681293672892
21.345954910864407,-158.06813589910985
21.345947970852635,-158.06814296700887
21.345942022270737,-158.06814902520765
21.345935082258105,-158.06815609310576
21.345928668624193,-158.06816262492455
21.345922193662002,-158.0681692192009
21.345915780027337,-158.06817575101877
21.345908840013,-158.06818281891498
21.345902891428917,-158.06818887711128
21.34589595141374,-158.06819594500652
21.345889011398103,-158.06820301290122
21.345883062812913,-158.0682090710963
21.345876122796433,-158.06821613899007
21.345870174210532,-158.06822219718433
21.3458632341932,-158.06822926507715
21.345856820555063,-158.06823579689097
21.3458503455884,-158.0682423911625
21.345843931949503,-158.0682489229754
21.345836991930486,-158.06825599086633
21.34583104334238,-158.06826204905815
21.34582410332252,-158.06826911694807
21.345817689682086,-158.06827564875917
21.345811214712977,-158.06828224302808
21.345804801071793,-158.0682887748383
21.34579786105022,-158.06829584272631
21.345791912459934,-158.06830190091563
21.345784972437517,-158.0683089688027
21.345778558794777,-158.06831550061113
21.345772083823253,-158.0683220948774
21.345765670179766,-158.0683286266849
21.345759172525135,-158.06833519672162
21.34575273819039,-158.06834170147178
21.345746238659228,-158.068348272131
21.345739804323728,-158.06835477688028
21.34573330479176,-158.06836134753866
21.345726870455522,-158.06836785228697
21.34572037092276,-158.0683744229445
21.345713936585756,-158.06838092769195
21.34570796710688,-158.06838696249363
21.345701002714428,-158.06839400309514
21.345695033234847,-158.06840003789603
21.345688068841568,-158.06840707849656
21.34568209936126,-158.06841311329666
21.34567513496714,-158.06842015389626
21.345669165486115,-158.06842618869553
21.345662731146138,-158.0684326934394
21.345656231609414,-158.06843926409263
21.34564979726869,-158.06844576883563
21.3456428328725,-158.06845280943287
21.345636863389693,-158.0684588442301
21.34562989899266,-158.06846588482637
21.34562392950912,-158.0684719196228
21.345617495166533,-158.06847842436355
21.34561099562703,-158.0684849950137
21.345604561283672,-158.06849149975358
21.345598135269544,-158.0684981466194
21.345591342239498,-158.06850537095525
21.345584083529044,-158.06851309053758
21.345577795251092,-158.06851977807153
21.345571002219653,-158.0685270024059
21.345563743507736,-158.06853472198657
21.345556950475313,-158.06854194631993
21.34555024110783,-158.0685492550915
21.345544025606937,-158.0685560270921
21.345537810105654,-158.06856279909226
21.3455311019464,-158.06857010785905
21.345524886444274,-158.0685768798583
21.3455181782841,-158.06858418862416
21.345511962781146,-158.06859096062254
21.345505747277784,-158.06859773262045
21.34549903911625,-158.06860504138493
21.345492357961017,-158.06861232072407
21.34548564979853,-158.06861962948756
21.345479434293487,-158.06862640148364
21.34547321878805,-158.06863317347927
21.345466510624195,-158.06864048224134
21.34546076076908,-158.06864674689413
21.345454545262438,-158.06865351888848
21.34544783709725,-158.06866082764915
21.345441621589767,-158.0686675996426
21.345435406081883,-158.0686743716356
21.3454291635666,-158.0686811730532
21.345422948057895,-158.06868794504535
21.345416732548827,-158.06869471703703
21.34541051703934,-158.0687014890283
21.345403808870998,-158.0687087977858
21.345397593360698,-158.06871556977617
21.345391843501364,-158.06872183442465
21.345385135331686,-158.06872914318078
21.345378919820163,-158.06873591516984
21.34537270430824,-158.06874268715845
21.345366488795925,-158.0687494591467
21.34535978062445,-158.0687567679009
21.345354030762813,-158.068763032547
21.345347815249273,-158.06876980453393
21.34534110707646,-158.0687771132868
21.34533489156211,-158.0687838852728
21.34532867604734,-158.06879065725838
21.345322460532206,-158.06879742924352
21.345316218009213,-158.06880423065357
21.345310002493235,-158.06881100263786
21.34530378697688,-158.0688177746217
21.345297078800925,-158.06882508337134
21.345290863283747,-158.06883185535426
21.34528464776614,-158.06883862733676
21.345278405240574,-158.06884542874434
21.34527222321412,-158.06885222366932
21.34526617779767,-158.06885917816027
21.345260132380794,-158.06886613265075
21.345254086963507,-158.06887308714087
21.345248041545798,-158.06888004163054
21.345241996127683,-158.06888699611977
21.34523595070914,-158.0688939506086
21.345229905290168,-158.06890090509702
21.345223859870803,-158.06890785958498
21.345217814451004,-158.06891481407254
21.34521176903079,-158.06892176855968
21.345205723610167,-158.06892872304638
21.34519967818911,-158.06893567753266
21.34519363276766,-158.06894263201855
21.34518805194082,-158.06894905204678
21.345182006518556,-158.06895600653183
21.345175961095848,-158.0689629610165
21.345169915672734,-158.0689699155007
21.34516387024922,-158.0689768699845
21.345157359282265,-158.06898436001524
21.345151313857844,-158.0689913144982
21.34514526843303,-158.0689982689807
21.345139223007784,-158.0690052234628
21.345133177582124,-158.06901217794444
21.345127132156044,-158.0690191324257
21.34512108672955,-158.06902608690652
21.34511504130265,-158.06903304138692
21.3451089958753,-158.0690399958669
21.345102950447554,-158.06904695034646
21.3450969050194,-158.06905390482558
21.345090859590808,-158.0690608593043
21.345085185700597,-158.069067784224
21.345078878988712,-158.06906113200867
21.34507206375888,-158.06905393044678
21.345066222132957,-158.06904775767987
21.34505991486307,-158.0690410928741
21.345054073236426,-158.06903492010795
21.345047258004897,-158.06902771854786
21.345040950733832,-158.06902105374343
21.34503510910608,-158.06901488097847
21.345028801834278,-158.0690082161749
21.34502245224474,-158.0690015066556
21.345016139479906,-158.06899483940856
21.345009678197474,-158.0689883705102
21.345003146598152,-158.0689818312129
21.34499668531499,-158.06897536231543
21.344990153714868,-158.06896882301902
21.344983157546295,-158.06896181860762
21.344977160830023,-158.06895581482686
21.344970164660648,-158.06894881041646
21.34496416794366,-158.06894280663647
21.344957171773455,-158.06893580222703
21.344950710487645,-158.06892933333276
21.344944178884724,-158.0689227940394
21.34493771759817,-158.06891632514603
21.34493118599444,-158.06890978585352
21.34492472470716,-158.06890331696104
21.344918193102647,-158.0688967776694
21.34491173181461,-158.06889030877784
21.34490520020931,-158.0688837694871
21.34489820403533,-158.06887676508194
21.344891742746146,-158.06887029619176
21.34488521113962,-158.06886375690232
21.34487874984969,-158.06885728801302
21.344872218242372,-158.0688507487245
21.344865756951712,-158.0688442798361
21.344859225343594,-158.0688377405484
21.344852764052174,-158.06883127166088
21.344846232443278,-158.06882473237408
21.34483977115111,-158.0688182634875
21.344833239541423,-158.06881172420154
21.344826778248507,-158.06880525531585
21.344819782069546,-158.06879825091647
21.34481325045864,-158.06879171163186
21.344806789164576,-158.06878524274754
21.34480025755289,-158.06877870346383
21.344793796258077,-158.0687722345804
21.344787264645596,-158.06876569529754
21.344780803350034,-158.068759226415
21.34477427173675,-158.068752687133
21.344767810440466,-158.06874621825142
21.344761278826375,-158.06873967897027
21.34475481752935,-158.06873321008953
21.344747821345788,-158.06872620569544
21.344741824616694,-158.0687202019295
21.34473482843232,-158.06871319753634
21.34472829681622,-158.0687066582574
21.3447218355173,-158.06870018937897
21.34471530390041,-158.0686936501009
21.344708842600745,-158.0686871812234
21.344702310983063,-158.0686806419462
21.34469584968264,-158.06867417306955
21.344688853495345,-158.06866716867978
21.344682856763008,-158.0686611649175
21.3446758624361,-158.06865416358806
21.344669226267307,-158.0686477309277
21.344662677741294,-158.06864138322322
21.344656041571746,-158.06863495056376
21.344648942119655,-158.06862806883007
21.34464285687469,-158.06862217020162
21.34463575742181,-158.0686152884689
21.34462912125069,-158.06860885581125
21.344622021796976,-158.0686019740795
21.344615936550586,-158.06859607545272
21.344608837096068,-158.06858919372198
21.344602200923365,-158.0685827610661
21.34459565239368,-158.06857641336623
21.344589016220215,-158.06856998071126
21.34458191676406,-158.06856309898245
21.344575831515584,-158.0685572003582
21.344568732058605,-158.06855031863037
21.344562095883592,-158.0685438859772
21.344554996425792,-158.06853700425037
21.344548911175906,-158.0685311056278
21.344541811717303,-158.06852422390193
21.344535175540706,-158.0685177912506
21.344528627007342,-158.0685114435553
21.344521990829964,-158.0685050109048
21.344514891369723,-158.06849812918094
21.344508255191563,-158.06849169653134
21.344501706656704,-158.06848534883795
21.34449507047777,-158.06847891618926
21.344487971015898,-158.06847203446733
21.344481885762498,-158.06846613584895
21.34447478629982,-158.06845925412802
21.34446815011931,-158.06845282148112
21.344461601582267,-158.06844647379043
21.344454965401,-158.06844004114444
21.34444786593667,-158.06843315942547
21.344441229754597,-158.0684267267804
21.344434681216075,-158.06842037909158
21.344428045033226,-158.06841394644738
21.34442094556726,-158.06840706473034
21.344414860310376,-158.0684011661162
21.344407760843627,-158.0683942844001
21.344401124659193,-158.0683878517577
21.34439402519158,-158.06838097004265
21.344387939933295,-158.06837507143018
21.34438084046489,-158.06836818971607
21.3443742042789,-158.06836175707548
21.34436765573671,-158.06835540939127
21.34436101954997,-158.06834897675157
21.344353920079904,-158.06834209503944
21.344347834819523,-158.06833619642947
21.344340735348677,-158.0683293147183
21.34433409916035,-158.0683228820804
21.34432699968868,-158.06831600037023
21.344320914426874,-158.06831010176194
21.344313814954386,-158.06830322005274
21.34430717876448,-158.06829678741664
