42.87718100033845,-112.44902636475251
42.877180000340054,-112.44902636648038
42.87717100035447,-112.44902638203112
42.87716200036891,-112.44902639758185
42.87715300038334,-112.44902641313259
42.87714400039777,-112.44902642868331
42.8771350004122,-112.44902644423404
42.87712600042663,-112.44902645978475
42.87711699951316,-112.44902647533706
42.8771079995276,-112.44902649088777
42.877098999542035,-112.44902650643847
42.87708999955647,-112.44902652198917
42.87708099957088,-112.44902653753986
42.87707199958532,-112.44902655309055
42.87706399959814,-112.44902656691339
42.87705499961257,-112.44902658246406
42.877045999627015,-112.44902659801474
42.87703699964143,-112.44902661356542
42.87702799965586,-112.44902662911608
42.87701899967029,-112.44902664466673
42.87700999968472,-112.4490266602174
42.877000999699156,-112.44902667576804
42.87699199971358,-112.44902669131869
42.87698299972801,-112.44902670686935
42.87697399974244,-112.44902672241999
42.876964999756865,-112.44902673797061
42.8769559997713,-112.44902675352125
42.87694699978572,-112.44902676907188
42.876937999800155,-112.44902678462249
42.876929100000005,-112.4490268
42.87692905727335,-112.44901399964402
42.87692901721777,-112.44900199989297
42.876928977160944,-112.44899000014196
42.87692893376463,-112.44897700041174
42.876928893705184,-112.44896500066079
42.8769288536445,-112.44895300090987
42.876928810243996,-112.44894000117971
42.87692877018069,-112.44892800142883
42.87692873011613,-112.44891600167796
42.87692869005031,-112.44890400192712
42.876928646644274,-112.44889100219709
42.87692860657585,-112.44887900244629
42.87692856650618,-112.44886700269552
42.87692852309594,-112.44885400296555
42.8769284830029,-112.44884199699644
42.876928442929355,-112.44882999724555
42.87692839951493,-112.44881699751545
42.876928359438786,-112.4488049977646
42.87692831936138,-112.44879299801379
42.876928275942774,-112.44877999828377
42.87692823586276,-112.448767998533
42.876928195781495,-112.44875599878226
42.8769281523587,-112.4487429990523
42.87692811227482,-112.44873099930162
42.87692807218969,-112.44871899955095
42.87692802876272,-112.44870599982107
42.87692798867497,-112.44869400007046
42.87692794858599,-112.44868200031986
42.876927905154815,-112.44866900059006
42.876927865063216,-112.44865700083952
42.87692782497036,-112.44864500108899
42.87692778153501,-112.44863200135929
42.876927741439545,-112.4486200016088
42.876927701342815,-112.44860800185833
42.8769276534653,-112.4485950023837
42.87692760913799,-112.44858300268868
42.876927561115316,-112.44857000301913
42.87692751678539,-112.44855800332418
42.87692746873448,-112.44854499677535
42.87692742440195,-112.44853299708026
42.87692737637363,-112.4485199974106
42.87692733203848,-112.44850799771555
42.87692728400733,-112.44849499804593
42.87692723966957,-112.44848299835095
42.8769271916356,-112.44846999868142
42.876927147295234,-112.44845799898647
42.876927099999996,-112.4484452
42.87692700960637,-112.44843299986746
42.87692692070339,-112.44842100109406
42.876926831799146,-112.44840900232073
42.876926735484815,-112.44839600364968
42.87692664657798,-112.44838400487646
42.87692655766989,-112.44837200610327
42.87692646865831,-112.44835999353336
42.87692637974771,-112.44834799476008
42.87692628342647,-112.44833499608912
42.87692619451327,-112.44832299731594
42.87692610559879,-112.44831099854285
42.87692601668308,-112.4482989997698
42.87692592035629,-112.44828600109904
42.876925831437966,-112.44827400232609
42.876925742518395,-112.4482620035532
42.87692565359756,-112.44825000478035
42.87692556467547,-112.44823800600757
42.876925468239534,-112.44822499353812
42.87692537931483,-112.44821299476523
42.87692529038888,-112.4482009959924
42.876925201461674,-112.44818899721963
42.876925324064686,-112.44817700634803
42.87692546079012,-112.44816400902621
42.87692558720294,-112.448151991914
42.87692571340846,-112.4481399943862
42.87692585012971,-112.44812699706435
42.87692597633264,-112.4481149995364
42.876926102534306,-112.4481030020084
42.876926228734725,-112.44809100448032
42.87692636545044,-112.44807800715813
42.87692649164825,-112.4480660096299
42.87692661805078,-112.44805399251885
42.876926744246084,-112.44804199499067
42.87692688095624,-112.44802899766839
42.87692700714894,-112.44801700014001
42.87692713334038,-112.44800500261161
42.87692725953057,-112.4479930050831
42.87692739623519,-112.44798000776049
42.87692752262872,-112.44796799065053
42.876927648815034,-112.447955993122
42.87692778551548,-112.44794299579932
42.87692791169919,-112.44793099827066
42.87692803788163,-112.4479190007419
42.87692816406285,-112.44790700321307
42.87692830075774,-112.44789400589009
42.876928426936345,-112.44788200836112
42.87692855331961,-112.44786999125232
42.87692867949569,-112.44785799372337
42.87692881618504,-112.44784499640029
42.876928942358525,-112.4478329988712
42.87692906853076,-112.44782100134205
42.87692919470173,-112.44780900381281
42.876929090472956,-112.44779699839567
42.876928976217876,-112.44778500042173
42.87692886196153,-112.44777300244785
42.87692874770394,-112.44776100447403
42.876928633445104,-112.44774900650029
42.87692851918501,-112.4477370085266
42.8769284047548,-112.44772499282215
42.87692829049219,-112.44771299484839
42.87692817622833,-112.44770099687472
42.87692806196323,-112.44768899890111
42.87692794769687,-112.44767700092757
42.87692783342924,-112.44766500295411
42.876927719160385,-112.44765300498071
42.876927604890255,-112.44764100700735
42.87692749045,-112.44762899130168
42.87692737617737,-112.44761699332827
42.87692726190348,-112.44760499535494
42.87692714762836,-112.44759299738166
42.87692703335197,-112.44758099940847
42.87692691907433,-112.44756900143534
42.87692680479544,-112.44755700346225
42.87692676823307,-112.44754400109692
42.87692673773321,-112.44753200124133
42.8769267072321,-112.44752000138575
42.87692667418783,-112.44750700154222
42.87692664368411,-112.44749500168668
42.876926613179144,-112.44748300183116
42.87692658013067,-112.44747000198768
42.87692654962309,-112.4474580021322
42.87692651911426,-112.44744600227672
42.87692648859213,-112.4474339976867
42.87692645553813,-112.44742099784311
42.87692642502543,-112.4474089979875
42.87692639451147,-112.44739699813191
42.87692636145327,-112.44738399828837
42.87692633093671,-112.44737199843281
42.8769263004189,-112.44735999857728
42.876926269899826,-112.44734799872177
42.87692623683609,-112.44733499887829
42.87692620631442,-112.4473229990228
42.876926175791475,-112.44731099916734
42.876926142723555,-112.44729799932395
42.87692611219801,-112.44728599946852
42.876926081671215,-112.4472739996131
42.876926051143165,-112.44726199975771
42.87692601806969,-112.4472489999144
42.87692598753904,-112.44723700005903
42.876925957007124,-112.4472250002037
42.87692592392947,-112.44721200036042
42.87692589339495,-112.44720000050513
42.87692586285917,-112.44718800064987
42.87692583232214,-112.4471760007946
42.87692600081584,-112.4471632989796
42.876925897715715,-112.44715099848707
42.87692599302393,-112.44713899989684
42.8769260883309,-112.4471270013065
42.876926183636606,-112.44711500271615
42.87692627894106,-112.44710300412574
42.87692637424427,-112.44709100553526
42.87692646954623,-112.44707900694475
42.87692656496439,-112.44706699356577
42.876926660263834,-112.44705499497535
42.876926755562025,-112.44704299638482
42.876926850858965,-112.44703099779427
42.87692694615465,-112.44701899920366
42.876927041449086,-112.447007000613
42.87692713674227,-112.44699500202229
42.8769272320342,-112.44698300343151
42.876927327324864,-112.44697100484068
42.876927422614294,-112.44695900624978
42.87692751801988,-112.44694699287238
42.87692762124732,-112.44693399439902
42.87692771653288,-112.44692199580815
42.87692781181718,-112.44690999721725
42.87692790710024,-112.44689799862626
42.87692799736835,-112.446886000043
42.87692789210148,-112.44687400176278
42.87692778683336,-112.44686200348264
42.87692767279149,-112.44684900534587
42.87692756752076,-112.44683700706587
42.87692746210545,-112.44682499245002
42.87692734805938,-112.44681199431325
42.87692724278479,-112.44679999603322
42.87692713750894,-112.44678799775326
42.87692703223184,-112.44677599947336
42.87692691818023,-112.44676300133688
42.87692681290052,-112.44675100305712
42.87692670761956,-112.4467390047774
42.87692659356378,-112.44672600664111
42.87692648813684,-112.44671399202382
42.87692638285202,-112.4467019937441
42.87692626879205,-112.44668899560781
42.876926163504606,-112.44667699732823
42.876926058215915,-112.44666499904869
42.87692594415176,-112.44665200091262
42.87692583886045,-112.44664000263322
42.87692573356791,-112.44662800435388
42.876925628274094,-112.4466160060746
42.8769255142044,-112.44660300793879
42.87692540876459,-112.44659099331996
42.87692530346691,-112.44657899504068
42.87692523828771,-112.44656599782711
42.87692517952559,-112.4465539983629
42.876925120762216,-112.44654199889874
42.87692505710047,-112.44652899947928
42.87692499833448,-112.44651700001519
42.876924934669916,-112.44650400059581
42.87692487590131,-112.4464920011318
42.87692481713146,-112.4464800016678
42.8769247534627,-112.44646700224854
42.876924694690246,-112.44645500278463
42.87692463591652,-112.44644300332077
42.87692457224359,-112.4464300039016
42.876924513467266,-112.44641800443779
42.87692445464501,-112.44640599585298
42.87692439096788,-112.44639299643373
42.876924332187684,-112.44638099696984
42.87692426850773,-112.44636799755067
42.876924209724926,-112.44635599808683
42.87692415094087,-112.44634399862305
42.876924087256725,-112.44633099920398
42.87692402847006,-112.44631899974028
42.876923969682146,-112.4463070002766
42.87692390599382,-112.44629400085763
42.87692384720329,-112.44628200139404
42.8769237884115,-112.44627000193046
42.87692372471899,-112.44625700251163
42.8769236659246,-112.44624500304812
42.876923602229255,-112.44623200362938
42.876923543432255,-112.44622000416592
42.87692348458929,-112.44620799557829
42.87692342088976,-112.44619499615945
42.8769233620889,-112.44618299669594
42.87692330328677,-112.44617099723244
42.876923239583064,-112.4461579978137
42.876923180778334,-112.44614599835027
42.87692312197235,-112.4461339988869
42.876923058264445,-112.44612099946828
42.87692299945586,-112.44610900000497
42.876922940646004,-112.44609700054168
42.87692287693392,-112.44608400112318
42.876922818121464,-112.44607200165999
42.87692275440655,-112.44605900224154
42.87692269559148,-112.44604700277841
42.87692263677516,-112.44603500331532
42.87692257305606,-112.446022003897
42.87692251423713,-112.44601000443397
42.87692271920484,-112.44599798742215
42.876923007555405,-112.44598600033845
42.87692331993377,-112.44597301433089
42.87692360935805,-112.44596098250193
42.876923897704756,-112.4459489954179
42.87692377768133,-112.44593600392666
42.876923663879616,-112.44592400593673
42.876923540593026,-112.44591100811435
42.876923426621204,-112.44589899246463
42.87692330333179,-112.44588599464224
42.87692318952485,-112.44587399665238
42.87692306623261,-112.4458609988301
42.87692295242307,-112.44584900084038
42.876922829128,-112.44583600301827
42.87692271531586,-112.44582400502868
42.876922592017955,-112.44581100720671
42.87692247803567,-112.44579899155573
42.87692235473493,-112.44578599373372
42.876922240917565,-112.44577399574422
42.87692211761401,-112.44576099792235
42.876922003794036,-112.44574899993299
42.87692197371836,-112.44573600010209
42.876921948686935,-112.44572400019932
42.87692192365427,-112.44571200029658
42.87692189653412,-112.44569900040196
42.87692187149884,-112.44568700049925
42.8769218464623,-112.44567500059654
42.876921819337966,-112.44566200070194
42.876921794298816,-112.44565000079929
42.876921769258416,-112.44563800089664
42.876921742129895,-112.4456250010021
42.87692171708688,-112.44561300109946
42.876921692042615,-112.44560100119685
42.876921664909915,-112.44558800130237
42.876921639863035,-112.44557600139979
42.87692161481491,-112.44556400149723
42.87692158976553,-112.44555200159468
42.87692156262729,-112.44553900170025
42.876921537575285,-112.44552700179774
42.87692151252204,-112.44551500189523
42.87692148537149,-112.44550199811286
42.876921460315636,-112.44548999821019
42.87692143525851,-112.44547799830752
42.8769214081119,-112.445464998413
42.876921383052185,-112.44545299851038
42.87692135799121,-112.44544099860778
42.876921330840396,-112.44542799871328
42.87692130577681,-112.4454159988107
42.87692128071197,-112.44540399890813
42.87692125355698,-112.44539099901371
42.87692122848953,-112.44537899911117
42.87692120342082,-112.44536699920866
42.876921176261654,-112.44535399931426
42.87692115119034,-112.44534199941177
42.876921126117765,-112.44532999950928
42.87692110104394,-112.44531799960683
42.87692104536081,-112.4453049996308
42.87692099290931,-112.44529300005772
42.87692093608546,-112.44528000052027
42.87692088363137,-112.44526800094725
42.876920826804685,-112.44525500140988
42.87692077434799,-112.44524300183691
42.87692072189003,-112.44523100226402
42.87692066505915,-112.44521800272672
42.87692061259858,-112.44520600315387
42.87692055576488,-112.44519300361664
42.876920503301704,-112.44518100404386
42.876920450801684,-112.44516899632974
42.87692039396379,-112.4451559967924
42.87692034149675,-112.4451439972195
42.87692028465604,-112.44513099768226
42.876920232186386,-112.44511899810944
42.87692017534284,-112.44510599857225
42.87692012287058,-112.4450939989995
42.876920070397055,-112.44508199942675
42.87692001354934,-112.44506899988967
42.8769199610732,-112.44505700031701
42.876919904222646,-112.44504400077997
42.8769198517439,-112.44503200120738
42.876919799263916,-112.44502000163482
42.87691974240917,-112.4450070020979
42.876919689926574,-112.44499500252539
42.876919633069,-112.44498200298854
42.876919580583795,-112.44497000341609
42.876919523723394,-112.44495700387932
42.87691947119993,-112.44494499616194
42.876919418710855,-112.4449329965894
42.87691936184628,-112.4449199970525
42.876919309354584,-112.44490799748003
42.87691925248717,-112.44489499794322
42.876919199999996,-112.444883
42.876919237443424,-112.4448710013798
42.87691927800966,-112.44485800161544
42.87691931545411,-112.44484600183296
42.876919352897296,-112.44483400205046
42.876919393459346,-112.44482100228606
42.87691943089993,-112.44480900250352
42.87691946833925,-112.44479700272093
42.87691950891524,-112.44478399714703
42.87691954635196,-112.44477199736461
42.87691958378742,-112.44475999758218
42.87691962434109,-112.44474699781783
42.876919661773954,-112.44473499803533
42.87691969920556,-112.44472299825281
42.87691973975504,-112.4447099984884
42.876919777184035,-112.44469799870586
42.876919814611774,-112.44468599892329
42.87691985515706,-112.44467299915878
42.8769198925822,-112.44466099937617
42.87691993000606,-112.44464899959353
42.87691997054718,-112.44463599982896
42.876920007968444,-112.44462400004628
42.87692004538846,-112.44461200026356
42.87692008592539,-112.44459900049893
42.87692012334279,-112.44458700071617
42.87692016075892,-112.4445750009334
42.87692020129167,-112.44456200116868
42.8769202387052,-112.44455000138586
42.87692027611748,-112.44453800160301
42.87692031664604,-112.44452500183823
42.87692035405571,-112.44451300205533
42.87692039146414,-112.44450100227243
42.876920431988516,-112.44448800250758
42.87692046939432,-112.44447600272461
42.87692050993396,-112.44446299715551
42.87692054733715,-112.4444509973727
42.876920584739096,-112.44443899758986
42.876920625256446,-112.44442599782509
42.87692066265578,-112.44441399804222
42.876920700053866,-112.44440199825932
42.87692074056702,-112.44438899849449
42.876920777962496,-112.44437699871153
42.87692081535671,-112.44436499892858
42.8769208558657,-112.44435199916366
42.87692089325729,-112.44433999938065
42.876920930647664,-112.44432799959762
42.87692097115245,-112.44431499983263
42.876921008540194,-112.44430300004956
42.87692104592668,-112.44429100026646
42.876921086427295,-112.4442780005014
42.87692112381117,-112.44426600071824
42.87692116119379,-112.44425400093508
42.87692120169022,-112.44424100116996
42.876921239070235,-112.44422900138674
42.876921276448996,-112.44421700160349
42.87692131694124,-112.4442040018383
42.87692135431738,-112.44419200205502
42.876921391692285,-112.44418000227172
42.87692143218034,-112.44416700250643
42.87692146955262,-112.44415500272308
42.87692150694171,-112.44414299714069
42.87692154742558,-112.44412999737555
42.876921584794005,-112.44411799759233
42.87692162216118,-112.4441059978091
42.87692166264086,-112.44409299804387
42.87692170000161,-112.44408099905229
42.87692172035835,-112.44406899911665
42.87692174071382,-112.44405699918102
42.876921762764184,-112.44404399925071
42.87692178311704,-112.44403199931504
42.876921803468655,-112.44401999937934
42.87692182381902,-112.44400799944364
42.87692184416813,-112.44399599950793
42.87692186621159,-112.44398299957759
42.87692188655808,-112.44397099964183
42.87692190690332,-112.4439589997061
42.87692192724732,-112.44394699977032
42.876921947590056,-112.44393499983457
42.8769219696266,-112.44392199990413
42.87692198996673,-112.44390999996834
42.87692201030561,-112.44389800003253
42.87692203064323,-112.44388600009671
42.87692205267424,-112.44387300016622
42.876922073009254,-112.44386100023038
42.876922093343005,-112.44384900029452
42.87692211367551,-112.44383700035866
42.87692213400676,-112.44382500042278
42.876922156030865,-112.44381200049223
42.87692217635951,-112.44380000055632
42.87692219668689,-112.44378800062039
42.87692221701303,-112.44377600068448
42.8769222373379,-112.44376400074854
42.87692225935512,-112.44375100081794
42.87692227967739,-112.44373900088195
42.876922299998405,-112.44372700094597
42.876922254203265,-112.44371499819373
42.876922204597534,-112.44370199854616
42.87692215880632,-112.44368999887152
42.87692210919777,-112.44367699922402
42.876922063403946,-112.44366499954943
42.87692201760888,-112.44365299987486
42.87692196799613,-112.44364000022746
42.87692192219845,-112.44362800055295
42.87692187258288,-112.4436150009056
42.87692182678258,-112.44360300123112
42.876921777164185,-112.44359000158384
42.87692173136128,-112.44357800190944
42.876921685557114,-112.44356600223509
42.876921635934536,-112.44355300258786
42.876921590127765,-112.44354100291356
42.87692154050235,-112.44352800326641
42.876921494665844,-112.44351599648348
42.87692144885521,-112.44350399680907
42.87692139925733,-112.44349099727627
42.876921355295465,-112.44347899757612
42.87692131133236,-112.44346699787599
42.87692126736799,-112.44345499817588
42.87692121973852,-112.44344199850079
42.87692117577156,-112.44342999880072
42.87692113180332,-112.44341799910069
42.87692108783385,-112.44340599940068
42.87692104019883,-112.4433929997257
42.87692099622674,-112.44338100002575
42.8769209522534,-112.44336900032582
42.87692090827879,-112.44335700062592
42.87692086063823,-112.44334400095104
42.876920816661034,-112.4433320012512
42.876920772682574,-112.44332000155137
42.876920728702856,-112.44330800185158
42.876920684721895,-112.44329600215183
42.876920637074434,-112.44328300247707
42.87692059309086,-112.44327100277737
42.87692054910603,-112.44325900307767
42.87692050511995,-112.443247003378
42.87692045744192,-112.44323399687745
42.87692041345322,-112.44322199717764
42.87692036946328,-112.44320999747785
42.87692032547207,-112.44319799777809
42.87692027781352,-112.4431849981034
42.8769202338197,-112.4431729984037
42.876920189824645,-112.44316099870402
42.87692014582832,-112.44314899900436
42.876920101830756,-112.44313699930473
42.87692007246021,-112.44312399970273
42.87692004602158,-112.4431119998112
42.87692001737834,-112.4430989999287
42.8769199909371,-112.4430870000372
42.87691996449463,-112.4430750001457
42.87691993584719,-112.44306200026325
42.87691990940209,-112.4430500003718
42.87691988295574,-112.44303800048036
42.87691985430412,-112.44302500059796
42.87691982785516,-112.44301300070654
42.876919799200714,-112.4430000008242
42.87691977274915,-112.44298800093281
42.87691974629633,-112.44297600104146
42.87691971763768,-112.44296300115916
42.87691969118226,-112.44295100126782
42.87691966472558,-112.4429390013765
42.876919636062745,-112.44292600149427
42.87691960960346,-112.44291400160297
42.87691958093781,-112.44290100172078
42.876919554475904,-112.44288900182951
42.87691952801274,-112.44287700193826
42.8769195,-112.4428643
42.87691953751359,-112.44285199737402
42.87691957410248,-112.44283999758187
42.87691961373905,-112.44282699780697
42.876919650325334,-112.44281499801478
42.87691968691037,-112.44280299822255
42.876919726542745,-112.44278999844761
42.87691976312517,-112.44277799865532
42.87691979970634,-112.44276599886302
42.87691983628627,-112.44275399907069
42.8769198759131,-112.44274099929567
42.87691991249041,-112.4427289995033
42.87691994906647,-112.44271699971092
42.87691998868912,-112.44270399993582
42.876920025262564,-112.44269200014338
42.87692006183476,-112.44268000035092
42.87692010145322,-112.44266700057575
42.876920138022804,-112.44265500078325
42.87692017459113,-112.44264300099074
42.87692021420541,-112.44263000121548
42.87692025077112,-112.44261800142291
42.876920287335594,-112.44260600163032
42.876920323898794,-112.44259400183773
42.87692036350753,-112.44258100206238
42.87692040006813,-112.44256900226974
42.87692043662748,-112.44255700247706
42.87692047623203,-112.44254400270165
42.87692051280605,-112.44253199723626
42.87692054936153,-112.44251999744371
42.87692058896189,-112.44250699766845
42.876920625514764,-112.44249499787585
42.87692066206638,-112.44248299808325
42.87692070166255,-112.4424699983079
42.87692073821157,-112.44245799851525
42.87692077475933,-112.44244599872258
42.87692081130582,-112.44243399892989
42.876920850896454,-112.44242099915444
42.87692088744034,-112.4424089993617
42.876920923982986,-112.44239699956894
42.87692096356943,-112.44238399979344
42.87692100010946,-112.44237200000063
42.87692103664823,-112.44236000020778
42.87692107623049,-112.4423470004322
42.87692111276666,-112.44233500063935
42.87692114930156,-112.44232300084646
42.87692118887964,-112.4423100010708
42.87692122541194,-112.44229800127785
42.87692126194299,-112.4422860014849
42.87692129847278,-112.44227400169191
42.876921338401566,-112.44226100193616
42.876921375270854,-112.44224900214704
42.87692141521118,-112.44223600237544
42.87692145207786,-112.44222400258627
42.87692148894329,-112.44221200279708
42.876921528897,-112.44219899730508
42.87692156575981,-112.44218699751603
42.87692160569311,-112.44217399774455
42.87692164255331,-112.44216199795545
42.87692167941226,-112.44214999816636
42.87692171934138,-112.44213699839479
42.87692175619773,-112.44212499860564
42.876921793052816,-112.44211299881647
42.87692183297776,-112.44209999904483
42.87692186983023,-112.4420879992556
42.87692190975233,-112.44207499948392
42.876921946602195,-112.44206299969466
42.876921983450806,-112.44205099990538
42.876922023368735,-112.44203800013362
42.87692206021473,-112.44202600034428
42.87692209705949,-112.44201400055493
42.87692213697322,-112.44200100078311
42.87692217381536,-112.44198900099373
42.87692221372626,-112.44197600122185
42.87692225056579,-112.4419640014324
42.87692228740407,-112.44195200164293
42.87692232731078,-112.441939001871
42.876922364146445,-112.4419270020815
42.87692240098087,-112.44191500229195
42.87692244088339,-112.44190200251994
42.876922477715205,-112.44189000273037
42.876922517632444,-112.44187699724317
42.876922554461636,-112.44186499745373
42.87692259128957,-112.44185299766428
42.87692263118509,-112.44183999789234
42.876922668010415,-112.44182799810287
42.876922704834485,-112.44181599831336
42.87692274472582,-112.44180299854135
42.87692278154728,-112.4417909987518
42.87692282143578,-112.44177799897976
42.87692285825464,-112.44176599919014
42.87692289507223,-112.44175399940052
42.87692293495655,-112.4417409996284
42.87692297177154,-112.44172899983873
42.876923011653034,-112.44171600006658
42.8769230484654,-112.44170400027686
42.87692308527652,-112.44169200048712
42.87692312515383,-112.44167900071488
42.876923161962345,-112.4416670009251
42.8769231987696,-112.4416550011353
42.87692317966658,-112.4416419994601
42.876923160301054,-112.44162999951827
42.87692313932031,-112.44161699958129
42.876923119952174,-112.44160499963947
42.876923100582786,-112.44159299969768
42.87692307959786,-112.44157999976073
42.876923060225856,-112.44156799981896
42.87692304085261,-112.4415559998772
42.87692301986349,-112.44154299994028
42.87692300048763,-112.44153099999853
42.8769229794957,-112.44151800006165
42.87692296011721,-112.44150600011993
42.87692294073749,-112.44149400017824
42.87692291974137,-112.44148100024138
42.87692290035903,-112.4414690002997
42.87692287936007,-112.4414560003629
42.87692285997512,-112.44144400042121
42.87692284058892,-112.44143200047958
42.87692281958579,-112.4414190005428
42.87692280019697,-112.44140700060117
42.8769227808069,-112.44139500065954
42.876922759799584,-112.44138200072283
42.876922740406904,-112.44137000078123
42.876922719396745,-112.44135700084452
42.876922700001465,-112.44134500090296
42.876922726617515,-112.44133299887095
42.87692275544877,-112.44131999899008
42.87692278206092,-112.44130799910003
42.87692280867183,-112.44129599920994
42.876922837498896,-112.44128299932902
42.87692286410719,-112.44127099943891
42.87692289071424,-112.4412589995488
42.87692291732002,-112.44124699965866
42.87692294614154,-112.44123399977765
42.87692297274473,-112.44122199988749
42.876922999346654,-112.44120999999731
42.876923028163986,-112.44119700011626
42.8769230547633,-112.44118500022604
42.87692308136136,-112.44117300033581
42.876923110174516,-112.4411600004547
42.87692313676996,-112.44114800056444
42.87692316336416,-112.44113600067416
42.87692319217313,-112.44112300079301
42.876923218764716,-112.44111100090271
42.87692324535505,-112.44109900101236
42.87692327194413,-112.44108700112204
42.876923300747556,-112.4410740012408
42.87692332733402,-112.44106200135045
42.87692335391923,-112.44105000146006
42.876923382718466,-112.44103700157876
42.87692340930108,-112.44102500168835
42.87692343588243,-112.4410130017979
42.876923464677475,-112.44100000191659
42.87692349125622,-112.44098800202612
42.87692351784285,-112.44097599801151
42.87692354441908,-112.4409639981212
42.87692357320858,-112.44095099824001
42.87692359978221,-112.44093899834968
42.87692356322187,-112.44092700251427
42.87692352303491,-112.4409140027457
42.87692348592015,-112.44090199720264
42.876923445730355,-112.44088899743392
42.87692340863077,-112.44087699764744
42.87692337152995,-112.44086499786096
42.87692333133597,-112.4408519980923
42.87692329423253,-112.44083999830586
42.87692325712784,-112.44082799851945
42.87692321692967,-112.4408149987509
42.87692317982237,-112.44080299896453
42.876923142713814,-112.44079099917818
42.87692310251146,-112.44077799940965
42.8769230654003,-112.44076599962337
42.87692302519512,-112.4407529998549
42.87692298808133,-112.44074100006866
42.8769229509663,-112.44072900028242
42.876922910756946,-112.44071600051403
42.876922873639295,-112.44070400072783
42.8769228365204,-112.44069200094168
42.87692279630686,-112.44067900117336
42.87692275918535,-112.44066700138724
42.87692272206258,-112.44065500160116
42.87692268184485,-112.44064200183288
42.87692264471948,-112.44063000204684
42.876922604498915,-112.44061700227866
42.87692256737093,-112.44060500249266
42.8769225302417,-112.44059300270668
42.87692248999912,-112.44057999717661
42.87692245286727,-112.44056799739047
42.876922415734164,-112.44055599760436
42.87692237550524,-112.44054299783612
42.876922338369525,-112.44053099805004
42.87692230123256,-112.440518998264
42.87692209847841,-112.44050599706775
42.87692190668777,-112.44049400277844
42.876921714895886,-112.44048200848924
42.876921523102745,-112.44047001420017
42.876921314849525,-112.44045699062491
42.87692112305377,-112.44044499633587
42.876920931256755,-112.44043300204696
42.876920723475266,-112.44042000823409
42.87692053167566,-112.44040801394539
42.87692033939884,-112.4403959898936
42.87692014759673,-112.44038399560493
42.87691993980969,-112.44037100179234
42.87691974800496,-112.44035900750389
42.876919556198985,-112.44034701321559
42.876919363915775,-112.44033498916319
42.876919156123186,-112.44032199535086
42.876918964313354,-112.4403100010627
42.87691877250226,-112.44029800677464
42.87691858068991,-112.44028601248671
42.87691837241578,-112.44027298890968
42.876918180600825,-112.4402609946218
42.87691798878462,-112.44024900033399
42.87691778098231,-112.44023600652233
42.8769175891635,-112.44022401223478
42.876917396867384,-112.44021198818115
42.87691720504605,-112.44019999389361
42.876916997238204,-112.44018700008225
42.87691680541427,-112.44017500579494
42.87691661358909,-112.44016301150775
42.87691642128658,-112.44015098745352
42.87691621347319,-112.44013799364244
42.876916021644135,-112.4401259993554
42.87691582981384,-112.44011400506848
42.876915637982286,-112.44010201078166
42.87691542968725,-112.44008898720291
42.87691523785309,-112.44007699291613
42.87691504601767,-112.44006499862947
42.87691483819455,-112.44005200481902
42.87691464635654,-112.44004001053261
42.87691445404112,-112.44002798647715
42.876914262200586,-112.44001599219074
42.87691405437193,-112.4400029983806
42.876913862528795,-112.43999100409444
42.8769136706844,-112.43997900980838
42.87691347836259,-112.43996698575229
42.87691327052839,-112.43995399194243
42.87691307868013,-112.43994199765653
42.87691288683064,-112.43993000337075
42.87691269497987,-112.43991800908508
42.87691248666393,-112.43990498550455
42.876912294810566,-112.43989299121891
42.87691210295595,-112.43988099693338
42.87691189511202,-112.4398680031242
42.87691170325479,-112.4398560088389
42.87691151139631,-112.4398440145537
42.87691131906033,-112.4398319904963
42.87691111121087,-112.43981899668739
42.87691091934853,-112.43980700240236
42.87691072748493,-112.43979500811744
42.876910535620084,-112.43978301383264
42.87691032728882,-112.43976999025087
42.876910135421355,-112.4397579959661
42.87690994355263,-112.43974600168146
42.876909751682675,-112.43973400739691
42.87690954382213,-112.43972101358878
42.87690935147325,-112.43970898953013
42.87690915959943,-112.43969699524574
42.876908951734706,-112.43968400143777
42.87690875985826,-112.4396720071536
42.87690856798057,-112.43966001286957
42.8769083756253,-112.43964798881032
42.87690816775502,-112.43963499500262
42.876907975873465,-112.43962300071873
42.876907783990674,-112.43961100643494
42.876907592106605,-112.43959901215126
42.876907383754435,-112.43958598856777
42.87690719186777,-112.43957399428412
42.87690699997985,-112.4395620000006
42.87690680809068,-112.4395500057172
42.87690680232706,-112.43953699993149
42.876906804559766,-112.43952499993232
42.876906806791204,-112.43951299993313
42.876906809207185,-112.439499999934
42.876906811436015,-112.4394879999348
42.87690681366359,-112.43947599993562
42.87690681607539,-112.43946299993648
42.87690681830028,-112.43945100028246
42.876906820524,-112.43943900028306
42.876906822746456,-112.43942700028367
42.8769068251527,-112.43941400028432
42.87690682737255,-112.43940200028493
42.87690682959114,-112.43939000028553
42.87690683199321,-112.43937700028617
42.87690683420919,-112.43936500028678
42.87690683642393,-112.43935300028738
42.8769068388218,-112.43934000028803
42.87690684103392,-112.43932800028864
42.87690684324478,-112.43931600028922
42.8769068454544,-112.43930400028982
42.87690684784673,-112.43929100029045
42.87690685005374,-112.43927900029104
42.87690685225949,-112.43926700029164
42.87690685464764,-112.43925400029227
42.87690685685078,-112.43924200029285
42.87690685905267,-112.43923000029343
42.876906861253296,-112.43921800029402
42.8769068636359,-112.43920500029466
42.876906865833924,-112.43919300029525
42.87690686803069,-112.43918100029583
42.876906870409044,-112.43916800063703
42.87690687260321,-112.43915600063741
42.87690687479611,-112.4391440006378
42.87690687717034,-112.4391310006382
42.87690687936065,-112.43911900063858
42.87690688154967,-112.43910700063897
42.876906883737455,-112.43909500063934
42.87690688610615,-112.43908200063973
42.87690688829133,-112.43907000064011
42.87690689047526,-112.4390580006405
42.87690689283976,-112.43904500064087
42.87690689502107,-112.43903300064126
42.87690689720113,-112.43902100064163
42.87690689937993,-112.43900900064199
42.87690690173889,-112.4389960006424
42.87690690391509,-112.43898400064276
42.876906906090035,-112.43897200064313
42.87690690844481,-112.43895900064351
42.87690691061714,-112.43894700064386
42.876906912788215,-112.43893500064425
42.876906915138804,-112.43892200064462
42.876906917307274,-112.43891000064498
42.87690691947448,-112.43889800064534
42.87690692164039,-112.43888600098171
42.87690692398543,-112.43887300098187
42.87690692614878,-112.43886100098203
42.87690692831088,-112.43884900098219
42.876906930651735,-112.43883600098233
42.87690693281122,-112.4388240009825
42.87690693496946,-112.43881200098267
42.876906937126435,-112.43880000098281
42.876906939461755,-112.43878700098298
42.87690694161612,-112.43877500098313
42.876906943769235,-112.43876300098327
42.87690694610036,-112.43875000098342
42.87690694825088,-112.43873800098356
42.87690695040012,-112.43872600098372
42.87690695272706,-112.43871300098388
42.876906954873704,-112.43870100098401
42.876906957019095,-112.43868900098416
42.87690695916323,-112.43867700098428
42.87690696148463,-112.43866400098445
42.876906963626155,-112.43865200098458
42.876906965766416,-112.4386400009847
42.87690696808364,-112.43862700098485
42.87690697022129,-112.43861500098498
42.876906972357695,-112.43860300098513
42.87690697467067,-112.43859000131648
42.87690697680446,-112.4385780013164
42.876906978937015,-112.43856600131632
42.8769069810683,-112.43855400131625
42.876906983375775,-112.43854100131618
42.87690698550446,-112.43852900131611
42.876906987631884,-112.43851700131604
42.87690698993518,-112.43850400131595
42.876906992059986,-112.43849200131588
42.876906994183564,-112.43848000131581
42.87690699630586,-112.43846800131573
42.876906998603616,-112.43845500131565
42.87690700072332,-112.43844300131558
42.87690700284177,-112.43843100131548
42.87690700513533,-112.43841800131538
42.87690700725117,-112.43840600131531
42.87690700936575,-112.43839400131523
42.87690701165512,-112.43838100131514
42.8769070137671,-112.43836900131504
42.87690701587781,-112.43835700131496
42.87690701798728,-112.43834500131486
42.87690702027111,-112.43833200131476
42.87690702237797,-112.43832000131466
42.87690702448351,-112.43830800164122
42.87690702676316,-112.43829500164091
42.87690702886616,-112.4382830016406
42.876907030967885,-112.43827100164032
42.87690703306837,-112.43825900164002
42.87690703534248,-112.43824600163971
42.876907037440354,-112.4382340016394
42.87690703953697,-112.4382220016391
42.87690704180689,-112.4382090016388
42.8769070439009,-112.43819700163849
42.876907045993654,-112.43818500163819
42.87690704825939,-112.43817200163787
42.87690705034953,-112.43816000163754
42.87690705243842,-112.43814800163724
42.876907054526065,-112.43813600163695
42.876907056786244,-112.43812300163661
42.87690705887128,-112.4381110016363
42.87690706095505,-112.43809900163598
42.87690706321106,-112.43808600163565
42.87690706529222,-112.43807400163534
42.87690706737213,-112.43806200163502
42.87690706945078,-112.43805000163472
42.87690707170124,-112.43803700163437
42.87690707377724,-112.43802500195609
42.876907075852024,-112.4380130019556
42.87690707809831,-112.43800000195505
42.87690708017049,-112.43798800195452
42.87690708224141,-112.43797600195401
42.87690708448351,-112.43796300195345
42.876907086551824,-112.43795100195292
42.876907088618886,-112.4379390019524
42.8769070906847,-112.43792700195188
42.87690709292125,-112.43791400195133
42.87690709498444,-112.43790200195077
42.87690709704639,-112.43789000195025
42.87690709927876,-112.4378770019497
42.8769041231182,-112.43786319715358
42.87690096776796,-112.43785301860623
42.87689415268059,-112.4378437871558
42.87688728102755,-112.43783460823383
42.87688000655563,-112.43782698830982
42.87687311608296,-112.43781979299729
42.87686587193665,-112.43781222836654
42.876858981462476,-112.43780503305669
42.876851106633936,-112.43779680984701
42.87684421615816,-112.43778961453995
42.87683697200867,-112.43778204991504
42.87683008153138,-112.43777485461065
42.876822837380324,-112.43776728998859
42.87681594690153,-112.43776009468688
42.87680807206772,-112.43775187148654
42.876801181587325,-112.43774467618762
42.87679393743307,-112.43773711157138
42.87678704695118,-112.43772991627515
42.87677980279535,-112.43772235166176
42.87677291231195,-112.43771515636821
42.876765668154576,-112.43770759175769
42.876758146987854,-112.43769973788642
42.87675090282883,-112.43769217327885
42.87674401234233,-112.43768497799077
42.87673712185506,-112.43767778270399
42.87672987769372,-112.43767021810066
42.87672298720494,-112.43766302281658
42.87671513325347,-112.43765478791487
42.87670877831372,-112.43764735283408
42.876701847035285,-112.43763924345743
42.87669491575594,-112.43763113408218
42.87668798447568,-112.43762302470839
42.87668105319451,-112.43761491533601
42.87667412191245,-112.43760680596507
42.8766677669679,-112.43759937089219
42.87666083568409,-112.437591261524
42.87665390439939,-112.43758315215726
42.87664697311377,-112.43757504279192
42.87664004182726,-112.43756693342804
42.876633110539814,-112.43755882406555
42.87662675559048,-112.43755138900056
42.876619824301336,-112.43754327964088
42.87661289301127,-112.43753517028259
42.8766059617203,-112.43752706092575
42.87659903042842,-112.43751895157033
42.876592099135635,-112.43751084221633
42.876585744181504,-112.43750340715924
42.87657881288698,-112.437495297808
42.876571881591566,-112.4374871884582
42.87656495029524,-112.43747907910982
42.87655801899801,-112.43747096976287
42.87655108769986,-112.43746286041736
42.87654473274094,-112.43745542536819
42.87653780144107,-112.43744731602541
42.87653087014029,-112.4374392066841
42.876523938838616,-112.43743109734419
42.87651700753601,-112.4374229880057
42.87651007623251,-112.43741487866866
42.87650372126879,-112.4374074436274
42.876496789963575,-112.43739933429312
42.87648985865744,-112.43739122496025
42.8764829273504,-112.43738311562882
42.87647599604245,-112.43737500629882
42.876469064733584,-112.43736689697025
42.87646270976508,-112.4373594619369
42.8764557784545,-112.43735135261109
42.87644884714302,-112.4373432432867
42.87644191583062,-112.43733513396374
42.87643498451731,-112.4373270246422
42.87642862954481,-112.43731958961543
42.876421698229784,-112.43731148029666
42.876414766913854,-112.43730337097931
42.876407835597,-112.43729526166341
42.87640090427925,-112.43728715234893
42.87639397296059,-112.43727904303587
42.8763876179833,-112.437271608017
42.87638104877844,-112.43726392236432
42.87637411745718,-112.43725581305536
42.876367186135006,-112.43724770374783
42.876360254811935,-112.43723959444173
42.87635332348794,-112.43723148513705
42.87634696850589,-112.437224050126
42.876340037180185,-112.43721594082407
42.876333105853554,-112.4372078315236
42.87632617452603,-112.43719972222453
42.87631924319759,-112.43719161292691
42.876312311868254,-112.4371835036307
42.8763059568814,-112.43717606862756
42.876299025550324,-112.4371679593341
42.87629209421836,-112.4371598500421
42.87628516288547,-112.4371517407515
42.87627823155169,-112.43714363146236
42.87627130021698,-112.43713552217463
42.87626494522534,-112.43712808717937
42.8762580138889,-112.4371199778944
42.87625108255157,-112.43711186861086
42.876244151213335,-112.43710375932875
42.876237219874184,-112.43709565004808
42.87623028853413,-112.43708754076881
42.87622393353769,-112.43708010578148
42.876217002195915,-112.43707199650498
42.87621007085322,-112.43706388722993
42.87620313950963,-112.43705577795629
42.87619620816512,-112.43704766868407
42.87618927681971,-112.4370395594133
42.87618292181848,-112.43703212443387
42.876175990471346,-112.43702401516585
42.87616905912329,-112.43701590589924
42.876162127774336,-112.43700779663408
42.87615519642447,-112.43699968737035
42.87614826507372,-112.43699157810804
42.87614191006768,-112.43698414313651
42.87613497871519,-112.43697603387697
42.87612804736179,-112.43696792461884
42.876121116007475,-112.43695981536217
42.876114184652266,-112.4369517061069
42.87610725329613,-112.43694359685304
42.876100898285316,-112.43693616188945
42.87609396692746,-112.43692805263836
42.8760870355687,-112.43691994338872
42.87608010420905,-112.4369118341405
42.876073172848464,-112.43690372489371
42.87606624148698,-112.43689561564837
42.87605988647137,-112.43688818069266
42.876052955108165,-112.43688007145005
42.876046023744045,-112.43687196220888
42.876039092379024,-112.43686385296914
42.87603216101309,-112.43685574373082
42.87602522964625,-112.43684763449392
42.87601887462584,-112.43684019954613
42.87601194325728,-112.436832090312
42.87600501188781,-112.43682398107929
42.875998080517434,-112.43681587184803
42.87599114914614,-112.43680776261819
42.87598421777395,-112.43679965338977
42.875977862748755,-112.43679221844988
42.87597093137484,-112.43678410922422
42.875964,-112.436776
42.87595705390186,-112.43676791378266
42.875950107802815,-112.43675982756675
42.87594316170286,-112.43675174135227
42.875936794372144,-112.43674432890687
42.875929848270474,-112.43673624269516
42.87592290216792,-112.4367281564849
42.87591595606443,-112.43672007027604
42.87590900996007,-112.43671198406862
42.87590206385479,-112.43670389786266
42.87589569651931,-112.43669648542516
42.875888750412315,-112.43668839922195
42.87588180430441,-112.43668031302015
42.87587485819563,-112.4366722268198
42.87586791208592,-112.43666414062086
42.87586132781442,-112.4366564756522
42.875854960474214,-112.43664906322256
42.87584801436191,-112.43664097702772
42.87584106824873,-112.43663289083435
42.875834122134634,-112.43662480464238
42.875827176019634,-112.43661671845186
42.87582022990374,-112.43660863226275
42.87581328378694,-112.43660054607508
42.87580691644114,-112.43659313365468
42.87579997032262,-112.43658504746978
42.87579302420321,-112.43657696128632
42.87578607808289,-112.43656887510427
42.87577913196166,-112.43656078892367
42.87577218583954,-112.43655270274448
42.875765818488965,-112.43654529033199
42.87575887236513,-112.4365372041556
42.875751926240376,-112.43652911798061
42.87574498011473,-112.43652103180706
42.87573803398818,-112.43651294563493
42.87573108786072,-112.43650485946425
42.875724720505396,-112.4364974470597
42.875717774376234,-112.43648936089178
42.875710828246156,-112.43648127472528
42.87570388211519,-112.43647318856021
42.875696935983306,-112.43646510239658
42.87568998985052,-112.43645701623439
42.87568304371683,-112.43644893007362
42.875676676355944,-112.43644151767832
42.87566973022054,-112.4364334315203
42.8756631459242,-112.43642576658986
42.87565619978703,-112.43641768043464
42.87564925364895,-112.43640959428083
42.87564230750997,-112.43640150812847
42.87563594014433,-112.43639409574098
42.87562899400363,-112.43638600959137
42.875622047862045,-112.4363779234432
42.875615101719546,-112.43636983729647
42.87560815557614,-112.43636175115114
42.87560120943183,-112.43635366500725
42.87559484206143,-112.4363462526277
42.87558789591541,-112.43633816648658
42.87558094976848,-112.43633008034689
42.87557400362066,-112.43632199420864
42.875567057471926,-112.43631390807181
42.875560111322294,-112.43630582193643
42.87555316517175,-112.43629773580247
42.875546797795785,-112.43629032343216
42.875539851643545,-112.43628223730097
42.87553290549038,-112.4362741511712
42.875525959336336,-112.43626606504287
42.87551901318138,-112.43625797891595
42.87551206702551,-112.4362498927905
42.87550569964476,-112.4362424804281
42.8754987534872,-112.4362343943054
42.87549180732872,-112.43622630818412
42.87548486116933,-112.43621822206428
42.87547791500906,-112.43621013594587
42.87547133068864,-112.4362024710524
42.87546496330315,-112.43619505869783
42.87545801714029,-112.43618697258353
42.87545107097651,-112.43617888647064
42.87544412481184,-112.4361708003592
42.87543717864626,-112.43616271424918
42.87543023247978,-112.4361546281406
42.87542328631239,-112.43614654203346
42.87541691892133,-112.43613912968814
42.875409972752244,-112.43613104358376
42.87540302658223,-112.43612295748079
42.87539608041133,-112.43611487137927
42.87538913423952,-112.43610678527916
42.8753821880668,-112.4360986991805
42.87537582067099,-112.43609128684314
42.87536887449656,-112.43608320074722
42.87536192832124,-112.43607511465275
42.87535498214499,-112.43606702855972
42.87534803596786,-112.43605894246811
42.87534108978983,-112.43605085637795
42.87533472238924,-112.43604344404847
42.875327776209495,-112.43603535796106
42.87532083002884,-112.43602727187508
42.875313883847284,-112.43601918579054
42.87530693766482,-112.43601109970741
42.875299991481455,-112.43600301362574
42.875293045297184,-112.43599492754548
42.87528667789103,-112.43598751522526
42.87527973170505,-112.43597942914778
42.875273147359785,-112.43597176429252
42.87526620117203,-112.4359636782178
42.87525925498337,-112.43595559214451
42.875252308793804,-112.43594750607265
42.87524594138291,-112.43594009376027
42.87523899519163,-112.43593200769116
42.87523204899945,-112.4359239216235
42.87522510280637,-112.43591583555728
42.8752182,-112.4359078
42.875211142226554,-112.43589976731283
42.87520413030615,-112.43589178681498
42.875197708123515,-112.43588447751928
42.87519069620146,-112.43587649702421
42.87518404474744,-112.43586892679176
42.875177032823636,-112.43586094629946
42.87517002089894,-112.43585296580864
42.87516300897339,-112.43584498531925
42.87515599704694,-112.4358370048313
42.875148985119615,-112.4358290243448
42.87514233366053,-112.43582145412034
42.87513591147095,-112.43581414483646
42.8751288995411,-112.4358061643541
42.87512188761038,-112.43579818387317
42.87511487567879,-112.43579020339368
42.87510786374631,-112.43578222291565
42.875100851812945,-112.43577424243907
42.875094200347995,-112.43576667222385
42.875087188412905,-112.43575869175005
42.875080176476935,-112.43575071127769
42.87507375428037,-112.43574340200573
42.87506674234275,-112.43573542153617
42.87505973040422,-112.43572744106801
42.8750530789343,-112.43571987086075
42.87504606699404,-112.4357118903954
42.87503905505291,-112.43570390993152
42.87503204311089,-112.43569592946905
42.87502503116801,-112.43568794900806
42.87501801922424,-112.43567996854847
42.87501195749035,-112.43567306954729
42.875004945544944,-112.43566508909042
42.87499793359866,-112.43565710863498
42.874990921651474,-112.43564912818098
42.87498390970343,-112.43564114772845
42.87497689775449,-112.43563316727733
42.87496988580469,-112.43562518682768
42.874963234323836,-112.43561761663769
42.87495622237229,-112.4356096361908
42.874949800161815,-112.43560232694257
42.874942788208614,-112.43559434649849
42.87493577625453,-112.43558636605586
42.87492876429956,-112.43557838561466
42.87492211281371,-112.43557081543257
42.87491510085701,-112.43556283499417
42.87490808889943,-112.4355548545572
42.87490107694097,-112.43554687412168
42.87489406498163,-112.4355388936876
42.874887642764186,-112.43553158445128
42.87488099127336,-112.43552401427714
42.8748739793115,-112.4355160338472
42.874866967348765,-112.43550805341869
42.87485997879086,-112.43550003373265
42.87485304942305,-112.43549192139379
42.874846120054336,-112.43548380905635
42.8748391906847,-112.43547569672033
42.87483283732477,-112.43546825873128
42.87482590795341,-112.43546014639803
42.874818978581146,-112.43545203406619
42.87481204920798,-112.4354439217358
42.87480511983391,-112.43543580940683
42.87479819045892,-112.43542769707929
42.87479183709418,-112.43542025909814
42.874784907717476,-112.43541214677336
42.87477797833986,-112.43540403445
42.87477104896132,-112.43539592212808
42.87476411958188,-112.43538780980758
42.874757190201535,-112.4353796974885
42.87475083683201,-112.43537225951526
42.874743907449925,-112.43536414719895
42.87473697806695,-112.43535603488405
42.87473004868306,-112.43534792257061
42.87472311929826,-112.43533981025858
42.874716189912554,-112.43533169794799
42.87470983653822,-112.43532425998264
42.874702907150784,-112.4353161476748
42.87469597776245,-112.4353080353684
42.87468904837319,-112.4352999230634
42.87468211898304,-112.43529181075984
42.87467518959197,-112.43528369845771
42.87466826019998,-112.43527558615702
42.874661906820045,-112.4352681482009
42.87465497742634,-112.43526003590297
42.87464804803174,-112.43525192360646
42.874641118636205,-112.43524381131135
42.874634189239785,-112.43523569901771
42.87462725984244,-112.43522758672547
42.874620906457714,-112.43522014877728
42.87461397705865,-112.43521203648781
42.87460704765867,-112.43520392419975
42.87460011825779,-112.43519581191315
42.874593188856,-112.43518769962796
42.8745862594533,-112.43517958734421
42.874579906063765,-112.43517214940391
42.87457297665934,-112.43516403712289
42.87456604725401,-112.43515592484334
42.87455911784777,-112.43514781256518
42.874552188440624,-112.43513970028847
42.87454525903256,-112.43513158801318
42.87453890563823,-112.4351241500808
42.87453197622845,-112.43511603780826
42.874525046817745,-112.43510792553715
42.87451811740615,-112.43509981326748
42.87451118799364,-112.43509170099924
42.874504258580224,-112.43508358873243
42.874497329165884,-112.43507547646703
42.874490975765944,-112.43506803854387
42.87448404634989,-112.43505992628126
42.87447711693293,-112.43505181402004
42.87447018751506,-112.43504370176026
42.87446325809628,-112.43503558950192
42.87445632867659,-112.435027477245
42.87444997527185,-112.43502003932976
42.87444296499625,-112.43501205733304
42.8744359497125,-112.43500408236645
42.874428934427876,-112.43499610740133
42.87442191914238,-112.43498813243764
42.87441490385599,-112.43498015747538
42.87440788856873,-112.4349721825146
42.874401233678775,-112.43496461725479
42.87439421838978,-112.43495664229678
42.87438720309991,-112.43494866734021
42.87438018780916,-112.43494069238508
42.87437317251754,-112.43493271743141
42.87436674752593,-112.43492541353044
42.87435973223264,-112.43491743857955
42.874352716938475,-112.43490946363009
42.874346062041816,-112.4349018983809
42.87433904674592,-112.43489392343425
42.87433203144915,-112.43488594848904
42.87432501615149,-112.43487797354527
42.87431800085296,-112.43486999860296
42.87431098555353,-112.43486202366205
42.87430397025323,-112.43485404872263
42.874296954952065,-112.43484607378463
42.87429030004865,-112.43483850854616
42.87428328474575,-112.43483053361096
42.87427685974406,-112.43482322972719
42.874269844439496,-112.43481525479477
42.87426282913405,-112.43480727986379
42.87425581382773,-112.43479930493426
42.874248798520526,-112.43479133000618
42.87424214361126,-112.434783764777
42.87423512830234,-112.43477578985168
42.874228112992526,-112.43476781492785
42.87422109768184,-112.43475984000544
42.87421408237027,-112.43475186508448
42.874207067057824,-112.43474389016497
42.874200051744495,-112.43473591524689
42.8741936267335,-112.43472861137906
42.87418697181756,-112.43472104616046
42.87417995650171,-112.43471307124652
42.874172941184995,-112.43470509633403
42.874165925867395,-112.434697121423
42.87415891054892,-112.43468914651339
42.87415189522956,-112.43468117160522
42.87414487990933,-112.4346731966985
42.87413822498747,-112.4346656314893
42.8741312096655,-112.43465765658536
42.87412419434266,-112.43464968168288
42.87411717901894,-112.43464170678183
42.87411016369434,-112.43463373188224
42.874103738673256,-112.43462642803159
42.874096723346995,-112.43461845313479
42.874089708019845,-112.43461047823942
42.8740830530913,-112.43460291304082
42.87407603776243,-112.43459493814827
42.87406902243268,-112.43458696325712
42.87406200710204,-112.43457898836743
42.87405499177054,-112.4345710134792
42.87404797643815,-112.43456303859239
42.87404096110488,-112.43455506370704
42.874034306170415,-112.43454749851782
42.874027290835414,-112.43453952363525
42.87402027549955,-112.43453154875414
42.87401385046838,-112.4345242449207
42.87400683513083,-112.43451627004235
42.87399981979241,-112.43450829516547
42.873992804453124,-112.43450032029001
42.87398578911295,-112.43449234541602
42.87397913417179,-112.4344847802374
42.87397211882988,-112.4344768053662
42.873965103487095,-112.43446883049643
42.87395808814343,-112.43446085562809
42.873951072798896,-112.43445288076123
42.873944057453485,-112.43444490589579
42.87393704210718,-112.43443693103178
42.87393002676,-112.43442895616923
42.87392396211886,-112.43442206204632
42.87391694677004,-112.43441408718645
42.87390993142035,-112.43440611232803
42.87390291606978,-112.43439813747106
42.87389590071833,-112.43439016261554
42.87388888536601,-112.43438218776147
42.8738818700128,-112.43437421290884
42.87387521505902,-112.4343666477502
42.8738681997041,-112.43435867290036
42.87386118434828,-112.43435069805194
42.873854168991585,-112.43434272320499
42.87384715363402,-112.43433474835948
42.87384072858345,-112.43432744455919
42.873833713224215,-112.43431946971646
42.8738266978641,-112.43431149487516
42.87382004290364,-112.43430392972716
42.87381302754179,-112.43429595488867
42.873806012179074,-112.43428798005162
42.873798996815474,-112.43428000521601
42.873791981451,-112.43427203038185
42.87378496608563,-112.43426405554912
42.87377795071939,-112.43425608071786
42.873771295753016,-112.43424851557921
42.87376428038506,-112.43424054075074
42.87375726501621,-112.4342325659237
42.87375083995557,-112.43422526214061
42.87374382458505,-112.43421728731634
42.87373680921365,-112.43420931249354
42.87372979384139,-112.43420133767218
42.873722778468235,-112.43419336285224
42.87371612349518,-112.43418579772423
42.87370910812031,-112.4341778229071
42.87370213116274,-112.43416978798327
42.87369515395527,-112.43416175114046
42.87368817674692,-112.4341537142991
42.873681199537685,-112.43414567745917
42.873674222327544,-112.43413764062069
42.873667245116515,-112.43412960378363
42.8736602679046,-112.43412156694802
42.87365387460083,-112.43411420270039
42.87364689738721,-112.43410616586755
42.873639920172714,-112.43409812903614
42.873632942957315,-112.43409009220618
42.87362596574103,-112.43408205537766
42.87361898852383,-112.43407401855055
42.87361201130577,-112.43406598172488
42.8736050340868,-112.43405794490066
42.87359805686693,-112.43404990807788
42.873591079646175,-112.43404187125654
42.87358410242453,-112.43403383443663
42.873577125202004,-112.43402579761815
42.87357014797857,-112.43401776080111
42.87356317075424,-112.43400972398551
42.87355619352903,-112.43400168717136
42.87354921630292,-112.43399365035862
42.87354282298647,-112.43398628613234
42.873535845758674,-112.43397824932238
42.87352886852998,-112.43397021251387
42.8735218913004,-112.43396217570678
42.87351491406993,-112.43395413890114
42.873507936838564,-112.43394610209694
42.8735009596063,-112.43393806529417
42.87349398237315,-112.43393002849284
42.8734870051391,-112.43392199169294
42.87348002790416,-112.43391395489448
42.873473050668316,-112.43390591809745
42.8734660734316,-112.43389788130187
42.87345909619398,-112.43388984450772
42.873452118955484,-112.43388180771501
42.873445141716076,-112.43387377092375
42.87343816447578,-112.43386573413389
42.87343177114665,-112.43385836992894
42.87342479390466,-112.43385033314188
42.87341781666179,-112.43384229635625
42.87341083941802,-112.43383425957207
42.873403862173355,-112.4338262227893
42.8733968849278,-112.43381818600798
42.87338990768135,-112.43381014922811
42.873382964302266,-112.43380205654887
42.87337604678559,-112.43379392588683
42.87336912926797,-112.43378579522623
42.873362785809014,-112.43377833930062
42.87335586828967,-112.43377020864274
42.87334895076942,-112.43376207798632
42.87334203324826,-112.43375394733133
42.873335115726185,-112.43374581667773
42.8733281982032,-112.4337376860256
42.87332128067929,-112.43372955537485
42.87331493721469,-112.43372209945846
42.87330801968905,-112.4337139688105
42.8733011021625,-112.43370583816395
42.87329418463506,-112.43369770751883
42.873286904718576,-112.43368915093572
42.87327998718927,-112.43368102029355
42.87327364371983,-112.43367356438515
42.87326672618877,-112.43366543374572
42.8732598086568,-112.43365730310772
42.873252891123926,-112.43364917247115
42.87324597359013,-112.433641041836
42.87323905605544,-112.4336329112023
42.873232138519825,-112.43362478057
42.87322579504473,-112.4336173246708
42.873218877507384,-112.43360919404127
42.87321195996912,-112.43360106341315
42.873205042429944,-112.43359293278647
42.87319812488986,-112.4335848021612
42.87319120734886,-112.43357667153738
42.87318486386896,-112.43356921564607
42.87317794632622,-112.43356108502499
42.87317102878257,-112.43355295440533
42.87316411123801,-112.4335448237871
42.87315719369254,-112.4335366931703
42.873150276146156,-112.43352856255493
42.873143932661435,-112.43352110667152
42.873137015113315,-112.43351297605889
42.87312973517551,-112.43350441951046
42.87312281762554,-112.43349628890078
42.873115900074644,-112.43348815829253
42.87310898252285,-112.43348002768569
42.87310206497013,-112.4334718970803
42.87309572147974,-112.4334644412062
42.87308880392529,-112.43345631060356
42.87308188636993,-112.43344818000233
42.87307496881366,-112.43344004940255
42.873068051256475,-112.43343191880416
42.873061133698386,-112.43342378820722
42.87305479020317,-112.43341633234103
42.87304787264334,-112.43340820174686
42.8730409550826,-112.43340007115408
42.87303403752093,-112.43339194056273
42.873027119958365,-112.43338380997282
42.87302020239487,-112.43337567938433
42.87301328483049,-112.43336754879726
42.873006941329635,-112.43336009294029
42.873000023763495,-112.43335196235599
42.87299310619647,-112.43334383177312
42.87298618862851,-112.43333570119165
42.87297927105964,-112.43332757061161
42.87297235348986,-112.433319440033
42.87296564759471,-112.43331155824896
42.872958730023164,-112.43330342767321
42.8729519,-112.43329539999999
42.87295782733121,-112.43328580147215
42.87296315348419,-112.43327717647014
42.87296925596718,-112.43326729430103
42.87297499732472,-112.43325799692406
42.87298073868116,-112.43324869954591
42.87298684116066,-112.43323881737281
42.872992167308745,-112.43323019236492
42.87299826978603,-112.43322031018921
42.873004011138114,-112.43321101280617
42.873009752489104,-112.43320171542193
42.873015854962915,-112.43319183324223
42.873021181106104,-112.43318320822846
42.87302692245388,-112.43317391084062
42.87303302492433,-112.43316402865699
42.873038766269886,-112.4331547312667
42.87304445353288,-112.43314552145341
42.873050194876285,-112.43313622406072
42.873055936218606,-112.43312692666682
42.87306203868338,-112.43311704447655
42.873067780023476,-112.43310774708019
42.87307310615788,-112.43309912205588
42.873079208619295,-112.43308923986167
42.873084949956166,-112.43307994246172
42.87309105241524,-112.43307006026482
42.87309679374989,-112.43306076286241
42.87310211987939,-112.4330521378322
42.87310822233512,-112.43304225563138
42.87311396366654,-112.43303295822535
42.87311970499687,-112.43302366081814
42.873125807449114,-112.43301377861334
42.873131133573736,-112.43300515357726
42.87313723602376,-112.43299527136982
42.87314297734974,-112.43298597395773
42.87314871867461,-112.43297667654441
42.87315440591813,-112.43296746670676
42.87316014724089,-112.43295816929106
42.87316588856254,-112.43294887187415
42.87317199100574,-112.43293898965881
42.87317773232517,-112.43292969223944
42.87318305844101,-112.43292106719285
42.87318916088086,-112.43291118497355
42.87319490219706,-112.4329018875506
42.87320100463457,-112.43289200532863
42.87320674594855,-112.43288270790319
42.87321207205949,-112.4328740828507
42.873218174493644,-112.4328642006248
42.8732239158044,-112.43285490319577
42.873229657114074,-112.43284560576555
42.87323534434325,-112.43283639590994
42.87324108565079,-112.4328270984773
42.873247188079254,-112.43281721624477
42.87325292938456,-112.43280791880967
42.873258670688784,-112.43279862137338
42.87326435791282,-112.43278941151135
42.87327009921491,-112.43278011407261
42.873275840515916,-112.43277081663274
42.873281942937545,-112.4327609343923
42.87328768423632,-112.43275163694993
42.873293371455205,-112.43274242708146
42.873299112751845,-112.43273312963667
42.8733048540474,-112.4327238321907
42.87331095646334,-112.43271394994366
42.873316697756664,-112.43270465249522
42.87332202384901,-112.43269602742045
42.873328126261605,-112.43268614516944
42.8733338675517,-112.43267684771742
42.873339969961954,-112.43266696546374
42.87334529605041,-112.43265834038422
42.87335103733729,-112.43264904292857
42.87335713974418,-112.43263916067096
42.87336288102883,-112.43262986321287
42.87336862231239,-112.43262056575357
42.87337430951695,-112.43261135586714
42.873380050798374,-112.43260205840542
42.87338615319959,-112.43259217614118
42.87339189447879,-112.43258287867702
42.873397635756895,-112.43257358121166
42.8734033229563,-112.4325643713188
42.87340906423228,-112.432555073851
42.87341480550717,-112.43254577638206
42.873420907901554,-112.4325358941099
42.87342623397631,-112.43252726901399
42.87343197524799,-112.4325179715414
42.87343807763901,-112.43250808926533
42.873443818908434,-112.43249879179031
42.87344992129713,-112.43248890951152
42.873455247367,-112.43248028440972
42.87346098863323,-112.43247098693107
42.87346709101855,-112.43246110464838
42.873472832282545,-112.43245180716727
42.87347857354544,-112.43244250968498
42.8734842607305,-112.43243329977419
42.873490001991286,-112.43242400228947
42.87349610437092,-112.43241412000013
42.873501845629455,-112.43240482251296
42.87350717169055,-112.43239619740064
42.87351327406683,-112.43238631510737
42.87351901532215,-112.43237701761659
42.87352475657638,-112.43236772012463
42.87353085894919,-112.43235783782738
42.87353618500538,-112.43234921270918
42.87354228737597,-112.43233933040929
42.87354802862585,-112.43233003291243
42.873553769874626,-112.4323207354144
42.87355987224175,-112.43231085311054
42.87356519829303,-112.43230222798645
42.873570939538595,-112.4322929304848
42.87357704190235,-112.43228304817701
42.873582783145686,-112.4322737506729
42.87358888550712,-112.43226386836244
42.8735942115535,-112.43225524323245
42.87360003021912,-112.43224603556925
42.873606214643246,-112.43223625264456
42.87361203660417,-112.43222704308471
42.873617858564025,-112.43221783352368
42.87362368052281,-112.43220862396143
42.8736298649424,-112.43219884103135
42.87363568689899,-112.43218963146657
42.87364108222137,-112.43218109677808
42.87364726663766,-112.43217131384398
42.8736530885911,-112.43216210427553
42.87365891054346,-112.43215289470585
42.873665094956365,-112.43214311176767
42.87367091690654,-112.43213390219549
42.87367673885564,-112.43212469262205
42.87368292326513,-112.43211490967983
42.87368831857976,-112.43210637498174
42.873694140525714,-112.43209716540464
42.87370032493192,-112.43208738245839
42.87370614687567,-112.43207817287876
42.873711968818355,-112.43206896329792
42.87371779075997,-112.43205975371586
42.87372397516165,-112.43204997076423
42.87372979710107,-112.43204076117966
42.873735619039415,-112.43203155159388
42.8737413768064,-112.43202244351643
42.87374719874266,-112.43201323392815
42.87375302067785,-112.43200402433868
42.87375920507284,-112.43199424137896
42.873765027005845,-112.43198503178697
42.873770848937774,-112.43197582219375
42.873777033329354,-112.43196603922998
42.873782855259094,-112.43195682963423
42.87378867718776,-112.43194762003729
42.87379443494561,-112.43193851194806
42.873800256872215,-112.43192930234862
42.87380607879773,-112.43192009274799
42.87381190072216,-112.43191088314613
42.873818085105924,-112.43190110017296
42.873823907028175,-112.4318918905686
42.873829728949346,-112.431882680963
42.873835913329714,-112.43187289798576
42.8738417352487,-112.43186368837766
42.87384713053728,-112.43185515364733
42.873853314914356,-112.43184537066607
42.873859136830184,-112.43183616105426
42.873864958744946,-112.43182695144125
42.873871143118606,-112.43181716845594
42.87387696503118,-112.4318079588404
42.873882786942666,-112.43179874922365
42.87388897131294,-112.43178896623425
42.87389479322224,-112.431779756615
42.87390018850213,-112.43177122187387
42.87390601040939,-112.43176201225225
42.873912194775244,-112.43175222925753
42.87391801668032,-112.43174301963333
42.87392383858433,-112.43173381000797
42.87393002294678,-112.43172402700917
42.87393584484859,-112.43171481738126
42.87394166674933,-112.43170560775216
42.87394785110837,-112.4316958247493
42.873953246379564,-112.4316872899974
42.87395906827714,-112.4316780803646
42.87396525263289,-112.43166829735773
42.873971074528306,-112.4316590877224
42.87397689642262,-112.43164987808584
42.87398308077497,-112.43164009507491
42.87398890266709,-112.43163088543584
42.87399472455816,-112.43162167579557
42.87400054644816,-112.43161246615408
42.8740063041696,-112.43160335801787
42.8740121260575,-112.43159414837392
42.87401794794433,-112.43158493872873
42.874024132288866,-112.4315751557084
42.8740299541735,-112.43156594606069
42.87403577605707,-112.43155673641179
42.8740419603982,-112.43154695338738
42.87404778227958,-112.43153774373594
42.8740531775344,-112.43152920896375
42.87405936187223,-112.43151942593532
42.87406518375045,-112.4315102162802
42.8740710056276,-112.43150100662386
42.87407718996202,-112.43149122359138
42.87408301183698,-112.43148201393251
42.87408883371087,-112.43147280427243
42.8740946555837,-112.43146359461116
42.8741008399136,-112.43145381157328
42.87410623515971,-112.43144527679033
42.874112057029365,-112.43143606712535
42.87411824135598,-112.43142628408346
42.87412406322346,-112.43141707441596
42.87412988508985,-112.43140786474726
42.87413606941307,-112.43139808170129
42.874141891277276,-112.43138887203006
42.8741477131404,-112.43137966235761
42.87415389746021,-112.4313698793076
42.874159292697634,-112.43136134451385
42.874165114557606,-112.43135213483771
42.87417129887412,-112.43134235178368
42.874177120731915,-112.431333142105
42.874182942588625,-112.43132393242513
42.87418876444428,-112.43131472274405
42.87419494875626,-112.43130493968464
42.87420077060971,-112.43129573000104
42.8742065924621,-112.43128652031622
42.874212350148134,-112.43127741213435
42.874218171998436,-112.43126820244704
42.87422399384767,-112.43125899275853
42.87423017815296,-112.43124920969103
42.87423600000001,-112.43124000000002
42.874241718248,-112.43123067818905
42.874247797197754,-112.43122076836374
42.874253103456816,-112.43121211816607
42.874259182404344,-112.43120220833815
42.87426490064797,-112.43119288652237
42.87427097959314,-112.43118297669176
42.87427669783453,-112.4311736548735
42.87428236479122,-112.43116441665613
42.87428808303047,-112.43115509483547
42.87429380126863,-112.43114577301367
42.874299880208085,-112.4311358631765
42.87430559844398,-112.43112654135221
42.87431167738109,-112.43111663151237
42.87431698362927,-112.43110798130175
42.87432306256416,-112.43109807145927
42.87432878079568,-112.43108874963013
42.874334859728215,-112.43107883978499
42.87434057795749,-112.43106951795342
42.87434624490275,-112.43106027972188
42.874351963129904,-112.43105095788789
42.874357681355946,-112.43104163605273
42.87436376028277,-112.43103172620101
42.87436947850655,-112.4310224043634
42.874375145446656,-112.43101316612547
42.874380863668314,-112.43100384428546
42.874386942590554,-112.43099393442841
42.87439266080998,-112.43098461258596
42.87439873972986,-112.43097470272626
42.87440445794705,-112.43096538088133
42.87440976417941,-112.43095673065196
42.874415843095925,-112.43094682078835
42.87442156130986,-112.43093749893984
42.874427640224035,-112.43092758907356
42.87443335843573,-112.43091826722262
42.8744390253644,-112.43090902897052
42.87444474357397,-112.43089970711719
42.87445082248356,-112.4308897972456
42.87445690139196,-112.43087988737264
42.874462980299164,-112.43086997749826
42.87446869850419,-112.43086065563992
42.87447477740904,-112.43085074576288
42.8744808563127,-112.43084083588444
42.874486935215174,-112.4308309260046
42.87449265341565,-112.43082160414127
42.87449873231576,-112.43081169425876
42.87450481121469,-112.43080178437489
42.87451089011242,-112.4307918744896
42.87451660830835,-112.43078255262125
42.87452270258028,-112.43077264907546
42.874528104888526,-112.43076412375761
42.87453429759047,-112.4307543511259
42.87454012770776,-112.43074515068189
42.87454595782397,-112.43073595023667
42.87455215052251,-112.4307261776009
42.874557980636546,-112.43071697715315
42.87456381074951,-112.43070777670417
42.87457000344465,-112.43069800406433
42.874575833555426,-112.43068880361282
42.874581663665126,-112.43067960316012
42.87458742854687,-112.43067050564032
42.8745932586545,-112.43066130518511
42.87459908876105,-112.4306521047287
42.87460528144951,-112.43064233208075
42.87461111155388,-112.4306331316218
42.87461694165719,-112.43062393116165
42.874622771759405,-112.43061473070027
42.87462896444336,-112.43060495804694
42.874634794543404,-112.43059575758303
42.874640624642375,-112.43058655711792
42.874646817322926,-112.43057678446051
42.8746522196109,-112.43056825911745
42.874658049706724,-112.43055905864863
42.874664242384,-112.4305492859872
42.874670072477635,-112.43054008551584
42.874675902570196,-112.43053088504328
42.87468209524406,-112.43052111237778
42.87468792533445,-112.43051191190267
42.87469375542375,-112.43050271142639
42.87469994809422,-112.4304929387568
42.87470577818136,-112.43048373827796
42.87471160826741,-112.4304745377979
42.874717373126884,-112.43046544024931
42.87472320321085,-112.43045623976677
42.874729033293754,-112.43044703928302
42.87473522595755,-112.43043726660532
42.87474105603826,-112.43042806611905
42.87474688611791,-112.43041886563155
42.874753078778305,-112.4304090929498
42.874758908855775,-112.43039989245977
42.874764738932164,-112.43039069196853
42.87477093158917,-112.43038091928271
42.87477633385685,-112.43037239391442
42.8747821639301,-112.4303631934195
42.874787994002276,-112.43035399292333
42.87479418665487,-112.43034422023216
42.87480001672485,-112.43033501973348
42.87480584679376,-112.43032581923357
42.87481203944296,-112.43031604653834
42.8748178695097,-112.4303068460359
42.874823699575344,-112.43029764553226
42.87482989222114,-112.43028787283295
42.87483572228462,-112.43027867232676
42.874841124541724,-112.43027014694533
42.87484731718423,-112.43026037424198
42.87485314724455,-112.43025117373212
42.8748589773038,-112.43024197322103
42.87486516994292,-112.43023220051361
42.874871,-112.430223
42.874876819630465,-112.4302137878335
42.87488221295053,-112.43020525049114
42.87488803257896,-112.43019603832224
42.87489385220631,-112.43018682615214
42.8748996718326,-112.4301776139808
42.874905427567946,-112.43016850294272
42.87491124719213,-112.43015929076896
42.87491706681527,-112.43015007859393
42.87492288643732,-112.43014086641772
42.87492827974983,-112.43013232906601
42.87493409936985,-112.4301231168874
42.87493991898878,-112.43011390470761
42.87494573860666,-112.43010469252661
42.87495113191541,-112.43009615517026
42.87495695153124,-112.43008694298688
42.87496313356458,-112.43007715711012
42.874968953178225,-112.43006794492422
42.87497434648317,-112.43005940756315
42.874980166918085,-112.43005019125127
42.87498589602449,-112.43004088086705
42.874991625129816,-112.43003157048167
42.8749973016231,-112.43002234559333
42.87500303072629,-112.43001303520553
42.87500875982839,-112.43000372481654
42.87501443631864,-112.4299944999244
42.87502016541859,-112.42998518953301
42.87502589451747,-112.42997587914043
42.875031623615236,-112.42996656874669
42.875037300101404,-112.42995734384948
42.875043029197045,-112.42994803345333
42.87504875829159,-112.429938723056
42.87505484828045,-112.42992882616319
42.87506016386715,-112.4299201877552
42.87506589295845,-112.42991087735429
42.87507162204868,-112.42990156695215
42.87507729852773,-112.4298923420461
42.87508302761581,-112.42988303164157
42.87508875670282,-112.42987372123586
42.87509484668379,-112.42986382433395
42.8751001622637,-112.42985518591784
42.875105891347474,-112.42984587550855
42.875111620430154,-112.42983656509809
42.875117296902076,-112.42982734018315
42.87512302598262,-112.42981802977025
42.87512875506207,-112.4298087193562
42.875134845035156,-112.42979882244515
42.87514016060828,-112.42979018402094
42.87514588968452,-112.42978087360329
42.87515161875964,-112.42977156318446
42.875157295224454,-112.42976233826064
42.87516302429744,-112.42975302783938
42.87516875336935,-112.42974371741697
42.875174843334555,-112.4297338204968
42.87518015890088,-112.4297251820645
42.87518588796957,-112.42971587163848
42.87519197793141,-112.4297059747144
42.875197293494836,-112.4296973362786
42.8752030225603,-112.42968802584899
42.87520883935097,-112.42967881110752
42.87521501994628,-112.429669023453
42.87522083814533,-112.42965980968997
42.87522665634329,-112.42965059592574
42.87523204843331,-112.42964205694827
42.87523822902423,-112.42963226928842
42.87524404721903,-112.4296230555205
42.87524986541276,-112.42961384175135
42.87525604600027,-112.42960405408745
42.8752618641918,-112.42959484031579
42.87526768238228,-112.42958562654292
42.87527307446557,-112.42957708755712
42.875279255048646,-112.42956729988788
42.87528507323597,-112.42955808611131
42.8752908914222,-112.42954887233356
42.87529707200188,-112.42953908466026
42.87530289018593,-112.42952987087996
42.87530870836891,-112.42952065709846
42.87531410044545,-112.42951211810433
42.87532028102072,-112.42950233042569
42.875326099200535,-112.42949311664051
42.87533191737928,-112.42948390285413
42.87533773555694,-112.42947468906652
42.87534391612768,-112.42946490138253
42.87534973430314,-112.4294556875924
42.87535512637297,-112.42944714858992
42.87536130694042,-112.4294373609019
42.87536712511273,-112.42942814710808
42.87537294328398,-112.42941893331306
42.875378761454144,-112.42940971951684
42.875384942017064,-112.42939993182344
42.87539076018504,-112.42939071802469
42.875396152248136,-112.42938217901388
42.87540197041407,-112.42937296521276
42.875408150972575,-112.42936317751402
42.87541396913631,-112.42935396371038
42.87541978729899,-112.42934474990552
42.875425967854085,-112.42933496220274
42.87543178601455,-112.42932574839536
42.87543717807091,-112.42931720937622
42.87544299622936,-112.42930799556648
42.87544917678004,-112.42929820785835
42.875454994936284,-112.42928899404608
42.875460813091465,-112.42927978023259
42.875466993638724,-112.4292699925204
42.87547281179171,-112.42926077870439
42.875478203841325,-112.42925223967693
42.87548402199227,-112.42924302585854
42.875490202535126,-112.42923323814102
42.875496020683876,-112.42922402432012
42.87550183883156,-112.42921481049801
42.87550765697817,-112.42920559667469
42.87551383751649,-112.42919580895182
42.87551922955937,-112.429187269916
42.8755127477977,-112.4291794116782
42.87550574241028,-112.4291714204723
42.87549873702198,-112.42916342926785
42.875492092245814,-112.42915584942406
42.875485086855775,-112.4291478582224
42.87547808146484,-112.42913986702217
42.87547107607304,-112.42913187582337
42.87546407068036,-112.42912388462604
42.875457065286774,-112.42911589343014
42.875450648533665,-112.42910857371062
42.87544400375164,-112.42910099387608
42.87543699835553,-112.42909300268431
42.875429992958566,-112.429085011494
42.875422987560704,-112.4290770203051
42.87541598216196,-112.42906902911766
42.87540897676234,-112.42906103793166
42.875402331975216,-112.42905345810514
42.875395326573845,-112.42904546692192
42.875388909813765,-112.4290381472142
42.87538190441072,-112.42903015603378
42.87537489900681,-112.4290221648548
42.87536789360202,-112.42901417367726
42.87536088819634,-112.42900618250115
42.87535424340337,-112.42899860268388
42.87534723799594,-112.42899061151056
42.875340232587654,-112.4289826203387
42.87533381582135,-112.42897530064154
42.875326810411394,-112.42896730947245
42.87531980500054,-112.42895931830482
42.8753127995888,-112.42895132713862
42.87530615478996,-112.42894374733059
42.87529914937649,-112.42893575616719
42.87529214396214,-112.42892776500521
42.8752851385469,-112.4289197738447
42.8752781331308,-112.42891178268562
42.87527171635752,-112.42890446300036
42.87526471093971,-112.42889647184404
42.87525806613502,-112.4288888920453
42.87525106071549,-112.42888090089177
42.87524405529509,-112.42887290973971
42.87523704987381,-112.42886491858908
42.87523004445163,-112.42885692743991
42.87522303902857,-112.42884893629216
42.87521698286323,-112.428842027973
42.87520997743854,-112.42883403682796
42.87520297201296,-112.42882604568435
42.8751959665865,-112.42881805454219
42.875188961159154,-112.42881006340146
42.87518195573093,-112.42880207226217
42.875174950301805,-112.42879408112431
42.87516830548617,-112.42878650134283
42.87516130005532,-112.42877851020776
42.87515488326887,-112.4287711905449
42.875147877836355,-112.42876319941263
42.87514087240295,-112.4287552082818
42.87513386696867,-112.4287472171524
42.8751268615335,-112.42873922602446
42.875120216712,-112.42873164625222
42.8751132112751,-112.42872365512707
42.87510620583732,-112.42871566400336
42.87509978904466,-112.42870834435104
42.87509278360521,-112.4287003532301
42.875085778164866,-112.42869236211061
42.875078772723654,-112.42868437099257
42.875072127896296,-112.42867679122959
42.87506512245333,-112.42866880011434
42.8750581170095,-112.42866080900052
42.87505111156478,-112.42865281788815
42.87504410611918,-112.42864482677723
42.87503768931953,-112.42863750713681
42.875031044487166,-112.42862992738173
42.87502403903903,-112.42862193627494
42.87501703359003,-112.42861394516957
42.87501002814014,-112.42860595406567
42.875003022689356,-112.42859796296318
42.874996017237706,-112.42858997186215
42.87498901178517,-112.42858198076257
42.87498236694686,-112.42857440101685
42.87497595014023,-112.42856708138824
42.87496894468518,-112.4285590902928
42.87496193922922,-112.42855109919877
42.8749549337724,-112.42854310810621
42.87494792831469,-112.42853511701506
42.8749409228561,-112.42852712592538
42.87493427801193,-112.42851954618894
42.874927272551595,-112.428511555102
42.874920855738786,-112.42850423548398
42.874913850276776,-112.42849624439987
42.874906844813886,-112.42848825331718
42.87489983935013,-112.42848026223595
42.87489283388548,-112.42847227115617
42.87488618903545,-112.42846469142896
42.874879183569064,-112.42845670035196
42.8748721781018,-112.42844870927641
42.87486517263365,-112.42844071820228
42.87485875581385,-112.42843339859616
42.87485175034403,-112.42842540752481
42.87484510548899,-112.42841782780552
42.874838100017435,-112.42840983673698
42.874831094544994,-112.4284018456699
42.874824089071666,-112.42839385460421
42.87481708359747,-112.42838586353999
42.87481007812238,-112.42837787247721
42.87480366129637,-112.42837055288165
42.87479701643547,-112.42836297317162
42.87479001095787,-112.42835498211296
42.87478300547938,-112.42834699105576
42.874776,-112.428339
42.874768911508895,-112.42833114876268
42.87476218160615,-112.42832369470129
42.87475509311337,-112.4283158434668
42.87474800461974,-112.42830799223374
42.874740916125255,-112.42830014100214
42.87473418621925,-112.42829268694614
42.87472709772308,-112.42828483571736
42.87472000922606,-112.42827698449004
42.8747129207282,-112.42826913326417
42.87470619081892,-112.42826167921352
42.87469910231936,-112.42825382799046
42.87469201381897,-112.42824597676886
42.87468492531772,-112.42823812554872
42.874678195405174,-112.42823067150344
42.874671106902255,-112.42822282028612
42.87466401839848,-112.42821496907024
42.874657288483476,-112.42820751502896
42.87465019997803,-112.42819966381592
42.874643111471705,-112.42819181260431
42.87463602296456,-112.42818396139415
42.87462929304629,-112.42817650735826
42.87462220453745,-112.42816865615093
42.87461511602777,-112.42816080494505
42.87460802751722,-112.42815295374062
42.87460129759569,-112.42814549971008
42.874594209083476,-112.42813764850848
42.874587120570396,-112.42812979730833
42.8745800320565,-112.42812194610964
42.874573302131665,-112.42811449208446
42.87456621361607,-112.42810664088857
42.874559727927746,-112.42809945738253
42.87455263941053,-112.42809160618947
42.874545909482535,-112.42808415216956
42.87453882096365,-112.42807630097931
42.87453173244392,-112.4280684497905
42.87452500251346,-112.42806099577459
42.87451791399206,-112.42805314458862
42.87451082546979,-112.42804529340408
42.87450373694668,-112.42803744222101
42.874497007012955,-112.42802998821047
42.874489918488166,-112.42802213703021
42.87448282996252,-112.42801428585142
42.874475741436015,-112.42800643467406
42.87446901149902,-112.42799898066889
42.87446192297085,-112.42799112949436
42.874454834441835,-112.42798327832129
42.87444774591196,-112.42797542714966
42.874441015971684,-112.42796797314986
42.87443392744014,-112.42796012198106
42.87442683890774,-112.4279522708137
42.87442010896501,-112.4279448168179
42.874413020430936,-112.42793696565337
42.87440593189601,-112.4279291144903
42.87439884336022,-112.42792126332866
42.87439211341423,-112.42791380933822
42.874385024876766,-112.42790595817941
42.87437793633846,-112.42789810702206
42.87437084779929,-112.42789025586616
42.87436411785003,-112.4278828018811
42.874357029309195,-112.42787495072801
42.874349940767495,-112.42786709957637
42.87434285222496,-112.42785924842622
42.87433612227242,-112.42785179444651
42.8743290337282,-112.42784394329915
42.87432194518313,-112.42783609215324
42.87431485663721,-112.42782824100881
42.87430812668139,-112.42782078703446
42.8743010381338,-112.42781293589283
42.87429394958535,-112.42780508475268
42.87428721962709,-112.42779763078232
42.874280131076965,-112.42778977964497
42.874273042525985,-112.42778192850906
42.87426595397415,-112.42777407737462
42.874259224012626,-112.42776662340964
42.874252135459116,-112.42775877227801
42.874245046904754,-112.42775092114783
42.874237958349546,-112.42774307001912
42.87423122838474,-112.42773561605951
42.874224139827845,-112.4277277649336
42.8742170512701,-112.42771991380916
42.87420996271152,-112.42771206268617
42.87420323274345,-112.42770460873191
42.87419614418317,-112.42769675761174
42.87418905562206,-112.42768890649302
42.87418232565153,-112.42768145254277
42.87417523708873,-112.42767360142686
42.87416814852508,-112.42766575031241
42.874161059960585,-112.42765789919942
42.87415432998679,-112.42765044525454
42.874147241420616,-112.42764259414436
42.87414015285358,-112.42763474303563
42.8741330642857,-112.42762689192836
42.87412693714232,-112.42762010567095
42.87411984857285,-112.4276122545664
42.87411276000255,-112.4276044034633
42.87410567143137,-112.42759655236165
42.87409894145112,-112.42758909842742
42.87409185287827,-112.42758124732858
42.874084764304584,-112.4275733962312
42.87407767573003,-112.42756554513527
42.8740709457465,-112.42755809120642
42.87406385717028,-112.4275502401133
42.874056768593206,-112.42754238902165
42.87405003860722,-112.42753493509677
42.87404295002846,-112.42752708400793
42.87403586144886,-112.42751923292056
42.874028772868414,-112.42751138183465
42.87402204287916,-112.42750392791514
42.87401495429703,-112.42749607683204
42.87400786571404,-112.42748822575038
42.87400079999999,-112.4274804
