39.10045900048879,-94.64357090336355
39.10045865929953,-94.64355899718161
39.10045871409793,-94.64354799763497
39.10045877387681,-94.64353599812952
39.100458828673034,-94.6435249985828
39.100458888449566,-94.6435129990773
39.10045894822486,-94.64350099957176
39.1004590030178,-94.64349000002495
39.10045906279074,-94.64347800051937
39.10045911758152,-94.64346700097252
39.1004591773521,-94.64345500146685
39.10045923712145,-94.64344300196116
39.10045929190895,-94.64343200241424
39.10045935167594,-94.64342000290848
39.10045940646127,-94.64340900336153
39.1004594662259,-94.6433970038557
39.10045952105026,-94.64338599603916
39.10045958081254,-94.64337399653346
39.10045964057359,-94.64336199702771
39.100459695353464,-94.64335099748075
39.100459755112155,-94.64333899797498
39.10045980988987,-94.64332799842796
39.10045986964621,-94.64331599892212
39.10045992442177,-94.64330499937506
39.10045998417574,-94.64329299986915
39.100460043928486,-94.64328100036322
39.100460098700765,-94.64327000081609
39.10046015845114,-94.64325800131009
39.10046021322126,-94.6432470017629
39.100460272969286,-94.64323500225684
39.10046033271609,-94.64322300275076
39.100460387482904,-94.64321200320349
39.10046044722735,-94.64320000369733
39.100460502033165,-94.64318899588328
39.10046056177525,-94.64317699637724
39.10046061653775,-94.64316599683
39.10046067627747,-94.6431539973239
39.100460736015975,-94.64314199781779
39.10046079077517,-94.64313099827048
39.10046085051132,-94.64311899876431
39.10046090526837,-94.64310799921697
39.10046096500215,-94.64309599971072
39.1004610247347,-94.64308400020444
39.10046107948846,-94.64307300065701
39.10046113921866,-94.64306100115068
39.10046119397026,-94.6430500016032
39.10046125369809,-94.6430380020968
39.10046130844753,-94.64302700254926
39.100461368173015,-94.6430150030428
39.10046142789726,-94.64300300353632
39.100461482643404,-94.6429920039887
39.100461542406435,-94.64297999621839
39.10046159715043,-94.64296899667087
39.10046165686996,-94.64295699716443
39.10046171658826,-94.64294499765799
39.10046177132896,-94.64293399811038
39.1004618310449,-94.64292199860388
39.100461885783446,-94.64291099905621
39.10046194549703,-94.64289899954964
39.1004620002334,-94.64288800000193
39.10046205994464,-94.6428760004953
39.10046211965464,-94.64286400098865
39.10046217438772,-94.64285300144084
39.10046223409537,-94.64284100193413
39.1004622888263,-94.64283000238629
39.100462348531586,-94.6428180028795
39.10046240823564,-94.64280600337268
39.10046246296327,-94.64279500382479
39.10046252270608,-94.64278299605692
39.10046257743156,-94.6427719965091
39.1004626371309,-94.64275999700234
39.10046269185421,-94.64274899745446
39.100462751551206,-94.64273699794765
39.10046281124695,-94.64272499844081
39.100462865966975,-94.64271399889283
39.10046292566037,-94.64270199938593
39.100462980378246,-94.64269099983791
39.10046304006928,-94.64267900033097
39.10046309975909,-94.64266700082398
39.100463154473665,-94.64265600127588
39.10046321416111,-94.64264400176883
39.10046326887353,-94.64263300222068
39.10046332855863,-94.64262100271358
39.10046338326888,-94.64261000316537
39.10046344295162,-94.64259800365821
39.100463502633126,-94.642586004151
39.10046355738117,-94.64257499634469
39.10046361706032,-94.64256299683761
39.10046367176512,-94.64255199728942
39.10046373144191,-94.64253999778228
39.10046378614455,-94.64252899823404
39.10046384581899,-94.64251699872685
39.1004639054922,-94.64250499921961
39.10046396019155,-94.6424939996713
39.10046401986239,-94.64248200016401
39.100464074559596,-94.64247100061563
39.100464134228076,-94.64245900110829
39.100464193895334,-94.64244700160093
39.10046424858924,-94.64243600205245
39.100464308254146,-94.64242400254503
39.100464362945885,-94.6424130029965
39.10046442260843,-94.64240100348901
39.10046447729801,-94.64239000394046
39.10046453699924,-94.64237799617766
39.1004645966582,-94.64236599667025
39.100464651344495,-94.64235499712177
39.100464711001095,-94.64234299761428
39.10046476568522,-94.64233199806576
39.100464825339465,-94.64231999855822
39.100464884992476,-94.64230799905067
39.10046493967332,-94.64229699950204
39.100464999323975,-94.64228499999442
39.100465054002655,-94.64227400044575
39.100465113650955,-94.64226200093806
39.10046516832748,-94.64225100138933
39.100465227973416,-94.6422390018816
39.10046528761812,-94.64222700237384
39.100465342291365,-94.64221600282504
39.100465401933704,-94.6422040033172
39.10046545660479,-94.64219300376834
39.100465516285794,-94.64218099600801
39.10046557592456,-94.64216899650026
39.10046563059233,-94.64215799695148
39.100465690228745,-94.64214599744369
39.100465744894365,-94.64213499789484
39.10046580452842,-94.64212299838698
39.10046585919187,-94.64211199883808
39.10046591882357,-94.64209999933016
39.10046597845402,-94.64208799982222
39.100466033114195,-94.64207700027323
39.1004660927423,-94.64206500076523
39.10046614740032,-94.6420540012162
39.10046620702605,-94.64204200170813
39.10046626665058,-94.64203000220004
39.1004663213053,-94.64201900265093
39.100466380927465,-94.64200700314278
39.10046643558002,-94.64199600359362
39.100466495199825,-94.64198400408539
39.10046654989121,-94.64197299628667
39.10046660950864,-94.64196099677858
39.10046666912486,-94.64194899727045
39.10046672377197,-94.6419379977213
39.100466783385826,-94.64192599821311
39.100466838030776,-94.6419149986639
39.10046689764228,-94.64190299915566
39.10046695725254,-94.64189099964739
39.1004670118942,-94.64188000009813
39.10046707150211,-94.64186800058978
39.10046712614161,-94.64185700104044
39.10046718574717,-94.64184500153206
39.1004672403845,-94.64183400198266
39.100467299987706,-94.64182200247421
39.10046724099039,-94.64180999803256
39.10046718690821,-94.64179899847404
39.10046712790829,-94.64178699895571
39.100467073823935,-94.64177599939725
39.10046701482167,-94.64176399987898
39.10046695581815,-94.64175200036074
39.10046690173052,-94.64174100080237
39.10046684272466,-94.64172900128418
39.100466783717565,-94.64171700176603
39.10046672962664,-94.64170600220774
39.10046667061718,-94.64169400268963
39.1004666165241,-94.64168300313142
39.1004665575123,-94.64167100361337
39.10046649845909,-94.6416589959295
39.10046644436272,-94.64164799637119
39.10046638534731,-94.64163599685307
39.10046632633068,-94.64162399733496
39.100466272231024,-94.64161299777673
39.100466213212044,-94.6416009982587
39.10046615911021,-94.64158999870051
39.10046610008888,-94.64157799918254
39.1004660410663,-94.64156599966459
39.10046598696119,-94.6415550001065
39.10046592793625,-94.6415430005886
39.10046586891009,-94.64153100107075
39.1004658148017,-94.64152000151272
39.10046575577318,-94.64150800199492
39.10046570166262,-94.64149700243698
39.10046564263174,-94.64148500291923
39.100465583599636,-94.6414730034015
39.10046552948579,-94.64146200384363
39.10046547041113,-94.64144999615715
39.10046541137543,-94.64143799663934
39.100465357258294,-94.64142699708138
39.10046529822024,-94.64141499756364
39.100465244100945,-94.64140399800574
39.100465185060536,-94.64139199848806
39.10046512601889,-94.64137999897041
39.10046507189631,-94.64136899941259
39.10046501285231,-94.641356999895
39.10046495380708,-94.64134500037743
39.10046489968121,-94.64133400081968
39.10046484063363,-94.64132200130219
39.10046478650559,-94.6413110017445
39.100464727455645,-94.64129900222704
39.10046466840447,-94.64128700270962
39.10046461427314,-94.64127600315202
39.10046455521962,-94.64126400363466
39.10046449612464,-94.6412519959457
39.10046444199003,-94.641240996388
39.100464382932905,-94.64122899687057
39.10046432879613,-94.64121799731294
39.10046426973666,-94.64120599779555
39.100464210675945,-94.6411939982782
39.100464156535885,-94.64118299872064
39.10046409747282,-94.64117099920335
39.10046403840853,-94.64115899968608
39.100463984265176,-94.64114800012861
39.100463925198525,-94.6411360006114
39.10046387105302,-94.64112500105398
39.10046381198401,-94.64111300153684
39.10046375291376,-94.64110100201971
39.10046369876497,-94.64109000246239
39.10046363969238,-94.6410780029453
39.100463580618545,-94.64106600342826
39.100463526466456,-94.64105500387102
39.100463467350025,-94.64104299617945
39.10046341319577,-94.6410319966221
39.10046335411724,-94.64101999710502
39.10046329503746,-94.64100799758795
39.10046324087992,-94.64099699803067
39.100463181797785,-94.64098499851367
39.10046312271443,-94.64097299899672
39.10046306855361,-94.6409619994395
39.10046300946789,-94.6409499999226
39.10046295530489,-94.64093900036545
39.10046289621682,-94.64092700084859
39.100462837127516,-94.64091500133178
39.100462782961245,-94.6409040017747
39.100462723869576,-94.64089200225793
39.100462664776686,-94.64088000274118
39.100462610607124,-94.6408690031842
39.10046255151187,-94.64085700366753
39.10046249729987,-94.64084599593323
39.100462438202264,-94.64083399641642
39.10046237910342,-94.64082199689967
39.10046232492841,-94.64081099734268
39.100462265827204,-94.64079899782597
39.100462206724785,-94.6407869983093
39.100462152546484,-94.64077599875237
39.1004620934417,-94.64076399923576
39.100462039261224,-94.64075299967888
39.10046198015409,-94.64074100016234
39.10046192104572,-94.64072900064579
39.10046186686198,-94.64071800108901
39.100461807751245,-94.64070600157254
39.10046175356533,-94.64069500201579
39.10046169445224,-94.64068300249939
39.10046163533793,-94.640671002983
39.10046158114873,-94.64066000342633
39.10046152203205,-94.64064800391002
39.100461462873845,-94.64063599621338
39.100461408681355,-94.64062499665664
39.10046134956109,-94.64061299714024
39.10046129536643,-94.64060199758356
39.10046123624382,-94.64058999806721
39.10046117711997,-94.6405779985509
39.100461122922034,-94.6405669989943
39.10046106379582,-94.64055499947804
39.10046100466838,-94.64054299996181
39.10046095046716,-94.64053200040527
39.100460891337356,-94.64052000088911
39.10046083713397,-94.64050900133265
39.10046077800181,-94.64049700181654
39.10046071886845,-94.64048500230045
39.10046066466175,-94.64047400274406
39.10046060552602,-94.64046200322805
39.10046054638905,-94.64045000371205
39.100460492138744,-94.64043899597259
39.10046043299943,-94.64042699645648
39.10046037878729,-94.64041599690009
39.100460319645606,-94.64040399738403
39.1004602605027,-94.64039199786801
39.10046020628727,-94.6403809983117
39.100460147142,-94.64036899879572
39.10046008799551,-94.64035699927977
39.1004600337768,-94.64034599972355
39.10045997462794,-94.64033400020766
39.10045992040707,-94.64032300065148
39.10045986125586,-94.64031100113566
39.1004598021034,-94.64029900161988
39.10045974787925,-94.64028800206376
39.10045968872445,-94.64027600254805
39.10045962956841,-94.64026400303234
39.10045957534096,-94.6402530034763
39.100459516182575,-94.64024100396067
39.100459461912614,-94.64022999621858
39.10045940275186,-94.64021799670282
39.10045934358988,-94.64020599718711
39.10045928935698,-94.64019499763106
39.10045923019265,-94.64018299811536
39.10045917102708,-94.64017099859974
39.1004591167909,-94.64015999904379
39.10045905762298,-94.64014799952821
39.10045900338462,-94.64013699997228
39.100458944214346,-94.64012500045676
39.100458885042826,-94.64011300094128
39.100458830801195,-94.64010200138544
39.10045877162732,-94.64009000187002
39.10045871245223,-94.64007800235463
39.1004586582073,-94.64006700279886
39.10045859897128,-94.64005500348586
39.10045854139028,-94.64004400398643
39.10045847852796,-94.64003199584036
39.10045841570992,-94.64001999638634
39.10045835812563,-94.64000899688686
39.10045829530523,-94.63999699743287
39.10045823771878,-94.63998599793345
39.10045817489602,-94.63997399847956
39.10045811730741,-94.63996299898018
39.100458054482296,-94.63995099952633
39.10045799689152,-94.63994000002701
39.10045793406405,-94.63992800057325
39.10045787123534,-94.6399160011195
39.10045781364129,-94.63990500162028
39.10045775081023,-94.63989300216659
39.10045769321401,-94.63988200266742
39.10045763038059,-94.6398700032138
39.10045757278221,-94.63985900371468
39.10045750994644,-94.63984700426113
39.10045744706389,-94.63983499611263
39.10045738946222,-94.63982399661343
39.10045732662286,-94.6398119971598
39.10045726901903,-94.63980099766066
39.1004572061773,-94.63978899820707
39.10045714857131,-94.639777998708
39.10045708572723,-94.63976599925448
39.10045702288192,-94.63975399980102
39.100456965272635,-94.639743000302
39.10045690242497,-94.6397310008486
39.100456844813536,-94.63972000134966
39.10045678196351,-94.63970800189631
39.100456724349904,-94.63969700239743
39.10045666149752,-94.63968500294413
39.100456598643916,-94.63967300349087
39.100456541027015,-94.63966200399207
39.10045647812549,-94.63964999584127
39.10045642050644,-94.63963899634237
39.1004563576481,-94.63962699688906
39.1004563000269,-94.63961599739021
39.10045623716621,-94.63960399793697
39.10045617954283,-94.6395929984382
39.100456116679794,-94.63958099898502
39.10045605381551,-94.63956899953185
39.100455996188856,-94.63955800003315
39.10045593332222,-94.63954600058005
39.100455875693406,-94.63953500108143
39.100455812824414,-94.63952300162839
39.10045575519343,-94.63951200212979
39.100455692322086,-94.63950000267684
39.100455629449506,-94.6394880032239
39.10045557181523,-94.6394770037254
39.1004555089403,-94.63946500427252
39.100455451258284,-94.6394539960737
39.100455388380986,-94.6394419966207
39.100455330742385,-94.63943099712218
39.10045526786274,-94.63941899766927
39.10045520498187,-94.63940699821637
39.100455147339986,-94.63939599871792
39.10045508445675,-94.63938399926509
39.100455026812696,-94.63937299976668
39.1004549639271,-94.6393610003139
39.1004549062809,-94.63935000081555
39.10045484339295,-94.63933800136286
39.10045478050377,-94.63932600191019
39.10045472285427,-94.63931500241192
39.100454659962736,-94.63930300295931
39.10045460231108,-94.63929200346112
39.10045453941718,-94.63928000400857
39.100454481717755,-94.63926899580741
39.10045441882149,-94.63925699635476
39.10045436116552,-94.6392459968565
39.10045429826691,-94.63923399740392
39.10045423536707,-94.63922199795137
39.10045417770779,-94.6392109984532
39.1004541148056,-94.63919899900068
39.10045405714417,-94.6391879995026
39.100453994239615,-94.63917600005014
39.100453936576024,-94.6391650005521
39.1004538736691,-94.63915300109973
39.100453810760975,-94.63914100164736
39.10045375309409,-94.6391300021494
39.10045369018359,-94.63911800269713
39.10045363251455,-94.63910700319921
39.1004535696017,-94.639095003747
39.100453511930496,-94.63908400424914
39.10045344896963,-94.63907199609118
39.10045338605318,-94.63905999663888
39.1004533283787,-94.63904899714096
39.10045326545989,-94.63903699768872
39.10045320778324,-94.63902599819087
39.10045314486208,-94.63901399873869
39.10045308718327,-94.63900299924089
39.10045302425975,-94.63899099978877
39.100452961334994,-94.63897900033669
39.100452903652894,-94.63896800083896
39.1004528407258,-94.63895600138693
39.10045278304153,-94.63894500188928
39.10045272011207,-94.63893300243731
39.10045266242564,-94.6389220029397
39.1004526,-94.63891009999999
39.10045268554627,-94.63889799630965
39.10045276328437,-94.638886997222
39.100452848088395,-94.63887499821726
39.10045292582434,-94.63886399912954
39.10045301062599,-94.6388520001247
39.100453095426424,-94.63884000111983
39.10045317315908,-94.63882900203198
39.100453257957156,-94.63881700302703
39.10045333568764,-94.63880600393911
39.100453420483355,-94.63879400493407
39.10045350536076,-94.63878199419587
39.10045358308796,-94.63877099510798
39.10045366788009,-94.63875899610298
39.10045374560513,-94.63874799701505
39.1004538303949,-94.63873599800995
39.10045391518345,-94.63872399900482
39.1004539929052,-94.63871299991675
39.10045407769138,-94.63870100091154
39.10045415541097,-94.6386900018234
39.1004542401948,-94.63867800281811
39.10045432497739,-94.63866600381279
39.1004544026937,-94.63865500472453
39.10045448747394,-94.63864300571912
39.100454572335835,-94.63863099498268
39.100454650048846,-94.63861999589446
39.1004547348255,-94.63860799688908
39.100454812536356,-94.63859699780078
39.10045489731065,-94.63858499879532
39.100454982083704,-94.63857299978982
39.10045505979127,-94.63856200070141
39.100455144561984,-94.63855000169582
39.10045522226738,-94.63853900260733
39.10045530703573,-94.63852700360167
39.10045539180285,-94.63851500459596
39.10045546950497,-94.63850400550736
39.10045555435259,-94.63849199477256
39.100455632052544,-94.63848099568403
39.10045571681495,-94.63846899667836
39.100455801576125,-94.63845699767259
39.10045587927278,-94.63844599858396
39.100455964031596,-94.63843399957813
39.10045604878919,-94.63842200057226
39.10045612648256,-94.63841100148349
39.1004562112378,-94.63839900247754
39.10045628892901,-94.63838800338871
39.10045637368188,-94.63837600438266
39.100456458433534,-94.63836400537659
39.10045653620429,-94.63835299456059
39.10045662095357,-94.6383409955546
39.10045669863934,-94.63832999646574
39.100456783386264,-94.63831799745967
39.100456868131964,-94.63830599845353
39.100456945814436,-94.63829499936456
39.10045703055778,-94.63828300035836
39.10045710823809,-94.6382720012693
39.10045719297908,-94.63826000226301
39.10045727771883,-94.63824800325668
39.10045735539586,-94.6382370041675
39.100457440133255,-94.63822500516109
39.10045752495222,-94.63821299442958
39.10045760262596,-94.63820199534045
39.10045768735977,-94.63818999633408
39.100457765031344,-94.63817899724485
39.10045784976279,-94.63816699823842
39.100457934493015,-94.63815499923192
39.10045801216131,-94.63814400014259
39.10045809688917,-94.63813200113601
39.1004581745553,-94.63812100204662
39.100458259280806,-94.63810900303996
39.100458344005084,-94.63809700403324
39.10045842166792,-94.63808600494373
39.10045850647262,-94.63807399421387
39.1004585841333,-94.63806299512443
39.10045866885285,-94.63805099611773
39.10045875357118,-94.63803899711098
39.10045883122857,-94.63802799802143
39.100458915944536,-94.6380159990146
39.10045899359977,-94.63800499992497
39.100459078313385,-94.63799300091806
39.10045916302578,-94.6379810019111
39.100459240677715,-94.63797000282136
39.100459325387746,-94.63795800381432
39.10045941009654,-94.63794600480725
39.10045948774519,-94.6379350057174
39.100459572534376,-94.63792299498928
39.10045965018087,-94.6379119958995
39.10045973488495,-94.63789999689244
39.10045981958781,-94.63788799788533
39.10045989723101,-94.63787699879543
39.10045998193151,-94.63786499978822
39.10046005957254,-94.63785400069825
39.100460144270684,-94.63784200169097
39.10046022896759,-94.63783000268364
39.100460306605356,-94.63781900359353
39.1004603912999,-94.63780700458612
39.1004604689355,-94.63779600549596
39.100460553710406,-94.6377839947695
39.10046063840137,-94.63777199576215
39.10046071603367,-94.63776099667203
39.10046100060867,-94.63774909792961
39.10046079342032,-94.63773800020336
39.10046078630585,-94.63772600021039
39.100460779190165,-94.63771400021744
39.10046077266636,-94.6377030002239
39.1004607655483,-94.63769100023096
39.10046075902233,-94.63768000023741
39.100460751901906,-94.63766800024447
39.10046074478027,-94.63765600025152
39.100460738251016,-94.637645000258
39.10046073112702,-94.63763300026507
39.1004607245956,-94.63762200027155
39.10046071746924,-94.63761000027863
39.10046071034164,-94.6375980002857
39.10046070380694,-94.6375870002922
39.100460696677,-94.63757500029928
39.10046069014013,-94.63756400030579
39.100460683007825,-94.63755200031287
39.10046067587429,-94.63754000031997
39.10046066933413,-94.63752900032648
39.100460662198245,-94.63751700033359
39.10046065565592,-94.6375060003401
39.100460648517675,-94.6374940003472
39.10046064137819,-94.63748200035432
39.10046063483259,-94.63747100036085
39.10046062769075,-94.63745900036797
39.100460621142986,-94.63744800037449
39.10046061399879,-94.63743600038161
39.10046060685335,-94.63742400038875
39.100460600302306,-94.63741300039528
39.10046059315453,-94.63740100040242
39.10046058660131,-94.63739000040897
39.100460579451166,-94.63737800041612
39.100460572299795,-94.63736600042327
39.10046056574329,-94.63735500042982
39.10046055858956,-94.63734300043699
39.100460552030896,-94.63733200044355
39.10046054487481,-94.63732000045071
39.10046053771749,-94.63730800045788
39.10046053115553,-94.63729700046446
39.10046052399586,-94.63728500047162
39.100460517431735,-94.6372740004782
39.10046051026971,-94.63726200048538
39.10046050370343,-94.63725100049199
39.10046049653846,-94.6372389995077
39.10046048937283,-94.63722699951472
39.10046048280327,-94.63721599952117
39.10046047563528,-94.6372039995282
39.100460469063556,-94.63719299953465
39.10046046189323,-94.63718099954168
39.10046045472166,-94.63716899954872
39.100460448146656,-94.63715799955519
39.10046044097272,-94.63714599956222
39.10046043439554,-94.63713499956867
39.10046042721927,-94.63712299957574
39.10046042004175,-94.63711099958279
39.100460413461285,-94.63709999958927
39.100460406281414,-94.63708799959633
39.10046039969878,-94.63707699960281
39.10046039251657,-94.63706499960989
39.1004603853331,-94.63705299961694
39.100460378747194,-94.63704199962343
39.10046037156137,-94.63702999963053
39.1004603649733,-94.63701899963701
39.100460357785124,-94.6370069996441
39.100460350595725,-94.6369949996512
39.10046034400436,-94.6369839996577
39.1004603368126,-94.6369719996648
39.10046033021907,-94.6369609996713
39.10046032302496,-94.63694899967841
39.100460315829615,-94.63693699968552
39.1004603092328,-94.63692599969204
39.10046030203508,-94.63691399969916
39.100460295436115,-94.6369029997057
39.10046028823606,-94.63689099971282
39.100460281034756,-94.63687899971993
39.10046027443249,-94.63686799972648
39.10046026722885,-94.63685599973361
39.10046026062441,-94.63684499974015
39.100460253418404,-94.6368329997473
39.10046024621117,-94.63682099975443
39.10046023960345,-94.63680999976098
39.10046023239386,-94.63679799976813
39.10046022578398,-94.6367869997747
39.100460218572024,-94.63677499978186
39.100460211959984,-94.63676399978844
39.10046020474569,-94.63675199979559
39.10046019753013,-94.63673999980277
39.100460190914816,-94.63672899980935
39.10046018369691,-94.63671699981653
39.10046017707942,-94.6367059998231
39.10046016985916,-94.6366939998303
39.10046016263768,-94.63668199983748
39.1004601560169,-94.63667099984407
39.100460148793054,-94.63665899985125
39.10046014217012,-94.63664799985784
39.10046013494392,-94.63663599986505
39.10046012771648,-94.63662399987227
39.10046012109025,-94.63661299987886
39.10046011386047,-94.63660099988608
39.10046010723208,-94.6365899998927
39.1004601,-94.636578
39.100460112202924,-94.63656600018946
39.10046012338802,-94.63655500020832
39.10046013558877,-94.63654300022891
39.100460146771695,-94.63653200024775
39.10046015897009,-94.63652000026832
39.10046017116724,-94.63650800028888
39.100460182346886,-94.63649700030771
39.10046019454169,-94.63648500032825
39.10046020673526,-94.6364730003488
39.10046021791161,-94.63646200036762
39.100460230102826,-94.63645000038814
39.10046024127701,-94.63643900040695
39.100460253465876,-94.63642700042747
39.100460265653496,-94.63641500044798
39.1004602768244,-94.63640400046677
39.10046028900967,-94.63639200048728
39.10046030119369,-94.63638000050777
39.10046031236133,-94.63636900052654
39.100460324542986,-94.63635700054704
39.100460335708455,-94.63634600056581
39.10046034788777,-94.63633400058627
39.10046036006586,-94.63632200060673
39.10046037122804,-94.63631100062548
39.10046038340376,-94.63629900064592
39.10046039557827,-94.63628700066637
39.10046040673715,-94.63627600068509
39.10046041890929,-94.63626400070552
39.100460430066015,-94.63625300072425
39.1004604422358,-94.63624100074468
39.10046045440435,-94.6362290007651
39.10046046555778,-94.63621800078378
39.100460477723985,-94.6362060008042
39.10046048988895,-94.6361940008246
39.10046050103909,-94.63618300084327
39.1004605132017,-94.63617100086367
39.10046052434968,-94.63616000088234
39.10046053650994,-94.63614800090271
39.10046054867067,-94.63613599924068
39.100460559815346,-94.63612499925952
39.10046057197202,-94.63611299928002
39.10046058412746,-94.63610099930054
39.100460595268856,-94.63608999931935
39.100460607421944,-94.63607799933986
39.10046061856117,-94.63606699935865
39.1004606307119,-94.63605499937914
39.100460642861385,-94.63604299939963
39.100460653997345,-94.6360319994184
39.10046066614448,-94.63601999943887
39.100460678290375,-94.63600799945935
39.10046068942304,-94.6359969994781
39.10046070156658,-94.63598499949856
39.10046071269708,-94.6359739995173
39.10046072483827,-94.63596199953776
39.10046073697823,-94.63594999955818
39.10046074810544,-94.63593899957691
39.100460760243045,-94.63592699959733
39.10046077237941,-94.63591499961775
39.10046078350334,-94.63590399963648
39.100460795637346,-94.63589199965689
39.10046080675911,-94.63588099967559
39.10046081889077,-94.635868999696
39.10046083102119,-94.6358569997164
39.10046084213966,-94.63584599973508
39.10046085426773,-94.63583399975545
39.10046086639457,-94.63582199977583
39.100460877509754,-94.63581099979449
39.10046088963423,-94.63579899981487
39.10046090074726,-94.63578799983351
39.10046091286937,-94.63577599985386
39.10046092499027,-94.6357639998742
39.100460936100006,-94.63575299989283
39.10046094821853,-94.63574099991317
39.10046096033584,-94.6357289999335
39.10046097144229,-94.63571799995212
39.10046098355723,-94.63570599997243
39.10046099466152,-94.63569499999106
39.100461006774104,-94.63568300001135
39.10046101888547,-94.63567100003165
39.10046102998646,-94.63566000005027
39.10046104209545,-94.63564800007055
39.10046105420323,-94.63563600009083
39.100461065300934,-94.6356250001094
39.10046107740636,-94.63561300012967
39.10046108850191,-94.63560200014822
39.10046105763405,-94.6355899933171
39.100460218346925,-94.63557797468178
39.10045944832993,-94.63556694801423
39.10045861707274,-94.6355550444021
39.10045784705357,-94.63554401773483
39.100457007761676,-94.63553199909998
39.10045616846854,-94.63551998046525
39.10045194724805,-94.63551004059997
39.10044755785294,-94.63550057065433
39.100443089757604,-94.63549093091898
39.100438358725235,-94.63548072391076
39.100433890627905,-94.63547108417714
39.10042915959332,-94.63546087717057
39.10042442855759,-94.63545067016481
39.1004199604572,-94.63544103043374
39.100417246465035,-94.63542990126588
39.10041443025083,-94.63541822824216
39.100411745900864,-94.63540710179242
39.10040906154973,-94.6353959753431
39.10040637719741,-94.63538484889412
39.1004037809749,-94.63537408774182
39.10040087662375,-94.63536204942476
39.1003981922679,-94.63535092297708
39.10039559604206,-94.63534016182645
39.100392911683926,-94.63532903537961
39.10039151393952,-94.63531706725706
39.10039043155687,-94.63530407865662
39.10038943155622,-94.6352920786568
39.10038858270695,-94.63528000572147
39.10038848363004,-94.63526800708
39.10038839269526,-94.63525699461566
39.10038829361599,-94.63524499597409
39.100388194535505,-94.63523299733261
39.10038810371063,-94.63522199857795
39.100388004627774,-94.63520999993655
39.1003879055437,-94.6351980012952
39.10038781471555,-94.63518700254068
39.10038771562911,-94.63517500389942
39.10038761654144,-94.63516300525822
39.10038752571,-94.63515200650382
39.10038742661997,-94.63514000786272
39.10038732752872,-94.63512800922166
39.10038723669398,-94.63511701046741
39.10038713760038,-94.63510501182644
39.10038703850554,-94.63509301318554
39.10038694766752,-94.6350820144314
39.10038684845707,-94.63507000207825
39.10038674935864,-94.63505800343732
39.10038665851734,-94.63504700468317
39.10038655941655,-94.63503500604234
39.10038646031453,-94.63502300740156
39.10038636946994,-94.63501200864756
39.10038627036557,-94.63500001000686
39.10038617125996,-94.63498801136625
39.100386072153135,-94.63497601272566
39.10038598130412,-94.63496501397181
39.10038588219493,-94.63495301533133
39.10038578297122,-94.6349410029767
39.10038568385958,-94.63492900433616
39.100385593006145,-94.63491800558235
39.10038549389215,-94.63490600694189
39.1003853947769,-94.6348940083015
39.10038529566044,-94.63488200966114
39.100385204689296,-94.63487099719234
39.10038510557047,-94.6348589985519
39.10038500645041,-94.63484699991152
39.10038490732912,-94.63483500127118
39.100384808206606,-94.63482300263091
39.10038471734322,-94.63481200387736
39.10038461821835,-94.63480000523718
39.10038684475185,-94.63478794130454
39.100389388633936,-94.63477676885776
39.10039206289839,-94.63476502378032
39.1003946067781,-94.63475385133275
39.10039736030152,-94.6347417581463
39.10040042119939,-94.63473028385177
39.10040446719906,-94.63472031485146
39.10040872796807,-94.63470981667423
39.100412773965594,-94.63469984767256
39.100416819962085,-94.63468987867022
39.10042086595756,-94.63467990966717
39.100424911952004,-94.63466994066337
39.10042883725697,-94.63465992259528
39.10043197001974,-94.63464898574064
39.100434850685744,-94.6346389289824
39.10043773135077,-94.63462887222373
39.100440492111936,-94.63461923406065
39.10044337277509,-94.63460917730103
39.10044601635171,-94.63459900540776
39.10044838229357,-94.63458712643055
39.10045081003238,-94.63457493717472
39.1004529891098,-94.63456399639844
39.10045535504793,-94.6345521174198
39.10045759592111,-94.63454086636496
39.10045996185676,-94.63452898738547
39.10046232779115,-94.63451710840542
39.1004645686607,-94.63450585734974
39.10046189093948,-94.63449504604749
39.100458844584644,-94.63448306561945
39.10045602785348,-94.63447198823971
39.10045321112115,-94.63446091086043
39.10045039438766,-94.63444983348157
39.100447674605455,-94.63443913738821
39.10044485786972,-94.63442806001034
39.10044181150737,-94.63441607958548
39.10043899476921,-94.63440500220855
39.100436178029895,-94.63439392483204
39.10043336128941,-94.63438284745598
39.10043064150066,-94.63437215136607
39.10042782475791,-94.63436107399097
39.100425008014014,-94.63434999661631
39.100421961642915,-94.6343380161952
39.100419144896605,-94.63432693882147
39.10041632814912,-94.63431586144817
39.100413608353826,-94.63430516536174
39.10041079160409,-94.63429408798942
39.1004079748532,-94.63428301061754
39.10040492847459,-94.63427103019966
39.10040219104295,-94.63425999081032
39.100401872822104,-94.63424900611761
39.100401525670904,-94.63423702281668
39.10040117712689,-94.63422499147963
39.10040082997324,-94.63421300817888
39.10040051174797,-94.63420202348665
39.100400163200355,-94.63418999214947
39.100399816043115,-94.63417800884905
39.100399467493,-94.6341659775117
39.10039914926332,-94.63415499281982
39.10039880210251,-94.63414300951973
39.100398453548785,-94.63413097818226
39.10039810638551,-94.63411899488237
39.100397788151426,-94.63410801019094
39.1003974395941,-94.63409597885331
39.10039709242724,-94.63408399555377
39.10039677418986,-94.63407301086268
39.10039642562893,-94.63406097952489
39.10039607845848,-94.63404899622572
39.10039573128682,-94.6340370129267
39.100395411653274,-94.634025980197
39.100395064479244,-94.63401399689815
39.100394717304,-94.63400201359948
39.100394368735735,-94.6339899822614
39.10039405048955,-94.6339789975711
39.10039370331071,-94.6339670142728
39.10039381065822,-94.63395499707718
39.10039391290645,-94.63394399865557
39.10039402444882,-94.63393200037741
39.10039412669489,-94.6339210019557
39.10039423823489,-94.63390900367743
39.10039434047881,-94.63389800525562
39.100394452016445,-94.63388600697725
39.10039455440168,-94.6338749931219
39.10039466593697,-94.63386299484358
39.10039476817656,-94.63385199642173
39.100394879709484,-94.6338399981433
39.10039498194692,-94.63382899972135
39.10039509347749,-94.63381700144281
39.100395195712764,-94.63380600302077
39.10039530724097,-94.63379400474211
39.10039540947409,-94.63378300631997
39.100395521143376,-94.63377099260923
39.10039562337434,-94.63375999418716
39.10039573489783,-94.63374799590845
39.10039583712663,-94.63373699748625
39.10039594864776,-94.63372499920746
39.100396050874394,-94.63371400078516
39.10039616239317,-94.63370200250625
39.10039626461764,-94.63369100408386
39.10039637613407,-94.63367900580482
39.10039647835637,-94.63366800738235
39.10039659001386,-94.63365599367287
39.100396692234014,-94.63364499525044
39.100396801950005,-94.63363299840321
39.10039685535925,-94.63362199883385
39.1003969136227,-94.6336099993036
39.10039697188493,-94.63359799977333
39.10039702529088,-94.6335870002039
39.10039708355076,-94.63357500067356
39.100397141809395,-94.6335630011432
39.1003972000668,-94.63355100161282
39.10039725346835,-94.63354000204328
39.1003973117234,-94.63352800251283
39.100397369977216,-94.63351600298236
39.100397423375476,-94.63350500341274
39.10039748162694,-94.6334930038822
39.1003975399163,-94.63348099629152
39.10039759331127,-94.63346999672198
39.10039765155915,-94.63345799719153
39.10039770980579,-94.63344599766106
39.1003977680512,-94.63343399813054
39.10039782144176,-94.63342299856087
39.10039787968481,-94.63341099903032
39.10039793792665,-94.63339899949973
39.1003979913139,-94.63338799993001
39.10039804955337,-94.63337600039935
39.10039810779161,-94.63336400086867
39.100398166028626,-94.63335200133795
39.10039821941147,-94.63334100176813
39.10039827764613,-94.63332900223736
39.10039833587955,-94.63331700270655
39.100398389259105,-94.63330600313664
39.10039844749017,-94.6332940036058
39.10039850575912,-94.63328199601759
39.10039856398771,-94.63326999648686
39.10039861736285,-94.633258996917
39.1003986755891,-94.63324699738618
39.10039873381412,-94.63323499785535
39.100398787185966,-94.6332239982854
39.100398845408634,-94.63321199875453
39.10039890363006,-94.6331999992236
39.100398956998625,-94.63318899965358
39.10039901521769,-94.6331770001226
39.10039907343553,-94.6331650005916
39.10039913165216,-94.63315300106055
39.1003991850163,-94.63314200149043
39.10039924323055,-94.63313000195934
39.10039930317442,-94.6331180054249
39.1003994216904,-94.63310700754552
39.10039955117215,-94.63309499196897
39.10039968045991,-94.63308299428242
39.100399798972596,-94.633071996403
39.10039992825798,-94.63305999871633
39.10040004676851,-94.63304900083682
39.100400176051544,-94.63303700315001
39.10040030533334,-94.63302500546314
39.100400423840576,-94.63301400758344
39.10040055331279,-94.63300199200786
39.10040067181785,-94.63299099412822
39.100400801094935,-94.63297899644125
39.1004009303708,-94.63296699875423
39.100401048872584,-94.6329560008744
39.100401178146086,-94.63294400318723
39.100401296645714,-94.63293300530731
39.10040142591686,-94.63292100762003
39.1004015553795,-94.63290899204543
39.10040167387584,-94.63289799416546
39.10040180314339,-94.63288599647817
39.10040192163757,-94.63287499859807
39.10040205090277,-94.63286300091066
39.10040218016674,-94.63285100322317
39.100402298657635,-94.6328400053429
39.10040242791924,-94.63282800765529
39.10040254660067,-94.63281699188897
39.100402675859925,-94.63280499420138
39.10040280511796,-94.63279299651374
39.10040292360339,-94.63278199863336
39.10040305285906,-94.63277000094557
39.100403171342336,-94.63275900306508
39.10040330059565,-94.63274700537717
39.10040342984773,-94.63273500768922
39.100403548520404,-94.6327239919239
39.10040367777012,-94.63271199423599
39.100403796247946,-94.63270099635534
39.100403925495314,-94.63268899866729
39.100404054741446,-94.63267700097919
39.10040417321599,-94.63266600309835
39.10040430245977,-94.63265400541013
39.10040442093216,-94.63264300752918
39.10040455036622,-94.63263099195751
39.10040467960641,-94.63261899426925
39.10040479807551,-94.6326079963883
39.100404927313335,-94.63259599869991
39.10040504578027,-94.63258500081884
39.10040517501575,-94.63257300313032
39.10040530932587,-94.63256101235673
39.10040557466832,-94.63254998300923
39.10040586308423,-94.63253799453064
39.10040612746439,-94.6325270050918
39.100406415877934,-94.63251501661293
39.10040668121603,-94.6325039872657
39.10040696962722,-94.63249199878672
39.10040725803719,-94.63248001030759
39.10040752337198,-94.63246898096062
39.100407811779576,-94.63245699248138
39.10040807615214,-94.63244600304195
39.100408364557396,-94.63243401456243
39.10040862988783,-94.63242298521575
39.10040891829073,-94.63241099673613
39.1004092066924,-94.63239900825634
39.100409471059514,-94.6323880188164
39.100409760418835,-94.63237599043
39.10041002478379,-94.63236500098998
39.10041031318075,-94.6323530125098
39.10041057850353,-94.63234198316366
39.10041086689812,-94.63232999468336
39.100411155291496,-94.63231800620294
39.10041141965101,-94.63230701676241
39.10041170900198,-94.6322949883765
39.10041197335933,-94.63228399893589
39.10041226174799,-94.63227201045507
39.10041252706311,-94.63226098110947
39.10041281544942,-94.63224899262852
39.10041307980245,-94.63223800318752
39.1004133681864,-94.6322260147063
39.10041365752902,-94.63221398632089
39.10041392187876,-94.63220299687966
39.10041421025914,-94.63219100839818
39.10041447460673,-94.6321800189567
39.1004147639446,-94.63216799057153
39.10041502829004,-94.63215700112995
39.10041531666569,-94.63214501264807
39.10041560599994,-94.63213298426315
39.1004158703421,-94.63212199482132
39.10041615871417,-94.63211000633919
39.10041642305415,-94.63209901689709
39.10041671238368,-94.63208698851244
39.10041697672151,-94.63207599907024
39.10041726508887,-94.63206401058771
39.10041755441478,-94.6320519822033
39.10041781874932,-94.63204099276088
39.100418001394814,-94.63202930075934
39.10041794211452,-94.63201800134313
39.10041777448175,-94.63200600523277
39.1004176208173,-94.63199500879836
39.10041745285804,-94.63198298949206
39.10041729919141,-94.63197199305763
39.10041713155394,-94.63195999694744
39.10041697788516,-94.63194900051316
39.100416810245314,-94.63193700440311
39.10041665657438,-94.631926007969
39.100416488608,-94.63191398866205
39.10041633493491,-94.63190299222792
39.10041616729036,-94.63189099611805
39.100416013615096,-94.63187999968405
39.10041584596819,-94.63186800357434
39.100415692290774,-94.63185700714051
39.10041552464151,-94.63184501103098
39.10041537063773,-94.63183399139909
39.1004152029861,-94.63182199528953
39.10041504930436,-94.63181099885584
39.10041488165038,-94.63179900274645
39.10041472796647,-94.63178800631292
39.100414560310135,-94.6317760102037
39.100414406299855,-94.6317649905711
39.10041423864116,-94.63175299446188
39.10041408495294,-94.6317419980285
39.10041391729188,-94.63173000191942
39.10041376360151,-94.6317190054862
39.100413599999996,-94.6317073
39.10041365791947,-94.63169599708937
39.10041371428323,-94.63168499756898
39.10041377576978,-94.63167299809218
39.10041383213138,-94.63166199857176
39.10041389361559,-94.63164999909486
39.10041394997502,-94.6316389995744
39.10041400633342,-94.63162800005388
39.10041406781414,-94.63161600057693
39.100414124170385,-94.63160500105636
39.100414180525604,-94.63159400153577
39.100414242002834,-94.63158200205872
39.10041429835588,-94.63157100253807
39.10041435983076,-94.63155900306096
39.10041441622522,-94.6315479950341
39.10041447257507,-94.63153699551353
39.100414534046465,-94.63152499603652
39.10041459039415,-94.63151399651586
39.10041465186319,-94.6315019970388
39.10041491457832,-94.63149098119861
39.10041651682799,-94.63147889365345
39.10041821952425,-94.63146604831742
39.10041995056711,-94.6314529891198
39.10042164992799,-94.63144081886482
39.10042474993333,-94.63143087060989
39.10042758159181,-94.63142178350624
39.10043068159532,-94.63141183525033
39.10043378159788,-94.63140188699391
39.10043688159948,-94.63139193873698
39.10043998160013,-94.6313819904795
39.1004434887932,-94.63137073549053
39.1004465887918,-94.63136078723203
39.100449688789425,-94.63135083897299
39.10045305713145,-94.63134002956102
39.100456157127105,-94.63133008130087
39.10045965517022,-94.63131973714908
39.10046443277996,-94.631309329892
39.10046912954211,-94.6312990987451
39.10047382630311,-94.63128886759739
39.10047826384338,-94.63127920111785
39.10048330066824,-94.631268229188
39.10048773820642,-94.63125856270666
39.10049209489699,-94.63124907233635
39.100496532433205,-94.63123940585342
39.10050088912173,-94.63122991548177
39.10050498659022,-94.63122098977824
39.1005096833425,-94.63121075862425
39.10051378080915,-94.63120183291933
39.100518218340554,-94.63119216643248
39.10052288985125,-94.63118287730155
39.10052891142241,-94.6311739013304
39.1005357446173,-94.63116371552057
39.100541766186346,-94.6311547395471
39.10054817169478,-94.63114519125659
39.10055386740126,-94.63113586579992
39.10055916773619,-94.63112716976187
39.10056484959208,-94.6311178477757
39.10057014992519,-94.63110915173571
39.100575831779054,-94.63109982974761
39.10058113211034,-94.63109113370571
39.100586813962195,-94.63108181171565
39.10059211429167,-94.63107311567182
39.10059779614151,-94.6310637936798
39.10060309646916,-94.63105509763406
39.10060877831698,-94.63104577564009
39.10061407864281,-94.63103707959243
39.10061976048862,-94.6310277575965
39.100625060812625,-94.63101906154694
39.10063074265642,-94.63100973954904
39.10063604297861,-94.63100104349756
39.10064172482039,-94.63099172149772
39.100647025140766,-94.63098302544431
39.10065270698053,-94.63097370344252
39.100658007299074,-94.6309650073872
39.10066368913682,-94.63095568538346
39.10066898945355,-94.63094698932622
39.10067467128929,-94.63093766732051
39.100679971604194,-94.63092897126135
39.10068565343792,-94.6309196492537
39.10069095375101,-94.63091095319263
39.100696635582715,-94.63090163118301
39.10070193589398,-94.63089293512002
39.10070761772368,-94.63088361310847
39.10071291803312,-94.63087491704354
39.10071859986081,-94.63086559503002
39.100723900168425,-94.6308568989632
39.1007295819941,-94.63084757694772
39.100734882299896,-94.63083888087898
39.100740911366756,-94.63082892087236
39.10074580246734,-94.630819823652
39.10075069356698,-94.63081072643084
39.10075594794424,-94.63080095352706
39.10076083904193,-94.63079185630417
39.10076609341716,-94.63078208339844
39.10077098451289,-94.63077298617384
39.100775875607695,-94.63076388894841
39.100781129979865,-94.63075411603988
39.1007860210727,-94.63074501881273
39.10079127544282,-94.63073524590224
39.10079616653373,-94.63072614867336
39.10080142090178,-94.63071637576098
39.100806311990745,-94.63070727853037
39.10081152739587,-94.63069757808175
39.10081678176078,-94.63068780516654
39.10082167284675,-94.63067870793341
39.1008269272096,-94.63066893501626
39.10083181829362,-94.6306598377814
39.100837072654414,-94.63065006486232
39.10084196373651,-94.63064096762572
39.10084685481763,-94.63063187038831
39.10085210917538,-94.63062209746641
39.10085700025457,-94.63061300022727
39.100862254610256,-94.63060322730345
39.100867145687495,-94.63059413006258
39.10087240004113,-94.63058435713684
39.10087729111643,-94.63057525989424
39.10088218219079,-94.63056616265082
39.10088776085701,-94.63055578650513
39.10089265192932,-94.63054668926
39.100897904802146,-94.63053691574785
39.10090276679883,-94.63052779361196
39.1009079909515,-94.63051799199188
39.10091285294623,-94.63050886985431
39.10091807709683,-94.63049906823231
39.100922939089614,-94.63048994609302
39.10092816323814,-94.63048014446915
39.1009333873856,-94.63047034284426
39.10093824937543,-94.63046122070236
39.10094379403674,-94.63045081771833
39.10094865602451,-94.63044169557473
39.100953880167744,-94.63043189394604
39.10095874215355,-94.63042277180074
39.100963966294714,-94.63041297017016
39.100968828278575,-94.63040384802316
39.100974052417676,-94.63039404639066
39.10097927655572,-94.6303842447572
39.10098413853661,-94.63037512260759
39.10098936267259,-94.63036532097219
39.10099422465152,-94.63035619882089
39.10099976930026,-94.63034579582637
39.101004631277156,-94.63033667367336
39.101009855408904,-94.63032687203417
39.10101471738382,-94.63031774987947
39.1010199415135,-94.63030794823838
39.10102516564211,-94.63029814659629
39.10103002761409,-94.63028902443897
39.10103525174063,-94.63027922279497
39.101040113710646,-94.63027010063594
39.101045337835124,-94.63026029899007
39.101050199803176,-94.63025117682933
39.10105574443935,-94.63024077382438
39.10106060640535,-94.63023165166196
39.101065830525606,-94.63022185001226
39.10107105464479,-94.63021204836157
39.10107591660783,-94.63020292619653
39.101081140724965,-94.63019312454395
39.10108600268604,-94.6301840023772
39.10109122680111,-94.6301742007227
39.10109608876022,-94.63016507855426
39.10110131287322,-94.63015527689787
39.10110649534316,-94.63014555337061
39.101111719453996,-94.63013575171232
39.101116943563746,-94.63012595005304
39.10112180551787,-94.63011682788029
39.10112702962557,-94.6301070262191
39.10113189157772,-94.63009790404463
39.10113711568336,-94.63008810238155
39.101141977633574,-94.63007898020537
39.10114720173712,-94.63006917854038
39.101152063685376,-94.63006005636251
39.10115728778688,-94.63005025469562
39.101162832399,-94.63003985167069
39.10116769434419,-94.6300307294902
39.10117291844246,-94.63002092782041
39.1011777803857,-94.63001180563823
39.101183003367034,-94.63000200293263
39.101188171718654,-94.62999214956291
39.101192980027925,-94.6299829826048
39.10119814837745,-94.62997312923325
39.1012033167259,-94.62996327586072
39.1012084850733,-94.62995342248719
39.10121360696563,-94.62994365767655
39.10121877531081,-94.62993380430117
39.101223943654944,-94.62992395092483
39.101229111998,-94.6299140975475
39.101233920299165,-94.62990493058254
39.10123908864013,-94.62989507720336
39.10124425698002,-94.62988522382318
39.101249425318834,-94.62987537044202
39.10125454720227,-94.62986560562462
39.101259715538895,-94.62985575224161
39.10126488387446,-94.62984589885761
39.10127005220894,-94.62983604547264
39.101274860501995,-94.62982687850085
39.1012800288344,-94.62981702511402
39.101285197165716,-94.62980717172621
39.10129036549598,-94.62979731833742
39.10129517378502,-94.62978815136218
39.10130065569855,-94.62977770012256
39.10130582402555,-94.62976784673094
39.10131099235148,-94.62975799333834
39.10131580063642,-94.6297488263597
39.10132096896025,-94.62973897296523
39.10132613728302,-94.62972911956977
39.10133138423992,-94.62971934250264
39.10133627012929,-94.629710240787
39.10134184273351,-94.6296998598163
39.10134672862085,-94.62969075809895
39.10135197758432,-94.6296809800192
39.101356863469704,-94.62967187830013
39.10136211243113,-94.62966210021844
39.10136736139151,-94.62965232213574
39.10137224727393,-94.62964322041405
39.101377819870144,-94.62963283943661
39.101382705750545,-94.6296237377132
39.1013879547067,-94.62961395962667
39.10139284058514,-94.62960485790151
39.10139808953925,-94.62959507981306
39.10140333849229,-94.62958530172362
39.10140822436778,-94.62957619999584
39.101413796955974,-94.62956581901166
39.10141868282944,-94.62955671728218
39.10142393177827,-94.62954693918888
39.101428817649776,-94.62953783745766
39.10143406659655,-94.62952805936246
39.10143895246612,-94.62951895762951
39.10144420141084,-94.62950917953239
39.1014494503545,-94.62949940143424
39.10145465985753,-94.62948969680592
39.10145990879904,-94.62947991870587
39.101464794663606,-94.62947081696858
39.10147004360306,-94.62946103886662
39.10147492946568,-94.6294519371276
39.10148017840308,-94.6294421590237
39.10148542733941,-94.6294323809188
39.10149063683483,-94.62942267628443
39.101495885769005,-94.6294128981776
39.10150077162663,-94.62940379643425
39.10150602055875,-94.62939401832551
39.10151090641444,-94.62938491658042
39.10151615534452,-94.62937513846977
39.10152140427353,-94.62936536035812
39.10152629012626,-94.6293562586104
39.10153186268817,-94.62934587760411
39.10153674853886,-94.62933677585467
39.10154199746366,-94.62932699773917
39.1015468833124,-94.62931789598802
39.10155213223515,-94.6293081178706
39.10155738115684,-94.62929833975217
39.101562267002635,-94.62928923799839
39.10156783955653,-94.62927885698537
39.10157272540028,-94.62926975522986
39.10157797431776,-94.62925997710761
39.10158286015957,-94.62925087535038
39.101588109074974,-94.62924109722618
39.10159299491484,-94.62923199546725
39.101598243828214,-94.62922221734114
39.10160381637408,-94.62921183632139
39.101608702210896,-94.62920273455981
39.101613951121045,-94.6291929564308
39.10161883695592,-94.62918385466749
39.10162408586401,-94.62917407653654
39.10162897169693,-94.62916497477151
39.10163422060297,-94.62915519663865
39.10163946950795,-94.62914541850479
39.10164467897069,-94.62913571384452
39.10164992787353,-94.62912593570873
39.10165481370146,-94.62911683393935
39.10166006260223,-94.62910705580165
39.10166494842821,-94.62909795403056
39.10167019732693,-94.62908817589093
39.10167544622459,-94.6290783977503
39.101680655679715,-94.62906869308398
39.10168590457522,-94.62905891494144
39.101690790396205,-94.62904981316599
39.10169603928965,-94.62904003502152
39.1017009251087,-94.62903093324435
39.10170617400008,-94.62902115509796
39.10171142289041,-94.62901137695057
39.10171663233791,-94.6290016722782
39.10172188122609,-94.62899189412889
39.10172676704015,-94.62898279234737
39.10173201592627,-94.62897301419613
39.10173690173838,-94.62896391241289
39.10174215062244,-94.62895413425974
39.1017470364326,-94.62894503247477
39.10175228531461,-94.62893525431973
39.101757857826165,-94.62892487327112
39.10176274363328,-94.62891577148352
39.101767992512066,-94.62890599332552
39.10177287831725,-94.6288968915362
39.10177812719399,-94.6288871133763
39.1017830129972,-94.62887801158527
39.101788261871896,-94.62886823342343
39.101793834375435,-94.62885785236809
39.1017987201756,-94.62884875057442
39.101803969047076,-94.62883897240967
39.10180885484531,-94.62882987061428
39.10181410371472,-94.62882009244761
39.10181898951101,-94.62881099065049
39.10182423837836,-94.62880121248189
39.101829487244665,-94.6287914343123
39.10183469666714,-94.62878172962007
39.10183994553129,-94.62877195144856
39.101844831322566,-94.62876284964712
39.101850080184654,-94.62875307147368
39.10185496597401,-94.62874396967048
39.10186021483405,-94.62873419149513
39.10186546369301,-94.62872441331876
39.10187067310786,-94.6287147086205
39.10187592196468,-94.62870493044223
39.10188080774903,-94.62869582863469
39.101886056603796,-94.6286860504545
39.101890942386206,-94.62867694864524
39.101896191238914,-94.62866717046313
39.10190107701936,-94.62865806865214
39.10190664949778,-94.6286476875757
39.101911898347275,-94.62863790939065
39.10191678412469,-94.62862880757704
39.10192203297213,-94.62861902939008
39.101926918747594,-94.62860992757474
39.10193216759297,-94.62860014938587
39.1019370533665,-94.62859104756883
39.10194230220983,-94.62858126937802
39.101947905140456,-94.62857090324242
39.101953229985455,-94.62856223458716
39.10195894003311,-94.62855293883325
39.10196426487628,-94.62854427017604
39.10196997492193,-94.62853497442016
39.10197529976332,-94.62852630576101
39.10198100980695,-94.62851701000316
39.10198633464652,-94.62850834134208
39.10199204468816,-94.62849904558229
39.10199736952591,-94.62849037691926
39.10200307956556,-94.62848108115746
39.10200878960415,-94.62847178539468
39.10201411443914,-94.62846311672875
39.10201982447573,-94.62845382096401
39.102025149308915,-94.62844515229614
39.1020308593435,-94.6284358565294
39.10203618417488,-94.62842718785961
39.10204189420746,-94.62841789209091
39.10204721903702,-94.6284092234192
39.10205292906761,-94.62839992764852
39.102058253895365,-94.62839125897484
39.102063963923946,-94.62838196320222
39.102069673951476,-94.62837266742855
39.102074998776466,-94.628363998752
39.10208070880199,-94.62835470297637
39.10208603362518,-94.62834603429786
39.1020917436487,-94.62833673852029
39.10209706847008,-94.62832806983984
39.1021027784916,-94.62831877406029
39.10210810331116,-94.6283101053779
39.10211381333069,-94.62830080959637
39.10211913814844,-94.62829214091208
39.10212484816596,-94.62828284512857
39.1021301729819,-94.62827417644233
39.10213588299741,-94.62826488065684
39.10214159301188,-94.62825558487036
39.10214691782505,-94.62824691618123
39.10215262783752,-94.62823762039277
39.1021579526489,-94.62822895170169
39.10216366265936,-94.62821965591127
39.10216898746893,-94.62821098721824
39.10217469747738,-94.62820169142586
39.10218002228514,-94.62819302273091
39.10218573229158,-94.62818372693656
39.102191057097535,-94.62817505823968
39.10219698977885,-94.62816499002376
39.10220217407316,-94.62815616990204
39.102207722919715,-94.62814672955913
39.10221328071515,-94.62813727398859
39.102218829559575,-94.62812783364373
39.102224013850105,-94.62811901351822
39.10222919813973,-94.6281101933918
39.10223512048391,-94.6281001175968
39.10224030477162,-94.62809129746843
39.10224585361089,-94.62808185711881
39.10225103789674,-94.62807303698862
39.10225696023651,-94.62806296118939
39.10226214452044,-94.62805414105725
39.10226769335552,-94.62804470070381
39.10227287763758,-94.62803588056983
39.10227843542111,-94.6280264249868
39.1022839842531,-94.62801698463046
39.10228916853235,-94.62800816449364
39.10229471736226,-94.62799872413545
39.10230027514181,-94.62798926854823
39.102305823969616,-94.62797982818807
39.10231100824505,-94.62797100804748
39.10231619251962,-94.62796218790595
39.10232211484635,-94.62795211209408
39.10232729911899,-94.62794329195061
39.102332847941625,-94.62793385158571
39.102338032212394,-94.62792503144041
39.102343954534724,-94.62791495562432
39.10234913880358,-94.62790613547708
39.102354687622025,-94.62789669510836
39.10235987188901,-94.62788787495928
39.10236542965667,-94.62787841935956
39.10237097847201,-94.62786897898796
39.102376162736185,-94.62786015883604
39.10238171154946,-94.62785071846254
39.102387269313134,-94.62784126285867
39.102392818124294,-94.62783182248322
39.10239800238467,-94.62782300232753
39.10240318664416,-94.6278141821709
39.10240910895344,-94.62780410634217
39.102414293211,-94.62779528618361
39.102419842016985,-94.6277858458034
39.1024250262727,-94.627777025643
39.102430948577585,-94.62776694981005
39.102436132831365,-94.62775812964772
39.102441317084256,-94.62774930948449
39.10244686588508,-94.62773986909951
39.10245242363687,-94.62773041348315
39.102457972435566,-94.62772097309623
39.10246315668467,-94.62771215292922
39.1024687054813,-94.62770271254043
39.1024742632291,-94.62769325691988
39.10247981202362,-94.62768381652916
39.10248499626892,-94.62767499635835
39.10249018051333,-94.62766617618665
39.10249610280517,-94.62765610034103
39.10250128704767,-94.6276472801674
39.10250683583702,-94.62763783977188
39.10251202007764,-94.6276290195964
39.1025179423651,-94.62761894374657
39.1025231266038,-94.62761012356916
39.10252831084162,-94.62760130339079
39.102533859625794,-94.62759186299056
39.102539417361704,-94.62758240735752
39.10254496614377,-94.62757296695531
39.102550150377795,-94.62756414677318
39.102555699157776,-94.62755470636911
39.102561256889715,-94.62754525073191
39.102566805667585,-94.62753581032587
39.102571989897825,-94.62752699013997
39.10257717412716,-94.62751816995316
39.10258309640155,-94.6275080940907
39.10258828062897,-94.62749927390195
39.10259382940169,-94.62748983349114
39.10259901362724,-94.62748101330058
39.10260493589723,-94.62747093743388
39.10261012012087,-94.62746211724136
39.102615304343615,-94.62745329704792
39.102620853111155,-94.62744385663237
39.1026264108312,-94.62743440098268
39.10263195959661,-94.62742496056518
39.10263714381556,-94.62741614036796
39.10264269257892,-94.6274066999486
39.102647876796006,-94.62739787974952
39.10265494766066,-94.62738992146872
39.10266108558896,-94.62738312841986
39.10266779901873,-94.62737569844262
39.102674320504995,-94.6273684808938
39.10268103393328,-94.62736105091436
39.102687171858975,-94.62735425786151
39.10269388528581,-94.62734682787996
39.102700982271024,-94.62733897339902
39.102707120194715,-94.62733218034313
39.102713833619305,-94.62732475035831
39.1027199715417,-94.62731795730048
39.10272708204875,-94.62731016035886
39.10272697386113,-94.62729899933807
39.10272715679037,-94.62728700397051
39.10272732447443,-94.62727600821682
39.10272750778734,-94.62726398753553
39.102727690712996,-94.62725199216787
39.10272785839376,-94.6272409964141
39.102728041317064,-94.62722900104626
39.10272822423914,-94.62721700567833
39.102728391916614,-94.62720600992431
39.10272857522233,-94.62719398924365
39.10272874289765,-94.62718299348961
39.102728925815015,-94.62717099812149
39.10272910873114,-94.62715900275327
39.102729276403174,-94.62714800699901
39.10272945931695,-94.6271360116306
39.10272962737279,-94.6271249905646
39.1027298102842,-94.62711299519617
39.10272999319439,-94.62710099982768
39.102730160860986,-94.62709000407312
39.102730343768805,-94.62707800870447
39.10273052706135,-94.62706598802495
39.10273069472464,-94.62705499227033
39.10273087762887,-94.62704299690155
39.10273104529002,-94.62703200114674
39.10273122819191,-94.62702000577778
39.10273141109256,-94.62700801040874
39.10273157913632,-94.62699698934392
39.10273176203462,-94.62698499397486
39.10273192969031,-94.62697399821982
39.102732112586246,-94.62696200285058
39.10273229548096,-94.62695000748124
39.10273246313337,-94.62693901172594
39.1027326464116,-94.62692699104764
39.102732829302724,-94.62691499567822
39.10273299695185,-94.62690399992283
39.10273317672199,-94.62689200439661
39.10273335643804,-94.62688000886763
39.10273352154927,-94.62686898809694
39.102733701262956,-94.62685699256797
39.102733880975435,-94.62684499703892
39.10273404571078,-94.6268340011372
39.102734225420896,-94.62682200560796
39.10273440512978,-94.62681001007863
39.102734570234404,-94.62679898930857
39.10273474994092,-94.62678699377922
39.10273492964622,-94.6267749982498
39.102735094375,-94.62676400234776
39.102735274077936,-94.62675200681815
39.102735453779644,-94.62674001128846
39.10273561887767,-94.62672899051906
39.10273579857702,-94.62671699498937
39.10273596730962,-94.62670499923684
39.10273612190384,-94.62669400284588
39.1027362905509,-94.62668200678296
39.10273644514296,-94.62667101039187
39.102736600062066,-94.62665999066351
39.10273676870564,-94.62664799460052
39.102736923294515,-94.62663699820935
39.10273709193573,-94.62662500214618
39.10273724652243,-94.62661400575487
39.10273741516129,-94.62660200969154
39.1027375700739,-94.62659098996387
39.102737738710395,-94.62657899390055
39.102737893292776,-94.62656799750908
39.10273806192693,-94.62655600144559
39.102738216507156,-94.62654500505397
39.10273838513894,-94.62653300899031
39.10273854004503,-94.62652198926332
39.102738708674465,-94.62650999319966
39.102738863250366,-94.62649899680792
39.10273903187745,-94.62648700074409
39.10273918645119,-94.62647600435218
39.102739355075904,-94.62646400828821
39.102739509975486,-94.62645298856188
39.10273967859786,-94.62644099249792
39.10273983316726,-94.62642999610586
39.10274000178729,-94.62641800004171
39.102740156354535,-94.62640700364952
39.10274032497219,-94.6263950075852
39.10274047953728,-94.62638401119285
39.102740634429324,-94.62637299146729
39.10274080304349,-94.62636099540292
39.1027409576054,-94.62634999901049
39.102741126217204,-94.62633800294594
39.10274128077695,-94.62632700655338
39.10274144938641,-94.62631501048865
39.102741604271934,-94.62630399076379
39.102741772879035,-94.6262919946991
39.102741927434444,-94.62628099830636
39.10274209603918,-94.62626900224149
39.10274225059244,-94.62625800584861
39.10274241919483,-94.62624600978357
39.10274257407385,-94.62623499005939
39.10274274267387,-94.62622299399436
39.102742897222804,-94.62621199760135
39.10274286714661,-94.62620000061428
39.10274283651829,-94.62618900075591
39.10274280310442,-94.62617700091045
39.10274277247395,-94.62616600105211
39.10274273905771,-94.62615400120667
39.102742708425076,-94.62614300134837
39.10274267500648,-94.62613100150297
39.10274264437169,-94.62612000164472
39.10274261095075,-94.62610800179935
39.102742580313794,-94.6260970019411
39.10274254689048,-94.62608500209578
39.10274251625137,-94.62607400223756
39.10274248281281,-94.6260619977667
39.10274245217153,-94.62605099790835
39.1027424187435,-94.62603899806292
39.10274238810007,-94.62602799820462
39.10274235466969,-94.62601599835922
39.1027423240241,-94.62600499850093
39.10274229059136,-94.62599299865555
39.1027422599436,-94.6259819987973
39.1027422265085,-94.62596999895196
39.10274219585857,-94.62595899909374
39.102742162421116,-94.62594699924843
39.10274213176904,-94.62593599939025
39.102742098329216,-94.62592399954497
39.10274206767498,-94.62591299968682
39.10274203423281,-94.62590099984158
39.1027420035764,-94.62588999998344
39.10274197013187,-94.62587800013824
39.10274193947331,-94.62586700028014
39.10274190602643,-94.62585500043497
39.10274187257831,-94.62584300058981
39.102741841916455,-94.62583200073176
39.10274180846598,-94.62582000088662
39.10274177780197,-94.62580900102861
39.10274174434913,-94.62579700118353
39.10274171368296,-94.62578600132552
39.102741680227766,-94.62577400148047
39.10274164955943,-94.6257630016225
39.10274161610189,-94.62575100177746
39.10274158543138,-94.62574000191952
39.102741551971484,-94.62572800207452
39.10274152129882,-94.62571700221665
39.10274148782364,-94.62570499774104
39.10274145714882,-94.625693997883
39.1027414236842,-94.6256819980379
39.10274139300722,-94.62567099817991
39.10274135954023,-94.62565899833484
39.1027413288611,-94.62564799847688
39.102741295391766,-94.62563599863184
39.10274126471046,-94.6256249987739
39.10274123123877,-94.6256129989289
39.10274120055531,-94.62560199907101
39.102741186568004,-94.62558999964735
39.10274117290757,-94.62557799967313
39.10274116038442,-94.62556699969679
39.10274114672161,-94.6255549997226
39.102741133057584,-94.62554299974838
39.10274112053114,-94.62553199977208
39.10274110686475,-94.62551999979789
39.10274109319714,-94.62550799982372
39.10274108066741,-94.62549699984741
39.10274106699743,-94.62548499987327
39.10274105332623,-94.62547299989912
39.102741040793205,-94.62546199992282
39.10274102711964,-94.62544999994869
39.102741013444856,-94.62543799997457
39.102740999768834,-94.62542600000045
39.1027409872314,-94.62541500002418
39.102740973553026,-94.62540300005007
39.10274095987341,-94.62539100007596
39.10274094733269,-94.62538000009972
39.10274093365072,-94.62536800012563
39.10274091996752,-94.62535600015154
39.10274090742351,-94.6253450001753
39.10274089373795,-94.62533300020125
39.102740880051165,-94.62532100022719
39.10274086750386,-94.62531000025098
39.102740853814716,-94.62529800027694
39.10274084012434,-94.6252860003029
39.10274082643274,-94.62527400032887
39.10274081388102,-94.62526300035267
39.10274080018706,-94.62525100037867
39.10274078649187,-94.62523900040465
39.102740773936866,-94.62522800042849
39.10274076023931,-94.62521600045449
39.10274074654054,-94.6252040004805
39.10274073398224,-94.62519300050434
39.102740720281105,-94.62518100053036
39.102740706578736,-94.6251690005564
39.10274069401715,-94.62515800058027
39.10274068031243,-94.62514600060629
39.10274066660647,-94.62513400063236
39.102740652899286,-94.62512200065842
39.10274064033329,-94.62511100068231
39.10274062662374,-94.62509900070839
39.10274061291297,-94.62508700073445
39.10274060034368,-94.62507600075838
39.10274055120481,-94.62506400310897
39.102740501145405,-94.62505200345585
39.102740455227625,-94.62504099684631
39.10274040516586,-94.62502899719307
39.10274035510286,-94.62501699753983
39.1027403092107,-94.62500599785773
39.10274025914534,-94.62499399820454
39.10274020907876,-94.62498199855139
39.102740163183306,-94.62497099886936
39.10274011311436,-94.62495899921626
39.10274006304419,-94.62494699956316
39.10274001714545,-94.6249359998812
39.10273996707292,-94.62492400022816
39.102739921172024,-94.62491300054624
39.102739871097135,-94.62490100089326
39.10273982102101,-94.6248890012403
39.10273977511682,-94.62487800155844
39.10273972503835,-94.62486600190554
39.10273967495865,-94.62485400225266
39.102739629051165,-94.62484300257086
39.1027395789691,-94.62483100291804
39.102739528885806,-94.62481900326523
39.10273948294611,-94.62480799665269
39.10273943286046,-94.62479599699975
39.102739382773585,-94.62478399734687
39.10273933685953,-94.62477299766506
39.10273928677029,-94.6247609980122
39.10273923667982,-94.62474899835937
39.10273919076247,-94.62473799867763
39.10273914066964,-94.62472599902486
39.10273909057559,-94.62471399937209
39.10273904465496,-94.62470299969043
39.102738994558536,-94.62469100003773
39.10273894446089,-94.62467900038506
39.10273889853698,-94.62466800070345
39.102738848436964,-94.62465600105082
39.10273879452127,-94.62464400472946
39.10273864210166,-94.62463300823771
39.1027384755056,-94.62462098905527
39.102738323083834,-94.6246099925635
39.10273815680436,-94.62459799639078
39.10273800438041,-94.6245869998992
39.102737838098584,-94.62457500372659
39.10273768567248,-94.62456400723516
39.10273751938829,-94.62455201106273
39.102737366641065,-94.62454099156058
39.102737214211785,-94.6245299950692
39.102737047924094,-94.62451799889685
39.102736895492654,-94.62450700240562
39.102736729202626,-94.62449500623343
39.10273657676901,-94.62448400974236
39.10273641015763,-94.62447199055852
39.102736257721865,-94.6244609940674
39.102736091427104,-94.62444899789539
39.10273593898918,-94.62443800140444
39.10273577269208,-94.62442600523258
39.10273562025199,-94.6244150087418
39.10273545363351,-94.62440298955728
39.102735301191245,-94.62439199306648
39.10273513488943,-94.62437999689479
39.10273498244501,-94.62436900040413
39.10273481614083,-94.62435700423259
39.10273466369427,-94.62434600774208
39.102734500000004,-94.6243342
39.102734466912395,-94.62432299770987
39.10273443146796,-94.62431099788365
39.10273439897615,-94.62429999804297
39.10273436352935,-94.62428799821677
39.102734328081326,-94.62427599839059
39.10273429558623,-94.62426499854996
39.10273426013585,-94.62425299872382
39.10273422763859,-94.6242419988832
39.102734192185856,-94.6242299990571
39.102734159686435,-94.62421899921652
39.10273412423133,-94.62420699939047
39.10273409172975,-94.62419599954991
39.10273405627231,-94.62418399972387
39.10273402376856,-94.62417299988338
39.10273398830875,-94.62416100005737
39.10273395284771,-94.62414900023138
39.102733920340675,-94.62413800039093
39.102733884877274,-94.62412600056498
39.10273385236808,-94.62411500072454
39.102733816902315,-94.62410300089864
39.10273378439097,-94.62409200105823
39.10273374892285,-94.62408000123236
39.10273371640933,-94.624069001392
39.10273368093886,-94.62405700156613
39.10273364842318,-94.62404600172582
39.10273361295036,-94.6240340019
39.1027335774763,-94.6240220020742
39.10273354495733,-94.62401100223391
39.10273350948092,-94.62399900240817
39.102733476945275,-94.6239879976584
39.102733441466505,-94.62397599783252
39.10273340894321,-94.62396499799212
39.10273337346207,-94.62395299816627
39.10273334093663,-94.62394199832593
39.10273330545314,-94.6239299985001
39.102733272925526,-94.62391899865979
39.10273323743967,-94.623906998834
39.102733201952596,-94.62389499900824
39.102733169421704,-94.62388399916796
39.10273313393227,-94.62387199934223
39.1027331013992,-94.623860999502
39.102733065907415,-94.6238489996763
39.10273303337219,-94.62383799983608
39.102732997878036,-94.62382600001041
39.10273296534065,-94.62381500017025
39.10273292984415,-94.62380300034461
39.1027328973046,-94.62379200050448
39.102732861805734,-94.62378000067889
39.10273282630564,-94.62376800085332
39.102732793762804,-94.62375700101322
39.102732758260345,-94.62374500118767
39.102732725715356,-94.62373400134761
39.10273269021055,-94.6237220015221
39.102732657663395,-94.62371100168207
39.10273262215622,-94.62369900185661
39.1027325896069,-94.6236880020166
39.10273255409738,-94.62367600219119
39.1027325215459,-94.62366500235122
39.102732486019484,-94.62365299761156
39.102732450506366,-94.623640997786
39.1027324179516,-94.62362999794591
39.10273238243612,-94.6236179981204
39.1027323498792,-94.62360699828035
39.10273231436137,-94.62359499845486
39.102732281802275,-94.62358399861485
39.10273224628209,-94.6235719987894
39.10273221372084,-94.62356099894943
39.10273217819829,-94.62354899912401
39.10273214563489,-94.62353799928407
39.102732110109976,-94.62352599945868
39.10273207458385,-94.62351399963333
39.102732042017145,-94.62350299979343
39.10273200648865,-94.6234909999681
39.102731973919795,-94.62348000012823
39.10273193838894,-94.62346800030295
39.10273190581792,-94.6234570004631
39.102731870284714,-94.62344500063784
39.10273183771153,-94.62343400079804
39.10273180217596,-94.62342200097282
39.10273176960061,-94.62341100113306
39.102731734062694,-94.62339900130786
39.10273167877581,-94.62338702377298
39.10274100214161,-94.62338757848106
39.102750001755844,-94.62338765440975
39.10275900137007,-94.62338773033846
39.10276700102716,-94.62338779783067
39.10277600064139,-94.62338787375943
39.10278500025562,-94.6233879496882
39.102793999869846,-94.62338802561699
39.10280299948408,-94.6233881015458
39.10281199909831,-94.62338817747464
39.10282099871253,-94.62338825340349
39.102829998326754,-94.62338832933234
39.10283899794099,-94.62338840526124
39.102847997555216,-94.62338848119016
39.102857002249934,-94.62338855716195
39.10286600186416,-94.62338863309088
39.10287500147838,-94.62338870901985
39.10288400109261,-94.62338878494884
39.10289300070684,-94.62338886087784
39.10290200032107,-94.62338893680686
39.10291099993529,-94.62338901273591
39.10291999954951,-94.62338908866496
39.10292899916376,-94.62338916459406
39.10293699882084,-94.62338923208658
39.10294599843507,-94.62338930801572
39.102954998049285,-94.62338938394485
39.102963997663515,-94.623389459874
39.102973002358226,-94.62338953584604
39.10298200197245,-94.62338961177524
39.102991001586695,-94.62338968770446
39.10300000120091,-94.6233897636337
39.103009000815135,-94.62338983956295
39.10301800042935,-94.62338991549221
39.103027000043575,-94.6233899914215
39.10303599965781,-94.62339006735083
39.103044999272036,-94.62339014328016
39.10305399888626,-94.62339021920951
39.103062998500484,-94.62339029513889
39.103071998114714,-94.62339037106828
39.10308099772895,-94.62339044699769
39.103090002423656,-94.62339052296998
39.10309900203787,-94.62339059889942
39.10310700169496,-94.62339066639228
39.10311600130919,-94.62339074232177
39.10312500092341,-94.62339081825128
39.10313400053763,-94.6233908941808
39.10314300015187,-94.62339097011035
39.103151999766084,-94.62339104603991
39.10316099938031,-94.62339112196949
39.10316999899454,-94.6233911978991
39.103178998608755,-94.62339127382872
39.10318799822298,-94.62339134975835
39.1031969978372,-94.62339142568801
39.10320599745143,-94.62339150161769
39.10321500214614,-94.62339157759025
39.10322400176036,-94.62339165351997
39.10323300137458,-94.62339172944971
39.10324200098882,-94.62339180537946
39.10325100060304,-94.62339188130923
39.103260000217254,-94.62339195723904
39.10326799987435,-94.6233920247322
39.103276999488564,-94.62339210066203
39.10328599910279,-94.62339217659188
39.10329499871702,-94.62339225252177
39.10330399833124,-94.62339232845166
39.103312997945466,-94.62339240438156
39.103321997559675,-94.62339248031148
39.10333100225438,-94.6233925562843
39.10334000186861,-94.62339263221426
39.10334900148283,-94.62339270814425
39.10335800109706,-94.62339278407427
39.10336700071128,-94.62339286000429
39.1033760003255,-94.62339293593433
39.10338499993973,-94.6233930118644
39.10339399955394,-94.62339308779448
39.10340299916816,-94.62339316372459
39.103411998782384,-94.6233932396547
39.103420998396615,-94.62339331558485
39.10342999801083,-94.62339339151501
39.10343799766791,-94.6233934590085
39.103447002362614,-94.62339353498156
39.10345600197684,-94.62339361091178
39.10346500159107,-94.62339368684202
39.103474001205285,-94.62339376277228
39.1034830008195,-94.62339383870255
39.103492000433725,-94.62339391463284
39.10350100004795,-94.62339399056316
39.10350999966217,-94.62339406649349
39.10351899927639,-94.62339414242385
