38.04336688715612,-84.54194290558567
38.04336893995724,-84.54193894976338
38.04336380795411,-84.54194883931883
38.0433586759499,-84.54195872887338
38.043353241206816,-84.54196920181323
38.04334810920037,-84.54197909136592
38.043342977192864,-84.5419889809177
38.043338207016156,-84.54199817320664
38.043333075006586,-84.54200806275664
38.04332506083842,-84.5420028611714
38.04331694454826,-84.54199712653661
38.043309162875694,-84.54199162833015
38.04330181015742,-84.54198643320619
38.043294028484,-84.54198093500173
38.043285912191955,-84.54197520037124
38.04327813051759,-84.54196970216887
38.043270014224596,-84.54196396754055
38.04326299612238,-84.54195900884845
38.04325487982849,-84.54195327422225
38.043247098152285,-84.54194777602396
38.04323898185743,-84.54194204139998
38.043231200180294,-84.54193654320379
38.043223083884484,-84.54193080858198
38.04321606577981,-84.54192584989546
38.04320794948309,-84.54192011527576
38.043199833185895,-84.54191438065718
38.04319205150646,-84.54190888246616
38.0431839352083,-84.54190314784978
38.043176917101576,-84.54189818916795
38.043168800802505,-84.54189245455366
38.04316101912125,-84.54188695636675
38.04315290282123,-84.54188122175465
38.04314512113904,-84.54187572356983
38.043137004838044,-84.54186998895993
38.04312998672888,-84.54186503028372
38.04312187042697,-84.54185929567592
38.04311408874297,-84.5418537974952
38.04310597244012,-84.54184806288958
38.04309819075517,-84.54184256471098
38.04309007445136,-84.54183683010756
38.04308305633973,-84.54183187143695
38.04307494003501,-84.54182613683564
38.04306715834824,-84.54182063866111
38.043059042042564,-84.541814904062
38.043050925736395,-84.54180916946402
38.043043907622724,-84.54180421079809
38.04303579131566,-84.5417984762022
38.043028009626596,-84.54179297803283
38.043019893318565,-84.54178724343915
38.04301211162855,-84.54178174527188
38.043003995319566,-84.5417760106804
38.04299697720345,-84.54177105202005
38.04298886089356,-84.54176531743067
38.042981079201724,-84.5417598192675
38.04297296289087,-84.5417540846803
38.04296518119811,-84.54174858651922
38.04295782846136,-84.54174339143857
38.042950046767714,-84.5417378932795
38.042941930454994,-84.5417321586966
38.042934148760416,-84.54172666053962
38.042926032446736,-84.54172092595893
38.042918250751214,-84.54171542780402
38.04291089801195,-84.54171023272929
38.04290311631555,-84.54170473457641
38.042894999999994,-84.541699
38.04288700444292,-84.54169299046937
38.04287974941759,-84.54168753753022
38.04287209907613,-84.54168178746946
38.04286410351752,-84.54167577794212
38.042856107958386,-84.5416697684159
38.04284885293121,-84.54166431548077
38.042840857371075,-84.54165830595674
38.04283286181038,-84.54165229643387
38.042825211465875,-84.54164654637947
38.04281795643685,-84.54164109344836
38.04280996087465,-84.54163508392874
38.04280196531191,-84.54162907441027
38.04279396974864,-84.54162306489293
38.04278705993452,-84.54161787143298
38.042779064370265,-84.54161186191777
38.04277106880546,-84.5416058524037
38.042763073240124,-84.5415998428908
38.04275581820742,-84.5415943899678
38.04274782264107,-84.54158838045706
38.04274017229104,-84.5415826304142
38.042732176723646,-84.54157662090569
38.042724921689086,-84.5415711679867
38.0427169261207,-84.54156515848038
38.042708930551754,-84.54155914897521
38.04270202073272,-84.54155395552573
38.04269402516278,-84.54154794602266
38.04268602959234,-84.54154193652076
38.04267803402133,-84.54153592701998
38.042670778983556,-84.54153047410806
38.042663128628504,-84.54152472407566
38.042655133055995,-84.54151871457815
38.04264713748293,-84.5415127050818
38.04263988244332,-84.54150725217389
38.04263188686925,-84.54150124267971
38.04262389129466,-84.54149523318668
38.04261624093657,-84.54148948316065
38.042608985895114,-84.54148403025677
38.04260099031898,-84.541478020767
38.042593826378706,-84.54147127734764
38.0425858549116,-84.54146323176838
38.04257887987716,-84.5414561918877
38.04257190484204,-84.54144915200808
38.04256492980624,-84.54144211212956
38.04255757114665,-84.54143468506284
38.04254998329866,-84.5414270266792
38.042543008260736,-84.54141998680406
38.04253564959894,-84.54141255974095
38.04252867455964,-84.54140551986806
38.04252120254987,-84.5413977068144
38.04251412329068,-84.54138982154
38.042507044030664,-84.54138193626676
38.042499964769846,-84.54137405099475
38.0424928855082,-84.54136616572391
38.042486196668094,-84.541358715328
38.04247911740485,-84.54135083005951
38.04247203814077,-84.5413429447922
38.0424649588759,-84.5413350595261
38.04245787961019,-84.5413271742612
38.04245078967251,-84.5413192508658
38.04244483307837,-84.54131119909393
38.042438407727786,-84.54130251368711
38.04243205812423,-84.54129393067295
38.04242610152755,-84.5412858789041
38.04242014493006,-84.54127782713621
38.04241418833176,-84.54126977536927
38.04240783872477,-84.54126119235939
38.04240188212481,-84.54125314059443
38.04239592552404,-84.54124508883045
38.04238957591446,-84.54123650582379
38.04238315055561,-84.5412278204263
38.04237719395228,-84.54121976866531
38.04237123734815,-84.5412117169053
38.042364887735054,-84.54120313390293
38.04235893112928,-84.54119508214491
38.042352980795975,-84.54118702056955
38.042346992994744,-84.54117800750339
38.04234100519253,-84.54116899443824
38.042335405536356,-84.54116056562741
38.04232983347909,-84.54115217836164
38.042323845674105,-84.54114316529952
38.04231785786811,-84.54113415223843
38.04231225820836,-84.54112572343125
38.04230627040047,-84.54111671037215
38.04230028259162,-84.54110769731409
38.04229471052921,-84.54109931005428
38.04228872271849,-84.54109029699826
38.04228312305421,-84.5410818681957
38.0422771352416,-84.54107285514169
38.04227114742801,-84.54106384208872
38.04226557536133,-84.54105545483384
38.04225997569344,-84.54104702603496
38.04225398787707,-84.54103801298497
38.042248000059715,-84.54102899993605
38.0422420122414,-84.54101998688814
38.042236412569835,-84.54101155809296
38.042230840498036,-84.54100317084394
38.04222485267692,-84.54099415779903
38.04221886485484,-84.54098514475518
38.04221287703177,-84.54097613171237
38.0422072773557,-84.5409677029218
38.04220128953074,-84.54095868988098
38.04219571745377,-84.5409503026379
38.042189729626955,-84.54094128959912
38.04218412994729,-84.54093286081222
38.042178142118566,-84.54092384777545
38.04217215428885,-84.54091483473971
38.04216616645817,-84.540905821705
38.04216098252437,-84.54089801871831
38.042154994691884,-84.54088900568559
38.042149006858416,-84.54087999265388
38.042143019023975,-84.54087097962322
38.04213703118856,-84.54086196659361
38.04213184725071,-84.5408541636114
38.042125859413474,-84.54084515058375
38.042119871575274,-84.54083613755712
38.04211388373609,-84.54082712453155
38.042108284044645,-84.54081869575663
38.04210229620356,-84.54080968273304
38.04209672411207,-84.5408012955067
38.04209073626914,-84.54079228248516
38.042085136574094,-84.54078385371392
38.042079148729236,-84.54077484069437
38.042073160883426,-84.54076582767587
38.04206717303663,-84.54075681465841
38.04206160093998,-84.54074842743799
38.042056001240425,-84.54073999867137
38.042050013390835,-84.54073098565691
38.042044025540285,-84.5407219726435
38.042038037688755,-84.54071295963111
38.04203243798551,-84.54070453086818
38.042026865883756,-84.54069614365362
38.04202087802945,-84.54068713064424
38.042014890174144,-84.54067811763589
38.04200929046732,-84.54066968887665
38.04200330261012,-84.5406606758703
38.041997730504086,-84.54065228866067
38.04199174264504,-84.54064327565638
38.04198575478501,-84.54063426265311
38.04198015507365,-84.54062583389849
38.04197416721171,-84.54061682089721
38.041968179348814,-84.54060780789699
38.041962607237636,-84.54059942069331
38.04195700752269,-84.54059099194234
38.041951019657,-84.54058197894511
38.04194503179033,-84.54057296594891
38.04193904392268,-84.54056395295378
38.04193344420406,-84.54055552420651
38.04192787208776,-84.54054713700869
38.04192188421733,-84.54053812401655
38.041915896345934,-84.54052911102545
38.04190990847354,-84.54052009803539
38.041904308750404,-84.54051166929273
38.041898320876115,-84.54050265630465
38.04189274875468,-84.54049426911277
38.04188676087853,-84.54048525612677
38.0418811611518,-84.54047682738778
38.04187517327374,-84.54046781440373
38.041869185394724,-84.54045880142075
38.041863613269015,-84.5404504142338
38.04185801353869,-84.54044198549849
38.04185202565688,-84.5404329725185
38.04184603777409,-84.54042395953955
38.041840049890325,-84.54041494656163
38.04183406200559,-84.54040593358478
38.0418288780255,-84.54039813064894
38.04182289013896,-84.54038911767402
38.04181690225143,-84.54038010470016
38.041810914362934,-84.54037109172734
38.041805314624426,-84.54036266300034
38.04179932673401,-84.54035365002949
38.04179375459804,-84.54034526285436
38.0417878,-84.54033629999999
38.041781831686215,-84.54032717753756
38.041776284943445,-84.54031869944131
38.041770759413616,-84.54031025377084
38.041764825564684,-84.54030118399461
38.04175889171477,-84.54029211421943
38.041752957863885,-84.54028304444526
38.041747411116525,-84.54027456635353
38.04174188558238,-84.54026612068793
38.041735951728654,-84.54025705091672
38.041730017873945,-84.54024798114654
38.04172408401825,-84.54023891137736
38.041718945585366,-84.5402310573967
38.041713011727836,-84.54022198762945
38.04170707786932,-84.54021291786323
38.04170114400982,-84.54020384809805
38.041695618468744,-84.54019540244029
38.04169007171234,-84.54018692435761
38.04168413785001,-84.54017785459537
38.041678203986685,-84.54016878483417
38.04167267844218,-84.54016033918029
38.041666744576986,-84.54015126942107
38.041661197816005,-84.54014279134296
38.04165526394889,-84.54013372158572
38.04164973840094,-84.54012527593571
38.04164380453194,-84.5401162061805
38.04163787066195,-84.54010713642631
38.041632323896394,-84.54009865835272
38.041626798345,-84.54009021270657
38.041620864472186,-84.54008114295533
38.04161493059839,-84.54007207320514
38.04160899672361,-84.54006300345596
38.041603449953485,-84.5400545253869
38.041597924397756,-84.54004607974562
38.04159199052016,-84.54003700999938
38.04158605664157,-84.54002794025419
38.04158012276198,-84.54001887051002
38.041574984308646,-84.54001101655135
38.04156905042723,-84.5400019468091
38.04156311654482,-84.53999287706786
38.04155718266143,-84.53998380732767
38.0415516570988,-84.53997536169423
38.041546110319615,-84.53996688363422
38.041540176433394,-84.53995781389696
38.04153424254619,-84.53994874416075
38.041528716980125,-84.53994029853118
38.04152278309104,-84.53993122879699
38.04151723630728,-84.53992275074151
38.041511302416275,-84.53991368100927
38.04150577684677,-84.53990523538357
38.04149984295388,-84.53989616565336
38.041493943061866,-84.53988705947131
38.04148804404547,-84.53987795399492
38.04148293500195,-84.53987006788984
38.04147703598371,-84.53986096241535
38.04147113696447,-84.53985185694188
38.04146523794425,-84.53984275146942
38.04145974250571,-84.53983426895047
38.041453843483566,-84.53982516348002
38.04144833085227,-84.5398166544277
38.04144283541116,-84.53980817191162
38.04143693638619,-84.53979906644408
38.04143103736023,-84.53978996097754
38.04142513833327,-84.53978085551205
38.04141964288865,-84.53977237299989
38.0414137438598,-84.53976326753639
38.04140823122208,-84.53975475849037
38.04140273577489,-84.53974627598106
38.041396836743196,-84.53973717052048
38.0413909377105,-84.53972806506091
38.0413850386768,-84.53971895960237
38.04137954322612,-84.53971047709699
38.04137403058293,-84.53970196805635
38.04136813154639,-84.53969286260072
38.04136223250886,-84.5396837571461
38.04135673705471,-84.53967527464457
38.04135083801529,-84.53966616919195
38.041344938974866,-84.53965706374035
38.04133982991076,-84.5396491776571
38.041333930868504,-84.53964007220742
38.04132803182524,-84.53963096675874
38.04132213278098,-84.53962186131106
38.04131663732075,-84.53961337881631
38.04131073827459,-84.53960427337066
38.04130522562039,-84.53959576434082
38.041299326572286,-84.5395866588971
38.04129383110858,-84.53957817640617
38.041287932058594,-84.53956907096443
38.04128203300761,-84.53955996552372
38.04127653754129,-84.53955148303574
38.04127063848841,-84.53954237759704
38.04126512582779,-84.5395338685735
38.04125922677296,-84.53952476313671
38.04125373130318,-84.53951628065258
38.041247832246476,-84.5395071752178
38.04124193318874,-84.53949806978405
38.04123643771637,-84.53948958730285
38.04123092505027,-84.53948107828468
38.04122502598971,-84.53947197285385
38.041219126928155,-84.53946286742404
38.041213631452315,-84.53945438494667
38.04120773238886,-84.53944527951886
38.04120183332441,-84.53943617409206
38.04119632065276,-84.5394276650793
38.04119082517344,-84.53941918260576
38.041184926106155,-84.53941007718188
38.04117902703787,-84.53940097175902
38.04117353155595,-84.53939248928843
38.04116763248577,-84.53938338386757
38.04116211980865,-84.5393748748602
38.04115622073653,-84.53936576944128
38.04115072525113,-84.53935728697451
38.04114482617712,-84.5393481815576
38.041138927102104,-84.53933907614169
38.0411334316141,-84.53933059367787
38.041127532537196,-84.53932148826398
38.04112201985365,-84.53931297926292
38.04111612077481,-84.53930387385094
38.04111062528332,-84.53929539139095
38.04110472620258,-84.53928628598099
38.04109882712085,-84.53927718057203
38.04109292803812,-84.5392680751641
38.04108781893776,-84.5392601891193
38.041081919853184,-84.53925108371327
38.0410760207676,-84.53924197830827
38.04107052527005,-84.53923349585506
38.04106462618258,-84.53922439045205
38.04105872709411,-84.53921528505005
38.041053214399554,-84.53920677605976
38.04104771889854,-84.53919829361041
38.041041819807226,-84.53918918821131
38.041035920714926,-84.53918008281326
38.041030021621616,-84.53917097741623
38.04102452611709,-84.53916249497078
38.04101901341706,-84.53915398598588
38.04101311432091,-84.53914488059176
38.04100761881383,-84.53913639814917
38.04100171971578,-84.53912729275703
38.04099582061676,-84.53911818736594
38.04098992151672,-84.53910908197585
38.04098442600613,-84.5391005995372
38.04097891329968,-84.53909209055858
38.04097301419681,-84.53908298517142
38.04096751868364,-84.5390745027356
38.040961619578866,-84.53906539735046
38.040955720473114,-84.5390562919663
38.040949821366354,-84.53904718658316
38.04094471224542,-84.5390393005602
38.04093881313681,-84.53903019517898
38.0409329140272,-84.53902108979877
38.040927014916605,-84.53901198441956
38.04092151939646,-84.53900350199152
38.040915620283975,-84.53899439661433
38.040910107566496,-84.5389858876465
38.0409046120438,-84.53897740522132
38.04089871292846,-84.53896829984703
38.04089281381213,-84.53895919447379
38.0408869146948,-84.53895008910155
38.040881419168585,-84.53894160668027
38.04087590644565,-84.53893309771783
38.040870007325466,-84.53892399234851
38.04086451179669,-84.53891550993009
38.040858612674626,-84.53890640456277
38.04085271355157,-84.53889729919648
38.04084681442752,-84.5388881938312
38.04084131889522,-84.5388797114167
38.04083580616586,-84.53887120246056
38.04082990703896,-84.5388620970982
38.04082400791107,-84.53885299173686
38.040818512375324,-84.5388445093262
38.040812613245535,-84.53883540396686
38.04080671411474,-84.53882629860851
38.04080160497323,-84.53881841260738
38.0407957058406,-84.53880930725097
38.040789806706975,-84.53880020189555
38.04078390757236,-84.53879109654117
38.04077841203052,-84.53878261413729
38.04077289929109,-84.53877410519101
38.04076700015363,-84.53876499983954
38.04076150460922,-84.53875651743853
38.04075599186707,-84.53874800849489
38.04075049632101,-84.53873952609572
38.040744597179796,-84.53873042074815
38.04073908443495,-84.53872191180719
38.040733588886305,-84.53871342941086
38.04072768974225,-84.53870432406622
38.04072179059721,-84.5386952187226
38.04071668144348,-84.53868733273441
38.040710782296586,-84.53867822739271
38.04070488314869,-84.538669122052
38.040699773992536,-84.5386612360664
38.04069387484279,-84.5386521307276
38.04068797569206,-84.53864302538982
38.04068286653347,-84.53863513940678
38.04067696738088,-84.53862603407092
38.040671068227304,-84.53861692873606
38.04066557266837,-84.53860844635122
38.04066005991085,-84.53859993742266
38.04065416075442,-84.53859083209072
38.04064866519292,-84.53858234970873
38.040643152432686,-84.5385738407828
38.040637253273424,-84.5385647354538
38.04063175770934,-84.53855625307465
38.04062585854819,-84.53854714774765
38.040620345784305,-84.53853863882529
38.04061485021764,-84.53853015644899
38.04060895105365,-84.53852105112492
38.04060384188368,-84.53851316515392
38.04059794271784,-84.53850405983175
38.040592043550994,-84.53849495451058
38.040586934378595,-84.53848706854218
38.0405810352099,-84.53847796322292
38.04057513604022,-84.53846885790469
38.040569640466714,-84.53846037553603
38.040564048127905,-84.53845095713167
38.04055906662818,-84.53844194065317
38.0405537148544,-84.53843225398404
38.040548733352765,-84.53842323750725
38.040543381577,-84.53841355084003
38.04053807026463,-84.53840393741406
38.04053308876013,-84.53839492093981
38.0405277369813,-84.53838523427541
38.040522755474896,-84.53837621780285
38.04051707388483,-84.53836593418946
38.04051209237646,-84.53835691771863
38.04050674059355,-84.53834723105804
38.040501759083284,-84.5383382145889
38.040496777572116,-84.53832919812062
38.04049109597651,-84.53831891451193
38.04048611446336,-84.53830989804534
38.04048076267541,-84.53830021138948
38.04047578116036,-84.5382911949246
38.0404707996444,-84.53828217846053
38.0404651180433,-84.53827189485658
38.04046013652536,-84.53826287839424
38.04045478473234,-84.53825319174307
38.04044980321253,-84.53824417528246
38.04044412160695,-84.5382338916823
38.04043914008515,-84.53822487522338
38.040434158562434,-84.53821585876528
38.04042880676439,-84.53820617211885
38.040423825239785,-84.53819715566246
38.04041877557395,-84.53818717930771
38.04041380725955,-84.53817715399218
38.04040919395544,-84.53816784503705
38.040404225638916,-84.53815781972315
38.040399540961936,-84.53814836675392
38.0403945726433,-84.53813834144174
38.04038995933521,-84.53812903248964
38.04038499101445,-84.5381190071791
38.04038002269262,-84.53810898186947
38.04037540938146,-84.53809967291959
38.04037072469867,-84.53809021995546
38.0403657563737,-84.53808019464834
38.04036078804763,-84.53807016934208
38.04035617473249,-84.5380608603952
38.040351206404274,-84.53805083509057
38.04034623807499,-84.53804080978684
38.04034190839855,-84.5380320731862
38.04033694006722,-84.5380220478841
38.040331971734794,-84.53801202258288
38.04032700340127,-84.5380019972825
38.04032239007909,-84.53799268834086
38.04031770538567,-84.53798323538626
38.040312737049014,-84.53797321008842
38.04030776871127,-84.53796318479145
38.040303155385104,-84.53795387585282
38.04029818704522,-84.53794385055748
38.04029321870425,-84.53793382526302
38.04028888901782,-84.53792508867086
38.04028392067482,-84.53791506337804
38.04027895233071,-84.5379050380861
38.04027398398551,-84.53789501279502
38.040269370652304,-84.53788570386163
38.04026468594824,-84.53787625091653
38.0402597175999,-84.53786622562798
38.04025474925049,-84.5378562003403
38.04025013591329,-84.53784689140991
38.04024516756172,-84.53783686612385
38.040240199209066,-84.53782684083868
38.040235869512664,-84.537818104255
38.040230901157976,-84.53780807897147
38.040225932802194,-84.5377980536888
38.04022096444532,-84.53778802840701
38.04021635110108,-84.53777871948188
38.04021166638639,-84.53776926654628
38.04020669802637,-84.537759241267
38.04020208467919,-84.53774993234411
38.04019711631704,-84.53773990706647
38.04019214795381,-84.53772988178972
38.04018717958948,-84.53771985651382
38.04018284988309,-84.53771111993858
38.04017788151672,-84.53770109466434
38.04017291314925,-84.53769106939097
38.0401679447807,-84.53768104411847
38.04016333142544,-84.53767173520157
38.04015864670009,-84.53766228227549
38.04015367832841,-84.53765225700549
38.040149064970194,-84.53764294809085
38.04014409659638,-84.53763292282251
38.04013912822146,-84.53762289755504
38.04013415984546,-84.5376128722884
38.04012983012907,-84.53760413572165
38.04012486175102,-84.53759411045671
38.04011989337188,-84.53758408519262
38.04011528000663,-84.53757477628321
38.04011031162536,-84.53756475102074
38.04010562688938,-84.53755529810417
38.04010065850602,-84.53754527284346
38.04009604513677,-84.53753596393706
38.04009107675128,-84.537525938678
38.0400861083647,-84.53751591341981
38.040081139977005,-84.53750588816249
38.040076810250625,-84.5374971516042
38.04007184186091,-84.53748712634852
38.04006687347009,-84.53747710109373
38.04006226009381,-84.53746779219257
38.040057291700855,-84.53745776693941
38.040052606954234,-84.53744831403232
38.04004777114804,-84.53743817597696
38.04004328862528,-84.53742877805998
38.04003872547254,-84.53741921109948
38.0400338939714,-84.53740908153131
38.040029062469124,-84.53739895196398
38.04002484828996,-84.53739011665837
38.040020016785626,-84.53737998709259
38.04001518528015,-84.53736985752762
38.04001062212153,-84.53736029057214
38.04000613959072,-84.53735089266077
38.04000118982058,-84.53734084903822
38.03999623791862,-84.53733081078646
38.03999156778875,-84.53732134373199
38.0399866158847,-84.53731130548195
38.039982018283446,-84.53730198545942
38.039977066377254,-84.53729194721102
38.039972114469975,-84.53728190896346
38.03996716256159,-84.53727187071678
38.03996284672997,-84.53726312189377
38.03995789481955,-84.53725308364875
38.03995294290803,-84.53724304540458
38.0399479909954,-84.53723300716125
38.039943039081685,-84.53722296891878
38.0399384414713,-84.53721364890299
38.03993377132975,-84.53720418185884
38.0399288194129,-84.53719414361889
38.039923867494934,-84.53718410537978
38.03991891557588,-84.53717406714155
38.03991431796046,-84.53716474712952
38.039909366039275,-84.53715470889291
38.039904695891856,-84.53714524185396
38.03989974396857,-84.53713520361912
38.03989514634914,-84.53712588361006
38.03989019442372,-84.53711584537682
38.03988524249718,-84.53710580714443
38.03988029056956,-84.53709576891292
38.03987562041629,-84.5370863018792
38.03987102279182,-84.5370769818739
38.03986607086106,-84.53706694364487
38.039861227251656,-84.53705682470954
38.039856654177065,-84.5370472667504
38.03985181153075,-84.5370371453757
38.03984731836269,-84.53702775443098
38.03984274528518,-84.53701819647429
38.03983790263568,-84.537008075102
38.03983305998507,-84.53699795373049
38.039828836384196,-84.53698912620514
38.0398239937315,-84.53697900483522
38.03981915107771,-84.5369688834661
38.03981457799431,-84.53695932551445
38.039810084818214,-84.5369499345754
38.039805242161215,-84.53693981320868
38.03980066907491,-84.53693025525948
38.03979582641578,-84.53692013389443
38.03979133323562,-84.5369107429582
38.039786760146406,-84.53690118501147
38.03978191748408,-84.5368910636488
38.03977707482064,-84.53688094228694
38.039772501728464,-84.53687138434279
38.03976800854326,-84.53686199341014
38.039763165876636,-84.53685187205066
38.039758323208886,-84.536841750692
38.03975375011278,-84.53683219275116
38.03974925692352,-84.53682280182134
38.03974441425258,-84.53681268046508
38.03973984115357,-84.53680312252669
38.03973499848049,-84.53679300117209
38.03973050528716,-84.5367836102451
38.03972593218522,-84.53677405230916
38.039721089508966,-84.53676393095695
38.03971624683159,-84.53675380960554
38.03971167372667,-84.53674425167218
38.039707180528325,-84.53673486074877
38.03970233784776,-84.53672473939977
38.039697764739934,-84.53671518146885
38.03969292205723,-84.53670506012149
38.039688428854824,-84.53669566920094
38.03968385574408,-84.53668611127247
38.03967901305818,-84.5366759899275
38.039674170371164,-84.53666586858337
38.03966994673912,-84.53665704108306
38.03966510405003,-84.53664691974049
38.03966026135983,-84.53663679839873
38.0396556882432,-84.53662724047528
38.039650845550874,-84.5366171191352
38.03964635233937,-84.53660772822104
38.039641779219835,-84.53659817030007
38.0396369365243,-84.53658804896236
38.039632093827656,-84.53657792762546
38.03962787018735,-84.53656910013179
38.03962302748863,-84.53655897879648
38.0396181847888,-84.53654885746197
38.03961361166338,-84.536539299546
38.039609118443835,-84.53652990863755
38.03960427574081,-84.53651978730544
38.03959970261249,-84.53651022939195
38.039594859907325,-84.53650010806149
38.03959001720104,-84.53648998673184
38.03958579355249,-84.53648115924481
38.03958095084413,-84.53647103791675
38.03957610813466,-84.5364609165895
38.03957153500044,-84.53645135868103
38.03956704177182,-84.53644196777897
38.03956219905916,-84.53643184645411
38.03955762592204,-84.53642228854811
38.039552783207235,-84.5364121672249
38.039548289974555,-84.53640277632569
38.039543447257586,-84.53639265500402
38.03953887411653,-84.53638309710131
38.03953403139743,-84.53637297578133
38.03952918867721,-84.53636285446214
38.0395249650167,-84.53635402698468
38.039520122294405,-84.53634390566708
38.039515279571,-84.53633378435028
38.03951070642406,-84.53632422645259
38.03950621318228,-84.53631483555979
38.039501370455675,-84.53630471424539
38.03949679730583,-84.53629515635016
38.039491954577095,-84.53628503503744
38.03948746133125,-84.53627564414745
38.03948288817848,-84.53626608625468
38.03947804544656,-84.53625596494432
38.039473202713516,-84.5362458436348
38.03946862955778,-84.53623628574458
38.039464136306904,-84.53622689485819
38.03945929357067,-84.53621677355103
38.039454720412024,-84.53620721566331
38.03944987767366,-84.53619709435782
38.03944538441872,-84.53618770347424
38.03944081125717,-84.53617814558898
38.039435968515605,-84.53616802428587
38.03943112577293,-84.53615790298358
38.03942690209319,-84.53614907552159
38.039422059348446,-84.53613895422087
38.03941721660257,-84.53612883292098
38.039412643435135,-84.53611927504072
38.03940815017216,-84.53610988416283
38.03940330742309,-84.53609976286533
38.03939873425275,-84.53609020498754
38.03939389150155,-84.53608008369169
38.039389048749236,-84.53606996239664
38.039384825061255,-84.5360611349413
38.03937998230686,-84.53605101364784
38.03937513955135,-84.53604089235519
38.039370566375126,-84.53603133448243
38.03936607310307,-84.53602194361096
38.03936123034436,-84.53601182232069
38.03935665716523,-84.53600226445039
38.03935181440439,-84.53599214316178
38.039347321128275,-84.53598275229315
38.03934274794621,-84.53597319442531
38.03933790518219,-84.5359630731391
38.03933306241705,-84.5359529518537
38.0393282196508,-84.53594283056913
38.039323995950866,-84.53593400312336
38.03931915318255,-84.53592388184035
38.039314310413104,-84.53591376055816
38.039309737224144,-84.53590420269617
38.039305243938934,-84.53589481183394
38.039300401166294,-84.53588469055416
38.039295827974414,-84.53587513269463
38.03929098519965,-84.53586501141649
38.03928649191037,-84.53585562055709
38.03928191871559,-84.53584606270005
38.039277075937626,-84.5358359414243
38.03927223315855,-84.53582582014934
38.03926765996079,-84.53581626229486
38.03926316666649,-84.53580687143905
38.03925832388421,-84.5357967501665
38.03925375068355,-84.53578719231446
38.03924890789914,-84.53577707104357
38.03924441460077,-84.53576768019059
38.03923984139719,-84.53575812234102
38.0392349986096,-84.5357480010725
38.03923015582089,-84.53573787980483
38.03922593210173,-84.53572905237453
38.03922108931094,-84.53571893110842
38.03921624651904,-84.53570880984311
38.03921167330957,-84.53569925199857
38.03920683051554,-84.53568913073492
38.03920233720808,-84.53567973988838
38.039197763995695,-84.53567018204627
38.03919292119847,-84.53566006078502
38.03918807840014,-84.5356499395246
38.039183854672714,-84.53564111210093
38.0391790118723,-84.53563099084208
38.03917416907077,-84.53562086958404
38.039169595852506,-84.53561131174696
38.039165102537005,-84.53560192090609
38.039160259732284,-84.53559179965043
38.039155686511116,-84.53558224181583
38.03915084370425,-84.53557212056182
38.039146000896274,-84.53556199930864
38.03914177716061,-84.53555317189164
38.039136934350566,-84.53554305064002
38.03913209153939,-84.53553292938923
38.03912751831234,-84.53552337155963
38.039123024987745,-84.53551398072518
38.0391181821734,-84.53550385947678
38.03911333935791,-84.53549373822919
38.03910876612693,-84.5354841804029
38.03910427279828,-84.53547478957128
38.039099429979615,-84.53546466832609
38.03909485674572,-84.53545511050226
38.03909001392491,-84.53544498925872
38.03908552059221,-84.53543559842993
38.039080947355394,-84.53542604060856
38.03907610453141,-84.53541591936742
38.03907126170628,-84.53540579812707
38.03906668846651,-84.53539624030829
38.03906219512877,-84.53538684948306
38.039057352300475,-84.53537672824511
38.039052779057776,-84.53536717042877
38.03904793622735,-84.53535704919248
38.03904344288554,-84.5353476583701
38.03903886963994,-84.53533810055623
38.03903402680632,-84.53532797932235
38.039029183971564,-84.53531785808926
38.039024960212984,-84.53530903069064
38.039020117376154,-84.53529890945913
38.03901527453824,-84.53528878822844
38.03901070128675,-84.53527923041959
38.03900585844667,-84.53526910919055
38.03900136509578,-84.53525971837458
38.038996791841384,-84.5352501605682
38.038991948998124,-84.53524003934155
38.03898710615374,-84.5352299181157
38.038982882386904,-84.53522109072377
38.03897803954046,-84.53521096949949
38.03897319669289,-84.53520084827605
38.03896862343261,-84.53519129047467
38.03896413007368,-84.53518189966441
38.03895928722293,-84.53517177844334
38.03895471395973,-84.53516222064442
38.03894987110684,-84.53515209942505
38.038945028252826,-84.53514197820645
38.03894080447773,-84.53513315082114
38.038935961621654,-84.53512302960414
38.038931118764445,-84.53511290838793
38.038926545495386,-84.53510335059406
38.038922052127354,-84.53509395979019
38.03891720926697,-84.53508383857638
38.038912635994976,-84.53507428078495
38.03890779313246,-84.53506415957283
38.03890329976036,-84.53505476877179
38.038898456895666,-84.53504464756118
38.03889388361975,-84.53503508977306
38.03888904075291,-84.53502496856413
38.03888419788497,-84.53501484735601
38.03887997409794,-84.53500601998026
38.03887513122792,-84.53499589877373
38.03887028835677,-84.53498577756798
38.03886571507496,-84.5349762197849
38.03886122169379,-84.53496682899026
38.03885637881947,-84.53495670778692
38.038851805534755,-84.53494715000629
38.038846962658276,-84.5349370288046
38.03884246927304,-84.5349276380128
38.038837895985424,-84.53491808023463
38.038833053105755,-84.53490795903535
38.03882821022498,-84.53489783783687
38.03882363693438,-84.53488828006125
38.03881914354412,-84.53487888927303
38.03881430066016,-84.53486876807695
38.038809727366655,-84.53485921030378
38.03880488448054,-84.53484908910936
38.03880039108621,-84.53483969832399
38.0387958177898,-84.5348301405533
38.03879097490051,-84.53482001936125
38.038786132010095,-84.53480989817002
38.03878190820384,-84.53480107080975
38.03877706531135,-84.5347909496201
38.038772222417755,-84.53478082843125
38.03876764911545,-84.53477127066559
38.038762806219715,-84.53476114947841
38.03875831281629,-84.53475175869944
38.03875373951107,-84.53474220093624
38.038748896612155,-84.53473207975145
38.038744053712115,-84.53472195856747
38.0387398298976,-84.53471313121383
38.038734986995486,-84.53470301003144
38.038730144092256,-84.53469288884986
38.03872557078115,-84.53468333109167
38.0387210773697,-84.53467394031838
38.03871623446328,-84.5346638191392
38.03871166114927,-84.53465426138347
38.03870681824072,-84.53464414020594
38.03870232482519,-84.53463474943548
38.03869775150827,-84.53462519168222
38.03869290859652,-84.53461507050707
38.03868806568366,-84.53460494933275
38.03868322276967,-84.53459482815923
38.038678998943226,-84.53458600081518
38.03867415602716,-84.53457587964323
38.03866931311,-84.5345657584721
38.03866473978617,-84.5345562007247
38.03866024636156,-84.53454680996067
38.0386554034412,-84.53453668879193
38.03865083011446,-84.53452713104699
38.03864598719196,-84.53451700987992
38.03864149376331,-84.53450761911874
38.038636920433646,-84.53449806137625
38.038632077507955,-84.53448794021155
38.03862723458115,-84.53447781904768
38.03862266124853,-84.53446826130778
38.03861816781484,-84.53445887055014
38.038613324884835,-84.53444874938866
38.038608751549305,-84.5344391916512
38.038603908617176,-84.53442907049138
38.03859941517941,-84.5344196797366
38.03859484184097,-84.5344101220016
38.03858999890564,-84.53440000084417
38.03858515596921,-84.53438987968754
38.03858093212353,-84.53438105235897
38.03857608918501,-84.53437093120391
38.038571246245375,-84.53436081004968
38.03856667290106,-84.5343512523197
38.03856182995929,-84.53434113116712
38.03855733651244,-84.53433174041878
38.0385527631652,-84.53432218269127
38.03854792022024,-84.53431206154107
38.03854307727416,-84.5343019403917
38.038538853420235,-84.53429311306978
38.038534010472084,-84.53428299192196
38.038529167522825,-84.53427287077497
38.038524594169694,-84.53426331305249
38.03852010071483,-84.53425392230982
38.03851525776236,-84.53424380116522
38.038510684406326,-84.5342342434452
38.03850584145174,-84.53422412230225
38.03850099849603,-84.53421400116014
38.03849677463385,-84.53420517384485
38.03849193167606,-84.53419505270429
38.03848708871716,-84.53418493156457
38.038482515355255,-84.53417537384958
38.03847802189129,-84.53416598311331
38.03847317892919,-84.53415586197596
38.03846833596599,-84.53414574083943
38.038463762600145,-84.53413618312774
38.038459269132105,-84.5341267923943
38.03845442616571,-84.53411667126016
38.03844985279695,-84.53410711355093
38.03844500982842,-84.53409699241845
38.03844016685877,-84.53408687128679
38.03843594298465,-84.53407804398107
38.038431100012936,-84.53406792285101
38.038426257040086,-84.53405780172173
38.03842168366545,-84.5340482440175
38.03841719018832,-84.5340388532905
38.03841234721229,-84.53402873216362
38.03840777383474,-84.53401917446185
38.03840293085658,-84.53400905333663
38.038398437375385,-84.53399966261246
38.03839386399492,-84.53399010491316
38.038389021013565,-84.53397998379032
38.038384178031095,-84.53396986266829
38.03837960464765,-84.53396030497156
38.03837511116144,-84.53395091425097
38.03837026817577,-84.53394079313132
38.03836569478943,-84.53393123543705
38.038360851801635,-84.53392111431909
38.038356358311354,-84.53391172360132
38.03835178492209,-84.53390216590951
38.03834694193111,-84.53389204479392
38.038342098939,-84.53388192367916
38.03833787504564,-84.53387309638893
38.03833303205147,-84.53386297527572
38.038328189056166,-84.53385285416334
38.03832361566103,-84.53384329647655
38.03831912216271,-84.53383390576448
38.038314279164226,-84.53382378465447
38.038309705766174,-84.53381422697016
38.03830486276555,-84.53380410586182
38.03830001976381,-84.53379398475431
38.038295795862204,-84.53378515747072
38.038290952858404,-84.53377503636479
38.03828610985346,-84.53376491525964
38.03828153644953,-84.53375535758035
38.03827704294213,-84.53374596687468
38.038272199934,-84.53373584577194
38.03826735692476,-84.53372572467002
38.038262783516906,-84.53371616699401
38.03825829000543,-84.5337067762912
38.038253446993004,-84.53369665519165
38.038248873582226,-84.53368709751811
38.03824403056766,-84.53367697642022
38.03823918755197,-84.53366685532318
38.03823496363844,-84.53365802804916
38.03823012062068,-84.53364790695368
38.03822527760181,-84.533637785859
38.03822070418515,-84.5336282281905
38.038216210664594,-84.53361883749407
38.03821136764254,-84.5336087164018
38.038206794222965,-84.53359915873574
38.03820195119877,-84.53358903764513
38.038197457674144,-84.53357964695152
38.03819288425166,-84.53357008928795
38.038188041224274,-84.53355996819971
38.038183198195775,-84.53354984711228
38.03817862477031,-84.53354028945127
38.038174131240666,-84.53353089876126
38.03816928820897,-84.53352077767623
38.038164714780606,-84.53351122001767
38.03815987174677,-84.5335010989343
38.03815537821306,-84.53349170824713
38.03815080478178,-84.53348215059101
38.03814596174476,-84.53347202951004
38.038141118706626,-84.53346190842987
38.03813689477385,-84.53345308117132
38.03813205173363,-84.53344296009274
38.038127208692316,-84.53343283901496
38.03812263525515,-84.53342328136387
38.038117792211686,-84.53341316028775
38.03811329866889,-84.533403769607
38.03810872522881,-84.53339421195838
38.03810388218216,-84.53338409088465
38.03809903913439,-84.53337396981173
38.03809481519336,-84.53336514255983
38.038089972143524,-84.53335502148849
38.038085129092565,-84.53334490041797
38.0380805556466,-84.53333534277436
38.03807606209576,-84.5333259520993
38.03807121904161,-84.53331583103116
38.03806664559275,-84.53330627339002
38.03806180253646,-84.53329615232356
38.038056959479064,-84.53328603125789
38.0380524659231,-84.53327664058638
38.0380478924703,-84.53326708294856
38.038043049409715,-84.53325696188529
38.038038206348,-84.53324684082283
38.038033982395035,-84.5332380135805
38.03802913933124,-84.53322789251962
38.03802429626635,-84.53321777145956
38.03801972280767,-84.53320821382675
38.03801522924367,-84.53319882316092
38.038010386175586,-84.53318870210325
38.038005812714005,-84.5331791444729
38.03800096964377,-84.53316902341687
38.03799612657242,-84.53315890236168
38.03799190261121,-84.533150075126
38.0379870595378,-84.53313995407238
38.03798221646325,-84.53312983301956
38.03797764299578,-84.53312027539423
38.037973149422704,-84.53311088473482
38.037968306344986,-84.5331007636844
38.037963732874594,-84.53309120606153
38.03795888979474,-84.53308108501277
38.037954396217586,-84.5330716943562
38.03794982274429,-84.5330621367358
38.03794497966124,-84.5330520156894
38.03794013657707,-84.53304189464386
38.037935912604866,-84.533033067417
38.03793106951863,-84.53302294637301
38.037926226431274,-84.53301282532985
38.03792165295209,-84.53300326771445
38.0379168098626,-84.53299314667295
38.03791231627636,-84.53298375602279
38.03790774279428,-84.53297419840986
38.037902792907296,-84.53296416485028
38.03789819196503,-84.53295484719165
38.0378932365607,-84.5329448116925
38.037888281155276,-84.53293477619421
38.037883607907716,-84.53292531211414
38.03787900696145,-84.53291599445852
38.03787405155289,-84.53290595896276
38.03786909614322,-84.53289592346782
38.03786477735325,-84.53288717723186
38.03785982194155,-84.5328771417386
38.03785486652875,-84.53286710624617
38.03785026557647,-84.53285778859501
38.037845310161536,-84.5328477531042
38.03784063690533,-84.53283828903183
38.037836035950086,-84.5328289713829
38.037831080532015,-84.53281893589462
38.03782612511285,-84.5328089004072
38.037821806314746,-84.53280015417808
38.03781685089354,-84.53279011869233
38.03781189547124,-84.53278008320743
38.03780694004783,-84.53277004772337
38.037802339085545,-84.53276073007963
38.03779766582067,-84.53275126601496
38.03779271039413,-84.53274123053343
38.037788109428874,-84.53273191289189
38.03778315400021,-84.532721877412
38.03777819857043,-84.53271184193297
38.03777387976326,-84.53270309571147
38.037768924331445,-84.53269306023408
38.037763968898545,-84.53268302475756
38.03775936792727,-84.53267370712047
38.037754694653735,-84.53266424306348
38.0377497392177,-84.53265420758946
38.03774513824347,-84.53264488995461
38.03774018280529,-84.5326348544822
38.037735227366014,-84.53262481901068
38.037730908550714,-84.53261607279606
38.037725953109394,-84.53260603732618
38.03772099766698,-84.53259600185713
38.037716042223465,-84.53258596638898
38.0377114412422,-84.53257664875935
38.037706767958994,-84.53256718471093
38.037701812512346,-84.53255714924526
38.03769721152811,-84.53254783161786
38.03769225607933,-84.53253779615383
38.03768758279228,-84.53252833210887
38.03768298180507,-84.53251901448367
38.037678026353156,-84.53250897902217
38.03767307090014,-84.5324989435615
38.03766846990988,-84.53248962593852
38.037663796618034,-84.5324801618978
38.03765884116188,-84.53247012643966
38.037654240168656,-84.5324608088189
38.037649284710376,-84.53245077336238
38.037644611414656,-84.53244130932512
38.03763965595427,-84.53243127387036
38.03763505495706,-84.53242195625258
38.037630099494535,-84.53241192079943
38.03762514403092,-84.53240188534717
38.03762082519479,-84.5323931391501
38.03761586972913,-84.53238310369946
38.03761091426239,-84.5323730682497
38.037606313259154,-84.53236375063638
38.03760135779027,-84.53235371518822
38.037596684484875,-84.53234425115951
38.0375920834787,-84.53233493354844
38.03758712800668,-84.5323248981028
38.037582172533554,-84.53231486265803
38.03757785368929,-84.53230611646781
38.03757289821413,-84.53229608102468
38.037567942737866,-84.53228604558242
38.037563341725665,-84.53227672797577
38.03755838624728,-84.53226669253513
38.037553712933224,-84.53225722851413
38.03754875745273,-84.53224719307524
38.03754415643654,-84.53223787547158
38.037539200953915,-84.53222784003432
38.037534527636005,-84.53221837601677
38.03752992661685,-84.53220905841533
38.03752497113109,-84.53219902298058
38.037520015644226,-84.53218898754669
38.037515414622014,-84.53217966994747
38.03751074129931,-84.53217020593415
38.037505785809316,-84.53216017050276
38.03750118478414,-84.53215085290577
38.037496229292,-84.53214081747602
38.037491273798786,-84.53213078204715
38.03748695493731,-84.5321220358714
38.03748199944204,-84.53211200044414
38.03747704394568,-84.53210196501777
38.03747208844821,-84.53209192959227
38.037467769583124,-84.53208318341959
38.037462814083625,-84.53207314799573
38.037457858583025,-84.53206311257271
38.03745325754783,-84.53205379498316
38.03744830204509,-84.53204375956177
38.037443628708864,-84.53203429556048
38.03743902767072,-84.53202497797315
38.03743407216486,-84.53201494255428
38.03742911665789,-84.53200490713627
38.037424797784674,-84.53199616097046
38.03741984227565,-84.53198612555408
38.03741488676555,-84.5319760901386
38.0374102857214,-84.5319667725557
38.03740533020916,-84.53195673714184
38.03740065686427,-84.53194727314823
38.03739605581715,-84.53193795556756
38.037391100301775,-84.53192792015619
38.037386144785295,-84.53191788474571
38.03738118926773,-84.53190784933608
38.03737687038543,-84.53189910317788
38.03737191486582,-84.5318890677699
38.03736695934512,-84.53187903236278
38.03736235829095,-84.5318697147873
38.03735768493739,-84.53186025080139
38.037352729413556,-84.53185021539679
38.03734812835641,-84.53184089782354
38.03734317283044,-84.53183086242055
38.03733821730336,-84.53182082701842
38.03733389841294,-84.5318120808671
38.03732894288382,-84.5318020454666
38.037323987353616,-84.531792010067
38.03731938629046,-84.53178269249821
38.03731471292826,-84.53177322852
38.0373097573949,-84.53176319312288
38.037304801860465,-84.53175315772663
38.03730020079332,-84.53174384016084
38.037295245256736,-84.53173380476622
38.03729057188966,-84.53172434079234
38.03728597081957,-84.53171502322877
38.03728101527985,-84.53170498783665
38.037276059739035,-84.5316949524454
38.03727145866587,-84.53168563488404
38.03726678529401,-84.53167617091441
38.03726182975005,-84.53166613552567
38.03725722867393,-84.53165681796652
38.03725227312785,-84.53164678257943
38.03724759975211,-84.53163731861324
38.03724299867302,-84.53162800105632
38.03723804312381,-84.53161796567171
38.03723308757349,-84.531607930288
38.03722813202208,-84.53159789490512
38.03722381311082,-84.53158914877135
38.03721885755736,-84.5315791133901
38.03721390200282,-84.53156907800975
38.03720930091668,-84.53155976045804
38.03720462753229,-84.53155029649955
38.037199671974605,-84.53154026112169
38.03719507088551,-84.53153094357222
38.037190115325686,-84.53152090819599
38.03718515976477,-84.53151087282062
38.03718084084538,-84.5315021266937
38.03717588528242,-84.53149209131999
38.037170929718364,-84.53148205594714
38.037166328623265,-84.53147273840209
38.03716137305707,-84.53146270303085
38.037156699663015,-84.53145323908093
38.03715209856494,-84.53144392153811
38.037147142995615,-84.53143388616941
38.03714218742519,-84.53142385080156
38.03713751402728,-84.53141438685509
38.03713291292521,-84.53140506931527
38.03712795735165,-84.53139503394993
38.0371229974638,-84.531385002081
38.03711829310012,-84.53137575950849
38.0371132296935,-84.53136581153422
38.03710881992541,-84.53135714775298
38.03710375651679,-84.53134719978043
38.0370986931071,-84.53133725180875
38.03709398873853,-84.53132800924016
38.03708892532674,-84.53131806127021
38.03708422095619,-84.5313088187031
38.037079157542294,-84.53129887073486
38.03707409412731,-84.53128892276752
38.03706938975377,-84.53127968020274
38.03706462093511,-84.53127031102697
38.03705991655966,-84.53126106846373
38.03705485314059,-84.53125112049982
38.03704978972044,-84.5312411725368
38.037045085341994,-84.53123192997592
38.03704002191974,-84.5312219820146
38.037035317539306,-84.5312127394552
38.03703025411497,-84.53120279149562
38.03702548528871,-84.5311934223269
38.03702078090536,-84.53118417976985
38.03701571747792,-84.53117423181288
38.037011013092595,-84.53116498925736
38.03700594966307,-84.53115504130209
38.03700124527577,-84.5311457987481
38.03699618184414,-84.53113585079454
38.03699111841143,-84.53112590284186
38.036986414021115,-84.5311166602902
38.03698164518634,-84.53110729112937
38.03697694079412,-84.53109804857924
38.03697187735732,-84.53108810063
38.03696681391943,-84.53107815268167
38.03696210952422,-84.53106891013385
38.03695704608425,-84.53105896218723
38.03695234168704,-84.53104971964095
38.036947278244966,-84.53103977169604
38.0369422148018,-84.53102982375202
38.03693780500246,-84.53102115999832
38.0369327415573,-84.53101121205604
38.03692803715522,-84.5310019695136
38.03692297370795,-84.53099202157301
38.03691791025962,-84.53098207363334
38.036913205854525,-84.53097283109324
38.03690814240409,-84.53096288315527
38.03690343799701,-84.53095364061667
38.03689866914608,-84.53094427147079
38.03689360569256,-84.53093432353545
38.03688890128258,-84.53092508099921
38.036883837826956,-84.53091513306555
38.036879133415,-84.53090589053085
38.03687406995728,-84.53089594259892
38.03686900649849,-84.53088599466788
38.036864302083515,-84.5308767521355
38.03685923862262,-84.53086680420617
38.03685482880812,-84.53085814046581
38.03684976534523,-84.53084819253822
38.03684470188124,-84.53083824461152
38.036839997461385,-84.53082900208298
38.03683493399531,-84.53081905415797
38.03683022957347,-84.53080981163097
38.036825166105295,-84.53079986370768
38.03682046168146,-84.53079062118219
38.03681588936857,-84.53078108544531
38.03681104182622,-84.53077096769584
38.03680619428276,-84.53076084994721
38.03680161683216,-84.5307512959368
38.03679711899414,-84.53074190809576
38.036792271447496,-84.5307317903495
38.036787693993986,-84.53072223634156
38.03678284644519,-84.53071211859698
38.03677834860312,-84.53070273075879
38.03677377114669,-84.5306931767533
38.03676892359472,-84.53068305901111
38.036764076041635,-84.53067294126973
38.0367598482903,-84.53066411717202
38.03675500073515,-84.53065399943222
38.03675015317888,-84.53064388169322
38.03674557571657,-84.53063432769278
38.036741077866466,-84.53062493986029
38.03673623030701,-84.5306148221237
38.036731652841794,-84.53060526812571
38.036726805280196,-84.5305951503908
38.036722307426025,-84.53058576256113
38.0367177299579,-84.53057620856562
38.03671288239312,-84.53056609083309
38.03670803482722,-84.53055597310137
38.03670380706491,-84.53054714901249
38.03669895949694,-84.53053703128235
38.03669411192785,-84.53052691355303
38.03668953445384,-84.53051735956255
38.03668503659164,-84.53050797173859
38.03668018901937,-84.53049785401166
38.036675611542464,-84.53048830002365
38.036670763968054,-84.53047818229838
38.03666626610179,-84.53046879447726
38.03666168862197,-84.53045924049171
38.036656841044376,-84.53044912276884
38.03665199346566,-84.53043900504677
38.03664776569237,-84.53043018096675
38.03664291811159,-84.53042006324627
38.03663807052968,-84.5304099455266
38.036633493043986,-84.53040039154608
38.03662899516969,-84.53039100373067
38.036624147584604,-84.5303808860134
38.03661929999841,-84.53037076829695
38.03661472250877,-84.53036121431973
38.03661022463043,-84.53035182650716
38.036605377041035,-84.5303417087931
38.03660079954849,-84.53033215481835
38.03659595195696,-84.53032203710596
38.036591454074554,-84.53031264929623
38.0365868765791,-84.53030309532396
38.036582028984384,-84.53029297761394
38.03657718138855,-84.53028285990476
38.03657295360061,-84.53027403583653
38.036568106002704,-84.53026391812892
38.03656325840368,-84.53025380042212
38.036558680902345,-84.53024424645486
38.036554183011916,-84.53023485865086
38.03654933540971,-84.53022474094644
38.03654475790547,-84.53021518698165
38.03653991030113,-84.5302050692789
38.03653541240663,-84.53019568147774
38.03653083489948,-84.53018612751542
38.036525987291945,-84.53017600981507
38.0365211396833,-84.53016589211553
38.036516911884384,-84.53015706805616
38.03651206427366,-84.53014695035819
38.036507216661825,-84.53013683266106
38.0365026391488,-84.53012727870376
38.03649814124627,-84.53011789090829
38.03649329363125,-84.53010777321356
38.03648871611531,-84.53009821925873
38.03648386849816,-84.53008810156565
38.036479370591564,-84.53007871377301
38.03647479307272,-84.53006915982064
38.036469945452374,-84.53005904212998
38.03646509783091,-84.53004892444011
38.03646087002102,-84.53004010038956
38.03645602239748,-84.53002998270125
38.03645117477283,-84.53001986501377
38.036446597248116,-84.53001031106646
38.03644209933349,-84.53000092327952
38.03643725170565,-84.52999080559442
38.03643267417802,-84.52998125164957
38.03642782654804,-84.52997113396617
38.03642332862936,-84.52996174618205
38.03641875109882,-84.52995219223966
38.036413903465665,-84.52994207455863
38.036409055831385,-84.52993195687843
38.03640482801052,-84.52992313283671
38.03639998037416,-84.52991301515809
38.03639513273671,-84.52990289748027
38.03639055520029,-84.52989334354292
38.03638605727357,-84.5298839557645
38.03638120963292,-84.52987383808909
38.036376632093585,-84.5298642841542
38.0363717844508,-84.52985416648043
38.036367286520026,-84.52984477870487
38.03636270897779,-84.52983522477246
38.036357861331815,-84.52982510710109
38.03635301368472,-84.52981498943053
38.036348515749886,-84.52980560165781
38.036343938203714,-84.52979604772871
38.03633909055343,-84.52978593006054
38.03633424290204,-84.5297758123932
38.03633001506652,-84.52976698836328
38.03632516741305,-84.52975687069751
38.03632031975847,-84.52974675303258
38.03631574220642,-84.5297371991085
38.03631124426355,-84.52972781134149
38.03630639660579,-84.52971769367892
38.03630181905083,-84.5297081397573
38.03629697139092,-84.52969802209641
38.03629247344399,-84.52968863433225
38.03628789588614,-84.52967908041309
38.03628304822304,-84.52966896275458
38.03627820055883,-84.52965884509692
38.03627397271233,-84.52965002107584
38.03626912504605,-84.52963990341973
38.03626427737865,-84.52962978576444
38.036259699814906,-84.52962023185033
38.036255201859944,-84.52961084409185
38.03625035418936,-84.52960072643894
38.0362457766227,-84.5295911725273
38.03624092894999,-84.52958105487608
38.036236430990975,-84.52957166712045
38.036231853421405,-84.52956211321124
38.0362270057455,-84.5295519955624
38.03622215806848,-84.5295418779144
38.03621758049595,-84.52953232400777
38.0362130825319,-84.52952293625572
38.03620823485169,-84.52951281861009
38.03620365727625,-84.52950326470594
38.03619880959391,-84.52949314706198
38.036194311625806,-84.52948375931278
38.036189734047454,-84.52947420541106
38.03618488636192,-84.52946408776953
38.036180038675276,-84.52945397012877
38.03617581080955,-84.52944514612318
38.03617096312084,-84.52943502848402
38.03616611543099,-84.52942491084566
38.036161537846766,-84.52941535694899
38.03615703987063,-84.52940596920548
38.03615219217761,-84.52939585156953
38.03614761459047,-84.52938629767533
38.0361427668953,-84.52937618004103
38.03613826891512,-84.52936679230037
38.03613369132507,-84.52935723840864
38.03612884362673,-84.52934712077672
38.03612399592726,-84.52933700314563
38.03611976805056,-84.52932817914892
38.036114920349036,-84.52931806151939
38.03611007264637,-84.5293079438907
38.03610549505045,-84.52929839000399
38.03610099706223,-84.52928900226902
38.03609614935639,-84.52927888464272
38.036091571757545,-84.5292693307585
38.036086724049575,-84.52925921313384
38.0360822260573,-84.52924982540173
38.036077378347144,-84.52923970777863
38.03607280074438,-84.52923015389771
38.036067953032095,-84.52922003627627
38.03606345503576,-84.52921064854701
38.03605887743009,-84.52920109466854
38.03605402971462,-84.52919097704951
38.03604918199803,-84.52918085943128
38.03604495410668,-84.52917203544635
38.036040106388036,-84.5291619178297
38.036035258668264,-84.52915180021388
38.03603068105671,-84.52914224634046
38.036026183052336,-84.52913285861686
38.03602133532938,-84.52912274100343
38.036016757714904,-84.52911318713248
38.03601190998982,-84.52910306952072
38.03600741198139,-84.52909368179998
38.03600283436401,-84.52908412793148
38.035997986635735,-84.52907401032209
38.035993138906335,-84.52906389271354
38.035988911004004,-84.52905506873745
38.035984063272544,-84.52904495113046
38.035979215539946,-84.52903483352428
38.03597463791671,-84.52902527966084
38.03597013990025,-84.52901589194579
38.03596529216447,-84.52900577434201
38.03596071453831,-84.52899622048103
38.03595586680041,-84.52898610287892
38.03595136877988,-84.5289767151667
38.035946791150806,-84.52896716130817
38.03594194340972,-84.52895704370847
38.0359370956675,-84.52894692610957
38.0359328677542,-84.52893810214232
38.03592802000991,-84.52892798454499
38.03592317226452,-84.5289178669485
38.03591859462957,-84.528908313095
38.03591409660102,-84.52889892538849
38.035909248852434,-84.52888880779437
38.035904671214574,-84.52887925394336
38.03589982346386,-84.52886913635089
38.035895325431234,-84.52885974864724
38.03589074779047,-84.52885019479868
38.03588590003656,-84.52884007720861
38.03588105228154,-84.52882995961939
38.03587682435726,-84.52882113566096
38.03587197660016,-84.52881101807331
38.03586712884196,-84.52880090048646
38.03586255119531,-84.52879134664292
38.03585805315467,-84.52878195894498
38.03585315428337,-84.52877187817377
38.03584822748951,-84.52876182036822
38.03584357960854,-84.52875233195235
38.03583900603518,-84.52874299523447
38.03583407923817,-84.52873293743139
38.035829152440066,-84.52872287962919
38.035824857778,-84.52871411230238
38.035819930977844,-84.52870405450179
38.03581500417658,-84.52869399670206
38.035810430597195,-84.52868465998853
38.03580578270852,-84.52867517157941
38.035800855904114,-84.52866511378215
38.03579592909859,-84.52865505598574
38.03579135551518,-84.52864571927518
38.03578670762264,-84.52863623086947
38.03578178081398,-84.52862617307554
38.03577720722759,-84.52861683636716
38.035772280416786,-84.52860677857484
38.035767632520354,-84.52859729017254
38.03576270570744,-84.52858723238195
38.035758132117046,-84.52857789567653
38.03575320530199,-84.52856783788755
38.03574855740168,-84.52855834948866
38.0357439838083,-84.52854901278545
38.035739056990096,-84.52853895499892
38.03573413017079,-84.52852889721328
38.03572983549058,-84.52852012990157
38.035724908669216,-84.52851007211753
38.03571998184675,-84.52850001433434
38.03571505502319,-84.52848995655202
38.03571048142273,-84.52848061985392
38.03570583351373,-84.52847113146265
38.03570090668701,-84.52846107368279
38.035696333083585,-84.52845173698691
38.03569140625472,-84.52844167920867
38.03568675834184,-84.52843219082081
38.03568183151087,-84.52842213304429
38.03567725790343,-84.52841279635136
38.03567233107032,-84.52840273857642
38.035667683153555,-84.52839325019198
38.03566310954314,-84.52838391350126
38.03565818270688,-84.52837385572882
38.035653255869526,-84.52836379795723
38.035648961173855,-84.52835503065837
38.035644034334446,-84.5283449728884
38.03563910749393,-84.5283349151193
38.035634180652316,-84.52832485735104
38.035629885953014,-84.52831609005523
38.035624959109356,-84.5283060322886
38.03562003226459,-84.52829597452282
38.03561545864411,-84.52828663783941
38.035610810715774,-84.52827714946513
38.03560588386786,-84.52826709170182
38.035600957018836,-84.52825703393937
38.03559638339435,-84.52824769725892
38.035591735462134,-84.52823820888804
38.03558680860996,-84.52822815112806
38.0355822349825,-84.52821881444981
38.0355773081282,-84.52820875669144
38.0355726601921,-84.52819926832399
38.035568086561675,-84.52818993164793
38.03556315970421,-84.52817987389206
38.03555823284564,-84.528169816137
38.03555358490567,-84.52816032777295
38.03554901127122,-84.52815099109985
38.03554408440951,-84.5281409333473
38.03553915754669,-84.52813087559558
38.03553486282924,-84.5281221083149
38.03552993596438,-84.5281120505648
38.03552500909841,-84.52810199281558
38.035520082231336,-84.5280919350672
38.03551578751025,-84.52808316778953
38.035510860641125,-84.5280731100428
38.03550593377091,-84.52806305229689
38.035501360126396,-84.5280537156311
38.03549643325404,-84.52804365788681
38.03549178530149,-84.52803416953381
38.035487211654015,-84.52802483287022
38.035482284778496,-84.52801477512841
38.035477357901875,-84.52800471738745
38.03547270994545,-84.52799522903786
38.03546813629396,-84.52798589237722
38.03546320941419,-84.52797583463872
38.03545828253331,-84.5279657769011
38.035453987800416,-84.52795700963325
38.0354490609175,-84.52794695189723
38.035444134033476,-84.52793689416208
38.035439207148364,-84.52792683642778
38.03543491241183,-84.52791806916296
38.03542998552465,-84.52790801143028
38.03542505863638,-84.52789795369846
38.035420484974836,-84.52788861704516
38.03541583700683,-84.5278791287057
38.03541083711302,-84.52786914053783
38.03540559601603,-84.52785934855481
38.035400721070694,-84.52785024065847
38.03539516405729,-84.52783985845238
38.035389922957116,-84.52783006647213
38.035385048008784,-84.5278209585783
38.03537980690658,-84.52781116659992
38.03537456580332,-84.52780137462248
38.03536937493722,-84.52779167650623
38.035364133831834,-84.52778188453061
38.0353588927254,-84.52777209255598
38.03535365161792,-84.52776230058231
38.03534877666269,-84.52775319269435
38.03534321963782,-84.52774281049753
38.035337978527174,-84.52773301852666
38.035333103568924,-84.5277239106412
38.035327862456235,-84.52771411867217
38.035322621342516,-84.52770432670408
38.035317565393896,-84.52769435473921
38.035312878675136,-84.5276850990292
38.03530783367522,-84.52767513575958
38.035303146954476,-84.52766588005107
38.03529810195244,-84.52765591678313
38.03529305694934,-84.5276459535161
38.035288370225594,-84.52763669780991
38.03528361766055,-84.52762731207787
38.0352789309349,-84.52761805637319
38.03527388592769,-84.52760809310958
38.03526884091938,-84.52759812984684
38.03526415419071,-84.52758887414446
38.035259109180316,-84.52757891088342
38.03525406416883,-84.52756894762327
38.03524937743715,-84.5275596919232
38.03524462486449,-84.52755030619818
38.03523993813091,-84.52754105049964
38.03523489311531,-84.52753108724289
38.035229848098616,-84.52752112398704
38.03522516136205,-84.5275118682908
38.03522011634326,-84.52750190503667
38.03521542960469,-84.52749264934194
38.03521067702536,-84.52748326362301
38.035205632003496,-84.52747330037147
38.035200945262,-84.52746404467905
38.035195900238016,-84.5274540814292
38.03519085521295,-84.52744411818026
38.03518616846844,-84.52743486249014
38.03518112344128,-84.52742489924289
38.03517643669478,-84.52741564355429
38.035171684107844,-84.5274062578424
38.03516663907757,-84.52739629459772
38.03516195232817,-84.52738703891146
38.03515690729581,-84.5273770756685
38.0351522205444,-84.52736781998372
38.035147175509934,-84.52735785674246
38.03514213047438,-84.52734789350208
38.03513744371997,-84.52733863781961
38.03513269112539,-84.52732925211474
38.03512800436909,-84.5273199964338
38.03512295932942,-84.52731003319681
38.03511791428866,-84.52730006996075
38.03511322752935,-84.52729081428213
38.035108182486496,-84.52728085104773
38.03510313744256,-84.52727088781425
38.03509874312397,-84.52726220967183
38.03509369807803,-84.52725224644007
38.035089011313794,-84.52724299076526
38.035083966265745,-84.52723302753516
38.03507892121662,-84.527223064306
38.035074234449375,-84.52721380863349
38.035069189398136,-84.52720384540599
38.03506450262891,-84.527194589735
38.03505975002007,-84.52718520404325
38.03505470496574,-84.52717524081837
38.03505001819359,-84.5271659851497
38.03504497313716,-84.5271560219265
38.035039928079655,-84.5271460587042
38.03503524130448,-84.52713680303783
38.03503019624486,-84.52712683981723
38.03502580191286,-84.52711816168653
38.03502075685124,-84.52710819846763
38.03501571178854,-84.52709823524964
38.035011025008465,-84.52708897958709
38.03500597994365,-84.52707901637079
38.035001293161585,-84.52706976070976
38.034996249171485,-84.52705979862192
38.03499123937979,-84.52704980653542
38.03498687474707,-84.52704110122829
38.03498186495337,-84.52703110914348
38.034976855158604,-84.52702111705958
38.034972202161505,-84.5270118366148
38.034967192364604,-84.52700184453255
38.03496247092853,-84.52699242759118
38.03495781792849,-84.52698314714871
38.03495280812848,-84.52697315506902
38.034948155126465,-84.52696387462804
38.034943145324334,-84.52695388255
38.03493813552112,-84.52694389047286
38.03493377087853,-84.52693518517425
38.0349287610733,-84.5269251930988
38.03492375126697,-84.52691520102424
38.03491909825898,-84.5269059205878
38.03491408845054,-84.52689592851489
38.03490943544055,-84.52688664807994
38.03490471399302,-84.52687723114892
38.03489970418148,-84.52686723907858
38.034895051168554,-84.5268579586459
38.03489004135488,-84.52684796657725
38.03488503154014,-84.52683797450948
38.03488037852418,-84.52682869407906
38.0348756570709,-84.52681927715325
38.03487100405303,-84.52680999672437
38.034865994234146,-84.52680000465993
38.034860984414166,-84.52679001259638
38.03485633139327,-84.52678073216975
38.03485132157119,-84.52677074010788
38.034846600112154,-84.52676132318729
38.03484194708833,-84.52675204276294
38.03483693726313,-84.52674205070365
38.034831927436834,-84.52673205864521
38.03482727440998,-84.52672277822313
38.03482226458157,-84.52671278616636
38.03481789991743,-84.52670408088629
38.03481289008701,-84.52669408883123
38.034807880255485,-84.52668409677703
38.0348032272237,-84.52667481635872
38.03479821739005,-84.52666482430618
38.03479349592054,-84.52665540739517
38.034788842885796,-84.52664612697913
38.034783833049055,-84.52663613492918
38.03477918001233,-84.52662685451465
38.03477417017348,-84.52661686246634
38.034769160333525,-84.52660687041893
38.03476479565951,-84.52659816514739
38.03475978581755,-84.52658817310167
38.03475477597449,-84.52657818105682
38.034750122931804,-84.52656890064684
38.03474511308663,-84.52655890860366
38.03474010324037,-84.52654891656137
38.03473573856096,-84.52654021129447
38.03473072871268,-84.52653021925387
38.03472607566505,-84.52652093884764
38.03472106581466,-84.52651094680871
38.034716055963166,-84.52650095477065
38.034711402912514,-84.52649167436671
38.034706681425774,-84.52648225747126
38.03470167157119,-84.52647226543577
38.0346970185176,-84.52646298503412
38.03469200866089,-84.52645299300028
38.03468735560529,-84.52644371260008
38.03468234574646,-84.52643372056794
38.03467762425399,-84.52642430367773
38.03467297119546,-84.52641502327982
38.03466796133352,-84.52640503125023
38.034662951470494,-84.52639503922154
38.03465829840894,-84.52638575882591
38.03465328854381,-84.52637576679888
38.034648923848245,-84.52636706154587
38.03464391398109,-84.52635706952051
38.03463890411284,-84.52634707749606
38.034634251046334,-84.52633779710418
38.03462924117598,-84.52632780508141
38.034624519672995,-84.52631838820072
38.034619866603556,-84.52630910781113
38.03461485673008,-84.5262991157909
38.03460984685553,-84.52628912377158
38.03460519378307,-84.52627984338426
38.03460018390638,-84.52626985136656
38.034595819200966,-84.5262611461221
38.03459080932227,-84.52625115410609
38.034585799442475,-84.52624116209098
38.034581146365085,-84.52623188170743
38.034576136483174,-84.526221889694
38.03457112660019,-84.52621189768143
38.03456676188936,-84.5262031924416
38.03456175200434,-84.52619320043074
38.03455709892201,-84.52618392005095
38.03455208903488,-84.52617392804176
38.03454707914667,-84.52616393603341
38.034542426061314,-84.52615465565592
38.03453770454112,-84.52614523879082
38.034532694649805,-84.52613524678506
38.03452804156152,-84.52612596640985
38.034523031668066,-84.52611597440577
38.03451837857777,-84.52610669403201
38.03451336868222,-84.52609670202958
38.034508647156294,-84.52608728516972
38.03450399406305,-84.52607800479826
38.0344989841644,-84.52606801279839
38.034493974264635,-84.52605802079945
38.03448932116838,-84.52604874043024
38.0344843112665,-84.52603874843294
38.03447958973482,-84.52602933157829
38.03447493663564,-84.52602005121139
38.034469926730644,-84.52601005921666
38.03446527362946,-84.52600077885124
38.034460263722366,-84.52599078685817
38.03445554218593,-84.52598137000786
38.034450889081796,-84.52597208964471
38.0344458791716,-84.52596209765422
38.03444086926031,-84.5259521056646
38.03443621615314,-84.52594282530373
38.03443120623972,-84.52593283331578
38.03442684150289,-84.52592412809835
38.03442183158745,-84.5259141361121
38.03441682167094,-84.52590414412671
38.034412168558845,-84.52589486376962
38.03440715864021,-84.52588487178592
38.034402148720474,-84.52587487980308
38.034397783978235,-84.52586617459032
38.03439277405649,-84.52585618260919
38.03438776413366,-84.52584619062893
38.0343831110156,-84.52583691027635
38.034378101090645,-84.52582691829777
38.03437344797058,-84.52581763794672
38.034368726416965,-84.52580822111196
38.0343637164889,-84.52579822913593
38.034359063365905,-84.52578894878717
38.034354053435734,-84.5257789568128
38.03434904350446,-84.52576896483932
38.03434439037844,-84.52575968449283
38.034339668819065,-84.5257502676633
38.034335015691134,-84.52574098731829
38.03433000575574,-84.52573099534816
38.03432499581926,-84.52572100337893
38.03432034268829,-84.52571172303618
38.034315332749685,-84.52570173106861
38.034310611184566,-84.52569231424432
38.03430595805067,-84.52568303390385
38.03430094810896,-84.52567304193884
38.03429629497306,-84.52566376159987
38.03429128502923,-84.52565376963655
38.034286563459354,-84.52564435281656
38.034281910320516,-84.52563507247989
38.03427690037359,-84.52562508051912
38.03427189042555,-84.52561508855922
38.03426723728369,-84.52560580822481
38.03426222733354,-84.52559581626659
38.03425750575793,-84.52558639945184
38.03425285261312,-84.5255771191197
38.034247842659866,-84.52556712716405
38.03424318951308,-84.5255578468334
38.03423817955772,-84.52554785487942
38.03423316960126,-84.52553786292631
38.03422880482759,-84.52552915774064
38.03422379486911,-84.5255191657892
38.03421878490955,-84.52550917383867
38.034214131756784,-84.52549989351256
38.03420912179511,-84.5254899015637
38.03420446864035,-84.5254806212391
38.03419974705327,-84.5254712044347
38.034194737088484,-84.52546121248841
38.034190083930795,-84.52545193216608
38.03418507396388,-84.52544194022146
38.03418006399588,-84.5254319482777
38.03417541083516,-84.52542266795764
38.03417068924234,-84.52541325115845
38.0341660360797,-84.52540397083989
38.0341609646254,-84.52539402911198
38.03415589032773,-84.5253840902562
38.03415117553066,-84.52537485554481
38.034146101230895,-84.52536491669073
38.03414168228853,-84.52535626146481
38.03413660798676,-84.52534632261245
38.03413189318582,-84.52533708790415
38.034126818881965,-84.52532714905352
38.034122104079046,-84.52531791434674
38.0341170297731,-84.52530797549781
38.034111955466074,-84.52529803664983
38.03410753651749,-84.5252893814294
38.03410246220846,-84.52527944258311
38.034097747400665,-84.52527020788023
38.034092673089546,-84.52526026903566
38.03408795827975,-84.52525103433427
38.034082883966526,-84.52524109549142
38.034078169154775,-84.52523186079158
38.03407339069744,-84.52522250143458
38.034068675883795,-84.52521326673629
38.034063601566494,-84.52520332789689
38.03405852724811,-84.52519338905839
38.034053812431466,-84.5251841543624
38.03404873811098,-84.52517421552564
38.03404402329235,-84.5251649808312
38.03403924482842,-84.52515562148035
38.03403453000791,-84.52514638678747
38.03402945568334,-84.52513644795413
38.034024740860836,-84.52512721326278
38.03401966653417,-84.52511727443114
38.03401495170969,-84.5251080397413
38.03400987738093,-84.52509810091139
38.0340050989104,-84.52508874156672
38.03400038408302,-84.52507950687924
38.03399530975118,-84.52506956805196
38.033990594921804,-84.525060333366
38.03398552058787,-84.52505039454044
38.03398080575654,-84.52504115985602
38.03397573142052,-84.52503122103218
38.03397131244715,-84.52502256583372
38.033966238109116,-84.52501262701162
38.0339615232739,-84.52500339233025
38.033956448933786,-84.52499345350984
38.03395137459259,-84.52498351469035
38.03394665975438,-84.52497428001134
38.033941585411085,-84.52496434119357
38.03393716643152,-84.52495568600062
38.03393209208623,-84.52494574718456
38.033927377244154,-84.52493651250862
38.03392230289677,-84.52492657369427
38.03391758805271,-84.52491733901985
38.03391251370323,-84.52490740020724
38.033907798857186,-84.52489816553435
38.0339030203669,-84.5248888062081
38.033897946014335,-84.52487886739812
38.03389323116539,-84.52486963272756
38.03388815681076,-84.52485969391931
38.03388344195983,-84.52485045925029
38.03387836760308,-84.52484052044375
38.033873652750174,-84.52483128577624
38.03386887425327,-84.52482192645617
38.033864159398476,-84.52481269179022
38.03385908503764,-84.5248027529871
38.03385401067574,-84.52479281418492
38.033849295817944,-84.52478357952131
38.03384422145394,-84.52477364072082
38.03383950659417,-84.52476440605875
38.03383472809066,-84.52475504674483
38.033830391955334,-84.52474543953113
38.03382578655594,-84.52473517331151
38.03382176531912,-84.52472719055532
38.03381709628206,-84.52471792182124
38.03381307504373,-84.52470993906624
38.03380869629469,-84.52470124660164
38.03380387246172,-84.52469108853222
38.03379930496073,-84.52468048246985
38.033794838855954,-84.5246701118601
38.03379027135271,-84.52465950579946
38.03378580524562,-84.52464913519117
38.033781569279775,-84.52463929898984
38.033776440090975,-84.52462738866797
38.03377164244051,-84.52461624820451
38.03376651324884,-84.52460433788464
