29.949330202879942,-90.099944164134
29.949331676369265,-90.09994173817616
29.949326770860697,-90.09994981462164
29.949321128606595,-90.09995910404537
29.949315815834783,-90.09996785100655
29.949310910324094,-90.09997592745034
29.949305268067505,-90.0999852168722
29.949299955293444,-90.09999396383147
29.94929504978061,-90.10000204027357
29.9492897370051,-90.1000107872316
29.949284094745227,-90.10002007665088
29.949279189230257,-90.1000281530913
29.949270874524274,-90.10002434784171
29.94926282650866,-90.10002048094977
29.94925392621117,-90.10001620455616
29.94924587819512,-90.10001233766543
29.949237830178877,-90.10000847077528
29.949228929880658,-90.10000419438369
29.94922088186397,-90.10000032749474
29.949212833847074,-90.09999646060639
29.9492050932706,-90.09999274143678
29.949196192971435,-90.09998846504779
29.949188144953897,-90.09998459816123
29.949180096936136,-90.09998073127522
29.949172048918186,-90.09997686438982
29.949163148618062,-90.09997258800344
29.949155100599658,-90.09996872111925
29.949147052581065,-90.09996485423565
29.949138152280216,-90.09996057785125
29.94913010426117,-90.09995671096888
29.949122056241915,-90.09995284408706
29.949114008222463,-90.09994897720584
29.94910510792066,-90.09994470082408
29.949097059900758,-90.09994083394407
29.94908901188065,-90.09993696706464
29.949080111578134,-90.09993269068488
29.949072063557587,-90.09992882380668
29.949064015536834,-90.09992495692904
29.949055967515864,-90.099921090052
29.94904706721239,-90.09991681367487
29.949039019190987,-90.09991294679905
29.949030971169385,-90.0999090799238
29.949022923147563,-90.09990521304914
29.949014022843134,-90.09990093667463
29.949005974820874,-90.0998970698012
29.948997926798402,-90.09989320292833
29.94898902649327,-90.09988892655582
29.948980978470342,-90.09988505968417
29.948972930447226,-90.0998811928131
29.948964882423912,-90.09987732594263
29.948955982117802,-90.09987304957274
29.948947934094043,-90.09986918270347
29.94893988607007,-90.0998653158348
29.94893098576325,-90.09986103946692
29.948922937738832,-90.09985717259944
29.94891488971422,-90.09985330573257
29.948906841689396,-90.09984943886627
29.948897941381613,-90.09984516250101
29.948889893356352,-90.09984129563593
29.94888184533088,-90.09983742877142
29.948873797305204,-90.0998335619075
29.94886489699646,-90.09982928554487
29.948856848970333,-90.09982541868217
29.948849108384834,-90.09982169953717
29.948840208075385,-90.0998174231765
29.948832160048617,-90.09981355631558
29.94882411202165,-90.09980968945524
29.948816063994467,-90.09980582259548
29.948807163684062,-90.09980154623744
29.948799115656442,-90.0997976793789
29.948791067628616,-90.09979381252094
29.948782167317482,-90.09978953616489
29.948774119289215,-90.09978566930815
29.94876607126075,-90.099781802452
29.948758023232056,-90.09977793559642
29.948749122919974,-90.099773659243
29.948741074890858,-90.09976979238864
29.948733026861532,-90.09976592553487
29.948724978831983,-90.09976205868168
29.948716078518945,-90.09975778233088
29.94870803048897,-90.09975391547891
29.948699982458784,-90.09975004862751
29.94869108214503,-90.09974577227871
29.948683034114396,-90.09974190542854
29.94867498608357,-90.09973803857895
29.948666938052526,-90.09973417172993
29.948658037737815,-90.09972989538375
29.948649989706333,-90.09972602853597
29.948641941674637,-90.09972216168875
29.948633893642743,-90.09971829484212
29.948624993327083,-90.09971401849859
29.94861694529474,-90.09971015165317
29.948608897262204,-90.09970628480835
29.94859999694581,-90.09970200846679
29.948591948912824,-90.09969814162318
29.94858390087963,-90.09969427478015
29.948575852846226,-90.0996904079377
29.94856695252889,-90.09968613159879
29.94855890449505,-90.09968226475755
29.948550856460997,-90.0996783979169
29.94854195614293,-90.09967412157997
29.948533908108445,-90.09967025474054
29.948525860073747,-90.09966638790169
29.948517812038844,-90.09966252106344
29.948508911719834,-90.09965824472911
29.948500863684487,-90.09965437789208
29.94849312308995,-90.09965065877167
29.94848507505419,-90.09964679193575
29.94847617473423,-90.09964251560406
29.94846812669803,-90.09963864876937
29.948460078661626,-90.09963478193526
29.948451192213,-90.0996304723084
29.948443155478834,-90.09962657315647
29.948435118744452,-90.0996226740051
29.948427082009875,-90.09961877485433
29.94841819545733,-90.09961446340155
29.948410158722293,-90.099610564252
29.948402121987044,-90.09960666510304
29.948394085251593,-90.09960276595467
29.94838488914982,-90.09959830432237
29.94837685241392,-90.09959440517524
29.9483688156778,-90.0995905060287
29.948359929123544,-90.09958619458058
29.948351892386974,-90.09958229543527
29.948343855650194,-90.09957839629054
29.94833581891321,-90.09957449714639
29.948326932357986,-90.09957018570093
29.948318895620552,-90.099566286558
29.948310858882905,-90.09956238741566
29.948302822145052,-90.09955848827391
29.948293935588854,-90.09955417683108
29.948285898850543,-90.09955027769055
29.948277862112032,-90.0995463785506
29.948269825373306,-90.09954247941124
29.94826093881614,-90.09953816797106
29.94825290207697,-90.09953426883293
29.948244865337582,-90.09953036969537
29.948235978779685,-90.0995260582572
29.948227942039846,-90.09952215912087
29.948219905299805,-90.09951825998513
29.94821186855955,-90.09951436084998
29.948202982000684,-90.09951004941442
29.948194945259978,-90.09950615028049
29.948186908519062,-90.09950225114716
29.94817887177793,-90.0994983520144
29.9481699852181,-90.09949404058149
29.94816194847652,-90.09949014144995
29.94815391173473,-90.09948624231902
29.948145874992736,-90.09948234318865
29.94813698843194,-90.0994780317584
29.948128951689487,-90.09947413262924
29.948120914946834,-90.09947023350068
29.948112028385296,-90.09946592207244
29.9481039916422,-90.0994620229451
29.948095954898875,-90.09945812381835
29.948087918155352,-90.0994542246922
29.948079031592844,-90.09944991326657
29.948070994848877,-90.09944601414163
29.948062958104693,-90.0994421150173
29.948054921360296,-90.09943821589353
29.948046034796825,-90.09943390447056
29.948037998051976,-90.09943000534801
29.948029961306922,-90.09942610622606
29.948021074742712,-90.09942179480508
29.94801303799721,-90.09941789568435
29.94800500125149,-90.09941399656421
29.94799696450557,-90.09941009744465
29.947988077940387,-90.09940578602631
29.94798004119402,-90.09940188690798
29.947972004447436,-90.09939798779023
29.947963967700645,-90.09939408867307
29.94795508113449,-90.09938977725737
29.94794704438725,-90.09938587814143
29.9479390076398,-90.09938197902608
29.947930970892138,-90.0993780799113
29.94792208432501,-90.09937376849825
29.94791404757691,-90.0993698693847
29.947906010828582,-90.09936597027176
29.947897124260727,-90.0993616588607
29.947889087511957,-90.09935775974897
29.947881050762984,-90.0993538606378
29.947873014013783,-90.09934996152724
29.947864127444962,-90.09934565011883
29.947856090695325,-90.0993417510095
29.947848053945474,-90.09933785190074
29.947840017195404,-90.09933395279256
29.947831130625616,-90.0993296413868
29.947823093875115,-90.09932574227986
29.947815057124384,-90.09932184317348
29.94780702037345,-90.0993179440677
29.947798133802692,-90.0993136326646
29.947790097051314,-90.09930973356003
29.947782060299726,-90.09930583445608
29.947773173728226,-90.09930152305496
29.94776513697619,-90.09929762395221
29.947757100223935,-90.09929372485006
29.947749063471473,-90.09928982574847
29.947740176899018,-90.09928551435
29.947732140146105,-90.09928161524965
29.94772410339299,-90.09927771614989
29.947716066639654,-90.09927381705072
29.947707180066224,-90.09926950565487
29.947699143312448,-90.09926560655691
29.947691106558455,-90.09926170745955
29.947683069804256,-90.09925780836276
29.947674183229854,-90.09925349696957
29.947666146475207,-90.09924959787402
29.947658109720336,-90.09924569877904
29.94764920037736,-90.09924144111483
29.947641145366532,-90.09923759454898
29.947633090355506,-90.09923374798372
29.947624181527512,-90.09922949369012
29.947616126516056,-90.09922564712606
29.947608071504387,-90.09922180056259
29.94760001649251,-90.09921795399971
29.94759110766357,-90.09921369970871
29.947583052651257,-90.09920985314703
29.947574997638736,-90.09920600658594
29.947566088809083,-90.09920175229693
29.94755803379614,-90.09919790573706
29.94754997878298,-90.09919405917776
29.94754106995261,-90.09918980489073
29.94753301493901,-90.09918595833264
29.94752495992521,-90.09918211177514
29.947516051094137,-90.09917785749009
29.947507996079896,-90.09917401093381
29.947499941065466,-90.0991701643781
29.94749103223366,-90.09916591009502
29.94748297721879,-90.09916206354053
29.947474922203718,-90.09915821698662
29.947466867188417,-90.09915437043328
29.94745795835568,-90.09915011615284
29.94744990333996,-90.09914626960072
29.947441848324036,-90.09914242304917
29.947432939490575,-90.09913816877072
29.947424884474216,-90.0991343222204
29.947416829457655,-90.09913047567065
29.947407920623483,-90.09912622139417
29.947399865606478,-90.09912237484563
29.947391810589274,-90.0991185282977
29.947383207873816,-90.09911442020572
29.947375152856175,-90.09911057365896
29.94736709783833,-90.09910672711278
29.94735818900273,-90.09910247284024
29.947350133984454,-90.09909862629529
29.94734207896597,-90.09909477975089
29.94733402394728,-90.0990909332071
29.94732511511074,-90.09908667893717
29.947317060091617,-90.09908283239459
29.94730900507228,-90.09907898585257
29.94730009623503,-90.09907473158464
29.947292041215256,-90.09907088504384
29.94728398619529,-90.09906703850362
29.947275077357318,-90.09906278423767
29.94726702233691,-90.09905893769867
29.947258967316305,-90.09905509116025
29.947250058477614,-90.09905083689628
29.947242003456562,-90.09904699035908
29.947233948435315,-90.09904314382244
29.947225039595917,-90.09903888956046
29.947216984574222,-90.09903504302505
29.947208929552325,-90.09903119649022
29.947200020712216,-90.09902694223021
29.947191965689886,-90.09902309569661
29.947183910667345,-90.09901924916356
29.947175855644602,-90.09901540263111
29.947166946803545,-90.09901114837372
29.94715889178037,-90.09900730184248
29.94715083675699,-90.09900345531182
29.94714192791521,-90.09899920105642
29.947133872891396,-90.09899535452696
29.947125817867377,-90.09899150799811
29.947116909024885,-90.09898725374467
29.947109160120007,-90.09898355339875
29.947101105095342,-90.09897970687165
29.947092196252147,-90.09897545262018
29.94708414122706,-90.09897160609431
29.94707608620175,-90.09896775956899
29.947067177357845,-90.09896350531952
29.947059122332103,-90.09895965879544
29.94705106730616,-90.09895581227194
29.947043012280012,-90.098951965749
29.947034103435154,-90.09894771150213
29.94702604840858,-90.09894386498043
29.947017993381785,-90.09894001845929
29.947009084536216,-90.09893576421442
29.947001029509003,-90.0989319176945
29.946992974481564,-90.09892807117515
29.946984065635284,-90.09892381693227
29.94697601060742,-90.09891997041414
29.946967955579346,-90.0989161238966
29.946959046732353,-90.0989118696557
29.946950991703847,-90.09890802313936
29.946942936675136,-90.09890417662362
29.946934027827425,-90.09889992238469
29.94692597279827,-90.09889607587016
29.946917917768932,-90.0988922293562
29.946909862739368,-90.09888838284282
29.9469009538907,-90.09888412860651
29.946892898860714,-90.09888028209436
29.946884843830514,-90.09887643558277
29.946875934981144,-90.09887218134844
29.946867879950513,-90.09886833483809
29.94685982491967,-90.0988644883283
29.946850916069582,-90.09886023409595
29.94684286103831,-90.09885638758738
29.94683511212655,-90.0988526872603
29.94682620327576,-90.09884843302991
29.94681814824385,-90.09884458652313
29.946810093211727,-90.0988407400169
29.946802074303008,-90.09883679885762
29.946792895536927,-90.09883228278737
29.94678487556283,-90.09882833685835
29.94677685558852,-90.09882439092992
29.94676883561401,-90.09882044500208
29.946759969437917,-90.09881608273328
29.946751949462932,-90.09881213680667
29.946743929487745,-90.09880819088065
29.946735909512324,-90.09880424495522
29.946727043335233,-90.09879988268906
29.94671902335937,-90.09879593676486
29.94671100338328,-90.09879199084126
29.946702983406976,-90.09878804491824
29.946694963430453,-90.09878409899581
29.946686097252147,-90.09877973673298
29.946678077275166,-90.09877579081177
29.94667005729797,-90.09877184489116
29.94666203732056,-90.09876789897113
29.946653171141257,-90.09876353671098
29.946645151163377,-90.09875959079218
29.946637131185298,-90.09875564487399
29.9466287986159,-90.09875154515815
29.9466199324356,-90.09874718290067
29.946611912456838,-90.0987432369843
29.946603892477853,-90.09873929106854
29.94659587249866,-90.09873534515337
29.94658785251924,-90.09873139923879
29.946578986337695,-90.09872703698463
29.94657096635783,-90.09872309107128
29.946562946377743,-90.09871914515851
29.94655492639743,-90.09871519924633
29.9465460602149,-90.09871083699484
29.946538040234138,-90.09870689108389
29.946530020253164,-90.09870294517356
29.946522000271965,-90.09869899926379
29.946513134088438,-90.09869463701494
29.94650511410678,-90.09869069110643
29.946497094124915,-90.09868674519848
29.946489074142825,-90.09868279929113
29.94648020795831,-90.09867843704495
29.946472187975765,-90.09867449113884
29.94646385540182,-90.09867039143559
29.946455835418835,-90.09866644553065
29.946447815435643,-90.09866249962634
29.946438949249877,-90.09865813738351
29.946430929266224,-90.0986541914804
29.946422909282354,-90.0986502455779
29.94641488929826,-90.09864629967599
29.946406023111507,-90.09864193743583
29.94639800312696,-90.09863799153513
29.946389983142204,-90.09863404563505
29.94638196315721,-90.09863009973554
29.946373096969474,-90.09862573749804
29.946365076984033,-90.09862179159977
29.946357056998377,-90.09861784570208
29.946349037012514,-90.09861389980499
29.94634101702641,-90.0986099539085
29.946332150837446,-90.09860559167429
29.946324130850897,-90.09860164577901
29.94631611086413,-90.09859769988435
29.946308090877157,-90.09859375399026
29.94629891209591,-90.09858923796149
29.946290892108465,-90.09858529206865
29.94628287212081,-90.09858134617643
29.946274852132937,-90.09857740028477
29.946265985941967,-90.09857303805592
29.946257965953638,-90.0985690921655
29.946249945965086,-90.09856514627566
29.94624192597633,-90.09856120038643
29.94623390598734,-90.09855725449776
29.946225039795134,-90.09855289227222
29.946217019805704,-90.09854894638481
29.94620899981604,-90.09854500049798
29.946200979826173,-90.09854105461174
29.946192113632975,-90.09853669238886
29.94618409364265,-90.09853274650386
29.9461760736521,-90.09852880061943
29.94616805366134,-90.0985248547356
29.946159187467156,-90.09852049251539
29.94615116747594,-90.09851654663281
29.946143147484495,-90.0985126007508
29.946134814901473,-90.09850850107264
29.946125948706285,-90.09850413885512
29.94611792871416,-90.09850019297497
29.946109908721834,-90.0984962470954
29.94610188872928,-90.09849230121641
29.94609386873652,-90.09848835533802
29.946085002540098,-90.0984839931238
29.946076982546877,-90.09848004724664
29.94606896255344,-90.09847610137008
29.946060942559786,-90.0984721554941
29.946052076362363,-90.09846779328254
29.946044056368258,-90.0984638474078
29.94603603637392,-90.09845990153364
29.946028016379373,-90.09845595566006
29.946018898400702,-90.09845126248278
29.94601093849868,-90.09844715888926
29.94600214494876,-90.09844262552343
29.945993862365974,-90.09843835557888
29.945985068815496,-90.09843382221449
29.94597710891247,-90.09842971862352
29.94596882632895,-90.09842544868096
29.945960032777645,-90.09842091531863
29.945952072873887,-90.09841681172956
29.94594295664174,-90.09841211201652
29.945934996737485,-90.09840800842875
29.945926203185078,-90.09840347506925
29.945917920600014,-90.09839920513069
29.94590912704705,-90.09839467177262
29.945900844461477,-90.09839040183542
29.945892884555995,-90.09838629825083
29.94588402150324,-90.09838194160672
29.945875997706565,-90.09837800622795
29.945867973909674,-90.09837407084977
29.9458591030945,-90.09836972004099
29.945851079297153,-90.09836578466404
29.945843055499594,-90.09836184928768
29.94583503170181,-90.09835791391191
29.94582616088565,-90.09835356310579
29.945818137087414,-90.09834962773124
29.94581011328897,-90.0983456923573
29.945801777577106,-90.09834160400217
29.945792906759948,-90.09833725319874
29.945784882960822,-90.09833331782663
29.94577685916149,-90.0983293824551
29.945767988343583,-90.09832503165369
29.945759964543786,-90.09832109628339
29.94575194074377,-90.0983171609137
29.94574391694356,-90.09831322554459
29.945735046124664,-90.09830887474581
29.945727022323975,-90.09830493937794
29.94571899852309,-90.09830100401065
29.945710974721976,-90.09829706864394
29.945702103902097,-90.09829271784783
29.94569408010053,-90.09828878248236
29.945686056298747,-90.09828484711747
29.945678032496755,-90.09828091175318
29.945669161675884,-90.09827656095973
29.94566113787344,-90.09827262559666
29.945652802157483,-90.0982685372529
29.945643931335862,-90.09826418646146
29.945635907532736,-90.09826025110026
29.945627883729387,-90.09825631573963
29.94561985992583,-90.09825238037959
29.945610989103223,-90.09824802959082
29.945602965299212,-90.09824409423202
29.94559494149498,-90.0982401588738
29.94558691769054,-90.09823622351617
29.945578046866952,-90.09823187273007
29.945570023062054,-90.09822793737366
29.94556199925693,-90.09822400201786
29.945553128432593,-90.09821965123376
29.94554510462702,-90.09821571587918
29.945537080821232,-90.09821178052519
29.945529057015232,-90.09820784517179
29.945520186189896,-90.09820349439035
29.94551216238346,-90.09819955903818
29.945503826663405,-90.09819547070575
29.945495802856513,-90.09819153535479
29.945486932030192,-90.09818718457603
29.945478908222842,-90.09818324922631
29.94547088441528,-90.09817931387714
29.945462860607503,-90.09817537852858
29.945453989780198,-90.09817102775249
29.945445965971967,-90.09816709240516
29.94543794216352,-90.09816315705842
29.94542907133545,-90.09815880628433
29.94542104752656,-90.09815487093881
29.945413023717435,-90.09815093559389
29.9454049999081,-90.09814700024957
29.945396129079054,-90.09814264947813
29.94538810526927,-90.09813871413505
29.945380081459263,-90.09813477879253
29.94537205764904,-90.0981308434506
29.945363186819005,-90.09812649268183
29.945354851094876,-90.09812240436077
29.945346827283984,-90.09811846902068
29.945337956453194,-90.09811411825395
29.945329932641847,-90.09811018291511
29.945321908830287,-90.09810624757684
29.945313885018493,-90.09810231223916
29.945305014186722,-90.09809796147509
29.945296990374487,-90.09809402613865
29.945288966562032,-90.0980900908028
29.945280942749367,-90.09808615546753
29.945272071916612,-90.09808180470613
29.945264048103486,-90.09807786937209
29.945256024290146,-90.09807393403864
29.945248000476596,-90.0980699987058
29.94523912964285,-90.09806564794702
29.945231105828835,-90.0980617126154
29.945223082014607,-90.09805777728437
29.945214211180122,-90.09805342652763
29.945205875451904,-90.09804933821789
29.945197851636998,-90.09804540288872
29.94518982782188,-90.09804146756011
29.945180956986405,-90.09803711680605
29.94517293317082,-90.09803318147867
29.945164909355036,-90.0980292461519
29.945156885539042,-90.09802531082569
29.94514801399088,-90.0980209615157
29.945139974905164,-90.09801706902762
29.945131935819237,-90.0980131765401
29.945123046413254,-90.09800887233244
29.94511500732689,-90.09800497984617
29.945106968240296,-90.09800108736046
29.945098078833592,-90.0979967831548
29.94509003974656,-90.09799289067033
29.94508200065932,-90.09798899818644
29.94507311125187,-90.09798469398277
29.94506507216418,-90.0979808015001
29.945057033076285,-90.09797690901803
29.94504814366811,-90.09797260481635
29.945040104579775,-90.0979687123355
29.945032065491215,-90.09796481985522
29.94502317608231,-90.09796051565554
29.945015136993312,-90.0979566231765
29.945007097904107,-90.09795273069805
29.94499905881468,-90.09794883822018
29.944990169404807,-90.09794453402313
29.944982130314944,-90.09794064154649
29.94497378209291,-90.09793659939069
29.9449648926823,-90.09793229519569
29.944956853591776,-90.09792840272087
29.94494881450104,-90.09792451024663
29.9449399250897,-90.09792020605362
29.944931885998514,-90.09791631358058
29.944923846907123,-90.09791242110816
29.94491495749505,-90.09790811691714
29.94490691840321,-90.09790422444594
29.944898879311165,-90.09790033197532
29.94488998989836,-90.0978960277863
29.944881950805865,-90.09789213531691
29.944873911713156,-90.09788824284809
29.94486502229962,-90.09788393866107
29.944856983206478,-90.09788004619348
29.944848944113115,-90.09787615372647
29.94484005469884,-90.09787184954145
29.944832015605048,-90.09786795707568
29.944823976511017,-90.09786406461048
29.944815087096025,-90.09785976042744
29.944807048001557,-90.09785586796347
29.944799008906884,-90.09785197550008
29.944790119491152,-90.09784767131906
29.94478208039603,-90.09784377885688
29.944774041300704,-90.0978398863953
29.944766002205167,-90.09783599393432
29.94475711278847,-90.09783168975592
29.94474907369248,-90.09782779729616
29.94474103459628,-90.09782390483697
29.944732145178854,-90.09781960066057
29.944724106082216,-90.09781570820262
29.94471606698536,-90.09781181574523
29.944707177567206,-90.09780751157084
29.9446991384699,-90.09780361911467
29.944690790240283,-90.09779957698025
29.94468190082139,-90.09779527280789
29.944673861723423,-90.09779138035356
29.944665822625257,-90.09778748789982
29.94465693320563,-90.09778318372945
29.94464889410701,-90.09777929127694
29.94464085500819,-90.09777539882501
29.94463196558782,-90.09777109465661
29.944623926488568,-90.09776720220592
29.94461588738908,-90.09776330975579
29.944606997967988,-90.09775900558941
29.94459895886806,-90.09775511314051
29.94459091976792,-90.0977512206922
29.944582030346094,-90.09774691652781
29.944573991245512,-90.09774302408073
29.94456595214472,-90.09773913163423
29.944557062722172,-90.09773482747184
29.944549023620922,-90.09773093502655
29.94454098451948,-90.09772704258187
29.944532945417812,-90.09772315013775
29.944524055994297,-90.097718845978
29.944516016892187,-90.0977149535351
29.944507977789875,-90.09771106109281
29.944499088365617,-90.09770675693505
29.944491049262854,-90.09770286449398
29.944483010159885,-90.09769897205348
29.944474120734906,-90.09769466789771
29.944466081631482,-90.09769077545845
29.944458042527852,-90.09768688301976
29.944449153102138,-90.097682578866
29.944441113998067,-90.09767868642854
29.944433074893773,-90.09767479399167
29.944424185467344,-90.0976704898399
29.944416146362606,-90.09766659740424
29.94440810725766,-90.09766270496918
29.94439890869821,-90.09765825114144
29.944390869592816,-90.09765435870762
29.94438283048721,-90.09765046627439
29.944373941059297,-90.09764616212664
29.944365901953258,-90.09764226969462
29.944357862846996,-90.09763837726321
29.944348973418347,-90.09763407311745
29.94434093431165,-90.09763018068725
29.944332895204735,-90.09762628825763
29.944324005775353,-90.09762198411387
29.944315966667997,-90.09761809168549
29.944307927560423,-90.09761419925768
29.944299888452644,-90.09761030683045
29.944290999000806,-90.09760600275048
29.94428295903273,-90.09760211277053
29.944274919064455,-90.09759822279116
29.944266028586398,-90.09759392131028
29.944257988617665,-90.09759003133212
29.944249948648736,-90.09758614135457
29.94424105816995,-90.09758183987567
29.94423301820056,-90.09757794989933
29.94422497823097,-90.09757405992357
29.944216087751453,-90.09756975844668
29.944208047781423,-90.09756586847216
29.94420000781117,-90.0975619784982
29.944191117330924,-90.0975576770233
29.94418307736024,-90.09755378705059
29.944175037389332,-90.09754989707844
29.944166146908344,-90.09754559560554
29.94415810693701,-90.09754170563463
29.944150066965445,-90.0975378156643
29.94414117648374,-90.09753351419339
29.944133136511738,-90.09752962422428
29.944124787566423,-90.09752558476575
29.94411589708397,-90.09752128329687
29.94410785711131,-90.09751739332958
29.944099817138433,-90.09751350336289
29.944090926655264,-90.097509201896
29.944082886681947,-90.09750531193053
29.944074846708425,-90.09750142196565
29.94406595622451,-90.09749712050075
29.944057916250536,-90.0974932305371
29.944049876276356,-90.09748934057401
29.944040985791723,-90.09748503911112
29.94403294581709,-90.09748114914927
29.944024905842248,-90.097477259188
29.94401601535689,-90.0974729577271
29.944007975381606,-90.09746906776707
29.9439999354061,-90.09746517780759
29.94399104492001,-90.09746087634869
29.94398300494407,-90.09745698639045
29.94397496496792,-90.0974530964328
29.943966074481093,-90.09744879497589
29.943958034504494,-90.09744490501946
29.9439499945277,-90.09744101506362
29.943941104040135,-90.09743671360872
29.943933064062886,-90.09743282365409
29.94392502408543,-90.09742893370004
29.943916133597142,-90.09742463224714
29.943908093619235,-90.09742074229432
29.94390005364112,-90.09741685234208
29.943891163152106,-90.09741255089116
29.94388312317354,-90.09740866094016
29.943875083194765,-90.09740477098973
29.943866192705027,-90.09740046954083
29.943858152725806,-90.09739657959162
29.94384980377312,-90.09739254015382
29.94384091328263,-90.09738823870693
29.943832873302767,-90.09738434875956
29.94382483332268,-90.09738045881276
29.94381594283146,-90.09737615736786
29.94380790285093,-90.0973722674223
29.94379986287019,-90.09736837747734
29.94379097237825,-90.09736407603444
29.943782932397053,-90.09736018609067
29.94377489241566,-90.0973562961475
29.943766001922985,-90.0973519947066
29.943757961941145,-90.09734810476465
29.943749921959093,-90.0973442148233
29.943741031465684,-90.09733991338437
29.943732991483184,-90.09733602344424
29.94372495150048,-90.0973321335047
29.94371606100635,-90.09732783206776
29.943708021023195,-90.09732394212944
29.943699981039824,-90.09732005219169
29.94369109054497,-90.09731575075678
29.943683050561155,-90.09731186082026
29.943675010577127,-90.09730797088432
29.943666120081538,-90.09730366945138
29.94365808009708,-90.09729977951667
29.9436500401124,-90.09729588958254
29.943641149616074,-90.09729158815162
29.943633109630955,-90.09728769821871
29.943625069645627,-90.09728380828638
29.943616179148563,-90.09727950685745
29.94360813916279,-90.09727561692635
29.943600099176813,-90.09727172699584
29.943591208679024,-90.0972674255689
29.94358316869259,-90.09726353563961
29.943574819732543,-90.09725949622253
29.943565929234026,-90.09725519479763
29.943557889246932,-90.09725130487017
29.943549849259632,-90.0972474149433
29.943540958760376,-90.09724311352039
29.943532918772636,-90.09723922359473
29.94352487878468,-90.09723533366966
29.943515988284688,-90.09723103224874
29.943507948296297,-90.09722714232491
29.943499908307686,-90.09722325240163
29.94349101807475,-90.09721895025564
29.943482978321196,-90.09721505966328
29.943474938567423,-90.09721116907153
29.943466048352736,-90.09720686692613
29.94345800859852,-90.0972029763356
29.943449968844092,-90.09719908574564
29.943441929089456,-90.09719519515627
29.943433038873817,-90.09719089301352
29.943424999118733,-90.09718700242539
29.94341695936344,-90.09718311183782
29.94340806914706,-90.09717880969707
29.94340002939133,-90.09717491911073
29.943391989635376,-90.09717102852495
29.943383099418273,-90.0971667263862
29.943375059661875,-90.09716283580168
29.94336701990528,-90.09715894521774
29.943358129687446,-90.09715464308097
29.943350089930384,-90.09715075249825
29.94334205017314,-90.09714686191612
29.943333159954566,-90.09714255978136
29.943325120196864,-90.09713866920043
29.943317080438952,-90.0971347786201
29.943308190219646,-90.09713047648734
29.943299841444073,-90.09712643636942
29.943291801685497,-90.09712254579092
29.94328291146547,-90.09711824366018
29.943274871706443,-90.0971143530829
29.94326683194722,-90.09711046250621
29.94325794172645,-90.09710616037746
29.943249901966777,-90.097102269802
29.943241862206893,-90.0970983792271
29.943232971985392,-90.09709407710037
29.943224932225057,-90.0970901865267
29.943216892464523,-90.09708629595363
29.9432080022423,-90.09708199382887
29.94319996248131,-90.09707810325702
29.943191922720118,-90.09707421268575
29.943183032497156,-90.097069910563
29.94317499273551,-90.09706601999295
29.94316695297366,-90.09706212942348
29.943158062749973,-90.09705782730272
29.943150022987677,-90.09705393673448
29.943141983225164,-90.09705004616683
29.943133093000753,-90.09704574404807
29.9431250532378,-90.09704185348164
29.943117013474634,-90.09703796291579
29.943108123249484,-90.09703366079903
29.943100083485877,-90.09702977023441
29.94309204372206,-90.09702587967037
29.943083153496186,-90.0970215775556
29.943075113731926,-90.09701768699279
29.94306707396745,-90.09701379643055
29.943058183740835,-90.09700949431777
29.943050143975913,-90.09700560375677
29.943042104210786,-90.09700171319633
29.943033213983455,-90.09699741108557
29.943024865200496,-90.0969933709884
29.943016825434714,-90.0969894804298
29.943007935206637,-90.09698517832105
29.942999895440398,-90.09698128776368
29.942991855673952,-90.0969773972069
29.942982965445154,-90.09697309510014
29.942974925678257,-90.09696920454458
29.942966885911158,-90.0969653139896
29.942957995681613,-90.09696101188484
29.942949955914077,-90.09695712133109
29.942941916146317,-90.09695323077793
29.942933025916044,-90.09694892867516
29.942924986147847,-90.09694503812321
29.94291694637943,-90.09694114757185
29.94290805614843,-90.09693684547108
29.942900016379575,-90.09693295492094
29.942891976610504,-90.0969290643714
29.942883936841223,-90.09692517382243
29.94287504660927,-90.0969208717243
29.942867006839542,-90.09691698117655
29.942858967069608,-90.09691309062939
29.942850076836912,-90.09690878853326
29.942842037066534,-90.09690489798732
29.94283399729595,-90.09690100744197
29.94282510706252,-90.09689670534783
29.942817067291486,-90.0968928148037
29.942809027520248,-90.09688892426014
29.942800137286085,-90.096884622168
29.942792097514392,-90.09688073162569
29.942784057742497,-90.09687684108395
29.94277516750761,-90.0968725389938
29.942767127735262,-90.09686864845328
29.942759087962713,-90.09686475791335
29.942749888709578,-90.09686030628806
29.94274184893657,-90.09685641574937
29.942733809163354,-90.09685252521128
29.942724918927,-90.09684822312515
29.942716879153338,-90.09684433258828
29.942708839379463,-90.096840442052
29.94269994914238,-90.09683613996785
29.94269190936807,-90.0968322494328
29.942683869593534,-90.0968283588983
29.942674979355726,-90.09682405681617
29.942666939580747,-90.09682016628291
29.942658899805576,-90.09681627575023
29.94265000956703,-90.0968119736701
29.942641969791392,-90.09680808313865
29.94263393001556,-90.09680419260778
29.942625039776285,-90.09679989052964
29.942616999999995,-90.096796
29.94260888594543,-90.09679233642017
29.94259990464282,-90.09678828126957
29.942592084605856,-90.09678475044304
29.9425839705507,-90.09678108686491
29.94257498924744,-90.09677703171621
29.94256687519189,-90.09677336813927
29.94255818790622,-90.0967694457439
29.94255007385028,-90.09676578216812
29.942541959794152,-90.09676211859288
29.942532978489805,-90.09675806344738
29.94252486443328,-90.09675439987332
29.942517044394613,-90.09675086905175
29.94250806308963,-90.09674681390815
29.942499949032527,-90.09674315033581
29.9424909677271,-90.09673909519351
29.942483147687668,-90.09673556437419
29.94247503363,-90.09673190080356
29.94246605232391,-90.09672784566315
29.942457938265843,-90.09672418209371
29.94244982420759,-90.09672051852482
29.942441136918934,-90.09671659613805
29.942433022860293,-90.09671293257031
29.94242404155313,-90.09670887743312
29.942415927494086,-90.09670521386656
29.94240781343485,-90.09670155030057
29.94239912614514,-90.09669762791688
29.94239101208552,-90.09669396435204
29.94238289802571,-90.09669030078776
29.94237391671725,-90.09668624565437
29.94236609667516,-90.09668271484279
29.94235711536627,-90.09667865971068
29.942349001305676,-90.09667499614874
29.942340887244892,-90.09667133258733
29.942331905935347,-90.09666727745714
29.94232408589231,-90.09666374664833
29.94231597183095,-90.09666008308866
29.942306990520766,-90.09665602796038
29.942298876459013,-90.09665236440188
29.942290189166528,-90.0966484420262
29.942282075104384,-90.09664477846886
29.94227396104206,-90.09664111491206
29.942264979730783,-90.09663705978697
29.94225686566806,-90.09663339623137
29.94224904562331,-90.09662986542752
29.94224006431139,-90.09662581030433
29.942231950248082,-90.09662214675043
29.942222968935727,-90.09661809162853
29.942215148890213,-90.09661456082694
29.94220703482633,-90.09661089727476
29.94219805351333,-90.09660684215476
29.942189939449054,-90.09660317860376
29.94218182538458,-90.0965995150533
29.94217313808913,-90.09659559268623
29.94216502402428,-90.09659192913693
29.942156042710188,-90.09658787402014
29.94214792864494,-90.09658421047203
29.942139814579505,-90.09658054692449
29.94213112728298,-90.09657662456048
29.942123013217156,-90.09657296101409
29.942114899151136,-90.09656929746826
29.94210591783576,-90.09656524235528
29.942098097787586,-90.09656171156142
29.94208911647177,-90.0965576564497
29.94208100240497,-90.09655399290621
29.942072888337968,-90.09655032936325
29.942063907021517,-90.09654627425348
29.942056086972382,-90.09654274346241
29.942047972904817,-90.09653907992117
29.94203899158771,-90.09653502481326
29.942030877519745,-90.09653136127322
29.942022190220467,-90.09652743891724
29.942014076152116,-90.09652377537834
29.94200596208357,-90.09652011184001
29.941996980765378,-90.0965160567353
29.941988866696445,-90.09651239319815
29.941981046645598,-90.09650886241204
29.941972065326766,-90.09650480730923
29.941963951257254,-90.09650114377379
29.941954969937978,-90.0964970886723
29.94194714988637,-90.09649355788842
29.94193903581628,-90.09648989435469
29.941930054496353,-90.0964858392551
29.941921940425875,-90.09648217572254
29.9419138263552,-90.09647851219054
29.941905139052942,-90.09647458984315
29.941897024981884,-90.0964709263123
29.941888043660878,-90.09646687121591
29.941879929589415,-90.09646320768624
29.941872109536103,-90.09645967690734
29.94186312821445,-90.09645562181284
29.941855014142416,-90.09645195828489
29.941846900070193,-90.09644829475751
29.941837918747893,-90.09644423966492
29.94183009869363,-90.09644070888879
29.941821117370885,-90.09643665379748
29.94181300329788,-90.09643299027242
29.941804889224684,-90.09642932674794
29.941795907901287,-90.09642527165853
29.941788087846078,-90.0964217408852
29.941779973772306,-90.09641807736242
29.94177099244827,-90.09641402227493
29.941762878374107,-90.09641035875332
29.94175419106802,-90.09640643641701
29.941746076993454,-90.09640277289655
29.94173796291872,-90.09639910937669
29.941728981593588,-90.09639505429237
29.94172086751845,-90.09639139077368
29.94171304746153,-90.0963878600053
29.94170406613577,-90.0963838049229
29.941695952060048,-90.09638014140589
29.94168697073385,-90.09637608632478
29.94167915067615,-90.09637255555866
29.94167103659985,-90.09636889204337
29.94166205527301,-90.09636483696417
29.941653942288863,-90.09636117459519
29.941645804257746,-90.09635759218477
29.941637081806103,-90.0963537525096
29.94162894377461,-90.09635017010031
29.941619932766834,-90.09634620340246
29.9416120832907,-90.0963427480182
29.941603945258656,-90.0963391656106
29.941594934250254,-90.09633519891462
29.94158708477358,-90.09633174353199
29.941578073764767,-90.09632777683726
29.941569935731977,-90.09632419443196
29.941560924722744,-90.09632022773853
29.941553075245317,-90.0963167723581
29.94154493721197,-90.09631318995449
29.941535926202125,-90.0963092232629
29.941528076724158,-90.0963057678841
29.941519065713894,-90.09630180119379
29.94151104666222,-90.0962988258497
29.94150209839226,-90.09629563278554
29.94149406285455,-90.09629276541754
29.941485114584307,-90.09628957235444
29.941477079046347,-90.09628670498738
29.94146813077582,-90.09628351192531
29.941460095237613,-90.09628064455919
29.94145114696681,-90.09627745149817
29.941442866868762,-90.09627449686546
29.94143391859769,-90.09627130380548
29.941425883058958,-90.09626843644124
29.9414169347876,-90.09626524338232
29.94140889924863,-90.09626237601903
29.941399950976987,-90.09625918296113
29.94139191543777,-90.09625631559878
29.941382967165843,-90.09625312254194
29.94137493162637,-90.09625025518051
29.941365983354167,-90.0962470621247
29.941357035081815,-90.09624386906945
29.94134899954196,-90.09624100170946
29.941340051269332,-90.09623780865525
29.941332015729223,-90.0962349412962
29.9413230365008,-90.09623365416257
29.941313960062963,-90.09623237839511
29.941304987625482,-90.09623111724598
29.94129601518798,-90.09622985609705
29.94128595336817,-90.0962284418269
29.941276980930617,-90.09622718067847
29.941268008493036,-90.09622591953027
29.941259036055428,-90.09622465838228
29.941249959617426,-90.09622338261644
29.941240987179786,-90.09622212146893
29.9412320147421,-90.09622086032162
29.941223042304422,-90.09621959917455
29.941213965866304,-90.09621832340963
29.941204993428563,-90.09621706226301
29.941196020990795,-90.09621580111661
29.94118595917068,-90.09621438684927
29.941176986732856,-90.09621312570336
29.941168014295016,-90.09621186455767
29.941159041857155,-90.0962106034122
29.94114996541888,-90.09620932764892
29.94114101662835,-90.09620850102472
29.941132029919586,-90.09620810218811
29.941123009935023,-90.09620770187477
29.94111402322625,-90.09620730303833
29.941106001764886,-90.09620694704029
29.941097015056105,-90.09620654820397
29.941088028347334,-90.09620614936772
29.941079008362752,-90.09620574905475
29.941070021653967,-90.09620535021865
29.941061034945186,-90.09620495138262
29.941052014960597,-90.09620455106986
29.94104302825181,-90.09620415223397
29.941034008267223,-90.09620375192135
29.941025021558424,-90.09620335308561
29.94101703337282,-90.09620299856502
29.94100801338823,-90.0962025982526
29.940999026679435,-90.09620219941708
29.940990039970625,-90.09620180058161
29.940981019986026,-90.09620140026942
29.940972033277216,-90.09620100143411
29.940963013292613,-90.09620060112206
29.940954026583796,-90.09620020228688
29.940946005122388,-90.09619984628999
29.940937018413564,-90.09619944745496
29.940928031704743,-90.09619904862
29.940919011720123,-90.09619864830832
29.940910025011295,-90.09619824947349
29.940901005026678,-90.09619784916194
29.94089201831785,-90.09619745032727
29.940882998333226,-90.09619705001586
29.940875010147586,-90.09619669549627
29.94086602343875,-90.0961962966618
29.940857003454113,-90.09619589635061
29.940848016745274,-90.09619549751629
29.940838996760636,-90.09619509720524
29.940829996747368,-90.09619490480105
29.940821010717304,-90.09619531367731
29.94081199057361,-90.09619572410574
29.94080300454355,-90.09619613298187
29.94079398439985,-90.09619654341013
29.940784998369775,-90.09619695228612
29.940776012339697,-90.09619736116201
29.940766992195993,-90.09619777159006
29.940758006165915,-90.09619818046582
29.9407489860222,-90.0961985908937
29.940739999992118,-90.09619899976933
29.940730015514244,-90.09619945407546
29.940720995370526,-90.09619986450313
29.94071200934043,-90.09620027337851
29.940702989196705,-90.09620068380603
29.940694003166616,-90.09620109268126
29.940684983022887,-90.09620150310862
29.94067599699278,-90.09620191198371
29.94066701096267,-90.09620232085872
29.940657990818934,-90.09620273128587
29.940649004788824,-90.09620314016072
29.940639984645077,-90.09620355058772
29.940630998614967,-90.09620395946244
29.94062201258485,-90.09620436833708
29.940612992441103,-90.09620477876385
29.940603007963187,-90.09620523306883
29.940593987819433,-90.09620564349547
29.9405850017893,-90.0962060523698
29.940576015759174,-90.09620646124405
29.940566995615413,-90.09620687167045
29.94055800958527,-90.09620728054456
29.940548989441503,-90.0962076909708
29.94054000341136,-90.09620809984477
29.940531000872447,-90.09620816382363
29.940523001174586,-90.09620822055909
29.9405140015145,-90.09620828438648
29.940506001816647,-90.09620834112192
29.940496996831246,-90.09620840498705
29.940487997171154,-90.09620846881441
29.940479987668624,-90.09620880637145
29.94047196730373,-90.09620948659988
29.940463015654775,-90.09621024581284
29.940454995289866,-90.09621092604104
29.940446974924953,-90.09621160626912
29.94043901790365,-90.09621228112476
29.940430023977672,-90.09621321911898
29.94042204183917,-90.0962143823455
29.940413951990617,-90.09621556126828
29.940405969852065,-90.09621672449444
29.94039798771351,-90.09621788772039
29.940390024502424,-90.09621917464075
29.940380006516897,-90.09622104644909
29.94037012524915,-90.09622289271203
29.94036108171851,-90.09622458244787
29.94035106373284,-90.09622645425513
29.940341045747104,-90.09622832606202
29.94033019002415,-90.09623035439517
29.9403201720383,-90.09623222620128
29.94031001733457,-90.096234123552
29.94029999934863,-90.09623599535735
29.940289981362632,-90.09623786716233
29.94028200467905,-90.09624002119732
29.94027387029617,-90.0962424124074
29.940265943200302,-90.09624474268234
29.94025801610434,-90.09624707295693
29.94024985782861,-90.09624948988402
29.94024210264347,-90.09625236828838
29.940234094881536,-90.09625534043833
29.940226993373507,-90.09625797622391
29.940218985611345,-90.096260948373
29.940211230425717,-90.09626382677567
29.940202970086645,-90.09626689266979
29.940194056070023,-90.09627020118123
29.940186048307332,-90.09627317332844
29.94017804054452,-90.0962761454752
29.940170032781584,-90.09627911762149
29.940160957438614,-90.09628287597474
29.940152855405366,-90.09628657864653
29.94014388894001,-90.09629067636757
29.94013578690636,-90.0962943790382
29.94012711708513,-90.09629834118991
29.940119015051085,-90.09630204385935
29.940110913016845,-90.09630574652823
29.94010194655038,-90.09630984424606
29.94009384451574,-90.09631354691378
29.94008487804884,-90.09631764463029
29.940076776013793,-90.09632134729681
29.940068106191035,-90.09632530944414
29.94006005393971,-90.09632913505652
29.940051808522043,-90.09633352056937
29.940043892515803,-90.0963377308765
29.94003597650931,-90.09634194118303
29.940028060502588,-90.09634615148894
29.940020144495605,-90.09635036179424
29.940011899076666,-90.09635474730386
29.94000299236716,-90.09635998272566
29.93999488978767,-90.09636475057185
29.93998678720788,-90.09636951841733
29.939977890980785,-90.09637475327204
29.93997013908122,-90.0963793147631
29.93996124285342,-90.09638454961625
29.939953140272355,-90.09638931745884
29.93994492864177,-90.0963938267308
29.93993705885492,-90.09639814290915
29.939928037368027,-90.09640309073556
29.93992016758063,-90.09640740691258
29.9399119618402,-90.0964119073419
29.939904092052267,-90.09641622351766
29.939895886311312,-90.09642072394564
29.939888016522858,-90.09642504012014
29.939878995034142,-90.09642998794212
29.939871125245137,-90.09643430411528
29.939862919503067,-90.09643880454055
29.93985504971354,-90.09644312071245
29.939846843970944,-90.0964476211364
29.939838974180887,-90.09645193730704
29.93982995269036,-90.09645688512458
29.939822082899738,-90.09646120129389
29.939813877156034,-90.09646570171513
29.939806007364904,-90.09647001788316
29.939797801620667,-90.09647451830308
29.93978903342268,-90.09647908745737
29.93977989916541,-90.09648373614537
29.93976992773191,-90.09648881089555
29.939760793474026,-90.09649345958191
29.9397528163267,-90.09649751938068
29.93974483917915,-90.09650157917885
29.939736862031378,-90.09650563897642
29.939728884883365,-90.0965096987734
29.93972090773513,-90.0965137585698
29.93971293058666,-90.09651781836557
29.939705790614127,-90.09652145209832
29.939696959158045,-90.0965248573903
29.939688972356176,-90.09652790347482
29.939680084024722,-90.09653129339289
29.939671839033764,-90.09653443794696
29.939662950701994,-90.09653782786393
29.939654963899553,-90.09654087394645
29.939646075567467,-90.09654426386231
29.939638088764745,-90.09654730994387
29.939628942243516,-90.09655079832909
29.939620955440517,-90.09655384440966
29.939612067107788,-90.09655723432331
29.93960408030451,-90.09656028040288
29.939594933782637,-90.09656376878583
29.93958694697907,-90.0965668148644
29.939578058645708,-90.09657020477587
29.939570071841846,-90.09657325085347
29.939560925319338,-90.09657673923414
29.939552938515206,-90.09657978531074
29.93954405312131,-90.09658318489447
29.93953490906506,-90.09658668349103
29.939526023860232,-90.09659008304813
29.939518039616377,-90.09659313788912
29.939508895559644,-90.09659663648395
29.93950001035432,-90.09660003603935
29.939492123644456,-90.0966022363493
29.939483044554844,-90.09660344551409
29.939475051014316,-90.09660451010389
29.939466958780585,-90.09660558783759
29.9394579783841,-90.0966067838577
29.939449886150342,-90.09660786159104
29.93944090575382,-90.09660905761075
29.939431925357276,-90.09661025363023
29.939422944960715,-90.0966114496495
29.939413964564125,-90.09661264566856
29.939404984167524,-90.09661384168741
29.939396003770895,-90.09661503770604
29.93938702337425,-90.09661623372446
29.93937804297758,-90.09661742974265
29.93936906258088,-90.09661862576064
29.939359980830062,-90.09661950894801
29.93935099905882,-90.09661997589093
29.93934201728757,-90.09662044283377
29.93933299655688,-90.09662091180195
29.939324014785623,-90.09662137874462
29.93931599202951,-90.09662179583012
29.939307010258258,-90.09662226277263
29.939297989527546,-90.09662273174047
29.93928900775628,-90.0966231986828
29.939279987025568,-90.09662366765049
29.939271005254295,-90.09662413459266
29.939261984523576,-90.09662460356016
29.9392530027523,-90.09662507050217
29.939244020981015,-90.09662553744408
29.939235998224877,-90.0966259545289
29.939227016453586,-90.09662642147067
29.939217995722856,-90.09662689043776
29.939209013951558,-90.09662735737935
29.93920000049698,-90.09662779836049
29.9391910005698,-90.09662776882021
29.939182000642603,-90.09662773927997
29.93917300071541,-90.0966277097397
29.93916400078822,-90.09662768019946
29.939155000861028,-90.09662765065922
29.93914600093384,-90.09662762111897
29.939137001006646,-90.09662759157875
29.939128001079457,-90.09662756203852
29.939119001152267,-90.09662753249829
29.939110001225067,-90.09662750295807
29.939101008618735,-90.09662685583083
29.93909199175114,-90.0966261379822
29.939082974883544,-90.09662542013368
29.939073958015943,-90.0966247022853
29.93906500064721,-90.09662398917384
29.939055983779593,-90.09662327132571
29.939046966911963,-90.09662255347772
29.939037950044334,-90.09662183562985
29.939028992675574,-90.09662112251891
29.93901997580792,-90.0966204046713
29.939010958940262,-90.09661968682381
29.9390029373358,-90.09661904821097
29.938993979967,-90.09661833510053
29.938984963099326,-90.09661761725343
29.938976941494836,-90.09661697864091
29.938967984126016,-90.09661626553084
29.938959962521526,-90.09661562691855
29.93895093322554,-90.09661441577619
29.938942076826773,-90.0966125216324
29.93893403195146,-90.0966108010518
29.93892502028388,-90.09660887370089
29.938916975408493,-90.09660715312087
29.938907963740803,-90.09660522577062
29.938900024745557,-90.09660374890358
29.938891042369605,-90.09660257007003
29.938883047225225,-90.09660152079945
29.938874954789135,-90.09660045876063
29.93886695964472,-90.0965994094904
29.938858964500284,-90.09659836022033
29.938849982124236,-90.09659718138775
29.938840999731344,-90.09659799727348
29.938831920057105,-90.09659918866778
29.938822937658028,-90.09660036729784
29.938812968022965,-90.09660167546835
29.938803985623853,-90.09660285409797
29.938795003224723,-90.09660403272737
29.93878503358958,-90.09660534089713
29.938776183196904,-90.09660649193158
29.938767827090043,-90.0966024795392
29.938758925928443,-90.09659820542606
29.93875087718045,-90.09659434062115
29.938742828432247,-90.0965904758168
29.93873392726994,-90.09658620170566
29.9387258785213,-90.09658233690253
29.938717829772454,-90.09657847209998
29.938708928609422,-90.09657419799082
29.938700879860132,-90.0965703331895
29.93869283111063,-90.09656646838876
29.938683929946887,-90.09656219428159
29.938675881196946,-90.09655832948206
29.938667832446804,-90.09655446468311
29.938658931282326,-90.09655019057794
29.938650882531746,-90.09654632578021
29.938642833780953,-90.09654246098306
29.938633932615765,-90.09653818687987
29.938625883864535,-90.09653432208395
29.93861698269885,-90.09653004798209
29.93860893394718,-90.0965261831874
29.9386008851953,-90.09652231839327
29.938591984028903,-90.0965180442934
29.938583935276583,-90.09651417950049
29.938575886524063,-90.09651031470817
29.938566985356932,-90.0965060406103
29.93855893660398,-90.0965021758192
29.93855088785081,-90.09649831102867
29.93854198668296,-90.0964940369328
29.93853393792935,-90.09649017214349
29.93852588917553,-90.09648630735475
29.93851698800697,-90.09648203326086
29.938508939252714,-90.09647816847335
29.938500890498243,-90.09647430368643
29.938491989328952,-90.0964700295945
29.938483940574052,-90.09646616480882
29.93847503940427,-90.09646189071825
29.938466990648937,-90.09645802593377
29.93845894189338,-90.09645416114985
29.938450040722884,-90.09644988706128
29.938441991966897,-90.09644602227858
29.9384339432107,-90.09644215749648
29.93842504203948,-90.0964378834099
29.93841699328285,-90.09643401862903
29.938408944526,-90.09643015384871
29.93840004335406,-90.09642587976411
29.938391994596778,-90.09642201498502
29.938383945839288,-90.09641815020652
29.938375044666625,-90.0964138761239
29.938366995908694,-90.09641001134662
29.938358947150554,-90.09640614656992
29.938350045977167,-90.0964018724893
29.938341997218597,-90.0963980077138
29.938333096044722,-90.09639373363453
29.938325047285716,-90.09638986886027
29.93831699852648,-90.09638600408657
29.93830809735189,-90.09638173000928
29.938300048592232,-90.09637786523682
29.938291999832362,-90.09637400046493
29.938283098657042,-90.09636972638964
29.93827504989673,-90.09636586161896
29.93826700113622,-90.09636199684887
29.93825809996018,-90.09635772277556
29.93825005119923,-90.0963538580067
29.938242002438063,-90.0963499932384
29.93823317374823,-90.09634554211183
29.938224868875743,-90.09634134555887
29.93821688240679,-90.0963373098998
29.938208895937596,-90.09633327424133
29.938200070361358,-90.09632881457284
29.9381920838917,-90.09632477891563
29.93818409742181,-90.096320743259
29.9381757925479,-90.09631654670986
29.93816696697063,-90.0963120870441
29.938158980500024,-90.09630805138936
29.938150994029193,-90.0963040157352
29.938143007558136,-90.09629998008162
29.938134181979827,-90.09629552041858
29.938125877104476,-90.09629132387332
29.93811789063271,-90.09628728822163
29.93810990416072,-90.09628325257053
29.938101078581365,-90.0962787929102
29.93809309210889,-90.09627475726037
29.938085105636194,-90.09627072161113
29.93807680075942,-90.09626652506968
29.93806797517903,-90.09626206541209
29.938059988705625,-90.09625802976471
29.93805200223198,-90.09625399411793
29.938044015758116,-90.09624995847176
29.938035190176684,-90.09624549881686
29.938026885298473,-90.0962413022793
29.938018898823895,-90.096237266635
29.938010912349096,-90.09623323099129
29.93800292587407,-90.09622919534817
29.937994100291345,-90.09622473569665
29.937986113815846,-90.09622070005479
29.937977808936207,-90.09621650352106
29.93796982246024,-90.0962124678804
29.93796099687647,-90.0962080082316
29.937953010400026,-90.09620397259222
29.937945023923362,-90.09619993695343
29.93793703744647,-90.09619590131523
29.93792789345773,-90.09619128077682
29.93791990698034,-90.09618724513989
29.93791192050275,-90.09618320950356
29.937903934024916,-90.09617917386784
29.937895108439065,-90.09617471422446
29.937887121960753,-90.09617067858998
29.937879135482213,-90.0961666429561
29.93787083059949,-90.0961624464307
29.937862005012594,-90.09615798679005
29.937854018533347,-90.09615395115803
29.937846032053873,-90.09614991552662
29.93783804557418,-90.09614587989581
29.937829219986245,-90.09614142025785
29.93782091510206,-90.09613722373632
29.937812928621653,-90.09613318810739
29.93780494214102,-90.09612915247904
29.937796116552043,-90.09612469284382
29.937788130070928,-90.09612065721673
29.937780143589595,-90.09611662159023
29.93777183870399,-90.0961124250725
29.937763013113972,-90.09610796544
29.937755026631923,-90.09610392981538
29.937747040149656,-90.09609989419135
29.937739053667144,-90.09609585856792
29.937730228076088,-90.09609139893811
29.93772192318904,-90.0960872024243
29.937713936705826,-90.09608316680274
29.937705950222394,-90.09607913118178
29.937697124630287,-90.09607467155469
29.937689138146368,-90.09607063593498
29.93768115166223,-90.09606660031588
29.93767284677377,-90.09606240380587
29.93766486028916,-90.09605836818797
29.937656034695763,-90.09605390856427
29.93764804821069,-90.09604987294763
29.937640061725382,-90.09604583733159
29.93763207523984,-90.09604180171614
29.93762293124128,-90.0960371812038
29.93761494475527,-90.09603314558962
29.93760695826903,-90.09602910997604
29.937598971782556,-90.09602507436306
29.937590146187073,-90.09602061474477
29.93758215970013,-90.09601657913306
29.9375738548088,-90.09601238263075
29.937565868321393,-90.09600834702024
29.937557042724873,-90.09600388740468
29.937549056236982,-90.09599985179543
29.937541069748868,-90.09599581618676
29.937533083260526,-90.0959917805787
29.937523939258785,-90.09598716007483
29.937515952769967,-90.09598312446805
29.93750796628092,-90.09597908886184
29.93749997979165,-90.09597505325624
29.937491154193047,-90.09597059364611
29.937483167703288,-90.09596655804178
29.937474862809093,-90.09596236154718
29.937466876318886,-90.09595832594405
29.937458050719243,-90.09595386633664
29.93745006422855,-90.09594983073475
29.93744207773763,-90.09594579513349
29.93743409124649,-90.09594175953279
29.937424947241567,-90.0959371390374
29.937416960749935,-90.09593310343799
29.937408974258076,-90.09592906783918
29.937400987766008,-90.09592503224098
29.937392162164276,-90.09592057263897
29.937384175671717,-90.09591653704202
29.937375870774662,-90.09591234055513
29.937367884281645,-90.0959083049594
29.93735905867888,-90.09590384536011
29.937351072185376,-90.09589980976563
29.937343085691655,-90.09589577417172
29.937335099197714,-90.09589173857844
29.9373259551896,-90.09588711809151
29.93731796869517,-90.09588308249948
29.937309982200503,-90.09587904690805
29.937301995705628,-90.09587501131722
29.937294009210518,-90.095870975727
29.937285183605404,-90.0958665161338
29.937276878705486,-90.09586231965461
29.93726889220967,-90.09585828406625
29.937260905713618,-90.09585424847849
29.937252070539614,-90.09584979490597
29.93724397071523,-90.09584608514551
29.93723587089065,-90.09584237538562
29.937226907153832,-90.09583826995038
29.937219104460958,-90.0958346962796
29.9372101407237,-90.09583059084565
29.937202040898313,-90.0958268810881
29.93719394107274,-90.09582317133112
29.937184977334805,-90.09581906589911
29.937176877508815,-90.0958153561433
29.93716791377043,-90.09581125071261
29.937160111076196,-90.09580767704577
29.937152011249623,-90.0958039672917
29.937143047510574,-90.09579986186291
29.937134947683607,-90.09579615211004
29.9371259839441,-90.09579204668256
29.937117884116724,-90.09578833693088
29.937110081421313,-90.09578476326737
29.937101117681156,-90.09578065784181
29.93709301785318,-90.09577694809185
29.937084918025015,-90.09577323834246
29.937075954284193,-90.09576913291882
29.937067854455616,-90.09576542317062
29.937059187846533,-90.09576145383578
29.937051088017558,-90.09575774408874
29.937042988188402,-90.09575403434226
29.937034024446458,-90.09574992892185
29.937025924616893,-90.09574621917656
29.93701696087451,-90.09574211375747
29.937008861044543,-90.09573840401336
29.93700105834659,-90.09573483035715
29.936992094603543,-90.09573072493997
29.936983994772973,-90.09572701519758
29.936975031029473,-90.09572290978173
29.9369669311985,-90.09571920004053
29.936958831367342,-90.09571549029991
29.936950164755427,-90.09571152097315
29.93694206492386,-90.0957078112337
29.93693310117925,-90.09570370582105
29.936925001347277,-90.09569999608279
29.936916901515122,-90.09569628634507
29.936907937769853,-90.09569218093436
29.936900135069546,-90.09568860728488
29.936892035236802,-90.0956848975489
29.936883071490865,-90.0956807921401
29.9368749716577,-90.09567708240532
29.93686600791132,-90.09567297699783
29.936857908077755,-90.09566926726423
29.936849808244002,-90.09566555753119
29.936841141629245,-90.09566158821252
29.936833041795087,-90.09565787848065
29.936824078047586,-90.09565377307638
29.93681597821303,-90.09565006334569
29.936807878378282,-90.09564635361558
29.936798914630113,-90.09564224821324
29.93679111192727,-90.09563867457105
29.936782148178665,-90.09563456917002
29.936774048343107,-90.09563085944224
29.936765948507354,-90.09562714971504
29.936756984758084,-90.09562304431593
29.93674888492193,-90.09561933458991
29.93674108221793,-90.09561576095108
29.93673211846799,-90.09561165555388
29.936724018631242,-90.09560794582958
29.936715054880853,-90.0956038404337
29.936706955043707,-90.0956001307106
29.936698855206377,-90.09559642098806
29.936689891455305,-90.0955923155941
29.936682088749937,-90.09558874195922
29.936673124998435,-90.09558463656656
29.936665025160288,-90.09558092684637
29.93665692532195,-90.09557721712675
29.936647961569793,-90.09557311173603
29.936639861731038,-90.09556940201759
29.936631195110817,-90.0955654327145
29.93662309527167,-90.09556172299722
29.936614995432336,-90.09555801328051
29.93660603167906,-90.09555390789302
29.936597931839323,-90.09555019817749
29.936589831999385,-90.09554648846253
29.93658116537786,-90.09554251916315
29.936573065537523,-90.09553880944935
29.936564101783134,-90.09553470406509
29.936556001942392,-90.09553099435247
29.936547902101466,-90.09552728464044
29.93653893834641,-90.0955231792581
29.936530838505078,-90.09551946954724
29.936522171882018,-90.09551550025223
29.93651407204028,-90.09551179054255
29.936505972198354,-90.09550808083343
29.93649700844219,-90.0955039754543
29.93648890859986,-90.09550026574637
29.936479944843235,-90.09549616036857
29.936472142132967,-90.0954925867477
29.936464042290044,-90.09548887704149
29.93645507853276,-90.0954847716656
29.936446978689442,-90.09548106196057
29.936438878845923,-90.09547735225613
29.93642991508797,-90.09547324688216
29.936421815244042,-90.0954695371789
29.93641314861815,-90.09546556789196
29.93640504877382,-90.09546185818985
29.936396948929303,-90.09545814848832
29.93638798517025,-90.0954540431176
29.936379885325323,-90.09545033341723
29.93637092156582,-90.0954462280478
29.936363118853013,-90.09544265443422
29.936354820551905,-90.09543847367671
29.9363468319369,-90.09543444362457
29.93633800377248,-90.09542999004204
29.93633001515699,-90.09542595999115
29.936322026541266,-90.09542192994085
29.936314037925317,-90.09541789989115
29.93630520975988,-90.09541344631131
29.936296903087918,-90.09540925581216
29.936288914471255,-90.09540522576432
29.93628092585438,-90.0954011957171
29.936272097687894,-90.09539674213998
29.93626410907054,-90.095392712094
29.936256120452956,-90.09538868204862
29.936247813779573,-90.09538449155328
29.93623898561205,-90.0953800379789
29.93623099699376,-90.09537600793537
29.936223008375237,-90.09537197789246
29.936215019756496,-90.09536794785014
29.936206191587942,-90.09536349427843
29.93619788491311,-90.09535930378698
29.936189896293662,-90.09535527374652
29.936181907673987,-90.09535124370666
29.93617391905408,-90.09534721366741
29.93616509088423,-90.0953427600991
29.936157102263856,-90.09533873006109
29.936149113643246,-90.09533470002368
29.936140806966776,-90.09533050953665
29.936131978795885,-90.09532605597106
29.936123990174565,-90.09532202593552
29.93611600155303,-90.09531799590056
29.93610801293127,-90.09531396586621
29.93609918475934,-90.09530951230332
29.936090878081433,-90.09530532182018
29.93608288945896,-90.0953012917877
29.93607490083625,-90.0952972617558
29.936066072663287,-90.09529280819564
29.93605808404011,-90.095288778165
29.93605009541671,-90.09528474813497
29.93604184611529,-90.09528038744014
29.936033921992678,-90.09527619640137
29.936025997869823,-90.0952720053632
29.93601691911535,-90.09526720364572
29.936008994991965,-90.09526301260887
29.936001070868354,-90.09525882157263
29.93599281851252,-90.09525445693649
29.9359848943884,-90.0952502659015
29.935976143864476,-90.09524563778807
29.93596821973984,-90.09524144675434
29.935959967382985,-90.09523708212086
29.93595204325786,-90.09523289108839
29.935944119132497,-90.0952287000565
29.935935866774866,-90.09522433542496
29.93592711624927,-90.09521970731568
29.935919192123126,-90.09521551628572
29.93591093976474,-90.09521115165619
29.935903015638104,-90.09520696062746
29.935895091511227,-90.09520276959937
29.935886839152076,-90.09519840497175
29.9358780886248,-90.09519377686664
29.935870164497164,-90.09518958584046
29.935861912137216,-90.09518522121485
29.935853988009082,-90.09518103018989
29.935846063880703,-90.09517683916557
29.93583781152002,-90.09517247454191
29.93582906099105,-90.09516784644093
29.93582113686191,-90.0951636554185
29.935812884500432,-90.09515929079686
29.935804960370803,-90.09515509977568
29.935797036240917,-90.09515090875512
29.93578878387868,-90.09514654413539
29.935780033348053,-90.09514191603857
29.935772109217407,-90.09513772501992
29.935764185086516,-90.09513353400187
29.93575593272325,-90.09512916938479
29.93574800859186,-90.09512497836799
29.935740084460235,-90.0951207873518
29.935731005695793,-90.09511598565955
29.93572308156363,-90.09511179464467
29.93571515743124,-90.0951076036304
29.935706905066432,-90.09510323901723
29.935698980933548,-90.09509904800422
29.93569105680041,-90.09509485699179
29.935681978034257,-90.09509005530386
29.935674053900602,-90.09508586429274
29.9356661297667,-90.09508167328224
29.935657877400363,-90.09507730867304
29.93564995326597,-90.09507311766377
29.935642029131326,-90.09506892665512
29.935632950363456,-90.0950641249715
29.93562502622831,-90.09505993396417
29.9356171020929,-90.09505574295743
29.935608849725018,-90.09505137835217
29.93560092558912,-90.09504718734667
29.93559300145298,-90.0950429963418
29.93558507731659,-90.09503880533752
29.935576176116893,-90.09503451066918
29.935568125192997,-90.09503065215834
29.935558914421158,-90.095026237776
29.935550863496815,-90.09502237926641
29.935542812572265,-90.09501852075738
29.935533908764125,-90.09501425349374
29.935525857839142,-90.09501039498595
29.935517806913946,-90.09500653647873
29.93550890310508,-90.09500226921708
29.93550085217946,-90.09499841071107
29.935492801253623,-90.09499455220565
29.93548389744404,-90.09499028494598
29.935475847866915,-90.09498642799086
29.93546808721443,-90.09498275464261
29.935459166313777,-90.09497853211508
29.935451101394687,-90.09497471474977
29.935443036475387,-90.09497089738504
29.93543411557403,-90.09496667485946
29.935426050654304,-90.09496285749594
29.93541798573438,-90.094959040133
29.93540906483232,-90.0949548176094
29.935400999911966,-90.09495100024766
29.935392934991413,-90.0949471828865
29.935384870070642,-90.09494336552592
29.935375949167657,-90.09493914300494
29.935367884246467,-90.09493532564555
29.935359819325075,-90.09493150828675
29.935350898421387,-90.09492728576774
29.93534313776582,-90.09492361242803
29.935335072843788,-90.09491979507098
29.935326151939403,-90.09491557255393
29.93531808701695,-90.09491175519808
29.93531002209431,-90.09490793784283
29.93530110118921,-90.09490371532775
29.93529303626613,-90.0948998979737
29.93528497134285,-90.09489608062022
29.935276050437057,-90.09489185810709
29.93526798551334,-90.09488804075484
29.93525992058943,-90.09488422340316
29.935250999682932,-90.094880000892
29.935242934758595,-90.09487618354153
29.935234869834048,-90.09487236619164
29.935226804909302,-90.09486854884231
29.93521788400187,-90.09486432633375
29.935210123343005,-90.09486065300314
29.935202058417634,-90.09485683565558
29.9351931375095,-90.09485261314897
29.9351850725837,-90.09484879580263
29.935177007657703,-90.09484497845685
29.93516808674887,-90.09484075595222
29.935160021822426,-90.09483693860766
29.93515195689579,-90.09483312126366
29.93514303598626,-90.09482889876101
29.9351349710592,-90.09482508141824
29.935126906131927,-90.09482126407602
29.935117985221684,-90.09481704157534
29.935109920294,-90.09481322423436
29.935101855366092,-90.09480940689392
29.935092934455156,-90.09480518439521
29.93508486952683,-90.09480136705601
29.935077108864682,-90.09479769373448
29.93506818795304,-90.09479347123771
29.935060123024087,-90.09478965390026
29.93505205809493,-90.09478583656337
29.93504399316558,-90.09478201922708
29.935035072253005,-90.09477779673293
29.935027007323214,-90.09477397939783
29.935018942393228,-90.09477016206331
29.9350099389732,-90.0947661844611
29.935002090374777,-90.09476272683098
29.934993080230623,-90.09475875749294
29.934984942878668,-90.09475517265633
29.9349759327341,-90.09475120331959
29.934968084134937,-90.09474774569166
29.93495907398994,-90.09474377635618
29.934950936637243,-90.09474019152188
29.93494192649181,-90.09473622218766
29.934934077891924,-90.09473276456195
29.934925067746086,-90.09472879522902
29.934916930392625,-90.09472521039699
29.934907920246378,-90.09472124106532
29.93490007164573,-90.09471778344184
29.934891061499055,-90.09471381411142
29.934882924144844,-90.0947102292817
29.934874202750958,-90.09470638715986
29.934866065396378,-90.09470280233128
29.934857928041605,-90.09469921750326
29.934848917893895,-90.094695248176
29.934841069291966,-90.09469179055634
29.934832059143837,-90.09468782123032
29.934823921788322,-90.0946842364046
29.934814911639766,-90.09468026707988
29.934807063037113,-90.09467680946244
29.934798052888137,-90.09467284013897
29.934789915531866,-90.09466925531554
29.934780905382475,-90.09466528599336
29.93477305677908,-90.09466182837811
29.93476404662927,-90.0946578590572
29.93475590927224,-90.09465427423606
29.934746899122004,-90.09465030491643
29.93473905051787,-90.0946468473034
29.934730040367214,-90.09464287798501
29.93472190300944,-90.09463929316618
29.934713181611645,-90.09463545105596
29.934705044253494,-90.09463186623826
29.934696034102004,-90.09462789692242
29.934687896743466,-90.09462431210588
29.93467917534485,-90.09462046999812
29.934671037985947,-90.09461688518272
29.93466290062685,-90.09461330036785
29.934653890474326,-90.09460933105517
29.934646041868167,-90.09460587344819
29.934637031715216,-90.09460190413675
29.934628894355388,-90.0945983193242
29.93461988420201,-90.09459435001405
29.93461203559511,-90.09459089240927
29.934603029507098,-90.09458691815351
29.93459498047684,-90.09458305415313
29.934586931446372,-90.09457919015333
29.934578029951105,-90.09457491692194
29.934569980920195,-90.09457105292336
29.934561931889082,-90.09456718892535
29.934553882857752,-90.09456332492792
29.934544981361544,-90.09455905169916
29.934536932329777,-90.09455518770295
29.934528883297812,-90.09455132370732
29.93451998180088,-90.09454705048056
29.93451193276847,-90.09454318648615
29.934503883735847,-90.09453932249232
29.934495834703025,-90.09453545849907
29.934486933205143,-90.09453118527493
29.934478884171874,-90.0945273212829
29.934470835138395,-90.09452345729144
29.934461933639792,-90.09451918406928
29.934453884605883,-90.09451532007905
29.93444583557176,-90.09451145608939
29.93443809386603,-90.09450773963532
29.934429192366483,-90.09450346641577
29.934421143331726,-90.09449960242789
29.934413094296758,-90.09449573844061
29.934405045261585,-90.09449187445388
29.934396143761063,-90.09448760123696
29.934388094725453,-90.09448373725145
29.934380045689633,-90.09447987326654
29.9343711441884,-90.0944756000516
29.93436309515214,-90.0944717360679
29.93435504611568,-90.09446787208478
29.934346997079,-90.09446400810225
29.934338095576813,-90.09445973488992
29.9343300465397,-90.0944558709086
29.93432199750238,-90.09445200692788
29.934313095999478,-90.09444773371754
29.93430504696172,-90.09444386973803
29.934296997923756,-90.09444000575908
29.934288948885573,-90.09443614178072
29.934280047381726,-90.09443186857303
29.9342719983431,-90.09442800459588
29.934263949304285,-90.09442414061932
29.934255047799713,-90.0944198674136
29.934246998760443,-90.09441600343827
29.934238949720978,-90.0944121394635
29.93423090068131,-90.09440827548933
29.93422199917577,-90.09440400228624
29.93421395013565,-90.09440013831328
29.93420590109534,-90.0943962743409
29.93419785205481,-90.0943924103691
29.934188950548325,-90.09438813716862
29.934180901507357,-90.09438427319805
29.93417285246618,-90.09438040922804
29.934163950958975,-90.09437613602957
29.934155901917364,-90.09437227206078
29.934147852875533,-90.09436840809258
29.934139803833506,-90.09436454412496
29.93413090232535,-90.0943602709291
29.934122853282876,-90.0943564069627
29.934115111568982,-90.09435269053091
29.9341062100601,-90.09434841733703
29.93409816101699,-90.09434455337241
29.934090111973678,-90.09434068940836
29.93408206293014,-90.09433682544488
29.934073161420326,-90.09433255225363
29.934065112376356,-90.09432868829138
29.934057063332187,-90.0943248243297
29.934049014287798,-90.0943209603686
29.934040112777026,-90.09431668717997
29.934032063732214,-90.09431282322011
29.934024014687182,-90.09430895926081
29.934015113175693,-90.09430468607417
29.934007064130224,-90.0943008221161
29.933999015084545,-90.0942969581586
29.93399096603866,-90.09429309420169
29.933982064526226,-90.09428882101767
29.933974015479897,-90.09428495706199
29.93396596643337,-90.09428109310686
29.93395706492021,-90.09427681992484
29.93394901587324,-90.09427295597094
29.933940966826064,-90.09426909201763
29.93393291777868,-90.09426522806488
29.933924016264566,-90.09426095488548
29.93391596721674,-90.09425709093397
29.9339079181687,-90.09425322698303
29.933899016653868,-90.09424895380562
29.9338909676054,-90.0942450898559
29.933882918556726,-90.09424122590677
29.933874869507846,-90.0942373619582
29.933865967992052,-90.09423308878341
29.933857918942735,-90.09422922483608
29.933849869893205,-90.09422536088931
29.933841820843462,-90.09422149694313
29.93383291932672,-90.09421722377098
29.933824870276542,-90.09421335982603
29.93381682122616,-90.09420949588164
29.9338079197087,-90.09420522271147
29.93379987065788,-90.09420135876832
29.933792128935785,-90.09419764235881
29.93378407988455,-90.09419377841677
29.933775178366137,-90.0941895052492
29.933767129314464,-90.0941856413084
29.93375908026259,-90.09418177736818
29.933750178743455,-90.09417750420259
29.933742129691133,-90.09417364026359
29.933734080638608,-90.09416977632516
29.933726031585874,-90.09416591238731
29.933717130065798,-90.09416163922435
29.933709081012612,-90.09415777528771
29.93370103195924,-90.09415391135168
29.9336930303669,-90.09414991904903
29.933684186916626,-90.09414550172454
29.933675869729424,-90.09414134727051
29.933667868471268,-90.09413735062446
29.93365986721289,-90.094133353979
29.93365102376159,-90.09412893665723
29.933643022502746,-90.09412494001302
29.933635021243674,-90.0941209433694
29.933627019984378,-90.09411694672637
29.93361901872486,-90.09411295008394
29.933610175272303,-90.09410853276549
29.93360217401232,-90.0941045361243
29.933593856822792,-90.0941003816766
29.933585855562356,-90.09409638503661
29.933577854301706,-90.09409238839723
29.933569010847865,-90.09408797108215
29.933561009586743,-90.094083974444
29.9335530083254,-90.09407997780646
29.933545007063827,-90.0940759811695
29.933536163608988,-90.09407156385709
29.933528162346942,-90.09406756722137
29.93351984515532,-90.09406341277938
29.93351184389283,-90.09405941614487
29.933503842630127,-90.09405541951097
29.933494999173995,-90.09405100220192
29.93348699791082,-90.09404700556925
29.933478996647416,-90.09404300893718
29.9334709953838,-90.0940390123057
29.93346215192666,-90.09403459499934
29.933454150662566,-90.09403059836912
29.93344614939825,-90.09402660173947
29.933437832204305,-90.09402244730379
29.933429830939545,-90.09401845067535
29.933420987481124,-90.09401403337236
29.933412986215902,-90.09401003674517
29.933404984950442,-90.09400604011857
29.933396983684766,-90.09400204349258
29.933388982418865,-90.09399804686716
29.933380138959194,-90.09399362956749
29.933372137692828,-90.09398963294333
29.93336413642624,-90.09398563631976
29.933355819229966,-90.09398148189041
29.93334697576926,-90.09397706459346
29.933338974501975,-90.09397306797175
29.93333097323447,-90.09396907135061
29.933322971966735,-90.0939650747301
29.933314970698785,-90.09396107811015
29.93330612723682,-90.09395666081654
29.933298125968395,-90.09395266419786
29.93329012469975,-90.09394866757975
29.933281807501384,-90.09394451315612
29.93327296403839,-90.09394009586521
29.933264962769048,-90.09393609924896
29.933256961499488,-90.09393210263333
29.9332489602297,-90.09392810601827
29.9332409589597,-90.09392410940382
29.933232115495446,-90.09391969211623
29.933224114224966,-90.09391569550303
29.933216112954277,-90.09391169889041
29.93320811168335,-90.09390770227839
29.933199794482654,-90.09390354786106
29.933190951017128,-90.09389913057684
29.93318294974551,-90.09389513396668
29.933174948473678,-90.09389113735712
29.933166947201617,-90.09388714074812
29.93315810373507,-90.0938827234666
29.933150102462545,-90.09387872685886
29.933142101189787,-90.09387473025171
29.933134099916824,-90.09387073364516
29.93312578271403,-90.09386657923356
29.933116939246208,-90.0938621619554
29.93310893797254,-90.0938581653507
29.93310093669864,-90.0938541687466
29.933092935424536,-90.09385017214309
29.933084091955703,-90.09384575486762
29.933076090681123,-90.09384175826534
29.933068089406316,-90.09383776166368
29.933060088131285,-90.0938337650626
29.933052086856033,-90.0938297684621
29.933042927456285,-90.09382519338459
29.933034926180564,-90.09382119678537
29.933026924904617,-90.09381720018675
29.93301892362845,-90.09381320358871
29.933010922352057,-90.09380920699128
29.93300207888069,-90.09380478972248
29.932994077603833,-90.09380079312629
29.932986076326756,-90.09379679653068
29.932978075049444,-90.09379279993568
29.93296891564737,-90.09378822486444
29.932960914369595,-90.09378422827069
29.93295291309159,-90.09378023167754
29.93294491181337,-90.09377623508499
29.932936910534927,-90.09377223849303
29.932928067061265,-90.09376782123027
29.93292006578236,-90.09376382463957
29.932912064503224,-90.09375982804944
29.932904063223862,-90.09375583145992
29.93289521974919,-90.09375141419983
29.932886902539618,-90.09374725980668
29.93287890125957,-90.09374326321901
29.93287089997929,-90.09373926663193
29.932862898698794,-90.09373527004544
29.932854055222847,-90.09373085278874
29.93284605394188,-90.09372685620349
29.932838052660696,-90.09372285961885
29.93283005137928,-90.09371886303478
29.932822050097652,-90.09371486645132
29.932813206620434,-90.09371044919796
29.932804889699113,-90.09370629546362
29.932796882343624,-90.09370231516682
29.93278887498791,-90.09369833487061
29.93278002415382,-90.09369393529902
29.932772016797642,-90.09368995500405
29.932764009441243,-90.09368597470967
29.932756002084634,-90.09368199441589
29.932747994727794,-90.0936780141227
29.93273914389244,-90.0936736145544
29.932731136535143,-90.09366963426245
29.932723129177617,-90.0936656539711
29.93271480693714,-90.09366151715871
29.932705956100772,-90.09365711759312
29.932697948742565,-90.09365313730362
29.93268994138413,-90.09364915701471
29.932681934025478,-90.0936451767264
29.932673083188106,-90.09364077716349
29.932665075828982,-90.09363679687641
29.932657068469645,-90.09363281658992
29.932649061110084,-90.09362883630402
29.932641053750306,-90.0936248560187
29.93263220291168,-90.09362045645913
29.932623880668643,-90.09361631965373
29.932615873308166,-90.09361233937028
29.932607865947478,-90.09360835908741
29.93259901510783,-90.09360395953054
29.932591007746673,-90.09359997924892
29.932583000385296,-90.0935959989679
29.9325749930237,-90.09359201868746
29.932566985661882,-90.09358803840762
29.932558134820994,-90.09358363885407
29.9325501274587,-90.09357965857546
29.9325421200962,-90.09357567829746
29.93253379785063,-90.09357154149897
29.93252494700872,-90.09356714194811
29.932516939645527,-90.09356316167197
29.93250893228211,-90.0935591813964
29.93250092491848,-90.09355520112143
29.932492917554615,-90.09355122084705
29.932484066711456,-90.09354682129953
29.93247605934713,-90.09354284102638
29.9324680519826,-90.09353886075385
29.93246004461783,-90.09353488048188
29.93245119377366,-90.09353048093703
29.93244287152553,-90.09352634414554
29.932434864160072,-90.09352236387544
29.932426856794404,-90.09351838360593
29.932418849428515,-90.093514403337
29.932409998583083,-90.09351000379552
29.93240199121672,-90.09350602352784
29.932393983850137,-90.09350204326074
29.932385976483346,-90.09349806299426
29.9323771256369,-90.09349366345543
29.93236911826963,-90.09348968319019
29.93236111090215,-90.09348570292552
29.932353103534446,-90.09348172266144
29.93234393780403,-90.09347716660484
29.93233593043586,-90.09347318634204
29.932327923067454,-90.09346920607982
29.932319915698848,-90.09346522581819
29.932311908330018,-90.09346124555715
29.9323030574813,-90.09345684602437
29.932295050112,-90.09345286576458
29.932287042742477,-90.09344888550538
29.93227903537273,-90.09344490524676
29.932270184523013,-90.09344050571666
29.9322621771528,-90.09343652545928
29.932253854899372,-90.09343238868232
29.932245847528716,-90.09342840842616
29.932237840157836,-90.09342442817058
29.932228989306854,-90.09342002864382
29.93222098193552,-90.0934160483895
29.932212974563953,-90.09341206813575
29.932204967192177,-90.09340808788261
29.932196116340183,-90.09340368835853
29.932188108967935,-90.09339970810662
29.932180101595474,-90.09339572785531
29.932172094222782,-90.09339174760457
29.932163771966827,-90.09338761083455
29.932154921113565,-90.0933832113138
29.932146913740187,-90.09337923106494
29.93213890636659,-90.09337525081666
29.93213089899277,-90.09337127056898
29.932122048138513,-90.09336687105092
29.932114040764223,-90.09336289080449
29.932106033389733,-90.09335891055863
29.932098026015005,-90.09335493031337
29.932089175159728,-90.09335053079798
29.93208116778454,-90.09334655055396
29.932073160409136,-90.09334257031053
29.93206483815039,-90.0933384335481
29.932056830774535,-90.09333445330589
29.932047979917993,-90.09333005379385
29.93203997254168,-90.09332607355287
29.932031965165145,-90.09332209331248
29.93202395778838,-90.09331811307267
29.932015106930834,-90.09331371356332
29.932007099553612,-90.09330973332477
29.931999092176163,-90.0933057530868
29.931991084798497,-90.09330177284943
29.93198307742061,-90.09329779261265
29.931973911678647,-90.0932932365873
29.931965904300288,-90.09328925635178
29.931957896921713,-90.09328527611686
29.931949889542913,-90.09328129588252
29.931941038683096,-90.0932768963792
29.93193316982473,-90.0932730826034
29.93192497909476,-90.09326905805072
29.931916928738985,-90.09326519788114
29.931908025634524,-90.09326092881679
29.931899975278313,-90.09325706864843
29.931891924921896,-90.09325320848063
29.931883874565273,-90.09324934831342
29.93187497145986,-90.0932450792517
29.931866921102795,-90.09324121908571
29.931858870745526,-90.09323735892029
29.93184996763939,-90.09323308986058
29.93184191728168,-90.09322922969636
29.931833866923775,-90.09322536953276
29.93182581656566,-90.09322150936973
29.93181691345856,-90.0932172403126
29.9318088631,-90.09321338015079
29.931801119833345,-90.09320966724074
29.931793069474374,-90.09320580708005
29.93178416636635,-90.09320153802555
29.931776116006944,-90.09319767786609
29.931768065647326,-90.0931938177072
29.93175916253857,-90.09318954865469
29.931751112178524,-90.09318568849702
29.931743061818256,-90.09318182833992
29.93173501145779,-90.09317796818341
29.9317261083481,-90.09317369913352
29.931718057987194,-90.09316983897823
29.93171000762608,-90.09316597882352
29.931701957264764,-90.09316211866938
29.931693054154106,-90.09315784962212
29.931685003792353,-90.0931539894692
29.931676953430387,-90.09315012931687
29.931668050319022,-90.09314586027158
29.93165999995662,-90.09314200012047
29.931651949594006,-90.09313813996994
29.931643899231194,-90.09313427981998
29.931634996118873,-90.09313001077732
29.931626945755614,-90.09312615062858
29.93161889539216,-90.09312229048041
29.93161084502849,-90.09311843033284
29.931601941915215,-90.0931141612928
29.931593891551113,-90.09311030114644
29.93158584118681,-90.09310644100066
29.93157693807281,-90.09310217196261
29.931568887708053,-90.09309831181805
29.931560837343092,-90.09309445167406
29.93155309407017,-90.09309073878113
29.93154419095523,-90.09308646974567
29.931536140589632,-90.09308260960346
29.931528090223825,-90.09307874946182
29.931520039857816,-90.09307488932077
29.93151113674193,-90.09307062028795
29.93150308637547,-90.09306676014812
29.93149503600882,-90.09306290000886
29.931486132892214,-90.09305863097802
29.931478082525114,-90.09305477084
29.93147003215781,-90.09305091070253
29.931461981790296,-90.09304705056564
29.931453078672742,-90.09304278153743
29.931445028304797,-90.09303892140179
29.93143697793663,-90.0930350612667
29.931428074818356,-90.09303079224047
29.93142002444977,-90.09302693210661
29.93141197408096,-90.09302307197333
29.931403923711954,-90.09301921184063
29.931395020592728,-90.09301494281704
29.931386970223294,-90.09301108268555
29.93137891985364,-90.09300722255465
29.931370869483768,-90.09300336242431
29.9313619663636,-90.09299909340335
29.931353915993295,-90.09299523327422
29.931345865622784,-90.09299137314571
29.93133696250189,-90.09298710412672
29.93132891213095,-90.0929832439994
29.9313208617598,-90.09297938387267
29.93131281138844,-90.09297552374652
29.931303908266592,-90.09297125473016
29.93129616498717,-90.09296754185493
29.931288114615167,-90.09296368173054
29.931280064242962,-90.09295982160675
29.93127116112018,-90.092955552593
29.931263110747526,-90.0929516924704
29.931255060374678,-90.0929478323484
29.931246157251163,-90.09294356333663
29.931238106877878,-90.09293970321585
29.931230056504372,-90.09293584309565
29.931222006130678,-90.09293198297601
29.931213103006215,-90.09292771396686
29.931205052632077,-90.09292385384846
29.931197002257733,-90.09291999373065
29.931188951883165,-90.0929161336134
29.931180048757756,-90.09291186460686
29.931171998382755,-90.09290800449084
29.931163948007562,-90.0929041443754
29.931155044881432,-90.09289987537085
29.93114699450579,-90.09289601525661
29.931138944129945,-90.09289215514296
29.931130893753892,-90.0928882950299
29.93112199062681,-90.09288402602796
29.93111394025032,-90.09288016591613
29.931105889873617,-90.09287630580484
29.931097839496715,-90.09287244569416
29.931088936368685,-90.09286817669486
29.931080885991346,-90.09286431658539
29.93107283561379,-90.0928604564765
29.931063932485042,-90.09285618747917
29.931055882107053,-90.0928523273715
29.93104813882135,-90.09284861451336
29.93103979708738,-90.09284455492009
29.931030915612425,-90.09284023078094
29.93102288301207,-90.09283631993556
29.931014850411493,-90.09283240909075
29.931005968935782,-90.0928280849536
29.930997936334766,-90.09282417411002
29.930989903733533,-90.09282026326703
29.930981871132083,-90.09281635242463
29.930972989655412,-90.09281202829011
29.93096495705351,-90.09280811744893
29.930956924451408,-90.09280420660835
29.930948042974,-90.09279988247583
29.93094001037143,-90.09279597163646
29.930931977768665,-90.09279206079769
29.930923945165677,-90.09278814995949
29.930915063687287,-90.09278382582963
29.930907031083862,-90.09277991499266
29.930898998480206,-90.09277600415628
29.93089011700109,-90.09277168002842
29.930882084397002,-90.09276776919326
29.930874051792685,-90.0927638583587
29.930866019188162,-90.09275994752471
29.930857137708063,-90.09275562339948
29.930849105103096,-90.09275171256674
29.93084107249791,-90.09274780173456
29.93083303989251,-90.09274389090297
29.930824158411447,-90.0927395667804
29.930816125805592,-90.09273565595005
29.930808093199524,-90.09273174512026
29.930798901317203,-90.09272726987523
29.93079086871069,-90.09272335904672
29.93078283610397,-90.09271944821877
29.93077480349703,-90.09271553739143
29.930765922014228,-90.09271121327352
29.930757889406845,-90.09270730244741
29.930749856799256,-90.09270339162185
29.93074097531572,-90.09269906750596
29.93073294270767,-90.09269515668164
29.930724910099396,-90.09269124585792
29.93071687749093,-90.09268733503478
29.93070799600643,-90.09268301092153
29.930699963397505,-90.09267910009962
29.930691930788367,-90.09267518927828
29.93068304930312,-90.09267086516704
29.930675016693534,-90.09266695434694
29.930666984083736,-90.09266304352741
29.930658951473724,-90.09265913270848
29.930650069987504,-90.09265480859987
29.93064203737704,-90.09265089778216
29.930634004766368,-90.09264698696505
29.930625123279412,-90.09264266285845
29.930617090668292,-90.09263875204256
29.930609058056955,-90.09263484122725
29.930601025445405,-90.09263093041253
29.93059214395748,-90.09262660630857
29.930584111345485,-90.09262269549508
29.930576078733267,-90.09261878468217
29.930567197244592,-90.09261446058021
29.93055916463194,-90.09261054976852
29.930550821618404,-90.09260648783372
29.930542789005315,-90.09260257702323
29.930533907515667,-90.09259825292395
29.930525874902134,-90.0925943421147
29.93051784228838,-90.09259043130602
29.93050896079799,-90.09258610720875
29.93050092818378,-90.09258219640128
29.930492895569373,-90.09257828559441
29.930484862954746,-90.09257437478813
29.930475981463378,-90.09257005069351
29.930467948848303,-90.09256613988845
29.930459916233016,-90.092562229084
29.930451034740916,-90.09255790499135
29.930443002125173,-90.09255399418812
29.93043496950922,-90.09255008338546
29.930426936893067,-90.0925461725834
29.930418055399983,-90.09254184849341
29.930410022783377,-90.09253793769257
29.930401990166548,-90.09253402689231
29.93039310867273,-90.09252970280433
29.93038507605546,-90.0925257920053
29.930377043437964,-90.09252188120685
29.930369010820264,-90.09251797040899
29.930360129325475,-90.09251364632365
29.93035209670733,-90.09250973552703
29.930344064088967,-90.09250582473098
29.930335182593442,-90.09250150064764
29.930327149974627,-90.09249758985281
29.93031911735561,-90.09249367905858
29.93031108473636,-90.09248976826493
29.930301892839065,-90.09248529306129
29.930293860219376,-90.09248138226889
29.930285827599466,-90.09247747147708
29.93027694610223,-90.09247314739842
29.930268913481868,-90.09246923660784
29.93026088086131,-90.09246532581784
29.930252848240524,-90.09246141502842
29.930243966742307,-90.09245709095241
29.930235934121075,-90.09245318016421
29.93022790149964,-90.0924492693766
29.930219020000678,-90.09244494530259
29.930210987378786,-90.09244103451623
29.930202954756677,-90.09243712373042
29.930194922134362,-90.09243321294522
29.93018604063443,-90.09242888887385
29.930178008011666,-90.09242497808988
29.930169975388683,-90.09242106730647
29.93016109388801,-90.09241674323711
29.9301532,-90.0924129
29.930145011247273,-90.09240896880618
29.930136962247616,-90.09240510470462
29.93012806080201,-90.0924008313682
29.930120011801918,-90.09239696726787
29.930111962801625,-90.09239310316812
29.930103913801116,-90.09238923906896
29.930095012354556,-90.09238496573516
29.930086963353613,-90.09238110163723
29.93007891435246,-90.09237723753986
29.930070012905176,-90.09237296420805
29.930061963903587,-90.0923691001119
29.930053914901784,-90.09236523601632
29.930045865899785,-90.09236137192133
29.930036964451546,-90.09235709859216
29.930028915449103,-90.09235323449839
29.93002086644645,-90.09234937040519
29.930012817443583,-90.09234550631258
29.9300039159944,-90.09234123298603
29.9299958669911,-90.09233736889463
29.92998781798759,-90.09233350480382
29.929978916537692,-90.09232923147925
29.929970867533747,-90.09232536738966
29.929963125888168,-90.09232165085442
29.929955076883818,-90.09231778676595
29.92994617543295,-90.09231351344397
29.929938126428155,-90.09230964935674
29.929930077423155,-90.09230578527009
29.929921175971586,-90.0923015119501
29.92991312696614,-90.09229764786465
29.929905077960488,-90.0922937837798
29.929897028954635,-90.09228991969552
29.929888127502107,-90.09228564637816
29.92988007849581,-90.0922817822951
29.929872029489307,-90.09227791821262
29.929863980482594,-90.09227405413071
29.929855079029114,-90.092269780816
29.929847030021964,-90.0922659167353
29.92983898101461,-90.09226205265522
29.929830079560404,-90.09225777934246
29.929822030552618,-90.09225391526357
29.92981398154461,-90.09225005118527
29.929805932536393,-90.09224618710755
29.929797031081247,-90.09224191379744
29.929788982072594,-90.09223804972092
29.92978093306374,-90.09223418564501
29.929772884054675,-90.09223032156966
29.92976398259856,-90.09222604826216
29.929755933589067,-90.09222218418805
29.92974788457935,-90.0922183201145
29.929738983122526,-90.09221404680899
29.929730934112374,-90.09221018273668
29.929722885102024,-90.09220631866492
29.929714836091453,-90.09220245459376
29.929705934633663,-90.09219818129087
29.92969788562267,-90.09219431722092
29.929689836611455,-90.09219045315156
29.929680935152962,-90.09218617985067
29.9296728861413,-90.09218231578252
29.92966483712945,-90.09217845171496
29.929657095476117,-90.0921747352008
29.929648194016668,-90.09217046190251
29.929640145004164,-90.09216659783672
29.929632095991465,-90.09216273377152
29.929624046978553,-90.09215886970686
29.92961514551815,-90.09215459641122
29.929607096504796,-90.09215073234779
29.929599047491234,-90.09214686828496
29.929590146030115,-90.09214259499127
29.929582097016112,-90.09213873092966
29.9295740480019,-90.09213486686862
29.929565998987492,-90.09213100280816
29.929557097525418,-90.09212672951712
29.929549048510566,-90.09212286545787
29.9295409994955,-90.09211900139921
29.929532950480233,-90.09211513734114
29.92952404901721,-90.09211086405271
29.9295160000015,-90.09210699999586
29.929507950985574,-90.09210313593957
29.92949904952184,-90.09209886265315
29.92949100050548,-90.09209499859807
29.92948295148892,-90.0920911345436
29.929474902472144,-90.09208727048969
29.929466001007448,-90.09208299720588
29.92945795199024,-90.09207913315319
29.92944990297282,-90.09207526910109
29.929441001507403,-90.09207099581927
29.92943295248955,-90.09206713176839
29.92942490347148,-90.09206326771809
29.929416854453212,-90.09205940366836
29.92940795298685,-90.09205513038916
29.929399903968136,-90.09205126634065
29.929391854949216,-90.09204740229272
29.929383805930094,-90.09204353824538
29.929374904462772,-90.0920392649688
29.929366855443202,-90.09203540092268
29.929359113782333,-90.09203168442909
29.929350212314297,-90.09202741115449
29.92934216329408,-90.09202354711013
29.929334114273676,-90.09201968306637
29.929326065253058,-90.09201581902317
29.929317163784063,-90.09201154575118
29.929309114763004,-90.09200768170922
29.929301065741733,-90.09200381766782
29.92929301672026,-90.09199995362701
29.92928411525032,-90.09199568035766
29.92927606622841,-90.09199181631806
29.929268017206283,-90.09198795227904
29.92927011925145,-90.09197803935379
29.929272637252666,-90.09196788029095
29.929275079642906,-90.0919580262827
29.929277522032386,-90.0919481722741
29.92927981091428,-90.0919389376005
29.929282253302244,-90.09192908359134
