32.478229002921864,-93.75032140166957
32.47823000284751,-93.75032139144865
32.47823900217836,-93.75032129946037
32.478248001509215,-93.75032120747204
32.47825700084006,-93.75032111548371
32.478266000170905,-93.75032102349536
32.47827499950176,-93.750320931507
32.47828399883262,-93.75032083951862
32.47829299816346,-93.75032074753021
32.478301997494306,-93.75032065554178
32.47831099682515,-93.75032056355334
32.47832000342975,-93.75032047149054
32.47832900276061,-93.75032037950206
32.478338002091455,-93.75032028751356
32.47834700142231,-93.75032019552505
32.47835600075315,-93.75032010353651
32.478365000084,-93.75032001154796
32.47837399941485,-93.7503199195594
32.4783829987457,-93.7503198275708
32.47839199807655,-93.7503197355822
32.478400997407384,-93.75031964359357
32.47840999673824,-93.75031955160493
32.47841900334285,-93.75031945954191
32.478428002673695,-93.75031936755325
32.47843700200453,-93.75031927556454
32.478446001335385,-93.75031918357583
32.47845500066623,-93.75031909158709
32.47846399999709,-93.75031899959833
32.47847299932793,-93.75031890760957
32.478481998658765,-93.75031881562077
32.47849099798961,-93.75031872363196
32.47849999732046,-93.75031863164314
32.478508996651314,-93.75031853965429
32.478518003255914,-93.75031844759107
32.47852700258675,-93.75031835560219
32.478536001917604,-93.7503182636133
32.47854500124844,-93.75031817162437
32.478554000579294,-93.75031807963543
32.47856299991014,-93.75031798764648
32.47857199924098,-93.7503178956575
32.47858099857182,-93.75031780366851
32.478589997902674,-93.7503177116795
32.47859899723352,-93.75031761969048
32.47860799656436,-93.75031752770143
32.47861700316896,-93.75031743563801
32.4786260024998,-93.75031734364892
32.478635001830646,-93.75031725165981
32.4786440011615,-93.75031715967069
32.478653000492336,-93.75031706768155
32.47866199982318,-93.7503169756924
32.478670999154026,-93.75031688370322
32.478679998484864,-93.75031679171403
32.47868899781571,-93.75031669972482
32.478697997146554,-93.75031660773558
32.47870699647739,-93.75031651574633
32.47871600308199,-93.75031642368272
32.47872500241284,-93.75031633169343
32.47873400174368,-93.75031623970412
32.47874300107453,-93.7503161477148
32.47875200040536,-93.75031605572545
32.4787609997362,-93.75031596373609
32.47876999906704,-93.75031587174671
32.478778998397885,-93.75031577975732
32.47878799772874,-93.7503156877679
32.478796997059575,-93.75031559577847
32.47880599639041,-93.75031550378901
32.47881500299501,-93.75031541172518
32.47882400232585,-93.7503153197357
32.47883300165669,-93.7503152277462
32.47884200098754,-93.75031513575667
32.47885100031838,-93.75031504376712
32.47885999964921,-93.75031495177755
32.478868998980055,-93.75031485978798
32.4788779983109,-93.75031476779839
32.47888699764174,-93.75031467580877
32.478895996972575,-93.75031458381912
32.47890500357716,-93.75031449175512
32.47891400290801,-93.75031439976544
32.47892300223886,-93.75031430777575
32.478932001569696,-93.75031421578605
32.47894100090053,-93.75031412379631
32.47895000023137,-93.75031403180657
32.47895899956222,-93.75031393981679
32.478967998893054,-93.75031384782702
32.478976998223885,-93.75031375583721
32.47898599755473,-93.7503136638474
32.47899499688557,-93.75031357185756
32.47900400349017,-93.75031347979335
32.479013002821,-93.75031338780347
32.47902200215184,-93.75031329581358
32.47903100148268,-93.75031320382367
32.47904000081351,-93.75031311183373
32.47904900014436,-93.75031301984379
32.479057999475195,-93.75031292785383
32.479066998806026,-93.75031283586384
32.47907599813686,-93.75031274387382
32.479084997467695,-93.7503126518838
32.47909399679854,-93.75031255989376
32.47910300340313,-93.75031246782935
32.47911200273397,-93.75031237583927
32.4791210020648,-93.75031228384918
32.47913000139564,-93.75031219185905
32.47913900072647,-93.75031209986894
32.47914800005732,-93.75031200787878
32.47915699938815,-93.75031191588862
32.47916599871899,-93.75031182389841
32.47917499804982,-93.75031173190821
32.47918399738066,-93.75031163991798
32.4791929967115,-93.75031154792775
32.47920200331608,-93.75031145586313
32.47921100264691,-93.75031136387285
32.47922000197776,-93.75031127188255
32.47922900130858,-93.75031117989222
32.47923800063943,-93.75031108790189
32.47924699995558,-93.75031099500299
32.47925599895592,-93.75031088257045
32.479264997956264,-93.75031077013784
32.47927299706768,-93.75031067019775
32.47928199606803,-93.75031055776512
32.47929100395852,-93.7503104452214
32.479300002958865,-93.75031033278873
32.479309001959216,-93.75031022035603
32.479318000959566,-93.75031010792331
32.47932699995991,-93.75030999549057
32.47933599896026,-93.7503098830578
32.479344997960595,-93.75030977062501
32.479353996960945,-93.7503096581922
32.4793629959613,-93.75030954575938
32.47937200385177,-93.75030943321545
32.479381002852115,-93.75030932078256
32.479390001852465,-93.75030920834968
32.47939900085281,-93.75030909591675
32.47940799985316,-93.75030898348379
32.479416998853495,-93.75030887105083
32.47942599785384,-93.75030875861785
32.47943499685419,-93.75030864618482
32.47944399585453,-93.75030853375179
32.479453003745014,-93.75030842120766
32.47946200274535,-93.75030830877459
32.479471001745694,-93.75030819634148
32.479480000746044,-93.75030808390837
32.47948899974638,-93.75030797147521
32.47949799874673,-93.75030785904204
32.47950599785815,-93.75030775910143
32.47951499685849,-93.75030764666822
32.47952399585882,-93.75030753423498
32.47953300374932,-93.75030742169066
32.479542002749646,-93.75030730925738
32.47955100174999,-93.75030719682407
32.479560000750325,-93.75030708439076
32.47956899975066,-93.7503069719574
32.479577998751004,-93.75030685952403
32.479586997751355,-93.75030674709063
32.47959599675169,-93.75030663465724
32.47960499575204,-93.7503065222238
32.47961400364251,-93.75030640967925
32.479623002642846,-93.75030629724579
32.479632001643196,-93.75030618481227
32.47964100064353,-93.75030607237875
32.47964999964387,-93.7503059599452
32.479658998644204,-93.75030584751163
32.47966799764455,-93.75030573507803
32.47967699664489,-93.75030562264442
32.47968599564523,-93.75030551021078
32.4796950035357,-93.75030539766604
32.47970400253603,-93.75030528523236
32.47971300153637,-93.75030517279865
32.47972200053671,-93.75030506036492
32.479730999537054,-93.75030494793117
32.479738998648465,-93.75030484799004
32.4797479976488,-93.75030473555624
32.47975699664914,-93.75030462312243
32.47976599564948,-93.7503045106886
32.479775003539935,-93.75030439814365
32.47978400254028,-93.75030428570977
32.479793001540614,-93.75030417327586
32.479802000540964,-93.75030406084194
32.479810999541286,-93.75030394840799
32.47981999854162,-93.75030383597401
32.47982899754196,-93.75030372354001
32.47983799654231,-93.75030361110599
32.47984700443276,-93.75030349856088
32.479856003433106,-93.75030338612682
32.479865002433435,-93.75030327369274
32.47987400143377,-93.75030316125863
32.47988300043411,-93.75030304882449
32.47989199943444,-93.75030293639034
32.479900998434765,-93.75030282395618
32.4799099974351,-93.75030271152197
32.47991899643544,-93.75030259908775
32.47992800432591,-93.75030248654244
32.479937003326235,-93.75030237410816
32.47994600232658,-93.75030226167387
32.47995500132691,-93.75030214923956
32.47996400032724,-93.75030203680524
32.479971999438646,-93.75030193686358
32.47998099843898,-93.7503018244292
32.47998999743932,-93.7503017119948
32.47999899643964,-93.75030159956039
32.48000800433011,-93.75030148701487
32.48001700333044,-93.7503013745804
32.480026002330774,-93.75030126214591
32.4800350013311,-93.75030114971139
32.48004400033143,-93.75030103727687
32.48005299933176,-93.7503009248423
32.48006199833209,-93.75030081240773
32.480070997332426,-93.75030069997314
32.48007999633275,-93.7503005875385
32.48008900422322,-93.75030047499278
32.480098003223546,-93.75030036255812
32.480107002223875,-93.75030025012343
32.480116001224204,-93.75030013768871
32.48012500022453,-93.75030002525398
32.48013399922487,-93.75029991281923
32.4801429982252,-93.75029980038444
32.48015199722552,-93.75029968794965
32.480160996225855,-93.75029957551482
32.48017000411632,-93.75029946296888
32.48017900311664,-93.75029935053402
32.48018800211697,-93.75029923809913
32.4801970011173,-93.75029912566421
32.4802050002287,-93.75029902572204
32.48021399922902,-93.7502989132871
32.48022299822935,-93.75029880085211
32.48023199722969,-93.7502986884171
32.480240996230016,-93.75029857598209
32.480250004120464,-93.75029846343595
32.480259003120786,-93.7502983510009
32.48026800212112,-93.75029823856579
32.48027700112145,-93.75029812613067
32.480286000121765,-93.75029801369554
32.48029499912209,-93.75029790126038
32.480303998929585,-93.75029807603809
32.48031299642401,-93.75029825402605
32.48032199391843,-93.75029843201403
32.480330005764564,-93.750298590504
32.480339003259,-93.75029876849204
32.48034800075341,-93.75029894648014
32.48035699824783,-93.75029912446826
32.48036599574225,-93.75029930245641
32.480374993236666,-93.75029948044461
32.48038400480441,-93.75029965871123
32.48039200257722,-93.75029981692302
32.48040100007164,-93.75029999491132
32.48040999756605,-93.75030017289964
32.48041899506046,-93.75030035088801
32.4804280066282,-93.75030052915481
32.480437004122614,-93.75030070714325
32.48044500189543,-93.75030086535523
32.48045399938984,-93.75030104334373
32.48046299688426,-93.75030122133226
32.48047199437867,-93.75030139932085
32.4804810059464,-93.75030157758785
32.48049000344082,-93.7503017555765
32.48049900093522,-93.7503019335652
32.48050699870803,-93.75030209177739
32.48051599620244,-93.75030226976612
32.48052499369685,-93.75030244775492
32.48053400526458,-93.75030262602213
32.48054299855257,-93.75030279800072
32.48055199790326,-93.7503027073834
32.48056099725394,-93.75030261676605
32.480569996604615,-93.7503025261487
32.48057900312028,-93.75030243545918
32.48058700254311,-93.75030235491037
32.480596001893794,-93.75030226429297
32.48060500124447,-93.75030217367554
32.48061400059515,-93.75030208305809
32.48062299994584,-93.75030199244061
32.48063199929651,-93.75030190182314
32.480640998647196,-93.75030181120565
32.48064999799787,-93.75030172058813
32.48065899734856,-93.75030162997058
32.480667996699246,-93.75030153935302
32.4806770032149,-93.75030144866331
32.48068600256557,-93.75030135804572
32.480695001916246,-93.7503012674281
32.48070400126694,-93.75030117681047
32.48071300061762,-93.75030108619283
32.480721999968296,-93.75030099557516
32.48072999939112,-93.75030091502612
32.4807389987418,-93.75030082440841
32.480747998092475,-93.7503007337907
32.48075699744316,-93.75030064317296
32.48076599679384,-93.7503005525552
32.48077500330949,-93.7503004618653
32.48078400266017,-93.7503003712475
32.480793002010856,-93.7503002806297
32.480802001361525,-93.75030019001187
32.480811000712215,-93.75030009939402
32.48082000006289,-93.75030000877616
32.48082899941355,-93.75029991815828
32.480837998764244,-93.75029982754039
32.48084699811492,-93.75029973692247
32.480855997465596,-93.75029964630453
32.48086499681628,-93.75029955568658
32.480874003331934,-93.75029946499646
32.48088200275476,-93.75029938444715
32.48089100210543,-93.75029929382914
32.48090000145611,-93.75029920321111
32.48090900080678,-93.75029911259308
32.480918000157466,-93.75029902197502
32.480926999508135,-93.75029893135695
32.48093599885881,-93.75029884073885
32.48094499820949,-93.75029875012073
32.480953997560164,-93.75029865950259
32.48096299691085,-93.75029856888445
32.4809720034265,-93.75029847819414
32.48098100277717,-93.75029838757595
32.4809897,-93.7502983
32.48099899228735,-93.75029779898345
32.48100801199634,-93.75029731266352
32.481016993416326,-93.75029682840797
32.481026013125295,-93.75029634208785
32.481034994545276,-93.75029585783209
32.48104401425423,-93.7502953715118
32.48105299567421,-93.75029488725583
32.481062015383166,-93.75029440093533
32.48107099680313,-93.75029391667918
32.481080016512074,-93.7502934303585
32.481088997932034,-93.75029294610215
32.481098017640974,-93.75029245978126
32.48110699906093,-93.75029197552473
32.48111601876986,-93.75029148920365
32.4811250001898,-93.75029100494692
32.481134019898725,-93.75029051862565
32.48114300131867,-93.75029003436873
32.48115298067415,-93.75028949630536
32.48116200038306,-93.75028900998377
32.48117098180299,-93.75028852572656
32.481180001511895,-93.75028803940478
32.48118898293182,-93.75028755514737
32.48119800264071,-93.7502870688254
32.48120698406061,-93.75028658456779
32.481216003769504,-93.75028609824564
32.481224985189414,-93.75028561398783
32.4812340048983,-93.75028512766546
32.48124298631819,-93.75028464340748
32.48125200602706,-93.75028415708492
32.48126098744695,-93.75028367282674
32.48127000715582,-93.75028318650399
32.4812789885757,-93.75028270224561
32.481288008284565,-93.75028221592267
32.48129698970443,-93.7502817316641
32.48130600941329,-93.75028124534097
32.481314990833155,-93.7502807610822
32.481324010542,-93.75028027475886
32.48133299196186,-93.7502797904999
32.48134201167069,-93.75027930417639
32.48135199102609,-93.75027876611064
32.48136101073492,-93.75027827978693
32.48136999215476,-93.75027779552755
32.48137901186358,-93.75027730920364
32.48138799328342,-93.75027682494407
32.48139701299224,-93.75027633861995
32.48140599441206,-93.75027585436021
32.48141501412087,-93.7502753680359
32.48142399554069,-93.75027488377596
32.481433015249486,-93.75027439745146
32.48144199666931,-93.75027391319132
32.48145101637811,-93.75027342686663
32.481459997797906,-93.75027294260629
32.48146901750668,-93.7502724562814
32.48147799892649,-93.75027197202088
32.48148701863528,-93.75027148569579
32.48149600005507,-93.75027100143508
32.48150498147485,-93.75027051717426
32.481503148462835,-93.75025995742223
32.48150091711406,-93.75024902377093
32.48149887856115,-93.75023903482757
32.48149664721047,-93.75022810117692
32.48149460865583,-93.75021811223408
32.48149232201072,-93.75020690765011
32.48149028345429,-93.75019691870772
32.48148805209979,-93.75018598505822
32.481486013541634,-93.75017599611637
32.48148378218524,-93.75016506246749
32.48148174362533,-93.75015507352619
32.48147951226704,-93.75014413987795
32.48147741841256,-93.75013388000255
32.48147518705233,-93.75012294635484
32.481472955691125,-93.75011201270745
32.4814709171268,-93.75010202376743
32.481468685763694,-93.75009109012066
32.481466647197635,-93.75008110118117
32.48146436053952,-93.75006989659983
32.481462321971684,-93.75005990766078
32.481460307198255,-93.75004991298773
32.481458292463316,-93.7500399171613
32.48145627772755,-93.75002992133508
32.48145426299096,-93.75001992550914
32.48145224825353,-93.75000992968342
32.48145023351527,-93.74999993385792
32.48144821877617,-93.74998993803266
32.48144601336365,-93.74997899621481
32.48144399862281,-93.7499690003901
32.48144198388115,-93.74995900456561
32.481440669563874,-93.74994905369579
32.48143940259225,-93.74993809707867
32.48143823067811,-93.74992796251482
32.48143696370461,-93.74991700589801
32.48143581023295,-93.74990703083718
32.48143454325763,-93.74989607422079
32.481433389784286,-93.74988609916032
32.48143221786585,-93.74987596459667
32.48143095088779,-93.74986500798076
32.48142979741196,-93.7498550329207
32.481428530432055,-93.74984407630522
32.481427358510146,-93.74983394174174
32.4814260915284,-93.74982298512654
32.481424938049194,-93.74981301006709
32.4814236710656,-93.74980205345229
32.481422499140216,-93.74979191888897
32.48142123215476,-93.74978096227447
32.481420078672194,-93.74977098721563
32.481418811684904,-93.74976003060155
32.48141852684426,-93.74975000593632
32.48141842864757,-93.74973900716839
32.48141833033794,-93.74972799585544
32.48141824106652,-93.74971799697545
32.48141814286705,-93.7497069982075
32.48141804466663,-93.74969599943958
32.481417955392686,-93.74968600055969
32.481417857190436,-93.74967500179183
32.481417758987234,-93.74966400302404
32.481417669710765,-93.74965400414425
32.48141757150574,-93.7496430053765
32.48141747329974,-93.74963200660879
32.48141738390871,-93.74962199518285
32.48141728570089,-93.7496109964151
32.48141718749213,-93.74959999764738
32.4814170982106,-93.74958999876765
32.48141699999999,-93.749579
32.48141702159296,-93.74956800005955
32.48141704122211,-93.74955800011371
32.48141706281324,-93.74954700017327
32.48141708244072,-93.74953700022739
32.48141710403004,-93.74952600028693
32.4814171256184,-93.74951500034645
32.48141714524334,-93.74950500040056
32.48141716682988,-93.74949400046006
32.481417186453164,-93.74948400051416
32.48141720803787,-93.74947300057366
32.48141722962161,-93.74946200063314
32.48141724924238,-93.74945200068721
32.4814172708243,-93.7494410007467
32.481417290443396,-93.74943100080074
32.48141731202349,-93.74942000086021
32.48141733360263,-93.74940900091966
32.4814173532192,-93.7493990009737
32.48141737479652,-93.74938800103313
32.48141739441143,-93.74937800108714
32.481417415986904,-93.7493670011466
32.48141743756144,-93.749356001206
32.48141745717381,-93.74934600126
32.48141747874652,-93.74933500131938
32.48141749835723,-93.74932500137338
32.48141751993352,-93.7493139986771
32.48141754150344,-93.74930299873658
32.48141756111163,-93.74929299879066
32.48141758267972,-93.74928199885014
32.48141760228624,-93.74927199890422
32.48141762385251,-93.74926099896369
32.48141764541782,-93.74924999902315
32.48141766502182,-93.74923999907719
32.4814176865853,-93.74922899913662
32.48141770618764,-93.74921899919065
32.48141772774929,-93.74920799925009
32.48141774930999,-93.7491969993095
32.4814177689098,-93.74918699936352
32.481417790468676,-93.74917599942293
32.48141781202659,-93.74916499948232
32.481417831623865,-93.7491549995363
32.481417853179956,-93.7491439995957
32.48141787277557,-93.74913399964966
32.481417894329844,-93.74912299970903
32.48141791588314,-93.74911199976839
32.48141793547622,-93.74910199982234
32.48141795702771,-93.7490909998817
32.481417976619134,-93.74908099993563
32.48141799816879,-93.74906999999497
32.481418019717495,-93.74905900005429
32.481418039306384,-93.7490490001082
32.48141806085326,-93.7490380001675
32.4814180804405,-93.74902800022141
32.48141810198554,-93.7490170002807
32.48141812352963,-93.74900600033999
32.48141814311433,-93.74899600039387
32.481418164656596,-93.74898500045315
32.48141818423964,-93.74897500050702
32.48141820578008,-93.74896400056627
32.48141822731955,-93.74895300062552
32.48141824690007,-93.74894300067936
32.48141826843772,-93.74893200073859
32.48141828801658,-93.74892200079242
32.4814183095524,-93.74891100085163
32.481418331087276,-93.74890000091085
32.4814183506636,-93.74889000096466
32.481418372196636,-93.74887900102387
32.48141839177131,-93.74886900107767
32.48141841330252,-93.74885800113682
32.481418434832776,-93.74884700119601
32.48141845440491,-93.7488370012498
32.481418475933346,-93.74882600130894
32.481418495503824,-93.74881600136273
32.48141851703581,-93.74880499867184
32.481418538561456,-93.7487939987311
32.481418558129405,-93.74878399878493
32.48141857965323,-93.74877299884419
32.48141859921951,-93.74876299889803
32.48141865066086,-93.74875199765428
32.481418703219205,-93.74874099800722
32.48141875577659,-93.74872999836016
32.48141880833302,-93.74871899871306
32.48141885611076,-93.7487089990339
32.481418908665354,-93.74869799938678
32.481418961219006,-93.74868699973963
32.48141901377168,-93.74867600009247
32.48141906154603,-93.74866600041321
32.48141911409688,-93.748655000766
32.48141916664679,-93.74864400111879
32.481419219195736,-93.74863300147155
32.481419271743725,-93.74862200182429
32.4814193195138,-93.74861200214494
32.48141937205997,-93.74860100249767
32.481419424605164,-93.74859000285034
32.481419477149416,-93.74857900320303
32.48141952494815,-93.74856899681113
32.481419577490584,-93.74855799716389
32.48141963003204,-93.74854699751661
32.48141968257256,-93.74853599786933
32.48141973511211,-93.74852499822202
32.481419782874504,-93.74851499854263
32.48141983541225,-93.74850399889529
32.48141988794901,-93.74849299924793
32.48141994048483,-93.74848199960054
32.48141998824383,-93.74847199992111
32.48142004077781,-93.74846100027368
32.481420093310845,-93.74845000062626
32.48142020698178,-93.7484390032425
32.48142031843855,-93.7484290049885
32.481420441040086,-93.74841800690905
32.48142055266978,-93.74840799299247
32.48142067526949,-93.74839699491305
32.481420786722936,-93.74838699665901
32.48142090932082,-93.74837599857952
32.48142102077261,-93.7483660003254
32.48142114336866,-93.74835500224582
32.481421254818784,-93.74834500399162
32.48142137741301,-93.74833400591194
32.48142148903606,-93.7483239919961
32.481421611628456,-93.74831299391649
32.481421723075265,-93.74830299566223
32.48142184566583,-93.74829199758254
32.48142195711099,-93.7482819993282
32.481422079699726,-93.7482710012484
32.48142219114322,-93.74826100299398
32.481422313730135,-93.7482500049141
32.48142242517196,-93.74824000665961
32.481422547931615,-93.74822899291915
32.48142265937177,-93.7482189946647
32.48142278195505,-93.74820799658477
32.48142289339354,-93.74819799833024
32.481423015975,-93.74818700025021
32.48142312741184,-93.74817700199561
32.48142324999146,-93.7481660039155
32.48142336142664,-93.7481560056608
32.48142348400444,-93.74814500758062
32.4814235956125,-93.74813499366643
32.48142353163038,-93.74812400424705
32.48142346059706,-93.7481129958234
32.481423396073666,-93.74810299640845
32.48142332509701,-93.748091997052
32.48142325411942,-93.7480809976956
32.48142318959349,-93.74807099828072
32.48142311861407,-93.74805999892436
32.481423054086484,-93.74804999950953
32.48142298310523,-93.74803900015321
32.481422912123016,-93.74802800079694
32.4814228475929,-93.74801800138216
32.48142277660886,-93.74800700202593
32.48142270562388,-93.74799600266972
32.481422641091235,-93.74798600325501
32.481422570104414,-93.74797500389887
32.48142249911663,-93.74796400454275
32.48142243452293,-93.74795399605907
32.481422363533326,-93.74794299670286
32.48142229254277,-93.7479319973467
32.48142222800506,-93.74792199793202
32.48142215701267,-93.74791099857589
32.48142209247331,-93.74790099916126
32.4814220214791,-93.74788999980517
32.48142195048393,-93.74787900044913
32.481421885942034,-93.74786900103456
32.481421814945044,-93.74785800167857
32.48142174394708,-93.74784700232259
32.48142167940266,-93.7478370029081
32.48142160840289,-93.74782600355218
32.48142153740215,-93.7478150041963
32.48142147279664,-93.74780499571115
32.48142140179408,-93.74779399635518
32.48142133724547,-93.74778399694068
32.48142126624108,-93.74777299758478
32.48142119523574,-93.74776199822888
32.48142113068459,-93.74775199881446
32.48142105967742,-93.74774099945861
32.48142098866929,-93.74773000010279
32.48142092411562,-93.74772000068843
32.48142085310566,-93.74770900133267
32.48142078209475,-93.74769800197693
32.481420717538555,-93.74768800256264
32.48142064652581,-93.74767700320695
32.481420581967946,-93.74766700379271
32.481420510953384,-93.74765600443706
32.481420439879294,-93.74764499600899
32.4814203753189,-93.74763499659468
32.48142030430155,-93.747623997239
32.481420233283245,-93.74761299788334
32.48142016872032,-93.74760299846912
32.481420097700195,-93.74759199911351
32.48142002667911,-93.74758099975791
32.481419962113655,-93.74757100034378
32.48141989109074,-93.74756000098823
32.48141982652362,-93.74755000157414
32.48141975549889,-93.74753900221866
32.481419684473195,-93.74752800286319
32.48141961990355,-93.74751800344916
32.481419548876026,-93.74750700409373
32.481419477788954,-93.74749599566424
32.48141941321678,-93.74748599625015
32.48141934218648,-93.7474749968947
32.48141927115522,-93.74746399753924
32.48141920658051,-93.74745399812525
32.48141913554742,-93.74744299876988
32.48141907097105,-93.74743299935591
32.481418999936146,-93.7474220000006
32.48141892890027,-93.74741100064527
32.481418864321384,-93.74740100123138
32.48141879328368,-93.74739000187611
32.48141872224503,-93.7473790025209
32.4814186576636,-93.74736900310708
32.48141858662313,-93.74735800375188
32.481418515581694,-93.74734700439673
32.48141845093912,-93.74733699590709
32.48141837989585,-93.74732599655187
32.48141831531024,-93.74731599713805
32.48141824426515,-93.74730499778286
32.4814181732191,-93.74729399842771
32.48141810863096,-93.74728399901394
32.48141803758309,-93.74727299965886
32.48141796653425,-93.74726200030379
32.48141790194359,-93.7472520008901
32.48141777471202,-93.74724100370833
32.48141764589055,-93.74723000582884
32.481417528779275,-93.74722000775658
32.481417399763195,-93.7472089934196
32.48141728265026,-93.74719899534733
32.48141715382513,-93.74718799746788
32.48141702499904,-93.74717699958848
32.481416907883585,-93.74716700151635
32.48141677905566,-93.74715600363704
32.4814166502268,-93.74714500575777
32.481416533108806,-93.74713500768576
32.48141640408531,-93.74712399334807
32.48141627525365,-93.74711299546884
32.481416158133136,-93.74710299739684
32.48141602929965,-93.74709199951766
32.481415912177475,-93.74708200144576
32.48141578334217,-93.74707100356667
32.4814156545059,-93.74706000568767
32.48141553738119,-93.74705000761585
32.48141540835028,-93.74703899327749
32.48141527951124,-93.74702799539847
32.481415162384,-93.7470179973267
32.48141503354313,-93.74700699944778
32.4814149047013,-93.74699600156892
32.48141478757154,-93.74698600349727
32.48141465872788,-93.74697500561848
32.48141454159645,-93.74696500754692
32.48141441255813,-93.74695399320782
32.481414283711686,-93.74694299532906
32.481414166577736,-93.7469329972575
32.481414037729465,-93.74692199937883
32.48141390888025,-93.7469110015002
32.48141379174376,-93.74690100342876
32.48141366289271,-93.74689000555023
32.48141353404071,-93.74687900767175
32.48141341670883,-93.74686899313909
32.481413287855,-93.74685799526057
32.481413170714326,-93.74684799718924
32.481413041858666,-93.74683699931079
32.48141291300206,-93.74682600143242
32.48141279585885,-93.74681600336122
32.48141266700041,-93.74680500548291
32.481412538141015,-93.74679400760466
32.48141242080241,-93.74678399307129
32.481412291941176,-93.74677299519303
32.48141217479379,-93.7467629971219
32.48141204593073,-93.74675199924371
32.48141191706673,-93.74674100136558
32.4814117999168,-93.74673100329458
32.48141167105098,-93.74672000541653
32.48141154218419,-93.74670900753853
32.48141142483883,-93.74669899300444
32.48141129597021,-93.74668799512641
32.481411167100646,-93.74667699724843
32.48141104994566,-93.74666699917756
32.481410921074264,-93.74665600129967
32.481410803917626,-93.74664600322889
32.48141067504441,-93.74663500535108
32.48141054617023,-93.74662400747333
32.48141042881812,-93.74661399293849
32.48141029999999,-93.746603
32.48141033042885,-93.74659300141315
32.48141036390396,-93.74658200155625
32.481410394335064,-93.74657200168635
32.48141042780836,-93.74656100182943
32.481410458250814,-93.74655099768339
32.48141049172228,-93.74653999782657
32.48141052215005,-93.74652999795676
32.48141055561969,-93.74651899809992
32.481410586045804,-93.74650899823006
32.481410619513625,-93.7464979983732
32.48141064993808,-93.74648799850333
32.481410683404064,-93.74647699864643
32.48141071382686,-93.74646699877654
32.48141074729102,-93.74645599891964
32.481410777712156,-93.74644599904973
32.48141081117449,-93.7464349991928
32.48141084159396,-93.74642499932285
32.48141087505447,-93.7464139994659
32.48141090547228,-93.74640399959594
32.48141093893097,-93.74639299973896
32.481410969347124,-93.74638299986897
32.48141100280398,-93.74637200001199
32.48141103321847,-93.74636200014199
32.4814110666735,-93.74635100028497
32.481411097099326,-93.74634099614114
32.48141113055253,-93.74632999628422
32.48141116096371,-93.74631999641429
32.48141119441508,-93.74630899655733
32.48141122482459,-93.74629899668737
32.48141125827415,-93.74628799683042
32.481411288682,-93.74627799696044
32.481411322129716,-93.74626699710345
32.48141135557648,-93.74625599724644
32.4814113859818,-93.74624599737642
32.48141141942675,-93.74623499751941
32.48141145287073,-93.74622399766237
32.481411483273526,-93.74621399779231
32.481411516715674,-93.74620299793526
32.481411547116814,-93.7461929980652
32.48141158055714,-93.7461819982081
32.481411613996514,-93.74617099835102
32.481411644395116,-93.74616099848092
32.48141167783266,-93.74614999862379
32.48141170822961,-93.74613999875366
32.48141174166532,-93.74612899889652
32.48141177510009,-93.74611799903937
32.4814118054945,-93.74610799916923
32.481411838927436,-93.74609699931204
32.481411872359416,-93.74608599945485
32.481411902751304,-93.74607599958466
32.48141193618146,-93.74606499972745
32.48141196657168,-93.74605499985724
32.481412000000006,-93.746044
32.481411972041165,-93.74603300009987
32.48141194662321,-93.74602300019066
32.48141191866254,-93.74601200029053
32.481411890700926,-93.74600100039045
32.48141186273834,-93.74599000049035
32.48141183731698,-93.7459800005812
32.481411809352586,-93.7459690006811
32.48141178138722,-93.74595800078104
32.48141175342091,-93.74594700088099
32.481411727996154,-93.74593700097186
32.481411700028005,-93.74592600107182
32.481411672058904,-93.74591500117181
32.48141164663162,-93.7459050012627
32.481411618660694,-93.74589400136271
32.4814115906888,-93.74588300146272
32.48141156271596,-93.74587200156273
32.481411537285275,-93.74586200165365
32.48141150931061,-93.74585100175369
32.48141148132589,-93.7458399982797
32.48141145589268,-93.74582999837055
32.481411427915226,-93.74581899847051
32.481411399936825,-93.74580799857047
32.481411371957456,-93.74579699867041
32.481411346520844,-93.74578699876132
32.48141131853966,-93.7457759988613
32.4814112905575,-93.7457649989613
32.481411262574404,-93.74575399906131
32.48141123713438,-93.74574399915221
32.481411209149464,-93.74573299925224
32.48141118116357,-93.74572199935227
32.48141115572101,-93.74571199944323
32.48141112773331,-93.74570099954326
32.481411099999995,-93.74569009999999
32.48141093830247,-93.74567900126316
32.48141079265504,-93.74566900424512
32.481410632441964,-93.74565800752531
32.48141048649468,-93.74564799003956
32.48141032627978,-93.74563699331975
32.48141016606392,-93.74562599659998
32.481410020412305,-93.74561599958207
32.48140986019461,-93.74560500286242
32.48140971454134,-93.74559500584462
32.48140955432183,-93.74558400912508
32.481409393803126,-93.74557299193698
32.48140924814732,-93.74556299491923
32.48140908792504,-93.74555199819974
32.481408927701786,-93.74554100148032
32.481408782043445,-93.74553100446269
32.481408621818375,-93.7455200077434
32.48140847586013,-93.74550999025656
32.48140831563323,-93.74549899353724
32.481408155405376,-93.74548799681796
32.48140800974285,-93.7454779998005
32.48140784951317,-93.74546700308137
32.48140768928252,-93.74545600636228
32.481407543617465,-93.74544600934496
32.48140738308674,-93.74543499215581
32.48140723742003,-93.74542499513849
32.48140707718573,-93.74541399841951
32.48140691695048,-93.74540300170058
32.48140677128124,-93.74539300468342
32.48140661104417,-93.7453820079646
32.48140645050784,-93.74537099077497
32.48140630483607,-93.74536099375784
32.481406144596214,-93.74534999703907
32.48140599892278,-93.74534000002207
32.4814058386811,-93.7453290033034
32.48140567843846,-93.7453180065848
32.481405532762494,-93.74530800956792
32.481405372219726,-93.74529699237776
32.4814052119743,-93.7452859956592
32.481405066295814,-93.7452759986424
32.48140490604856,-93.74526500192395
32.48140476036841,-93.74525500490724
32.48140460011934,-93.74524400818892
32.48140438286662,-93.74523298938975
32.481404185769755,-93.7452229948518
32.48140396896229,-93.74521200086015
32.48140377186376,-93.74520200632234
32.48140355505446,-93.74519101233085
32.48140333769799,-93.7451799906413
32.481403140596925,-93.7451699961036
32.481402923784856,-93.74515900211219
32.48140270697182,-93.74514800812088
32.48140250986823,-93.74513801358337
32.48140229250713,-93.7451269918935
32.48140209540188,-93.74511699735605
32.4814018785852,-93.74510600336491
32.481401661767556,-93.74509500937384
32.48140146411351,-93.74508498713742
32.48140124729405,-93.74507399314639
32.48140103047362,-93.74506299915544
32.481400833363324,-93.74505300461828
32.48140061654107,-93.74504201062747
32.48140041888282,-93.7450319883907
32.481400202058744,-93.74502099439992
32.48139998523372,-93.74501000040925
32.481399788119234,-93.74500000587234
32.48139957129237,-93.7449890118818
32.48139935391825,-93.74497799019099
32.481399156801224,-93.74496799565415
32.4813989399716,-93.74495700166374
32.48139874285291,-93.74494700712705
32.48139852602145,-93.74493601313677
32.481398308642696,-93.74492499144563
32.48139811152149,-93.74491499690905
32.48139789468724,-93.7449040029189
32.481397677852044,-93.7448930089288
32.481397480181954,-93.74488298669101
32.481397263344924,-93.74487199270095
32.48139706621952,-93.7448619981646
32.48139684938068,-93.7448510041747
32.48139663254088,-93.74484001018487
32.48139643486657,-93.74482998794674
32.48139621802493,-93.74481899395695
32.48139600118234,-93.74480799996724
32.48139580405189,-93.74479800543119
32.481395605231754,-93.7447870100139
32.48139542434753,-93.74477698923575
32.481395225877414,-93.74476599427022
32.48139502740634,-93.74475499930479
32.48139484697727,-93.7447450038817
32.48139464850438,-93.74473400891642
32.48139446761593,-93.74472398813792
32.48139426914121,-93.74471299317261
32.48139408870881,-93.74470299774968
32.48139389023227,-93.74469200278453
32.48139369175476,-93.74468100781947
32.48139351131984,-93.74467101239672
32.48139331238279,-93.74465999207551
32.481393131946206,-93.74464999665278
32.48139293346506,-93.74463900168787
32.48139273498294,-93.74462800672303
32.48139255454384,-93.7446180113005
32.481392355602146,-93.74460699097892
32.48139217516137,-93.7445969955564
32.48139197667562,-93.74458600059171
32.481391796233176,-93.74457600516934
32.481391597745585,-93.74456501020477
32.48139139879928,-93.74455398988283
32.481391218354325,-93.74454399446054
32.48139101986395,-93.74453299949607
32.48139083941733,-93.74452300407388
32.48139064092514,-93.74451200910957
32.481390460019064,-93.74450198832947
32.48139026152505,-93.74449099336516
32.48139006303007,-93.74447999840093
32.48138988257926,-93.74447000297899
32.48138968408246,-93.74445900801487
32.481389503172174,-93.7444489872344
32.48138930467355,-93.74443799227032
32.48138910617397,-93.74442699730632
32.48138892571897,-93.74441700188456
32.481388727217556,-93.74440600692068
32.4813885467609,-93.74439601149905
32.48138834779983,-93.74438499117598
32.481388167341514,-93.74437499575437
32.48138796883646,-93.74436400079065
32.481387770330436,-93.74435300582702
32.48138758986959,-93.7443430104056
32.4813873909039,-93.74433199008216
32.48138721044138,-93.74432199466075
32.481387011931716,-93.74431099969726
32.48138681342109,-93.74430000473386
32.48138663295605,-93.74429000931265
32.481386433985726,-93.74427898898887
32.48138625351903,-93.74426899356766
32.48138605500475,-93.7442579986044
32.48138587453641,-93.74424800318333
32.4813856760203,-93.7442370082202
32.48138547704534,-93.74422598789607
32.48138529657446,-93.74421599247506
32.48138509805558,-93.74420499751204
32.481384917583036,-93.74419500209117
32.481384719062326,-93.74418400712828
32.481384520540665,-93.74417301216548
32.481384339607665,-93.74416299138299
32.48138414108418,-93.7441519964202
32.48138396060744,-93.74414200099953
32.48138376208213,-93.74413100603687
32.48138358160374,-93.74412101061634
32.48138338261865,-93.74410999029145
32.481383184090554,-93.74409899532887
32.48138300360963,-93.74408899990841
32.48138296355694,-93.74407800017282
32.48138292981253,-93.74406800033285
32.481382892692764,-93.74405700050887
32.48138285557206,-93.74404600068495
32.481382821825115,-93.744036000845
32.48138278470258,-93.74402500102107
32.48138275095399,-93.74401500118117
32.48138271382961,-93.74400400135727
32.481382680079356,-93.74399400151738
32.48138264295316,-93.74398300169351
32.481382605826006,-93.74397200186966
32.48138257207322,-93.7439620020298
32.481382534944245,-93.74395100220596
32.48138250117379,-93.74394099762266
32.48138246404298,-93.74392999779873
32.48138243028687,-93.74391999795881
32.48138239315424,-93.74390899813491
32.48138235602066,-93.74389799831103
32.481382322262014,-93.74388799847114
32.4813822851266,-93.74387699864728
32.481382251366306,-93.74386699880742
32.481382214229065,-93.74385599898359
32.4813821804671,-93.74384599914377
32.481382143328034,-93.74383499931996
32.481382106188015,-93.74382399949616
32.48138207242353,-93.74381399965635
32.481382035281676,-93.74380299983258
32.48138200151553,-93.7437929999928
32.48138196437185,-93.74378200016906
32.481381930604044,-93.74377200032933
32.48138189345854,-93.74376100050561
32.48138185631208,-93.7437500006819
32.481381822541735,-93.74374000084218
32.48138178539345,-93.74372900101851
32.48138175162146,-93.7437190011788
32.48138171447135,-93.74370800135516
32.48138167732027,-93.74369700153152
32.481381643545745,-93.74368700169185
32.48138160639286,-93.74367600186825
32.48138157261666,-93.74366600202862
32.48138153546194,-93.74365500220505
32.481381501668054,-93.74364499761866
32.48138146451151,-93.74363399779497
32.481381427354,-93.7436229979713
32.48138139357363,-93.74361299813162
32.48138135641429,-93.74360199830798
32.481381322632245,-93.74359199846833
32.481381285471095,-93.74358099864472
32.481381251687395,-93.74357099880507
32.481381214524404,-93.74355999898148
32.48138103644229,-93.74354899875009
32.48138079257532,-93.7435390071144
32.4813805234843,-93.74352798204505
32.481380279615664,-93.74351799040946
32.481380011359256,-93.74350699961037
32.4813797431019,-93.7434960088114
32.48137949839428,-93.74348598290538
32.48137923013509,-93.74347499210648
32.48137896187495,-93.74346400130769
32.48137871800126,-93.74345400967249
32.48137844890282,-93.7434429846027
32.48137818063988,-93.74343199380405
32.48137793676368,-93.74342200216901
32.48137766849893,-93.74341101137055
32.481377423784544,-93.74340098546406
32.48137715551797,-93.74338999466566
32.48137688725045,-93.74337900386739
32.48137664337004,-93.74336901223265
32.48137637426416,-93.74335798716243
32.481376105993846,-93.74334699636431
32.48137586211092,-93.74333700472974
32.48137559383879,-93.7433260139318
32.48137534911765,-93.7433159880248
32.48137508084369,-93.74330499722696
32.481374812568774,-93.74329400642918
32.48137456868165,-93.74328401479492
32.48137429956833,-93.74327298972428
32.481374031290635,-93.74326199892668
32.481373787401,-93.74325200729257
32.48137351828488,-93.74324098222174
32.48137327439357,-93.74323099058769
32.48137300611223,-93.74321999979033
32.481372737829936,-93.74320900899308
32.481372493099485,-93.74319898308542
32.48137222481535,-93.74318799228823
32.481371956530275,-93.74317700149113
32.48137171263391,-93.7431670098575
32.48137144351036,-93.74315598478624
32.48137119961234,-93.74314599315265
32.4813709313236,-93.74313500235583
32.48137066303392,-93.74312401155909
32.48137041829671,-93.74311398565096
32.4813701500052,-93.74310299485427
32.48136988171273,-93.74309200405771
32.48136963780966,-93.74308201242454
32.48136936867868,-93.74307098735284
32.48136912477394,-93.74306099571973
32.48136885647782,-93.74305000492342
32.48136858818075,-93.7430390141272
32.48136834343678,-93.7430289882186
32.48136807513787,-93.74301799742244
32.48136780683802,-93.74300700662637
32.481367562928234,-93.74299701499368
32.48136729378982,-93.74298598992156
32.48136704987837,-93.74297599828893
32.48136678157487,-93.74296500749313
32.48136651327041,-93.7429540166974
32.481366268519686,-93.74294399078832
32.48136600021339,-93.74293299999268
32.48136573190615,-93.74292200919713
32.48136548715288,-93.74291198328785
32.481365218843806,-93.74290099249237
32.48136497492565,-93.7428910008602
32.48136470661475,-93.74288001006491
32.48136443746611,-93.74286898499219
32.48136419354542,-93.74285899336016
32.48136392523175,-93.74284800256504
32.48136365691711,-93.74283701177
32.48136341215708,-93.74282698586025
32.481363143840625,-93.74281599506529
32.48136289991574,-93.74280600343359
32.48136263159747,-93.74279501263882
32.48136236244139,-93.74278398756566
32.481362118513985,-93.7427739959341
32.48136185019293,-93.7427630051395
32.481361581870914,-93.74275201434499
32.48136133710411,-93.74274198843476
32.481361068780274,-93.74273099764031
32.481360824848686,-93.74272100600908
32.481360556523015,-93.74271001521483
32.481360795838654,-93.74269899025495
32.48136116886337,-93.74268800806018
32.48136154350579,-93.74267697821068
32.4813619165286,-93.74266599601577
32.48136228955046,-93.74265501382072
32.48136269810093,-93.74264298558991
32.48136307112079,-93.74263200339469
32.4813634441397,-93.74262102119934
32.48136381877626,-93.74260999134998
32.48136480244969,-93.74259996717709
32.48136609721865,-93.74258901615282
32.48136741125244,-93.74257790217995
32.481368590064825,-93.74256793188958
32.481369884830954,-93.74255698086478
32.48137117959612,-93.74254602983973
32.48137237767167,-93.74253589660081
32.48137367243498,-93.74252494557545
32.48137496719733,-93.74251399454988
32.4813761460046,-93.74250402425845
32.481377460030714,-93.74249291028492
32.48137875479024,-93.74248195925881
32.48137993359495,-93.74247198896694
32.48138122835265,-93.74246103794036
32.481382542374874,-93.74244992396652
32.48138372117701,-93.74243995367415
32.4813850159319,-93.74242900264706
32.481386838714975,-93.74241895438563
32.481389041000725,-93.74240801159576
32.48139124328551,-93.74239706880554
32.481393309006286,-93.74238680457451
32.48139551128913,-93.74237586178381
32.48139771357096,-93.74236491899278
32.48139991585182,-93.74235397620141
32.481401927715915,-93.7423439795568
32.48140412999487,-93.74233303676483
32.48140633227284,-93.74232209397252
32.48140834413428,-93.7423120973271
32.481410600263104,-93.74230088694758
32.481412802538145,-93.74228994415444
32.481414814396906,-93.74227994750831
32.48141701667004,-93.74226900471457
32.48142015501433,-93.7422590747827
32.48142337401042,-93.74224969800743
32.4814267454412,-93.74223987719469
32.48143011687112,-93.74223005638144
32.481433630382774,-93.74221982168781
32.48143670729292,-93.74221085879113
32.48144007872032,-93.74220103797654
32.48144359222923,-93.74219080328176
32.48144666913705,-93.74218184038392
32.481450040561896,-93.742172019568
32.481453554068096,-93.74216178487205
32.48145692549118,-93.74215196405522
32.48146000239586,-93.74214300115582
32.48146337381731,-93.74213318033806
32.48146687613153,-93.74212294751328
32.48146973559431,-93.74211346423417
32.48147286242264,-93.7421030942459
32.48147636337984,-93.74209332359638
32.48148041931578,-93.74208435916157
32.481484826619145,-93.74207461813151
32.481488882553485,-93.74206565369562
32.48149328985513,-93.74205591266431
32.48149734578787,-93.74204694822737
32.481501401719825,-93.7420379837899
32.481505809018934,-93.7420282427568
32.48150964154449,-93.74201977208877
32.48151404884196,-93.74201003105442
32.481518104770785,-93.74200106661476
32.481522160698844,-93.7419921021746
32.48152713390502,-93.74198209787336
32.48153190283729,-93.7419729289822
32.481536396319925,-93.74196428967663
32.48154116525053,-93.74195512078428
32.481545934180296,-93.74194595189132
32.48155070310917,-93.74193678299778
32.48155519658872,-93.74192814368979
32.481559965515956,-93.74191897479507
32.481564734442316,-93.74190980589977
32.481569227919586,-93.74190116658994
32.4815739968443,-93.74189199769346
32.48157876576814,-93.74188282879636
32.4815832592431,-93.7418741894847
32.48158802816529,-93.74186502058643
32.48159279708663,-93.74185585168759
32.481597566007075,-93.74184668278815
32.48160205947897,-93.74183804347406
32.48160682839777,-93.74182887457343
32.48161159731571,-93.74181970567221
32.481616090785316,-93.74181106635629
32.48162085970159,-93.7418018974539
32.48162562861702,-93.7417927285509
32.48163012208432,-93.74178408923316
32.48163489099808,-93.74177492032898
32.48163965991099,-93.7417657514242
32.48164480567596,-93.74175585796587
32.48164929914013,-93.74174721864564
32.48165406805047,-93.74173804973901
32.48165883695992,-93.74172888083181
32.4816633,-93.7417203
32.481667219692646,-93.74171113199492
32.481671098648384,-93.74170205926956
32.48167531776509,-93.7416921909184
32.481679196719185,-93.74168311819203
32.48168341583412,-93.74167324983976
32.48168729478659,-93.74166417711244
32.48169117373824,-93.74165510438468
32.481695392850575,-93.74164523603076
32.48169927180059,-93.74163616330202
32.48170315074983,-93.74162709057282
32.48170736985954,-93.74161722221729
32.48171124880713,-93.74160814948712
32.481715467915095,-93.74159828113044
32.48171934686104,-93.74158920839932
32.4817232258062,-93.74158013566773
32.48172744491155,-93.74157026730943
32.48173132385505,-93.74156119457687
32.48173520279778,-93.74155212184385
32.48173942190052,-93.74154225348394
32.48174330084161,-93.74153318074995
32.48174717978188,-93.74152410801553
32.48175139888201,-93.74151423965395
32.48175527782066,-93.74150516691856
32.481759496919025,-93.74149529855589
32.48176337585603,-93.7414862258195
32.481767254792246,-93.74147715308268
32.481771473888,-93.74146728471838
32.481775352822574,-93.74145821198057
32.48177923175635,-93.74144913924233
32.4817834508495,-93.74143927087638
32.481787499999996,-93.74142979999999
32.481788312548986,-93.74141903314701
32.48178906917245,-93.741409007336
32.48178990066333,-93.74139798946499
32.4817906572851,-93.74138796365389
32.481791480834126,-93.74137705099407
32.48179231232219,-93.74136603312279
32.48179306894141,-93.74135600731145
32.48179390042763,-93.74134498944005
32.48179465704516,-93.74133496362866
32.481795480589604,-93.74132405096786
32.48179623720546,-93.74131402515627
32.48179706868799,-93.74130300728454
32.48179782530215,-93.74129298147288
32.481798656782836,-93.74128196360104
32.4817994803227,-93.74127105093926
32.481800236934305,-93.74126102512737
32.48180106841218,-93.74125000725523
32.4818018250221,-93.74123998144327
32.48180265649811,-93.74122896357105
32.48180340516661,-93.74121904296858
32.48180423664077,-93.7412080250961
32.48180506811398,-93.74119700722358
32.48180582471965,-93.74118698141129
32.481806656191004,-93.74117596353867
32.48180740485534,-93.74116604293533
32.481808236324845,-93.74115502506245
32.481808992927164,-93.74114499924993
32.48180982439483,-93.74113398137696
32.48181058099546,-93.74112395556435
32.4818114045217,-93.74111304289968
32.48181223598654,-93.74110202502644
32.481812992584615,-93.74109199921361
32.48181379564547,-93.74108100422798
32.481813648464296,-93.74107100727313
32.48181348625957,-93.74105998993943
32.4818133243584,-93.74104899328908
32.48181317717469,-93.74103899633428
32.481813015271705,-93.74102799968404
32.48181286808634,-93.74101800272932
32.48181270618152,-93.74100700607919
32.48181254427575,-93.74099600942913
32.48181239678331,-93.74098599179035
32.48181223487572,-93.74097499514028
32.48181207296715,-93.74096399849026
32.48181192577673,-93.74095400153575
32.48181176386635,-93.74094300488584
32.481811616674264,-93.74093300793143
32.481811454457485,-93.74092199059672
32.48181129254433,-93.74091099394686
32.48181114534972,-93.74090099699251
32.48181098343473,-93.74089000034276
32.48181083623845,-93.74088000338851
32.48181067432163,-93.74086900673889
32.48181051240386,-93.74085801008933
32.481810364900475,-93.74084799244946
32.481810202980874,-93.74083699579988
32.48181004106032,-93.74082599915037
32.48180989385899,-93.7408160021963
32.48180973193661,-93.74080500554692
32.48180958473361,-93.74079500859298
32.4818094225048,-93.7407839912572
32.48180926057964,-93.74077299460787
32.48180911337411,-93.74076299765395
32.48180895144713,-93.74075200100472
32.48180878951917,-93.74074100435553
32.48180864231112,-93.74073100740179
32.48180848007673,-93.74071999006553
32.48180833286702,-93.74070999311179
32.48180817093542,-93.74069899646273
32.48180800900286,-93.7406879998137
32.48180786179063,-93.7406780028601
32.48180769985625,-93.7406670062112
32.48180755264234,-93.7406570092577
32.481807390401485,-93.74064599192091
32.481807228464326,-93.74063499527207
32.481807081247894,-93.74062499831861
32.48180691930891,-93.74061400166987
32.48180675736896,-93.74060300502119
32.48180661015001,-93.7405930080679
32.481806447903566,-93.74058199073063
32.48180630068294,-93.74057199377734
32.481806138739344,-93.74056099712877
32.481805976794796,-93.74055000048024
32.48180582957164,-93.74054000352709
32.48180566762526,-93.7405290068787
32.48180550567793,-93.74051801023035
32.48180535814756,-93.74050799258784
32.4818051961984,-93.7404969959395
32.481805048971054,-93.7404869989865
32.48180488702007,-93.74047600233827
32.48180472506813,-93.74046500569008
32.48180457783826,-93.74045500873724
32.48180441557978,-93.74044399139892
32.48180426834825,-93.74043399444608
32.48180410639266,-93.74042299779802
32.48180394443611,-93.74041200115
32.48180379720205,-93.74040200419732
32.48180363524367,-93.74039100754942
32.48180347297961,-93.74037999021061
32.481803325743016,-93.74036999325797
32.481803163781855,-93.74035899661013
32.48180301654361,-93.74034899965758
32.48180285458063,-93.74033800300984
32.48180269261668,-93.74032700636216
32.48180254537591,-93.74031700940981
32.481802383105375,-93.74030599207046
32.48180222113865,-93.74029499542283
32.48180207389535,-93.7402849984705
32.4818019119268,-93.74027400182298
32.48180176468183,-93.74026400487074
32.48180160271146,-93.74025300822333
32.48180144043534,-93.74024199088352
32.48180129318786,-93.74023199393135
32.481801131214695,-93.74022099728398
32.481800983965535,-93.7402110003319
32.48180082199055,-93.74020000368466
32.48180066001461,-93.74018900703749
32.48180051276293,-93.74017901008557
32.48180035048036,-93.74016799274519
32.48180018850164,-93.74015699609807
32.48180004124742,-93.74014699914618
32.48179987926687,-93.74013600249918
32.481799732011,-93.74012600554741
32.481799570028635,-93.7401150089005
32.48179940774047,-93.74010399155964
32.48179926048206,-93.7400939946079
32.48179909853099,-93.74008299800573
32.48179894014626,-93.74007200121144
32.48179879615931,-93.74006200412579
32.48179863777275,-93.74005100733163
32.4817984790938,-93.74003999030288
32.48179832070533,-93.74002899350873
32.481798162315904,-93.7400179967146
32.48179801832468,-93.7400079996291
32.48179785993342,-93.73999700283511
32.48179770154121,-93.73998600604115
32.481797543148055,-93.73997500924726
32.48179739886197,-93.73996499192648
32.481797240466975,-93.7399539951326
32.481797082071026,-93.73994299833875
32.48179692367412,-93.73993200154497
32.4817967796761,-93.73992200445977
32.48179662127737,-93.73991100766611
32.481796462586196,-93.73989999063629
32.48179630418556,-93.73988899384261
32.48179616018414,-93.7398789967575
32.48179600178167,-93.73986799996393
32.48179584337824,-93.73985700317043
32.48179568497386,-93.73984600637696
32.481795526568526,-93.73983500958359
32.48179538227133,-93.73982499226172
32.48179522386416,-93.73981399546831
32.48179506545605,-93.73980299867496
32.48179490704697,-93.73979200188168
32.48179476303788,-93.73978200479694
32.481794604626984,-93.73977100800376
32.48179444592359,-93.73975999097287
32.48179428751077,-93.7397489941797
32.48179414349829,-93.73973899709505
32.48179398508365,-93.73972800030197
32.481793826668046,-93.73971700350894
32.4817936682515,-93.739706006716
32.481793509833985,-93.7396950099231
32.481793365525675,-93.73968499260012
32.481793207106335,-93.73967399580721
32.48179304868605,-93.73966299901436
32.48179289026479,-93.73965200222158
32.48179274624465,-93.73964200513727
32.48179258782157,-93.73963100834459
32.481792429105965,-93.73961999131267
32.48179227068098,-93.73960899451998
32.481792126657425,-93.73959899743576
32.4817919682306,-93.73958800064318
32.481791809802836,-93.73957700385067
32.48179165137412,-93.7395660070582
32.48179150734717,-93.73955600997421
32.48179129354892,-93.73954499189524
32.4817910775499,-93.73953399785889
32.481790881186335,-93.73952400328044
32.48179066518548,-93.7395130092442
32.48179044864151,-93.73950198761298
32.48179025227541,-93.73949199303463
32.48179003627177,-93.73948099899853
32.48178983990401,-93.7394710044203
32.48178962389856,-93.73946001038435
32.481789407349964,-93.7394489887528
32.48178921097966,-93.7394389941747
32.48178899497143,-93.73942800013884
32.481788798599474,-93.73941800556086
32.48178858258942,-93.73940701152516
32.48178836603619,-93.7393959898933
32.48178816966171,-93.73938599531542
32.48178795364887,-93.73937500127981
32.48178773763507,-93.7393640072443
32.48178754125806,-93.73935401266665
32.48178732470019,-93.73934299103445
32.481787128321535,-93.73933299645681
32.48178691230408,-93.73932200242146
32.481786696285674,-93.73931100838621
32.48178649936222,-93.73930098621146
32.48178628334199,-93.73928999217625
32.481786086959126,-93.73927999759884
32.48178587093707,-93.73926900356375
32.48178565491405,-93.7392580095288
32.48178545798639,-93.73924798735368
32.481785241961546,-93.73923699331873
32.481785045574505,-93.73922699874154
32.48178482954784,-93.73921600470673
32.48178461352022,-93.739205010672
32.48178441658835,-93.73919498849655
32.48178420055889,-93.73918399446185
32.4817839845285,-93.73917300042721
32.4817837881364,-93.73916300585037
32.48178357210416,-93.73915201181589
32.481783375168085,-93.73914198964009
32.481783159134025,-93.73913099560565
32.48178294309902,-93.73912000157128
32.48178274670273,-93.73911000699465
32.481782530665896,-93.73909901296042
32.4817823337256,-93.7390889907843
32.481782117686926,-93.73907799675011
32.48178190164732,-93.739067002716
32.48178170524683,-93.73905700813961
32.481781488663025,-93.73904598650552
32.481781292260884,-93.73903599192916
32.48178107621762,-93.73902499789521
32.4817808601734,-93.73901400386137
32.481780663768724,-93.73900400928522
32.48178044718029,-93.7389929876508
32.48178023113329,-93.73898199361706
32.481780034726086,-93.73897199904101
32.48177981867726,-93.73896100500743
32.48177962226839,-93.73895101043149
32.48177940567533,-93.73893998879676
32.481779323934646,-93.73892899676483
32.48177925287124,-93.73891899747451
32.48177917470058,-93.73890799825519
32.48177909652897,-93.73889699903592
32.48177902546303,-93.73888699974569
32.48177894728959,-93.73887600052646
32.481778869115196,-93.73886500130727
32.481778798046726,-93.73885500201709
32.4817787198705,-93.73884400279795
32.481778641693325,-93.73883300357883
32.481778570622325,-93.73882300428875
32.48177849237233,-93.73881199508197
32.48177841419236,-93.73880099586282
32.48177834311883,-93.73879099657272
32.48177826493705,-93.7387799973536
32.4817781867543,-93.73876899813453
32.481778115678246,-93.73875899884449
32.48177803749367,-93.73874799962547
32.48177795930815,-93.73873700040647
32.48177788822956,-93.73872700111652
32.4817778100422,-93.73871600189757
32.48177773185388,-93.73870500267869
32.48177766077278,-93.7386950033888
32.48177758258263,-93.73868400416994
32.48177750439154,-93.73867300495111
32.481777433236886,-93.73866299567193
32.48177735504397,-93.73865199645306
32.48177727685008,-93.73864099723419
32.48177720576391,-93.73863099794433
32.4817771275682,-93.73861999872553
32.48177704937154,-93.73860899950675
32.48177697828284,-93.73859900021696
32.48177690008435,-93.73858800099825
32.48177682188491,-93.73857700177956
32.48177675079368,-93.73856700248986
32.4817766725924,-93.73855600327121
32.48177659439017,-93.73854500405261
32.48177652329641,-93.738535004763
32.48177644502132,-93.73852399555352
32.481776366816305,-93.73851299633486
32.48177629572001,-93.7385029970452
32.48177621751317,-93.73849199782661
32.48177613930538,-93.73848099860804
32.48177606820656,-93.73847099931848
32.48177598999693,-93.73846000009996
32.48177591178636,-93.73844900088147
32.481775840685,-93.73843900159197
32.4817757624726,-93.73842800237354
32.48177568425924,-93.73841700315513
32.481775613155364,-93.7384070038657
32.481775534940176,-93.73839600464737
32.481775456652976,-93.73838499543659
32.48177538554656,-93.73837499614713
32.4817753073286,-93.73836399692874
32.48177522910967,-93.73835299771041
32.48177515800072,-93.73834299842099
32.48177507977997,-93.7383319992027
32.48177500155826,-93.73832099998442
32.48177493044679,-93.73831100069512
32.48177485222326,-93.73830000147689
32.481774773998765,-93.7382890022587
32.48177470288476,-93.73827900296948
32.48177462465845,-93.73826800375134
32.48177454643117,-93.73825700453324
32.481774475243554,-93.73824699525008
32.481774397014455,-93.73823599603192
32.481774318784396,-93.73822499681377
32.48177424766533,-93.73821499752458
32.48177416943346,-93.73820399830647
32.48177409120061,-93.73819299908843
32.481774020079015,-93.73818299979932
32.481773941844345,-93.7381720005813
32.48177386360873,-93.73816100136332
32.4817737924846,-93.73815100207428
32.481773714247154,-93.73814000285637
32.48177363600874,-93.73812900363845
32.48177356488209,-93.73811900434949
32.48177348657076,-93.73810799513612
32.48177340832957,-93.7380969959182
32.48177333720039,-93.73808699662918
32.48177325895737,-93.73807599741131
32.4817731807134,-93.73806499819347
32.481773109581695,-93.73805499890453
32.48177303133589,-93.73804399968675
32.48177295308913,-93.73803300046897
32.48177288195489,-93.73802300118011
32.481772803706306,-93.7380120019624
32.48177272545677,-93.73800100274472
32.48177265432,-93.73799100345595
32.48177257606864,-93.73798000423831
32.4817724977452,-93.73796899502366
32.48177242660589,-93.73795899573484
32.48177234835174,-93.73794799651718
32.48177227009664,-93.73793699729954
32.4817721989548,-93.7379269980108
32.48177212069787,-93.73791599879323
32.481772042439985,-93.73790499957566
32.48177197129562,-93.737895000287
32.48177189303591,-93.7378840010695
32.481771814775236,-93.73787300185204
32.48177174362834,-93.73786300256346
32.48177166536585,-93.73785200334603
32.4817715871024,-93.73784100412865
32.48177151595297,-93.73783100484015
32.48177143761655,-93.73781999562408
32.48177135935032,-93.73780899640666
32.48177128819836,-93.7377989971181
32.4817712099303,-93.73778799790075
32.481771131661276,-93.7377769986834
32.481771060506794,-93.73776699939494
32.48177098223595,-93.73775600017764
32.481770903964154,-93.7377450009604
32.481770832807136,-93.737735001672
32.481770754533514,-93.7377240024548
32.481770676258925,-93.73771300323762
32.48177060509938,-93.73770300394929
32.48177052682296,-93.73769200473217
32.481770448474435,-93.73768099551482
32.48177037731235,-93.73767099622647
32.48177029903317,-93.7376599970093
32.48177022075302,-93.73764899779218
32.481770149588414,-93.7376389985039
32.481770071306435,-93.73762799928683
32.481769993023505,-93.73761700006978
32.48176992185637,-93.73760700078158
32.481769843571605,-93.73759600156458
32.481769765285904,-93.73758500234761
32.48176969411623,-93.73757500305952
32.48176961582868,-93.7375640038426
32.48176953754019,-93.73755300462571
32.48176946629681,-93.73754299533586
32.481769388006484,-93.73753199611892
32.4817693097152,-93.73752099690199
32.48176923854047,-93.73751099761391
32.48176916024736,-93.73749999839704
32.4817690819533,-93.73748899918021
32.48176901077605,-93.73747899989219
32.48176893248016,-93.73746800067543
32.4817688541833,-93.73745700145868
32.481768783003524,-93.73744700217074
32.48176870470485,-93.73743600295406
32.48176862640521,-93.73742500373739
32.48176855522291,-93.73741500444952
32.48176847685024,-93.73740399522956
32.481768398813244,-93.73739299672796
32.481768340433256,-93.73738299720691
32.48176827621434,-93.73737199773375
32.481768211994485,-93.73736099826064
32.48176815361197,-93.73735099873964
32.481768089390265,-93.73733999926655
32.48176802516763,-93.7373289997935
32.48176796678258,-93.73731900027256
32.4817679025581,-93.73730800079954
32.481767844171394,-93.73729800127865
32.481767779945095,-93.73728700180567
32.481767715717844,-93.73727600233273
32.4817676573286,-93.73726600281192
32.481767593099526,-93.73725500333902
32.48176752886948,-93.73724400386614
32.481767470429794,-93.73723399613957
32.481767406197925,-93.73722299666662
32.48176734196511,-93.7372119971937
32.481767283570804,-93.73720199767287
32.48176721933616,-93.73719099819998
32.4817671609402,-93.73718099867921
32.48176709670373,-93.73716999920636
32.4817670324663,-93.73715899973355
32.481766974067796,-93.73714900021284
32.48176690982855,-93.73713800074006
32.48176684558834,-93.73712700126731
32.48176678718731,-93.73711700174665
32.481766722945274,-93.73710600227396
32.4817666645426,-93.73709600275335
32.48176660029873,-93.73708500328067
32.481766536053904,-93.73707400380806
32.48176647760075,-93.73706399607981
32.4817664133541,-93.73705299660712
32.48176634910649,-93.73704199713443
32.48176629069875,-93.73703199761383
32.481766226449324,-93.73702099814118
32.48176616803991,-93.73701099862062
32.48176610378865,-93.73699999914801
32.48176603953644,-93.73698899967545
32.48176598112451,-93.73697900015496
32.481765916870465,-93.73696800068242
32.48176585261546,-93.73695700120993
32.48176579420101,-93.73694700168949
32.481765729944186,-93.73693600221704
32.4817656656864,-93.73692500274458
32.48176560726941,-93.7369150032242
32.4817655430098,-93.73690400375182
32.48176548454319,-93.73689399602193
32.48176542028175,-93.73688299654947
32.481765356019366,-93.73687199707702
32.48176529759818,-93.73686199755663
32.48176523333396,-93.73685099808422
32.48176516906879,-93.73683999861186
32.48176511064508,-93.73682999909153
32.48176504637807,-93.7368189996192
32.4817649879527,-93.73680900009892
32.48176492368387,-93.73679800062662
32.4817648594141,-93.73678700115438
32.48176480098619,-93.73677700163415
32.48176473671458,-93.73676600216194
32.48176467244202,-93.73675500268975
32.48176461401158,-93.73674500316959
32.48176454973719,-93.73673400369742
32.481764485413855,-93.73672299601385
32.48176442698089,-93.73671299649364
32.481764362703714,-93.73670199702144
32.48176430426909,-93.73669199750128
32.48176423999009,-93.73668099802913
32.48176417571014,-93.736669998557
32.48176411727298,-93.7366599990369
32.481764052991196,-93.7366489995648
32.48176398870846,-93.73663800009273
32.48176393026877,-93.7366280005727
32.48176386598421,-93.73661700110068
32.48176380754286,-93.73660700158068
32.481763743256465,-93.73659600210871
32.48176367896911,-93.73658500263676
32.48176362052524,-93.73657500311683
32.48176355623606,-93.73656400364492
32.48176349189793,-93.73655299595968
32.481763433451526,-93.7365429964397
32.481763369159566,-93.73653199696773
32.4817633107115,-93.73652199744778
32.481763246417714,-93.73651099797586
32.48176318212297,-93.73649999850399
32.48176312367237,-93.73648999898411
32.48176305937581,-93.73647899951226
32.48176299507828,-93.73646800004043
32.48176293662515,-93.7364580005206
32.4817628723258,-93.73644700104884
32.48176280802549,-93.73643600157709
32.481762749569846,-93.73642600205733
32.481762685267704,-93.7364150025856
32.481762626810394,-93.73640500306591
32.48176256250643,-93.73639400359424
32.48176249815348,-93.73638299590736
32.48176243969363,-93.7363729963876
32.48176237538689,-93.73636199691586
32.481762311079194,-93.73635099744418
32.481762252616804,-93.73634099792447
32.48176218830728,-93.73632999845283
32.48176212984325,-93.73631999893318
32.48176206553189,-93.73630899946157
32.481762001219586,-93.73629799998997
32.48176194275302,-93.73628800047038
32.48176187843888,-93.73627700099885
32.481761814123786,-93.73626600152733
32.481761755654695,-93.73625600200779
32.48176169133777,-93.73624500253632
32.48176162701989,-93.7362340030649
32.48176156854827,-93.73622400354543
32.481761504228565,-93.73621300407402
32.48176144570723,-93.73620299633734
32.4817613813857,-93.73619199686587
32.48176131706322,-93.73618099739443
32.481761258587404,-93.73617099787492
32.481761194263086,-93.73615999840354
32.48176112993782,-93.73614899893214
32.48176107145947,-93.73613899941272
32.48176100713238,-93.73612799994137
32.481760948652365,-93.73611800042201
32.48176088432345,-93.73610700095071
32.481760819993575,-93.73609600147944
32.48176076151104,-93.73608600196013
32.48176069717933,-93.7360750024889
32.48176063284667,-93.7360640030177
32.48176057436161,-93.73605400349845
32.481760510027115,-93.7360430040273
32.48176045149232,-93.73603299628896
32.481760387156,-93.73602199681773
32.48176032281873,-93.73601099734651
32.48176026432948,-93.73600099782725
32.481760199995946,-93.73598999893353
32.48176015825651,-93.7359789991561
32.481760120310746,-93.73596899935843
32.48176007856949,-93.735957999581
32.48176003682728,-93.7359469998036
32.48175999887899,-93.73593700000599
32.481759957134955,-93.73592600022862
32.48175991538995,-93.73591500045124
32.48175987743913,-93.73590500065366
32.48175983569231,-93.73589400087634
32.481759793944526,-93.73588300109903
32.48175975599118,-93.73587300130147
32.48175971424157,-93.73586200152418
32.481759672491,-93.73585100174692
32.481759634535116,-93.73584100194941
32.48175959278273,-93.73583000217218
32.48175955102938,-93.73581900239495
32.481759513070976,-93.73580900259748
32.481759471295554,-93.73579799748588
32.481759429539416,-93.73578699770856
32.48175939157847,-93.73577699791103
32.481759349820514,-93.73576599813374
32.481759308061605,-93.7357549983565
32.48175927009813,-93.73574499855899
32.48175922833739,-93.73573399878175
32.48175919037225,-93.73572399898431
32.48175914860968,-93.73571299920711
32.48175910684616,-93.73570199942993
32.481759068878496,-93.73569199963248
32.481759027113156,-93.73568099985533
32.48175898534685,-93.73567000007819
32.48175894737665,-93.7356600002808
32.48175890560852,-93.73564900050368
32.48175886383944,-93.7356380007266
32.481758825866706,-93.73562800092925
32.481758784095796,-93.73561700115219
32.48175874232392,-93.73560600137513
32.48175870434867,-93.73559600157782
32.48175866257497,-93.73558500180081
32.48175862080032,-93.7355740020238
32.48175858282253,-93.73556400222652
32.481758541046055,-93.73555300244955
32.48175849924834,-93.73554199733532
32.48175846126803,-93.73553199753799
32.48175841948876,-93.73552099776093
32.48175837770854,-93.73550999798388
32.481758339725694,-93.7354999981866
32.48175829794365,-93.7354889984096
32.481758256160646,-93.73547799863259
32.48175821817527,-93.73546799883533
32.48175817639044,-93.73545699905836
32.481758134604654,-93.73544599928141
32.481758096616744,-93.73543599948421
32.48175805482913,-93.73542499970729
32.48175801304057,-93.73541399993039
32.48175797505014,-93.7354040001332
32.48175793325973,-93.73539300035632
32.48175789146838,-93.73538200057948
32.481757853475415,-93.73537200078235
32.481757811682236,-93.7353610010055
32.4817577698881,-93.73535000122868
32.48175773189261,-93.73534000143158
32.481757690096636,-93.7353290016548
32.48175764829972,-93.73531800187804
32.48175761030169,-93.735308002081
32.48175756850295,-93.73529700230424
32.481757526703255,-93.73528600252752
32.481757488682405,-93.73527599739027
32.48175744688087,-93.73526499761346
32.48175740887865,-93.73525499781636
32.4817573670753,-93.73524399803955
32.48175732527098,-93.73523299826279
32.481757287266234,-93.73522299846573
32.48175724546011,-93.735211998689
32.48175720365301,-93.73520099891225
32.481757165645725,-93.73519099911525
32.48175712383681,-93.73517999933853
32.48175708202694,-93.73516899956185
32.48175704401713,-93.73515899976488
32.48175700220543,-93.73514799998821
32.48175696039276,-93.73513700021158
32.48175692238043,-93.73512700041465
32.48175688056593,-93.73511600063804
32.481756838750485,-93.73510500086144
32.48175680073562,-93.73509500106455
32.48175675891835,-93.73508400128797
32.48175671710012,-93.73507300151142
32.48175667908273,-93.73506300171456
32.48175663726268,-93.73505200193804
32.48175659544167,-93.73504100216152
32.48175655742174,-93.73503100236472
32.4817565155989,-93.73502000258826
32.481756665627586,-93.73500898873917
32.48175690508253,-93.73499899680343
32.48175716848205,-93.73498800567403
32.481757432687026,-93.7349769808945
32.481757672139445,-93.7349669889586
32.48175793553619,-93.73495599782906
32.48175819893197,-93.73494500669939
32.481758439188255,-93.7349349811137
32.48175870258221,-93.73492398998398
32.48175896597522,-93.73491299885417
32.48175920542258,-93.73490300691789
32.48175946962013,-93.73489198213879
32.48175970906583,-93.73488199020247
32.48175997245519,-93.7348709990724
32.481760235843595,-93.73486000794225
32.48176047609311,-93.73484998235703
32.481760739479675,-93.73483899122681
32.481761002865305,-93.73482800009647
32.48176124230595,-93.73481800815975
32.48176150649607,-93.73480698338112
32.4817617698789,-93.73479599225064
32.481762009317016,-93.73478600031376
32.48176227269804,-93.73477500918308
32.48176253688439,-93.73476398440467
32.48176277631998,-93.73475399246765
32.48176303969821,-93.73474300133682
32.481763303075496,-93.7347320102059
32.48176354331483,-93.73472198462143
32.48176380669029,-93.73471099349045
32.481764070064784,-93.73470000235938
32.48176430949532,-93.73469001042194
32.48176457367423,-93.73467898564395
32.48176483704595,-93.73466799451273
32.481765076473955,-93.73465800257515
32.481765339843854,-93.73464701144374
32.48176560401902,-93.73463598666596
32.4817658434445,-93.73462599472826
32.481766106811605,-93.73461500359669
32.48176634623542,-93.7346050116588
32.48176661040692,-93.73459398688126
32.48176687377125,-93.73458299574952
32.48176711319254,-93.7345730038115
32.48176737655504,-93.73456201267958
32.48176764072278,-93.73455098790225
32.48176788014154,-93.73454099596408
32.48176814350127,-93.73453000483201
32.48176841238212,-93.73451902620837
32.481768911292235,-93.73450799436232
32.48176936224066,-93.73449802302163
32.48176986114895,-93.73448699117557
32.48177035719035,-93.73447602270056
32.4817708532308,-93.73446505422538
32.48177135213619,-93.73445402237927
32.48177180308037,-93.73444405103798
32.481772301983916,-93.73443301919187
32.48177279802064,-93.73442205071622
32.48177329692226,-93.7344110188701
32.48177379295708,-93.73440005039421
32.48177424676281,-93.73439001568231
32.481774742795814,-93.73437904720619
32.48177524169365,-93.7343680153601
32.48177569263105,-93.73435804401797
32.481776191527054,-93.73434701217187
32.48177668755631,-93.73433604369528
32.48177714135695,-93.73432600898344
32.48177763738438,-93.73431504050663
32.48177813627661,-93.73430400866054
32.48177858720896,-93.73429403731778
32.481779086099344,-93.73428300547171
32.48177958212306,-93.73427203699443
32.48178003591858,-93.73426200228266
32.48178053194047,-93.73425103380515
32.481781030827094,-93.7342400019591
32.48178148175439,-93.73423003061566
32.481781980639155,-93.7342189987696
32.48178247665732,-93.73420803029164
32.48178293044772,-93.73419799557995
32.48178342646407,-93.73418702710177
32.48178392534506,-93.7341759952557
32.48178437626732,-93.73416602391167
32.48178487514647,-93.73415499206561
32.481785371159084,-93.73414402358695
32.481785824944374,-93.73413398887533
32.48178632095517,-93.73412302039644
32.481786774738794,-93.73411298568486
32.48178727074775,-93.73410201720574
32.48178776962129,-93.7340909853597
32.48178822053685,-93.73408101401483
32.481788719408534,-93.73406998216882
32.48178952080162,-93.73405894753866
32.48179037049546,-93.7340480405608
32.48179122864489,-93.73403702503138
32.48179200954867,-93.73402700104536
32.48179286769625,-93.7340159855158
32.48179372584285,-93.73400496998617
32.48179458398849,-93.73399395445648
32.48179543367672,-93.73398304747738
32.48179629182043,-93.73397203194742
32.481797072719004,-93.73396200796101
32.481797930860864,-93.73395099243092
32.48179878900175,-93.73393997690077
32.48179964714168,-93.73392896137055
32.4818004968243,-93.73391805439022
32.4818013549623,-93.73390703885971
32.48180213585567,-93.73389701487287
32.48180299399181,-93.73388599934225
32.48180385212699,-93.73387498381156
32.48180470807598,-93.73386397375644
32.48181399962721,-93.73386396414024
32.48182299826054,-93.73386383267773
32.48183199689388,-93.7338637012152
32.48184099552722,-93.73386356975264
32.48185000455481,-93.7338634381382
32.48185900318815,-93.73386330667559
32.48186900166964,-93.73386316060598
32.48187800030297,-93.73386302914331
32.481886998936304,-93.73386289768062
32.48189599756964,-93.7338627662179
32.48190499620297,-93.73386263475516
32.48191399483632,-93.73386250329237
32.4819230038639,-93.73386237167773
32.48193200249724,-93.7338622402149
32.48194200097871,-93.73386209414505
32.481950999612046,-93.73386196268218
32.48195999824539,-93.73386183121927
32.48196899687872,-93.73386169975633
32.48197799551205,-93.73386156829338
32.48198700453963,-93.73386143667854
32.481996003172966,-93.73386130521553
32.4820050018063,-93.73386117375247
32.482015000287774,-93.73386102768241
32.482023998921115,-93.73386089621931
32.48203299755444,-93.73386076475619
32.482041996187775,-93.73386063329305
32.4820509948211,-93.73386050182987
32.482060003848694,-93.73386037021481
32.48206900248203,-93.73386023875159
32.48207900123284,-93.73386009039321
32.48208699914216,-93.73385993710251
32.48209599679016,-93.73385976465046
32.482104994438146,-93.73385959219836
32.4821140057212,-93.7338594194849
32.48212300336919,-93.73385924703274
32.48213200101718,-93.73385907458054
32.482140998665166,-93.7338589021283
32.48214999631315,-93.73385872967604
32.48215799422246,-93.73385857638512
32.482167005505524,-93.73385840367145
32.48217600315352,-93.73385823121909
32.4821850008015,-93.73385805876667
32.48219399844948,-93.73385788631425
32.48220299609746,-93.73385771386178
32.482211993745445,-93.73385754140928
32.4822210050285,-93.7338573686954
32.48223000267649,-93.73385719624282
32.4822380005858,-93.73385704295163
32.482246998233784,-93.73385687049898
32.482255995881765,-93.73385669804631
32.48226499352975,-93.73385652559361
32.482274004812794,-93.73385635287953
32.482283002460775,-93.73385618042676
32.48229200010876,-93.73385600797394
32.48230099775674,-93.7338558355211
32.48230899566605,-93.73385568222965
32.48231799331403,-93.73385550977675
32.48232700459707,-93.73385533706248
32.48233600224504,-93.7338551646095
32.48234499989302,-93.73385499215648
32.48235399754101,-93.73385481970344
32.482362995188986,-93.73385464725035
32.48237200647202,-93.73385447453589
32.48238100411999,-93.73385430208275
32.4823890020293,-93.73385414879102
32.48239799967729,-93.73385397633781
32.482406997325256,-93.73385380388456
32.48241599474868,-93.73385362631608
32.48242500630061,-93.73385344835056
32.482434003803576,-93.73385327066245
32.48244300130656,-93.73385309297431
32.48245199880953,-93.73385291528614
32.482460996312504,-93.73385273759791
32.48246999381547,-93.73385255990966
32.482479005367395,-93.73385238194393
32.482488002870376,-93.73385220425561
32.48249700037334,-93.73385202656726
32.48250599787632,-93.73385184887887
32.48251499537928,-93.73385167119044
32.4825240069312,-93.73385149322452
32.48253300443418,-93.73385131553603
32.482542001937155,-93.7338511378475
32.482550999440114,-93.73385096015893
32.48255999694308,-93.73385078247033
32.48256899444606,-93.7338506047817
32.48257800599797,-93.73385042681555
32.48258700350094,-93.73385024912685
32.48259600100392,-93.7338500714381
32.48260499850687,-93.73384989374932
32.482613996009846,-93.7338497160605
32.4826229935128,-93.73384953837166
32.48263200506472,-93.73384936040532
32.48264100256769,-93.73384918271638
32.48265000007065,-93.73384900502742
32.482658997573616,-93.73384882733843
32.482667995076575,-93.7338486496494
32.482677006628485,-93.73384847168289
32.482686004597525,-93.73384829328991
32.48269500149067,-93.7338480950943
32.482702998729025,-93.7338479189204
32.48271199562217,-93.73384772072474
32.482720992515304,-93.73384752252902
32.482730005078736,-93.73384732398806
32.48273900197188,-93.73384712579227
32.48274699921024,-93.73384694961818
32.48275599610337,-93.73384675142232
32.48276499299651,-93.73384655322641
32.48277400555994,-93.73384635468526
32.482783002453075,-93.73384615648926
32.482790999691424,-93.73384598031502
32.48279999658456,-93.73384578211896
32.482808993477704,-93.73384558392287
32.48281800604113,-93.73384538538151
32.48282700293427,-93.73384518718534
32.482835999987095,-93.73384499698845
32.48284599972894,-93.73384493675728
32.48285599947078,-93.73384487652609
32.482865999212635,-93.73384481629489
32.482875998954476,-93.73384475606368
