30.229746047364447,-92.02961290777777
30.229749957416267,-92.02960397119413
30.229754618166123,-92.02959474170758
30.229759024294957,-92.02958601643437
30.229763685043203,-92.0295767869468
30.22976809117057,-92.02956806167252
30.22977275191722,-92.02955883218394
30.229777158043127,-92.02955010690857
30.22978181878819,-92.02954087741895
30.229786224912615,-92.02953215214252
30.22979088565608,-92.02952292265188
30.229795291779055,-92.0295141973744
30.22979995252092,-92.02950496788272
30.22980435864244,-92.02949624260414
30.2298090193827,-92.02948701311146
30.229813049098066,-92.02947903321244
30.229817709836777,-92.02946980371878
30.229822115955415,-92.02946107843815
30.22982677669253,-92.02945184894347
30.229831182809704,-92.02944312366176
30.229835843545217,-92.02943389416606
30.229840249660935,-92.02942516888328
30.229844910394856,-92.02941593938655
30.2298493165091,-92.02940721410272
30.22985397724142,-92.02939798460496
30.22985838335421,-92.02938925932004
30.229863044084926,-92.02938002982125
30.229867450196256,-92.02937130453527
30.229872110925367,-92.02936207503546
30.22987651703524,-92.0293533497484
30.229881177762756,-92.02934412024757
30.229885462085562,-92.02933563612795
30.229889868193247,-92.02932691083937
30.22989452891839,-92.02931768133709
30.22989893502461,-92.02930895604744
30.229903595748144,-92.02929972654412
30.229908001852916,-92.0292910012534
30.229912662574854,-92.02928177174904
30.229917068678155,-92.02927304645726
30.22992172939849,-92.0292638169519
30.229926135500328,-92.02925509165905
30.22993079621908,-92.02924586215265
30.229935202319446,-92.02923713685873
30.229939863036588,-92.0292279073513
30.2299442691355,-92.02921918205631
30.229948929851044,-92.02920995254784
30.229953335948494,-92.02920122725179
30.229957620259366,-92.02919274312512
30.22996202635541,-92.02918401782807
30.2299666870678,-92.02917478831762
30.22997109316238,-92.0291660630195
30.229975753873173,-92.02915683350804
30.22998015996629,-92.02914810820884
30.229984820675487,-92.02913887869636
30.229989226767135,-92.02913015339607
30.229993887474734,-92.02912092388257
30.229998293564925,-92.02911219858123
30.230002954270923,-92.0291029690667
30.230007360359643,-92.02909424376429
30.23001202106405,-92.02908501424872
30.230016427151302,-92.02907628894525
30.230021087854105,-92.02906705942864
30.230025493939912,-92.0290583341241
30.230029778238855,-92.02904984999039
30.23003418432323,-92.02904112468485
30.23003884502289,-92.02903189516626
30.23004325110583,-92.02902316985966
30.23004791180387,-92.02901394034005
30.230052317885338,-92.02900521503237
30.23005697858179,-92.02899598551174
30.23006163927741,-92.0289867559906
30.230066045356654,-92.02897803068132
30.230070706050657,-92.02896880115917
30.23007511212845,-92.02896007584883
30.23007977282086,-92.02895084632564
30.23008417889718,-92.02894212101423
30.230088839588003,-92.02893289149
30.23009324566285,-92.02892416617755
30.230097906352082,-92.0289149366523
30.230101936024013,-92.02890695672374
30.23010659671169,-92.02889772719755
30.230111002783662,-92.028889001883
30.230115663469743,-92.02887977235578
30.230120069540252,-92.02887104704016
30.23012473022473,-92.0288618175119
30.230129136293783,-92.02885309219522
30.23013379697665,-92.02884386266595
30.230138203044252,-92.02883513734818
30.230142863725522,-92.02882590781789
30.23014726979165,-92.02881718249907
30.23015193047133,-92.02880795296772
30.230156336453,-92.02879922791442
30.23016100217621,-92.02879000147418
30.230165412746324,-92.02878127959569
30.23017007846793,-92.02877205315443
30.230174744188705,-92.02876282671265
30.2301791547566,-92.02875410483259
30.230183820475776,-92.02874487838977
30.2301882310422,-92.02873615650863
30.23019289675978,-92.02872693006479
30.230197307324747,-92.02871820818258
30.230201973040728,-92.02870898173772
30.230206383604234,-92.02870025985443
30.230211049318612,-92.02869103340853
30.23021571503216,-92.02868180696215
30.230220125593444,-92.02867308507726
30.23022479130539,-92.02866385862986
30.230229201865217,-92.0286551367439
30.23023386757557,-92.02864591029544
30.230238278133925,-92.02863718840842
30.230242943842672,-92.02862796195892
30.23024735439957,-92.02861924007085
30.23025202010672,-92.02861001362032
30.230256685813043,-92.02860078716931
30.230261096367713,-92.02859206527962
30.23026576207244,-92.02858283882757
30.230270172625644,-92.02857411693682
30.230274838328768,-92.02856489048375
30.23027924888052,-92.02855616859189
30.230283914582042,-92.02854694213782
30.23028832513233,-92.02853822024488
30.230292990832258,-92.02852899378978
30.230297656531356,-92.02851976733415
30.230302067079425,-92.02851104543961
30.230306732776903,-92.02850181898297
30.230311519984188,-92.02849235223744
30.230316185680024,-92.02848312577969
30.230320596225123,-92.02847440388298
30.23032526191936,-92.02846517742418
30.23032992761276,-92.0284559509649
30.23033433815564,-92.02844722906659
30.230339003847455,-92.02843800260625
30.230343414388862,-92.02842928070687
30.230348080079068,-92.02842005424553
30.23035249061902,-92.02841133234507
30.230357156307637,-92.02840210588269
30.230361566846124,-92.02839338398115
30.230366232533132,-92.02838415751776
30.230370898219306,-92.02837493105386
30.230375308755573,-92.02836620915073
30.230379974440158,-92.02835698268579
30.23038438497496,-92.02834826078158
30.230389050657937,-92.02833903431564
30.23039346119128,-92.02833031241035
30.230398126872668,-92.02832108594336
30.23040253740454,-92.02831236403702
30.230407203084333,-92.02830313756898
30.23041186876328,-92.02829391110046
30.230416279292943,-92.02828518919253
30.23042094497029,-92.02827596272299
30.230425355498483,-92.02826724081396
30.230430021174243,-92.02825801434338
30.230434431700974,-92.0282492924333
30.230439097375132,-92.02824006596168
30.230443507900404,-92.02823134405054
30.230448173572956,-92.0282221175779
30.230452839244684,-92.02821289110474
30.230457249767728,-92.028204169192
30.230461915437854,-92.02819494271783
30.23046632595944,-92.028186220804
30.230470991627968,-92.02817699432882
30.230475402148098,-92.02816827241391
30.230480067815016,-92.02815904593768
30.23048447833369,-92.02815032402171
30.230489143999012,-92.02814109754446
30.2304938096635,-92.0281318710667
30.230498220179953,-92.02812314914912
30.230502885842846,-92.02811392267034
30.2305076730163,-92.02810445589878
30.230512338677546,-92.0280952294189
30.23051674919101,-92.02808650749911
30.230521414850656,-92.02807728101821
30.230526080509467,-92.0280680545368
30.230530491020723,-92.02805933261541
30.230535156677927,-92.02805010613297
30.230539567187716,-92.02804138421051
30.23054423284333,-92.02803215772704
30.230548643351646,-92.02802343580353
30.230553309005664,-92.02801420931902
30.230557719512525,-92.02800548739444
30.23056238516494,-92.0279962609089
30.23056705081653,-92.02798703442286
30.230571461321166,-92.02797831249669
30.230576126971147,-92.02796908600962
30.230580224027026,-92.027960116002
30.230583789828216,-92.0279508911723
30.230587188855264,-92.0279420977899
30.230590754654955,-92.02793287295952
30.23059415368062,-92.02792407957634
30.23059723062728,-92.02791611941954
30.230600796424813,-92.02790689458814
30.230604195448493,-92.02789810120382
30.23060776124452,-92.0278888763717
30.23061071783879,-92.02787889136904
30.23061360440879,-92.02786884769898
30.230616391352836,-92.02785915066922
30.230619277921196,-92.02784910699849
30.230622164488707,-92.02783906332745
30.230625051055377,-92.0278290196561
30.230627937621197,-92.02781897598443
30.230630824186168,-92.0278089323125
30.230633710750283,-92.02779888864025
30.23063659731357,-92.02778884496767
30.23063796328227,-92.02777799611796
30.23063882427953,-92.02776708714835
30.23063969355135,-92.0277560733268
30.230640562822238,-92.02774505950521
30.23064135382001,-92.0277350374081
30.23064222308912,-92.02772402358637
30.230643092357305,-92.02771300976458
30.23064396162455,-92.02770199594273
30.230644830890878,-92.02769098212079
30.230645700156266,-92.02767996829878
30.23064649114902,-92.02766994620137
30.23064641490085,-92.02765898095268
30.230646072731997,-92.02764899666101
30.230645728991533,-92.0276389665332
30.230645386821163,-92.02762898224164
30.23064501043289,-92.02761799952106
30.230644666690058,-92.02760796939317
30.230644324517336,-92.0275979851018
30.230643948126463,-92.02758700238147
30.230643604381278,-92.02757697225347
30.2306432622062,-92.02756698796237
30.230642920030373,-92.02755700367133
30.230642542065176,-92.0275459751142
30.230642199887757,-92.02753599082328
30.230641857709582,-92.02752600653248
30.230641513959718,-92.02751597640435
30.23064113756201,-92.02750499368459
30.230640795381483,-92.027495009394
30.23064045162925,-92.02748497926575
30.230640109447208,-92.02747499497528
30.230639733046086,-92.02746401225589
30.230639389291476,-92.02745398212755
30.23063904710708,-92.02744399783731
30.230638670703375,-92.02743301511815
30.230638326946398,-92.02742298498971
30.230637984759653,-92.0274130006997
30.23063764257216,-92.02740301640979
30.230637264594016,-92.02739198785227
30.230636922404926,-92.02738200356247
30.23063657864404,-92.02737197343384
30.23063623645344,-92.02736198914415
30.230635860042884,-92.0273510064256
30.230635516279627,-92.02734097629691
30.230635174086675,-92.02733099200744
30.230634831892953,-92.02732100771807
30.230634453907914,-92.02730997916034
30.23063411171261,-92.02729999487107
30.230633755589853,-92.0272900164566
30.23063320118076,-92.02727898645408
30.230632700238008,-92.02726902018362
30.230632195921533,-92.02725898680816
30.230631694977262,-92.0272490205379
30.23063114056472,-92.02723799053543
30.230630639618866,-92.02722802426538
30.23063013529925,-92.02721799088994
30.23062963435189,-92.02720802462011
30.230629079935884,-92.02719699461768
30.230628578986927,-92.02718702834807
30.230628074664168,-92.02717699497262
30.230627573713708,-92.02716702870323
30.23062701929425,-92.02715599870086
30.230626518342195,-92.02714603243166
30.230626014016295,-92.02713599905624
30.23062550968962,-92.02712596568075
30.23062495863981,-92.02711500278492
30.230624454311528,-92.02710496940946
30.230623953355604,-92.02709500314074
30.230623449025796,-92.0270849697653
30.230622897972573,-92.02707400686992
30.23062239524826,-92.02706397917714
30.230622002779437,-92.02705399985358
30.23062157106286,-92.0270430225978
30.23062117652479,-92.02703299070009
30.23062078405362,-92.02702301137678
30.23062035026677,-92.02701198154672
30.230619957794005,-92.02700200222357
30.230619526073102,-92.02699102496823
30.230619131531046,-92.02698099307045
30.230618739055934,-92.02697101374756
30.23061830526472,-92.02695998391742
30.230617912788016,-92.0269500045947
30.230617478995025,-92.0269389747645
30.230617086516734,-92.02692899544192
30.230616694037682,-92.02691901611946
30.230616260242094,-92.02690798628927
30.23061586776145,-92.02689800696695
30.23061543396409,-92.0268869771367
30.230615041481855,-92.02687699781454
30.23061464899887,-92.02686701849247
30.2306142151989,-92.02685598866222
30.230613822714318,-92.02684600934035
30.230613388912587,-92.02683497951003
30.23061299642641,-92.02682500018828
30.230612603939477,-92.02681502086665
30.23061217013514,-92.02680399103632
30.230611777646626,-92.02679401171484
30.23061134384051,-92.02678298188447
30.230610951350396,-92.02677300256315
30.230610558859528,-92.02676302324194
30.230610125050813,-92.02675199341157
30.230609732558342,-92.0267420140905
30.23060929874786,-92.02673098426006
30.230608906253813,-92.02672100493916
30.23060851375901,-92.02671102561837
30.230608079945917,-92.02669999578792
30.230607687449506,-92.02669001646728
30.23060729288441,-92.02667998456884
30.230606861136657,-92.02666900731629
30.23060646656994,-92.02665897541777
30.230606034820447,-92.0266479981654
30.230605642320107,-92.02663801884519
30.230605247751022,-92.02662798694664
30.230604815998934,-92.02661700969456
30.230604421428247,-92.02660697779595
30.230603989674403,-92.02659600054403
30.230603597170127,-92.02658602122423
30.230603202597067,-92.0265759893256
30.230602770840648,-92.02656501207396
30.230602376265978,-92.02655498017525
30.230601944507804,-92.02654400292379
30.230601551999584,-92.02653402360441
30.23060115742254,-92.02652399170564
30.23060072566179,-92.02651301445448
30.23060033108314,-92.02650298255567
30.23059989932063,-92.02649200530468
30.230599506808474,-92.02648202598573
30.23059911222745,-92.02647199408685
30.230598680462368,-92.02646101683615
30.230598285879726,-92.02645098493723
30.230597854112894,-92.02644000768669
30.23059745952865,-92.0264299757877
30.23059706701179,-92.02641999646919
30.23059663524237,-92.02640901921895
30.230596240655753,-92.02639898731992
30.230595808884583,-92.02638801006984
30.230595414296356,-92.02637797817074
30.230595021775553,-92.02636799885265
30.230594590001804,-92.02635702160289
30.230594195411204,-92.02634698970374
30.23059380288806,-92.02633701038589
30.2305933690435,-92.02632598055492
30.23059297651876,-92.02631600123723
30.230592544740677,-92.02630502398793
30.2305921501461,-92.0262949920887
30.230591757619006,-92.02628501277128
30.23059132377007,-92.02627398294022
30.230590931241395,-92.02626400362297
30.230590499458977,-92.0262530263741
30.230590104860415,-92.02624299447476
30.23058971232939,-92.02623301515777
30.230589278476078,-92.02622198532667
30.23058888594346,-92.02621200600981
30.23058845208838,-92.02620097617869
30.23058805955417,-92.02619099686198
30.2305876670192,-92.02618101754541
30.23058723316151,-92.02616998771424
30.230586840624945,-92.02616000839782
30.230586406765493,-92.0261489785666
30.23058601422735,-92.02613899925034
30.230585621688444,-92.02612901993417
30.230585187826378,-92.02611799010293
30.230584795285875,-92.02610801078693
30.230584361422046,-92.02609698095566
30.230583968879966,-92.02608700163982
30.230583576337118,-92.02607702232407
30.23058314247068,-92.02606599249278
30.230582749926242,-92.0260560131772
30.23058231605803,-92.02604498334586
30.230581923512,-92.0260350040304
30.230581530965217,-92.02602502471511
30.230581097094404,-92.02601399488375
30.23058070454603,-92.02600401556857
30.230580318806574,-92.02599298508514
30.23057997013461,-92.0259830013972
30.230579586594587,-92.0259720193406
30.230579236289813,-92.0259619889455
30.230578852748035,-92.02595100688902
30.23057850244165,-92.02594097649381
30.23057811889811,-92.02592999443746
30.230577770221373,-92.02592001075
30.230577385044832,-92.02590898198595
30.23057703636651,-92.02589899829862
30.230576652819476,-92.02588801624266
30.230576302508275,-92.02587798584729
30.230575918959488,-92.02586700379146
30.23057557027798,-92.02585702010445
30.23057518509614,-92.02584599134029
30.230574836413034,-92.02583600765342
30.230574451229433,-92.02582497888918
30.230574067676226,-92.02581399683376
30.230573718990698,-92.02580401314711
30.2305733338044,-92.0257929843828
30.230572985117284,-92.02578300069631
30.230572601560578,-92.02577201864125
30.230572251240506,-92.02576198824552
30.23057186768204,-92.02575100619062
30.230571518991745,-92.02574102250442
30.230571133800144,-92.02572999374001
30.230570785108256,-92.02572001005397
30.230570399914885,-92.02570898128948
30.230570051221395,-92.02569899760354
30.230569667657686,-92.02568801554914
30.230569317331188,-92.02567798515314
30.23056893376573,-92.02566700309889
30.23056858506906,-92.0256570194133
30.230568199870397,-92.02564599064867
30.230567851172143,-92.02563600696323
30.230567465971717,-92.02562497819851
30.230567085272927,-92.02561399665784
30.230566793022103,-92.0256040081123
30.23056649962506,-92.02559398041761
30.230566178147438,-92.02558299301764
30.230565885894258,-92.0255730044723
30.230565593640325,-92.02556301592706
30.23056527101464,-92.0255519893777
30.23056497875911,-92.02554200083253
30.230564686502824,-92.02553201228746
30.23056436387453,-92.02552098573797
30.23056407161665,-92.02551099719298
30.230563779358015,-92.02550100864809
30.230563456727115,-92.02548998209848
30.23056316446688,-92.02547999355367
30.230562872205887,-92.02547000500894
30.230562550717927,-92.02545901760985
30.230562257309803,-92.02544898991457
30.23056193582008,-92.02543800251557
30.23056164355591,-92.02542801397114
30.230561350145422,-92.02541798627571
30.230561028653117,-92.02540699887692
30.23056073638659,-92.02539701033264
30.23056044297373,-92.02538698263707
30.23056012147884,-92.02537599523846
30.230559829209966,-92.02536600669438
30.230559536940323,-92.02535601815036
30.23055921429725,-92.02534499160026
30.230558922026024,-92.02533500305634
30.230558629754032,-92.02532501451249
30.230558307108357,-92.02531398796226
30.23055801483477,-92.02530399941853
30.230557693332962,-92.0252930120205
30.230557399912144,-92.0252829843245
30.230557107636223,-92.02527299578094
30.230556786131817,-92.0252620083831
30.230556492708637,-92.02525198068697
30.230556200430357,-92.02524199214359
30.23055587892337,-92.02523100474596
30.230555586643497,-92.02522101620274
30.230555293217183,-92.02521098850644
30.230554971707612,-92.02520000110901
30.23055467942539,-92.02519001256597
30.230554385996715,-92.02517998486957
30.230554064484554,-92.0251689974723
30.23055377219997,-92.02515900892944
30.230553449540345,-92.02514798237861
30.23055315725418,-92.02513799383583
30.230552864967244,-92.02512800529313
30.23055254345076,-92.02511701789628
30.23055225001649,-92.02510699019959
30.23055195772721,-92.02509700165706
30.23055163620814,-92.0250860142604
30.230551342771506,-92.02507598656355
30.230551050479875,-92.0250659980212
30.23055072895821,-92.02505501062474
30.2305504355192,-92.02504498292778
30.23055014322522,-92.02503499438559
30.23054982170097,-92.02502400698933
30.230549529405398,-92.02501401844734
30.230549206733592,-92.02500299189602
30.230548914436422,-92.02499300335411
30.230548622138507,-92.02498301481232
30.23054829946409,-92.02497198826087
30.230548007164575,-92.02496199971915
30.230547714864304,-92.02495201117752
30.23054739218728,-92.02494098462594
30.23054709999766,-92.02493099943908
30.23054705812475,-92.02492099967397
30.230547012063667,-92.02490999993233
30.230546970189167,-92.02490000016722
30.230546928313906,-92.02489000040214
30.230546882250238,-92.02487900066056
30.23054684037339,-92.02486900089548
30.230546794307966,-92.02485800115393
30.230546752429518,-92.0248480013889
30.23054671055031,-92.02483800162389
30.230546664482304,-92.02482700188236
30.230546622601498,-92.02481700211736
30.230546580719942,-92.02480700235238
30.23054653464934,-92.0247960026109
30.230546492742686,-92.02478599723536
30.23054645085877,-92.0247759974703
30.23054640478558,-92.02476499772877
30.23054636290008,-92.02475499796374
30.2305463210138,-92.02474499819874
30.230546274938035,-92.02473399845725
30.23054623305017,-92.02472399869228
30.23054618697263,-92.02471299895082
30.230546145083174,-92.02470299918586
30.23054610319296,-92.0246929994209
30.230546057112843,-92.02468199967949
30.230546015221034,-92.02467199991459
30.230545973328464,-92.02466200014969
30.230545927245753,-92.02465100040831
30.230545885351592,-92.02464100064343
30.230545843456667,-92.02463100087857
30.23054579737137,-92.02462000113724
30.230545755474857,-92.0246100013724
30.230545713577577,-92.0246000016076
30.230545667489693,-92.0245890018663
30.230545625590814,-92.0245790021015
30.230545579501186,-92.02456800236024
30.23054553760072,-92.02455800259547
30.230545495675976,-92.0245479972177
30.230545449583747,-92.02453699747637
30.230545407680925,-92.02452699771155
30.230545365777353,-92.02451699794672
30.230545319682527,-92.02450599820546
30.230545277777352,-92.02449599844066
30.230545235871418,-92.02448599867586
30.23054518977401,-92.02447499893462
30.230545147866486,-92.02446499916988
30.230545105958203,-92.02445499940514
30.230545059858205,-92.02444399966394
30.230545017948323,-92.02443399989923
30.230544971846577,-92.02442300015805
30.230544929935103,-92.02441300039338
30.230544888022873,-92.02440300062871
30.230544841918533,-92.02439200088759
30.2305448000047,-92.02438200112294
30.2305448259012,-92.02437199939598
30.230544854389667,-92.02436099949485
30.23054488028748,-92.02435099958468
30.23054490877419,-92.02433999968353
30.2305449346704,-92.02432999977339
30.230544963155367,-92.0243189998722
30.23054498904999,-92.02430899996202
30.230545017533192,-92.02429800006081
30.23054504342622,-92.02428800015063
30.23054507190766,-92.02427700024941
30.230545097799098,-92.0242670003392
30.2305451262788,-92.02425600043796
30.230545152168634,-92.02424600052775
30.230545180646583,-92.02423500062649
30.23054520653482,-92.02422500071624
30.230545232422305,-92.024215000806
30.230545260897664,-92.02420400090472
30.23054528678355,-92.02419400099444
30.230545315257153,-92.02418300109314
30.23054534114145,-92.02417300118286
30.230545369613296,-92.02416200128155
30.230545395495998,-92.02415200137126
30.23054542396609,-92.02414100146991
30.2305454498472,-92.0241310015596
30.23054547831554,-92.02412000165823
30.230545504204027,-92.0241099982812
30.23054553267061,-92.02409899837997
30.230545558548524,-92.02408899846971
30.230545584425684,-92.02407899855945
30.23054561288968,-92.02406799865817
30.23054563876525,-92.02405799874789
30.230545667227492,-92.02404699884657
30.23054569310146,-92.02403699893631
30.230545721561953,-92.02402599903498
30.230545747434327,-92.02401599912466
30.23054577589306,-92.02400499922332
30.230545801763835,-92.02399499931299
30.230545830220827,-92.02398399941164
30.230545856090007,-92.02397399950131
30.23054588454524,-92.02396299959992
30.230545910412825,-92.02395299968957
30.230545938866303,-92.02394199978818
30.230545964732297,-92.0239319998778
30.23054599059754,-92.02392199996741
30.230546019048422,-92.023911000066
30.230546044912064,-92.0239010001556
30.230546073361197,-92.02389000025417
30.23054609922324,-92.02388000034377
30.23054606167657,-92.0238689997041
30.230546025861102,-92.02385899987593
30.230545986463227,-92.02384800006494
30.230545950646167,-92.0238380002368
30.23054591124653,-92.02382700042584
30.230545875427886,-92.02381700059772
30.23054583602649,-92.02380600078682
30.230545800206254,-92.02379600095873
30.230545764385244,-92.02378600113062
30.230545724981265,-92.02377500131975
30.23054568915867,-92.02376500149168
30.23054564975294,-92.0237540016808
30.230545613928744,-92.02374400185278
30.23054557452125,-92.02373300204194
30.23054553869547,-92.02372300221393
30.230545499269034,-92.02371199760383
30.23054546344165,-92.02370199777572
30.230545424030655,-92.02369099796483
30.230545388201687,-92.02368099813675
30.230545352371948,-92.0236709983087
30.230545312958363,-92.02365999849785
30.230545277127042,-92.0236499986698
30.2305452377117,-92.02363899885896
30.230545201878776,-92.02362899903093
30.230545162461684,-92.02361799922014
30.23054512662717,-92.02360799939213
30.230545087208323,-92.02359699958134
30.230545051372207,-92.02358699975339
30.23054501195161,-92.02357599994262
30.230544976113908,-92.02356600011468
30.230544936691555,-92.02355500030394
30.23054490085225,-92.02354500047602
30.230544865012195,-92.0235350006481
30.23054482558725,-92.0235240008374
30.230544789745597,-92.02351400100952
30.230544750318895,-92.02350300119885
30.23054471447566,-92.02349300137098
30.230544675047206,-92.02348200156034
30.230544639202364,-92.02347200173249
30.230544599772163,-92.02346100192186
30.23054456392572,-92.02345100209403
30.230544524493762,-92.02344000228344
30.230544488628524,-92.0234299976535
30.23054444919481,-92.02341899784281
30.23054441334519,-92.02340899801493
30.230544377494798,-92.02339899818705
30.2305443380585,-92.02338799837642
30.23054430220652,-92.02337799854857
30.23054426276847,-92.02336699873796
30.23054422691489,-92.02335699891015
30.230544187475083,-92.02334599909955
30.230544151619913,-92.02333599927174
30.230544112178357,-92.02332499946118
30.2305440763216,-92.02331499963339
30.230544036878282,-92.02330399982286
30.23054400101992,-92.02329399999512
30.230543965160805,-92.02328400016737
30.230543925714905,-92.02327300035687
30.23054388985419,-92.02326300052913
30.230543850406534,-92.02325200071866
30.230543814544234,-92.02324200089096
30.230543775094816,-92.0232310010805
30.230543739230917,-92.02322100125284
30.230543699779755,-92.02321000144241
30.230543663914258,-92.02320000161477
30.23054362446134,-92.02318900180434
30.23054358859425,-92.02317900197671
30.23054354913958,-92.02316800216633
30.2305435132709,-92.02315800233873
30.230543477384217,-92.02314799770613
30.230543437926954,-92.02313699789568
30.230543402055922,-92.023126998068
30.230543362596908,-92.02311599825757
30.230543326724273,-92.02310599842991
30.230543287263508,-92.02309499861951
30.23054325138928,-92.02308499879189
30.230543211926758,-92.0230739989815
30.230543176050933,-92.02306399915392
30.230543136586657,-92.02305299934358
30.23054310070924,-92.02304299951597
30.230543061243207,-92.02303199970565
30.23054302536421,-92.0230219998781
30.230542989484437,-92.02301200005054
30.23054295001582,-92.02300100024026
30.230542914134457,-92.02299100041274
30.230542874664085,-92.02298000060246
30.23054283878113,-92.02297000077496
30.230542799308996,-92.02295900096472
30.230542763424452,-92.02294900113725
30.23054272395057,-92.02293800132703
30.23054268806443,-92.02292800149957
30.230542648588795,-92.02291700168941
30.230542612701058,-92.02290700186197
30.230542576812557,-92.02289700203454
30.23054253733433,-92.0228860022244
30.230542501444237,-92.022876002397
30.230542490837628,-92.02286499943166
30.230542482193567,-92.02285499944163
30.230542473548756,-92.02284499945159
30.230542464038585,-92.02283399946255
30.23054245539218,-92.02282399947252
30.23054244588025,-92.02281299948349
30.23054243723225,-92.02280299949346
30.230542428583473,-92.02279299950342
30.230542419068964,-92.02278199951442
30.230542410418607,-92.0227719995244
30.230542401767497,-92.02276199953438
30.23054239225039,-92.02275099954537
30.230542383597683,-92.02274099955535
30.230542374078823,-92.02272999956635
30.230542365424515,-92.02271999957634
30.230542356769455,-92.02270999958634
30.23054234724801,-92.02269899959734
30.230542338591352,-92.02268899960734
30.230542329933932,-92.02267899961736
30.230542320409903,-92.02266799962837
30.230542311750884,-92.02265799963837
30.230542303091113,-92.02264799964838
30.230542293564486,-92.02263699965941
30.230542284903123,-92.02262699966943
30.23054227537474,-92.02261599968045
30.230542266711783,-92.02260599969048
30.230542258048064,-92.0225959997005
30.230542248517096,-92.02258499971154
30.230542239851783,-92.02257499972158
30.230542231185712,-92.02256499973161
30.23054222165215,-92.02255399974266
30.230542212984492,-92.02254399975268
30.230542204316063,-92.02253399976274
30.230542194779918,-92.02252299977378
30.230542186109894,-92.02251299978384
30.230542176571994,-92.0225019997949
30.23054216790038,-92.02249199980497
30.23054215922801,-92.022481999815
30.230542149687516,-92.02247099982607
30.23054214101354,-92.02246099983616
30.23054213233881,-92.02245099984623
30.23054212279574,-92.02243999985728
30.230542114119416,-92.02242999986736
30.230542104574585,-92.02241899987844
30.23054209589667,-92.02240899988851
30.230542087217994,-92.0223989998986
30.230542077670574,-92.02238799990968
30.230542068990303,-92.02237799991977
30.23054206030928,-92.02236799992987
30.23054205075926,-92.02235699994097
30.230542042076642,-92.02234699995105
30.230542033393256,-92.02233699996115
30.23054202384066,-92.02232599997228
30.23054201515568,-92.02231599998238
30.23054200560133,-92.0223049999935
30.230541996914756,-92.0222950000036
30.230541988227426,-92.02228500001371
30.230541978670484,-92.02227400002482
30.23054196998156,-92.02226400003495
30.230541961291877,-92.02225400004507
30.23054195173235,-92.02224300005619
30.230541943041064,-92.02223300006632
30.23054193434902,-92.02222300007645
30.230541924786905,-92.02221200008759
30.230541916093266,-92.0222020000977
30.230541906529403,-92.02219100010888
30.230541897834172,-92.022181000119
30.230541889138188,-92.02217100012913
30.23054187957172,-92.0221600001403
30.230541870874145,-92.02215000015046
30.230541862175805,-92.02214000016059
30.230541852606756,-92.02212900017177
30.23054184390682,-92.02211900018193
30.230541835206118,-92.02210900019209
30.230541825634482,-92.02209800020326
30.2305418169322,-92.02208800021342
30.230541807358804,-92.0220770002246
30.23054179865492,-92.02206700023477
30.23054178995028,-92.02205700024494
30.230541780374292,-92.02204600025613
30.230541771668065,-92.0220360002663
30.230541762961067,-92.02202600027648
30.230541753382496,-92.02201500028768
30.2305417446739,-92.02200500029785
30.23054173509358,-92.02199400030908
30.230541726383397,-92.02198400031928
30.23054171767245,-92.02197400032948
30.230541708089532,-92.02196300034068
30.230541699376996,-92.02195300035088
30.2305416906637,-92.02194300036108
30.230541681078194,-92.02193200037232
30.230541672363305,-92.02192200038252
30.230541663647656,-92.02191200039273
30.23054165405956,-92.02190100040396
30.230541645342317,-92.02189100041416
30.230541635752473,-92.0218800004254
30.230541627033624,-92.02187000043563
30.23054161831403,-92.02186000044586
30.230541608721595,-92.02184900045711
30.230541999999232,-92.02183899935693
30.23054153044048,-92.0218290043773
30.23054145383071,-92.02181799576928
30.230541384243647,-92.02180799641795
30.230541307697,-92.02179699713152
30.230541238108337,-92.02178699778024
30.230541168518908,-92.02177699842896
30.230541091969673,-92.02176599914259
30.230541022378656,-92.02175599979137
30.23054094582767,-92.02174500050504
30.230540876235054,-92.02173500115387
30.230540806641688,-92.02172500180272
30.23054073008811,-92.02171400251648
30.230540660493144,-92.02170400316535
30.23054058393781,-92.02169300387916
30.23054051434125,-92.0216830045281
30.230540444679043,-92.02167299585396
30.23054036812112,-92.0216619965677
30.230540298522207,-92.02165199721661
30.230540221962528,-92.02164099793042
30.23054015236203,-92.02163099857935
30.230540075800594,-92.02161999929321
30.230540006198495,-92.0216099999422
30.23053993659563,-92.02160000059122
30.23053986003162,-92.02158900130516
30.23053979042716,-92.02157900195421
30.230539713861393,-92.02156800266819
30.23053964425534,-92.02155800331728
30.23053957464853,-92.0215480039664
30.230539498015254,-92.02153699535596
30.230539428406857,-92.02152699600502
30.23053935183674,-92.02151599671902
30.230539282226744,-92.02150599736812
30.230539212615994,-92.02149599801724
30.230539136043287,-92.02148499873131
30.23053906643094,-92.02147499938047
30.230538989856477,-92.02146400009461
30.230538920242537,-92.02145400074383
30.23053885062784,-92.02144400139305
30.23053877405079,-92.02143300210724
30.23053870443449,-92.02142300275652
30.23053862785569,-92.02141200347076
30.2305385582378,-92.02140200412008
30.23053848855422,-92.02139199544347
30.230538411972827,-92.02138099615766
30.230538342352585,-92.02137099680695
30.23053826576944,-92.02135999752119
30.2305381961476,-92.02134999817052
30.23053812652501,-92.02133999881988
30.23053804993927,-92.0213289995342
30.230537980315074,-92.02131900018362
30.23053790372759,-92.02130800089797
30.230537834101803,-92.02129800154742
30.23053776447526,-92.0212880021969
30.23053768788519,-92.02127700291133
30.230537618257046,-92.02126700356084
30.230537541665218,-92.02125600427532
30.230537471970532,-92.02124599559743
30.23053740234004,-92.02123599624692
30.230537325745626,-92.02122499696137
30.230537256113532,-92.02121499761088
30.23053717951736,-92.02120399832538
30.23053710988368,-92.02119399897494
30.230537033285753,-92.02118299968949
30.23053696365048,-92.0211730003391
30.230536894014442,-92.02116300098874
30.230536817413924,-92.02115200170336
30.230536747776295,-92.02114200235303
30.230536671174036,-92.0211310030677
30.230536601534805,-92.0211210037174
30.230536531894824,-92.02111100436716
30.230536455225003,-92.02109999575295
30.23053638558342,-92.02108999640264
30.230536308976806,-92.02107899711733
30.230536239333638,-92.02106899776705
30.230536169689707,-92.02105899841679
30.230536093080506,-92.02104799913155
30.230536023434986,-92.02103799978136
30.230535946824023,-92.02102700049615
30.230535877176912,-92.02101700114599
30.230535807529037,-92.02100700179584
30.23053573091549,-92.02099600251071
30.230535661266018,-92.02098600316063
30.230535584650724,-92.02097500387556
30.230535514999655,-92.0209650045255
30.23053544528284,-92.02095499584506
30.23053536866495,-92.02094399655995
30.230535299011535,-92.02093399720985
30.23053522239189,-92.02092299792479
30.230535152736884,-92.02091299857474
30.230535083081108,-92.02090299922473
30.23053500645888,-92.02089199993972
30.230534936801508,-92.02088200058975
30.23053486017753,-92.0208710013048
30.230534790518572,-92.02086100195487
30.23053472085885,-92.02085100260496
30.230534644232282,-92.0208400033201
30.230534574570957,-92.02083000397022
30.230534500000005,-92.0208193
30.230534504169036,-92.0208089997312
30.230534508215765,-92.02079899973343
30.230534512666296,-92.0207879997359
30.230534516711433,-92.02077799973814
30.2305345211602,-92.02076699974062
30.230534525203744,-92.02075699974284
30.230534529246516,-92.02074699974509
30.23053453369271,-92.02073599974754
30.230534537733888,-92.02072599974977
30.23053454217832,-92.02071499975223
30.23053454621791,-92.02070499975446
30.230534550256742,-92.0206949997567
30.23053455469858,-92.02068399975916
30.23053455873583,-92.02067399976139
30.230534563175908,-92.02066299976383
30.23053456721155,-92.02065299976606
30.230534571246444,-92.02064299976828
30.230534575683937,-92.02063199977073
30.23053457971723,-92.02062199977296
30.230534584152977,-92.02061099977539
30.230534588184668,-92.02060099977761
30.23053459221561,-92.02059099977983
30.23053459664876,-92.02057999978226
30.2305346006781,-92.02056999978448
30.230534604706687,-92.0205599997867
30.23053460913725,-92.02054899978914
30.23053461316424,-92.02053899979134
30.230534617593054,-92.02052799979377
30.23053462161845,-92.02051799979598
30.230534625643084,-92.0205079997982
30.230534630069304,-92.02049699980063
30.230534634092347,-92.02048699980284
30.23053463851682,-92.02047599980524
30.23053464253826,-92.02046599980744
30.230534646558947,-92.02045599980964
30.230534650980832,-92.02044499981207
30.23053465499992,-92.02043499981427
30.230534659420048,-92.02042399981671
30.230534663437545,-92.0204139998189
30.230534667454293,-92.02040399982108
30.23053467187183,-92.0203929998235
30.230534675886968,-92.0203829998257
30.230534679901357,-92.0203729998279
30.230534684316304,-92.0203619998303
30.230534688329094,-92.02035199983249
30.230534692742285,-92.02034099983489
30.230534696753487,-92.02033099983707
30.230534700763926,-92.02032099983926
30.230534705174527,-92.02030999984166
30.230534709183374,-92.02029999984386
30.23053471359222,-92.02028899984624
30.230534717599472,-92.02027899984843
30.23053472160596,-92.0202689998506
30.230534726012223,-92.020257999853
30.23053473001712,-92.02024799985517
30.230534734421628,-92.02023699985756
30.230534738424936,-92.02022699985974
30.230534742427473,-92.02021699986192
30.230534746829388,-92.0202059998643
30.23053475083034,-92.02019599986647
30.230534755230504,-92.02018499986886
30.230534759229855,-92.02017499987102
30.230534763228455,-92.02016499987319
30.23053476762603,-92.02015399987557
30.230534771623024,-92.02014399987773
30.230534775619265,-92.02013399987989
30.23053478001425,-92.02012299988228
30.230534784008906,-92.02011299988443
30.23053478840213,-92.0201019998868
30.23053479239519,-92.02009199988898
30.230534796387474,-92.02008199989113
30.23053480077812,-92.02007099989349
30.23053480476882,-92.02006099989563
30.230534809157707,-92.020049999898
30.230534813146814,-92.02003999990015
30.230534817135158,-92.0200299999023
30.230534821521456,-92.02001899990468
30.230534825508204,-92.02000899990682
30.230534829892758,-92.01999799990918
30.23053483387791,-92.01998799991134
30.230534837862308,-92.01997799991345
30.23053484224427,-92.01996699991582
30.23053484622707,-92.01995699991798
30.230534850607274,-92.01994599992032
30.23053485458848,-92.01993599992247
30.230534858568934,-92.0199259999246
30.230534862946545,-92.01991499992694
30.2305348669254,-92.01990499992907
30.230534870903497,-92.01989499993121
30.230534875278522,-92.01988399993355
30.230534879255025,-92.01987399993568
30.2305348836283,-92.01986299993804
30.230534887603206,-92.01985299994016
30.230534891577346,-92.01984299994227
30.230534895948033,-92.01983199994461
30.23053489992059,-92.01982199994676
30.230536008931676,-92.01981200135407
30.230537138428428,-92.01980202098598
30.230538267924416,-92.01979204061777
30.23053950868236,-92.01978107711702
30.230540655044315,-92.01977094770423
30.2305417845379,-92.01976096733567
30.23054291403074,-92.01975098696695
30.230544043522784,-92.0197410065981
30.23054517301407,-92.0197310262291
30.230546302504596,-92.01972104585998
30.230547431994363,-92.0197110654907
30.23054857835077,-92.01970093607768
30.230549707838982,-92.01969095570821
30.23055094858838,-92.01967999220597
30.230552078074975,-92.0196700118362
30.230553420311924,-92.01965988450716
30.230554893574507,-92.01964997879656
30.23055654006339,-92.01963890836568
30.230558013324362,-92.01962900265464
30.230559515363314,-92.01961890344472
30.230561133070783,-92.01960802651199
30.23056263510808,-92.01959792730182
30.230564108365908,-92.01958802158997
30.230565754849405,-92.01957695115817
30.230567228105627,-92.01956704544588
30.230568730139655,-92.01955694623527
30.23057034784192,-92.0195460693011
30.230571849874277,-92.01953597009023
30.230573467574793,-92.01952509315556
30.230574969605467,-92.01951499394445
30.23057647163535,-92.0195048947333
30.23057808933323,-92.01949401779795
30.23057959136145,-92.01948391858656
30.230581064610544,-92.01947401287242
30.230582711084118,-92.01946294243909
30.230584184331594,-92.0194530367245
30.230585686356545,-92.01944293751265
30.23058730404923,-92.01943206057585
30.230588806072507,-92.01942196136378
30.230590279316853,-92.01941205564836
30.230591925785042,-92.01940098521415
30.23059339902778,-92.01939107949829
30.230594901047795,-92.01938098028576
30.230596518735275,-92.01937010334751
30.23059802075362,-92.01936000413474
30.23059952277116,-92.0193499049219
30.23060114030936,-92.01933902783755
30.23060263619933,-92.01932892782158
30.230604103542614,-92.01931902054294
30.230605599430987,-92.01930892052677
30.230607210652295,-92.01929804179358
30.230608706539005,-92.01928794177716
30.230610173879153,-92.0192780344977
30.230611669764265,-92.01926793448109
30.230613280982123,-92.01925705574695
30.23061477686557,-92.01924695573008
30.23061624420257,-92.01923704844981
30.23061774008442,-92.01922694843275
30.230619351298838,-92.01921606969766
30.23062084717902,-92.01920596968034
30.230622314512885,-92.01919606239926
30.230623810391474,-92.01918596238175
30.23062542160244,-92.0191750836457
30.230626917479366,-92.01916498362796
30.230628384810085,-92.01915507634604
30.230629880685417,-92.01914497632808
30.23063149189295,-92.01913409759109
30.2306329877666,-92.01912399757292
30.230634455094172,-92.01911409029017
30.230635950966253,-92.01910399027176
30.23063759071555,-92.01909291879852
30.23063905804073,-92.01908301151519
30.23064055391031,-92.01907291149651
30.230642021233965,-92.01906300421278
30.230643660979695,-92.01905193273899
30.230645128301738,-92.01904202545482
30.230646624168067,-92.01903192543568
30.23064809148858,-92.01902201815116
30.23064973123075,-92.01901094667677
30.23065119854965,-92.0190010393918
30.230652694412708,-92.01899093937222
30.230654161730087,-92.01898103208684
30.23065580146868,-92.01896996061191
30.23065726878445,-92.01896005332613
30.230658764644254,-92.01894995330609
30.230660231958474,-92.01894004601989
30.23066187169351,-92.01892897454438
30.230663339006135,-92.01891906725776
30.230664834862672,-92.01890896723728
30.23066630217376,-92.01889905995027
30.23066794190523,-92.01888798847419
30.23066940921471,-92.01887808118676
30.23067090506799,-92.01886798116584
30.230672372375928,-92.018858073878
30.23067401210384,-92.01884700240136
30.230675479410177,-92.01883709511308
30.230676975260195,-92.01882699509173
30.230678471109393,-92.01881689507032
30.2306805431186,-92.01880614077425
30.230682481139418,-92.01879612470944
30.230684419159427,-92.01878610864443
30.230686357178637,-92.01877609257924
30.23068829519705,-92.01876607651384
30.230690417465006,-92.0187551082051
30.23069235548175,-92.01874509213928
30.230694293497685,-92.01873507607327
30.23069623151283,-92.01872506000706
30.230698353777207,-92.01871409169736
30.23070029179068,-92.01870407563074
30.230702229803338,-92.01869405956388
30.230704167815205,-92.01868404349685
30.230706290076014,-92.01867307518621
30.23070822808621,-92.01866305911875
30.230710166095605,-92.01865304305109
30.230712104104192,-92.01864302698324
30.23071422636144,-92.01863205867161
30.23071616436836,-92.01862204260334
30.230718102374464,-92.01861202653488
30.230720040379783,-92.01860201046621
30.23072216263346,-92.01859104215362
30.230724100637097,-92.01858102608452
30.23072603863994,-92.01857101001524
30.230727976641994,-92.01856099394575
30.230730098892085,-92.0185500256322
30.23073203689246,-92.01854000956229
30.23073397489202,-92.01852999349218
30.230735912890797,-92.01851997742187
30.230737850888758,-92.0185099613514
30.230739973134423,-92.01849899303664
30.230741911130714,-92.01848897696571
30.23074384912621,-92.0184789608946
30.230745787120902,-92.01846894482328
30.230747909362996,-92.01845797650756
30.230749847356012,-92.01844796043584
30.230751785348232,-92.0184379443639
30.230753723339657,-92.01842792829177
30.23075584557817,-92.01841695997506
30.230757783567913,-92.0184069439025
30.230759721556865,-92.01839692782977
30.230761659545006,-92.01838691175683
30.230763781779956,-92.01837594343915
30.230765719766424,-92.01836592736579
30.2307676577521,-92.01835591129223
30.230769595736977,-92.01834589521847
30.23077171796835,-92.01833492689981
30.2307736,-92.01832519999999
30.230775925290867,-92.0183149772359
30.23077818211073,-92.01830505548969
30.23078043892981,-92.01829513374318
30.230782760564065,-92.01828492704321
30.23078501738153,-92.01827500529619
30.23078727419821,-92.01826508354891
30.230789595829936,-92.01825487684837
30.230791852645,-92.01824495510057
30.230794322177516,-92.01823409816824
30.230796643806638,-92.01822389146712
30.230798900619245,-92.01821396971847
30.230801157431067,-92.01820404796956
30.2308034142421,-92.01819412622034
30.230805735867854,-92.01818391951848
30.230807992677274,-92.01817399776876
30.230810249485913,-92.01816407601875
30.23081257110916,-92.01815386931632
30.230814827916177,-92.01814394756582
30.230817084722407,-92.01813402581503
30.23081955424532,-92.0181231688792
30.23082187586513,-92.01811296217598
30.230824132668896,-92.01810304042434
30.230826389471883,-92.0180931186724
30.23082871108916,-92.01808291196866
30.230830967890537,-92.01807299021624
30.230833224691125,-92.0180630684635
30.23083554630588,-92.0180528617592
30.23083780310485,-92.018042940006
30.23084005990305,-92.01803301825248
30.23084231670045,-92.01802309649867
30.230844638311847,-92.01801288979361
30.23084710782424,-92.01800203285404
30.23084936461918,-92.0179921110994
30.230851686227975,-92.01798190439376
30.230853943021305,-92.01797198263861
30.230856199813847,-92.01796206088318
30.230858456605606,-92.01795213912744
30.230860778211046,-92.01794193242107
30.23086303500119,-92.01793201066484
30.23086529179055,-92.01792208890832
30.230867613393464,-92.01791188220137
30.23086987018121,-92.01790196044438
30.230872339683973,-92.0178911035013
30.230874661284293,-92.01788089679378
30.230876918069576,-92.01787097503592
30.23087917485407,-92.01786105327777
30.230881431637783,-92.01785113151932
30.230883753234735,-92.01784092481105
30.23088601001684,-92.01783100305211
30.230888266798154,-92.01782108129288
30.230890588392583,-92.01781087458404
30.23089284517228,-92.01780095282433
30.2308951019512,-92.0177910310643
30.230897313621476,-92.0177810934065
30.230899585178005,-92.0177708764528
30.230902003152593,-92.01776000093894
30.230904212602315,-92.0177500633197
30.23090642205126,-92.01774012570017
30.230908693604352,-92.01772990874575
30.23091090305168,-92.01771997112574
30.230913112498214,-92.01771003350547
30.230915321943957,-92.01770009588493
30.230917593493693,-92.01768987892981
30.23091980293782,-92.0176799413088
30.230922012381164,-92.0176700036875
30.23092422182372,-92.01766006606593
30.23092643126549,-92.01765012844407
30.23092870281103,-92.01763991148806
30.23093091225119,-92.01762997386574
30.23093312169055,-92.01762003624313
30.23093533112912,-92.01761009862027
30.2309376026713,-92.01759988166356
30.230939812108264,-92.0175899440402
30.230942021544436,-92.01758000641658
30.230944230979816,-92.01757006879268
30.230946502518627,-92.01755985183529
30.230948711952404,-92.01754991421089
30.230950921385386,-92.01753997658624
30.230953339339937,-92.0175291010654
30.230955548771263,-92.01751916344016
30.23095782030581,-92.01750894648184
30.23096002973554,-92.0174990088561
30.23096223916447,-92.0174890712301
30.230964448592612,-92.01747913360383
30.2309667201238,-92.01746891664482
30.23096892955032,-92.01745897901806
30.230971138976056,-92.01744904139105
30.230973348401008,-92.01743910376373
30.230975619928838,-92.01742888680404
30.23097782935217,-92.01741894917625
30.23098003877471,-92.0174090115482
30.230982248196472,-92.01739907391988
30.230984519720938,-92.01738885695946
30.230986729141076,-92.01737891933067
30.23098893856043,-92.0173689817016
30.230991147978997,-92.01735904407224
30.230993357396777,-92.01734910644261
30.230995628917043,-92.01733888948132
30.230997838333206,-92.01732895185121
30.23100004774858,-92.01731901422083
30.231002257163173,-92.01730907659017
30.231004737200784,-92.0172979217313
30.231006946613693,-92.01728798410011
30.231009156025795,-92.01727804646868
30.231011365437126,-92.01726810883694
30.231013636950596,-92.01725789187422
30.231015846360304,-92.01724795424202
30.23101805576922,-92.01723801660955
30.23102026517735,-92.0172280789768
30.231022474584694,-92.01721814134378
30.231024746093976,-92.01720792438016
30.231026955499708,-92.01719798674664
30.231029164904648,-92.01718804911287
30.231031374308795,-92.01717811147883
30.231033645814716,-92.01716789451451
30.231035855217247,-92.01715795687998
30.231038064618996,-92.01714801924518
30.231040274019957,-92.01713808161011
30.231042545522513,-92.0171278646451
30.231044754921857,-92.01711792700955
30.231046964320413,-92.01710798937371
30.231049173718183,-92.01709805173763
30.231051445217368,-92.01708783477191
30.231053654613525,-92.01707789713534
30.231056072527956,-92.01706702160061
30.231058281922458,-92.01705708396344
30.23106049131618,-92.017047146326
30.231062762811103,-92.01703692935936
30.2310649722032,-92.01702699172144
30.231067181594526,-92.01701705408324
30.231069390985045,-92.01700711644477
30.231071662476616,-92.01699689947745
30.231073871865522,-92.0169869618385
30.231076081253644,-92.01697702419926
30.23107829064098,-92.01696708655976
30.23108056212918,-92.01695686959175
30.23108277151489,-92.01694693195178
30.231084980899826,-92.01693699431154
30.23108719028397,-92.016927056671
30.231089399667315,-92.0169171190302
30.231091671151326,-92.0169069020613
30.231093880533063,-92.01689696442
30.23109608991402,-92.01688702677845
30.231098299294178,-92.01687708913661
30.231100570774824,-92.01686687216703
30.231102780153375,-92.01685693452472
30.23110498953113,-92.01684699688214
30.231107493882398,-92.01683615306843
30.231109853421874,-92.01682595457122
30.231112146052634,-92.01681604526591
30.231114438682603,-92.0168061359603
30.23111679821956,-92.0167959374625
30.23111909084792,-92.01678602815635
30.231121383475504,-92.0167761188499
30.231123743009928,-92.01676592035153
30.231126035635903,-92.01675601104456
30.23112832826109,-92.0167461017373
30.231130687793,-92.01673590323834
30.231132980416586,-92.01672599393056
30.231135273039367,-92.01671608462247
30.23113763256876,-92.01670588612293
30.231139925189943,-92.0166959768143
30.231142217810348,-92.0166860675054
30.231144510429967,-92.01667615819618
30.231146869956014,-92.01666595969583
30.231149162574024,-92.01665605038609
30.231151455191252,-92.01664614107604
30.23115381471477,-92.01663594257514
30.23115610733038,-92.01662603326456
30.231158399945222,-92.0166161239537
30.23116075946622,-92.0166059254522
30.23116305207944,-92.01659601614081
30.231165346995446,-92.016586124406
30.231168051699683,-92.01657601853555
30.231170512198634,-92.01656682511187
30.231173129348313,-92.01655704637439
30.231175834050095,-92.01654694050313
30.231178451198204,-92.01653716176492
30.231181155898312,-92.0165270558931
30.231183616393494,-92.01651786246835
30.231186233539294,-92.01650808372914
30.23118893823695,-92.01649797785656
30.23119164293375,-92.01648787198373
30.23119426007717,-92.01647809324349
30.231196964772305,-92.01646798737009
30.2311993377105,-92.0164591210767
30.231202042404043,-92.01644901520278
30.231204485960028,-92.0164388351231
30.23120707456194,-92.01642802391554
30.231209440803106,-92.01641814138628
30.231211878364704,-92.01640796098584
30.23121424460426,-92.01639807845604
30.23121690452378,-92.01638696937631
30.23121927076167,-92.01637708684589
30.231221708319808,-92.01636690644459
30.23122407455611,-92.0163570239136
30.23122520078259,-92.01634602569878
30.231226251176643,-92.01633503214885
30.231227207177845,-92.0163250265173
30.231228257570127,-92.0163140329671
30.23122921356971,-92.01630402733535
30.231230263960217,-92.01629303378495
30.231231314349806,-92.0162820402344
30.231232270346926,-92.01627203460234
30.231233320734734,-92.01626104105155
30.231234276730245,-92.01625103541929
30.231235421507563,-92.01623905394959
30.231236471892597,-92.01622806039842
30.231237491984267,-92.0162170194434
30.231237205495482,-92.016206992135
30.231236891558474,-92.01619600415043
30.231236606160394,-92.01618601507364
30.231236291129317,-92.01617498885743
30.231236005729645,-92.01616499978071
30.231235691789134,-92.0161540117964
30.231235405295532,-92.01614398448774
30.231235091353273,-92.01613299650354
30.231234805950415,-92.01612300742707
30.231234492006404,-92.0161120194431
30.23123420550959,-92.01610199213425
30.231233891563832,-92.01609100415034
30.231233606157783,-92.01608101507415
30.231233291117885,-92.01606998885755
30.23123300571026,-92.01605999978143
30.231232408891024,-92.01604896333438
30.2312317434945,-92.01603902300111
30.231231005590757,-92.01602799949868
30.231230334225955,-92.01601797002958
30.231229602287158,-92.01600703566342
30.23122893092074,-92.01599700619444
30.231228259553546,-92.01598697672544
30.23122752164542,-92.0159759532232
30.23122685624338,-92.01596601289091
30.23122611833349,-92.01595498938883
30.23122544696307,-92.01594495991996
30.23122471501822,-92.0159340255549
30.231224043646186,-92.01592399608616
30.23122330573275,-92.01591297258425
30.23122264032596,-92.01590303225282
30.231221902410756,-92.01589200875105
30.2312212310355,-92.01588197928245
30.231220493118514,-92.01587095578076
30.231219827708557,-92.01586101544984
30.2312190897898,-92.01584999194829
30.231218418411316,-92.01583996247982
30.23121768645775,-92.0158290281163
30.231217015077647,-92.01581899864793
30.23121627715535,-92.01580797514656
30.23121561174064,-92.01579803481654
30.23121487381658,-92.01578701131533
30.231214202433247,-92.01577698184708
30.231213464507412,-92.01576595834588
30.23121279908953,-92.01575601801642
30.231212061161912,-92.01574499451537
30.23121138977536,-92.01573496504726
30.231210657813072,-92.01572403068533
30.23120998642491,-92.01571400121733
30.23120924849376,-92.01570297771649
30.23120858307112,-92.01569303738789
30.231207845138204,-92.01568201388717
30.23120717374681,-92.0156719844193
30.23120643581211,-92.01566096091862
30.2312057703863,-92.0156510205906
30.231205021485064,-92.01563999794655
30.23120430607026,-92.01562997074694
30.231203597427637,-92.01562003847643
30.23120281114693,-92.01560901804991
30.231202095729746,-92.01559899085046
30.23120138031179,-92.01558896365104
30.231200600801465,-92.01557803815415
30.23119988538191,-92.01556801095485
30.231199099096802,-92.01555699052862
30.231198383675622,-92.01554696332937
30.231197668253664,-92.01553693613015
30.23119688873902,-92.01552601063403
30.23119617331546,-92.01551598343495
30.231195457891125,-92.01550595623588
30.23119467160078,-92.01549493580994
30.231193962947966,-92.01548500354136
30.231193176655864,-92.01547398311561
30.231192461228304,-92.01546395591672
30.231191745799965,-92.01545392871786
30.231190966278433,-92.01544300322306
30.231190250848496,-92.01543297602433
30.231189464551992,-92.01542195559885
30.23118874912043,-92.01541192840017
30.231188033688095,-92.0154019012015
30.231187254162247,-92.01539097570749
30.23118653872831,-92.01538094850898
30.231185752427407,-92.01536992808377
30.23118503699185,-92.01535990088529
30.231184328328855,-92.0153499686186
30.231183542025338,-92.0153389481936
30.231182826587396,-92.01532892099529
30.23118211792208,-92.01531898872908
30.231181331615957,-92.0153079683043
30.23118061617563,-92.01529794110614
30.231179829867727,-92.0152869206814
30.231179121199236,-92.01527698841579
30.23117840575653,-92.01526696121779
30.23117761944602,-92.01525594079327
30.2311769040017,-92.01524591359532
30.231176195330118,-92.01523598133029
30.231175409016984,-92.01522496090598
30.231174693570285,-92.01521493370818
30.231173914028933,-92.01520400821715
30.231173198580624,-92.01519398101951
30.231172483131534,-92.01518395382188
30.23117169681402,-92.01517293339786
30.231170988136927,-92.01516300113387
30.231170201817648,-92.01515198071003
30.23116948636534,-92.01514195351258
30.231168770912255,-92.01513192631515
30.23116799136402,-92.01512100082545
30.231167275909332,-92.01511097362815
30.23116656045386,-92.01510094643088
30.23116578090305,-92.01509002094168
30.231165065445992,-92.01507999374455
30.231164279119703,-92.01506897332118
30.231163563661013,-92.01505894612409
30.231162854975334,-92.01504901386178
30.23116206864643,-92.01503799343863
30.231161353185357,-92.01502796624168
30.231160637723512,-92.01501793904477
30.23115985816582,-92.01500701355688
30.231159142702378,-92.0149969863601
30.231158356369075,-92.01498596593723
30.231157647677893,-92.014976033676
30.231156932212073,-92.01496600647938
30.23115614587616,-92.0149549860567
30.231155430408712,-92.01494495886013
30.231154650844964,-92.01493403337342
30.231153935375904,-92.01492400617698
30.231153219906084,-92.01491397898059
30.231152316170153,-92.01490296512901
30.23115149125347,-92.0148929458187
30.231150593743067,-92.01488204480692
30.2311497688248,-92.01487202549681
30.23114894390575,-92.01486200618676
30.231148037393794,-92.01485099587575
30.231147212473136,-92.01484097656582
30.23114630595941,-92.01482996625495
30.23114548103711,-92.01481994694514
30.231144583520663,-92.01480904593465
30.231143758596776,-92.01479902662506
30.231142933672114,-92.0147890073155
30.231142027154014,-92.01477799700511
30.231141202227725,-92.01476797769566
30.231140295707828,-92.01475696738541
30.23113947077993,-92.01474694807608
30.231138573257443,-92.01473604706695
30.231137748327942,-92.01472602775783
30.231136841804517,-92.01471501744797
30.231136016873393,-92.01470499813897
30.231135191941494,-92.01469497883002
30.23113428541544,-92.01468396852037
30.231133460481924,-92.01467394921153
30.231132562953402,-92.01466304820374
30.231131738018284,-92.01465302889511
30.231130831488702,-92.01464201858586
30.231130006551954,-92.01463199927736
30.23112918161445,-92.0146219799689
30.231128275082234,-92.01461096965987
30.23112745014311,-92.01460095035151
30.23112655260854,-92.01459004934505
30.231125727667806,-92.01458003003691
30.231124821132045,-92.01456901972828
30.2311239961897,-92.01455900042026
30.231123171246583,-92.01454898111228
30.231122264708194,-92.01453797080386
30.23112143976346,-92.014527951496
30.23112054222285,-92.01451705049088
30.231119717276503,-92.01450703118324
30.231118810734586,-92.01449602087521
30.231117985786625,-92.01448600156769
30.231117160837886,-92.01447598226021
30.23111625429335,-92.01446497195238
30.23111542934299,-92.01445495264501
30.231114531796337,-92.01444405164123
30.231113706844376,-92.01443403233405
30.231112800296298,-92.01442302202666
30.231111975342728,-92.01441300271962
30.231111150388376,-92.01440298341264
30.231110243837673,-92.01439197310543
30.2311094188817,-92.01438195379855
30.231108521329006,-92.01437105279608
30.231107696371428,-92.01436103348942
30.231106789817186,-92.01435002318262
30.231105964858,-92.01434000387607
30.231105139898034,-92.01432998456957
30.23110415630448,-92.0143189812151
30.231103258054016,-92.01430896898667
30.23110227104433,-92.01429796742545
30.231101372792246,-92.01428795519716
30.23110038578078,-92.01427695363614
30.23109948752707,-92.01426694140804
30.23109851118105,-92.01425605874728
30.231097612925744,-92.01424604651943
30.231096714669675,-92.01423603429164
30.23109572765384,-92.01422503273122
30.23109482939615,-92.01421502050358
30.231093842378524,-92.01420401894337
30.231092944119226,-92.01419400671591
30.231091957099828,-92.01418300515586
30.23109105883891,-92.01417299292858
30.23109007181774,-92.01416199136872
30.2310891735552,-92.01415197914159
30.231088275291892,-92.01414196691452
30.2310872882681,-92.01413096535498
30.231086390003167,-92.01412095312807
30.231085402977605,-92.01410995156873
30.231084504711053,-92.01409993934197
30.23108352835122,-92.01408905668453
30.231082630083087,-92.01407904445804
30.231081643053987,-92.01406804289918
30.231080744784222,-92.01405803067289
30.231079800000003,-92.01404749999999
30.231079243145253,-92.01403698275446
30.231078715657127,-92.01402702016757
30.23107818442692,-92.01401698691913
30.231077656937284,-92.01400702433249
30.231077072956474,-92.01399599482541
30.231076545465243,-92.01398603223896
30.231076014231903,-92.01397599899056
30.231075482997785,-92.01396596574212
30.231074902754894,-92.01395500689736
30.231074371519174,-92.01394497364896
30.231073844024085,-92.01393501106305
30.231073312786826,-92.01392497781465
30.231072732540525,-92.01391401897041
30.231072201301654,-92.01390398572202
30.231071673803473,-92.01389402313657
30.23107114256306,-92.01388398988823
30.231070562313363,-92.01387303104448
30.23107003107135,-92.01386299779615
30.231069499828557,-92.01385296454778
30.231068972326508,-92.01384300196284
30.231068388331874,-92.01383197245602
30.23106786082824,-92.01382200987132
30.231067329582313,-92.013811976623
30.231066802077166,-92.01380201403852
30.23106621807907,-92.01379098453178
30.231065686855526,-92.01378103302163
30.231064897906347,-92.01377101076598
30.2310641089564,-92.01376098851034
30.231063241933853,-92.01374997448758
30.231062452982286,-92.01373995223202
30.23106167226282,-92.01373003456062
30.231060805237664,-92.01371902053815
30.231060016283717,-92.01370899828285
30.231059149256787,-92.01369798426049
30.231058360301223,-92.01368796200526
30.23105757957784,-92.01367804433471
30.231056712548295,-92.01366703031263
30.231055923590365,-92.01365700805762
30.231055134631646,-92.01364698580268
30.231054267599475,-92.01363597178077
30.231053478639144,-92.0136259495259
30.231052697911093,-92.01361603185632
30.23105183087631,-92.01360501783469
30.231051041913602,-92.01359499558005
30.231050252950126,-92.01358497332545
30.23104938591272,-92.01357395930401
30.231048605180746,-92.01356404163526
30.231047816214897,-92.01355401938089
30.23104694917488,-92.01354300535972
30.231046160207406,-92.01353298310545
30.23104537123915,-92.01352296085122
30.231044512429726,-92.0135120514165
30.231043723459862,-92.01350202916244
30.23104293448925,-92.01349200690842
30.231042067443994,-92.01348099288771
30.231041278471743,-92.01347097063379
30.23104048949873,-92.0134609483799
30.23103963068417,-92.01345003894626
30.231038841709545,-92.01344001669256
30.231038052734153,-92.01342999443891
30.231037185683657,-92.01341898041865
30.23103639678291,-92.0134089586483
30.231035625056702,-92.01339903907568
30.23103484528698,-92.01338901612382
30.231033988343693,-92.01337800121479
30.231033208572356,-92.01336797826303
30.231032428800244,-92.0133579553113
30.231031657070194,-92.01334803573947
30.231030800123442,-92.01333702083076
30.23103002034895,-92.01332699787928
30.2310292405737,-92.0133169749278
30.231028460797678,-92.01330695197638
30.231027611890344,-92.01329604044822
30.231026832112722,-92.01328601749698
30.231026052334318,-92.01327599454578
30.231025272555144,-92.0132659715946
30.231024415601457,-92.01325495668642
30.23102364386364,-92.0132450371162
30.23102286408209,-92.01323501416526
30.23102208429976,-92.01322499121434
30.23102122734262,-92.01321397630649
30.231020447558663,-92.01320395335566
30.231019675817016,-92.01319403378623
30.23101889603154,-92.01318401083556
30.231018039070946,-92.01317299592803
30.231017259283853,-92.01316297297745
30.231016479495985,-92.0131529500269
30.231015707750483,-92.0131430304583
30.231014927961088,-92.01313300750792
30.231014070996174,-92.01312199260074
30.231013291205162,-92.01311196965047
30.231012519456584,-92.01310205008251
30.231011908443868,-92.01309200740894
30.23101124231693,-92.0130809803911
30.2310106411686,-92.01307102903756
30.231010035154846,-92.01306099715516
30.231009369025287,-92.01304997013744
30.231008767874613,-92.01304001878427
30.23100816185848,-92.01302998690193
30.231007500591026,-92.01301904041375
30.231006894573284,-92.01300900853147
30.231006288554774,-92.01299897664917
30.23100568740023,-92.01298902529665
30.23100502126461,-92.0129779982792
30.231004415243717,-92.01296796639696
30.231003814086844,-92.01295801504477
30.231003147948602,-92.01294698802742
30.23100254679014,-92.01293703667554
30.23100194076611,-92.01292700479347
30.23100127462526,-92.01291597777619
30.23100067346445,-92.01290602642466
30.231000067438032,-92.01289599454262
30.230999461410835,-92.01288596266058
30.23099880013141,-92.01287501617429
30.23099819410261,-92.01286498429232
30.230997592937946,-92.01285503294142
30.230996926791036,-92.01284400592444
30.230996320759857,-92.0128339740425
30.230995719592855,-92.01282402269199
30.23099505344332,-92.01281299567508
30.230994447409756,-92.01280296379322
30.230993846240406,-92.01279301244307
30.230993240205308,-92.01278298056125
30.230992578917323,-92.01277203407638
30.230991972880624,-92.01276200219465
30.230991366843146,-92.0127519703129
30.23099070555259,-92.01274102382845
30.23099009901335,-92.01273098856034
30.23098923517504,-92.01272097282866
30.23098828593866,-92.01270996696357
30.230987422098725,-92.01269995123201
30.230986568124592,-92.01269004989759
30.230985618885597,-92.01267904403286
30.230984755043295,-92.01266902830162
30.23098389120022,-92.01265901257044
30.230982941958615,-92.01264800670594
30.230982078113914,-92.01263799097491
30.230981214268454,-92.01262797524394
30.23098026502422,-92.0126169693797
30.230979401177127,-92.01260695364887
30.230978547196006,-92.01259705231604
30.230977597949163,-92.01258604645217
30.23097673409971,-92.01257603072162
30.23097587024948,-92.01256601499117
30.23097492100002,-92.01255500912754
30.230974057148174,-92.0125449933972
30.230973193295547,-92.0125349776669
30.230972244043468,-92.01252397180353
30.23097138018923,-92.01251395607339
30.230970526201116,-92.0125040547422
30.23096957694643,-92.0124930488792
30.230968713089812,-92.01248303314935
30.230967849232428,-92.01247301741957
30.23096698537428,-92.01246300168984
30.230966036116115,-92.01245199582716
30.23096517225635,-92.01244198009758
30.2309643083958,-92.01243196436806
30.23096335913502,-92.01242095850564
30.23096249527286,-92.01241094277627
30.230961641276995,-92.01240104144684
30.230960692013607,-92.01239003558476
30.23095982814907,-92.01238001985568
30.230958964283772,-92.01237000412667
30.23095801501776,-92.01235899826484
30.230957151150832,-92.01234898253597
30.230956287283142,-92.01233896680715
30.2309553380145,-92.01232796094557
30.230954474145186,-92.01231794521689
30.230953620142337,-92.01230804388909
30.23095267087109,-92.01229703802788
30.230951806999407,-92.01228702229949
30.230950943126945,-92.01227700657118
30.23094999385308,-92.01226600071021
30.23094912997901,-92.01225598498203
30.23094826610417,-92.01224596925393
30.230947316827677,-92.01223496339323
30.230946452951205,-92.01222494766525
30.230945598941357,-92.01221504633904
30.23094464966227,-92.01220404047871
30.230943785783435,-92.01219402475101
30.230942921903825,-92.01218400902341
30.23094197262211,-92.01217300316331
30.230941108740883,-92.01216298743581
30.230940244858882,-92.0121529717084
30.230939295574544,-92.01214196584856
30.23093843169092,-92.01213195012127
30.230937577674087,-92.01212204879671
30.230936628387138,-92.01211104293722
30.230935764501154,-92.01210102721025
30.230934900614386,-92.01209101148332
30.230933951324822,-92.01208000562409
30.230933087436448,-92.0120699898973
30.23093222354729,-92.0120599741706
30.230931274255102,-92.01204896831162
30.230930410364326,-92.01203895258503
30.230929556340506,-92.01202905126206
30.230928607045712,-92.01201804540344
30.230927743152566,-92.01200802967715
30.23092687925865,-92.01199801395094
30.230925929961227,-92.01198700809258
30.230925066065694,-92.0119769923665
30.230924202169394,-92.01196697664048
30.230923252869346,-92.01195597078234
30.23092238897143,-92.01194595505648
30.230921534940613,-92.01193605373514
30.230920671041158,-92.01192603800948
30.230919721737667,-92.01191503215179
30.230918857836595,-92.01190501642627
30.23091799393476,-92.0118950007008
30.230917044628647,-92.01188399484337
30.230916180725185,-92.01187397911806
30.230915316820955,-92.0118639633928
30.23091436751222,-92.01185295753561
30.23091351347441,-92.0118430562159
30.230912673873206,-92.01183303659111
30.23091175181592,-92.01182202784602
30.230910912734846,-92.01181200979109
30.230910073653007,-92.01180199173618
30.230909151593096,-92.01179098299134
30.230908312509637,-92.01178096493656
30.230907473425408,-92.01177094688182
30.230906643650464,-92.01176103998233
30.230905721587103,-92.01175003123791
30.230904882500493,-92.01174001318344
30.230904043413112,-92.01172999512904
30.230903121347115,-92.01171898638484
30.23090228225812,-92.01170896833055
30.230901443168353,-92.01169895027633
30.230900613388,-92.01168904337806
30.230899691318548,-92.01167803463426
30.230898852226407,-92.0116680165803
30.230898013133494,-92.0116579985264
30.230897091061426,-92.01164698978282
30.23089625196689,-92.01163697172905
30.230895412871586,-92.01162695367536
30.230894510666204,-92.01161605425035
30.230893681483614,-92.0116060353126
30.230892852300247,-92.01159601637487
30.230891941106858,-92.01158500652924
30.23089111192187,-92.01157498759164
30.230890282736112,-92.01156496865411
30.23088937154009,-92.0115539588087
30.230888551444828,-92.01154404972972
30.230887722256696,-92.01153403079245
30.230886811058078,-92.01152302094735
30.230885981868326,-92.01151300201019
30.230885152677804,-92.01150298307309
30.230884241476552,-92.01149197322823
30.230883412284413,-92.01148195429121
30.230882592183733,-92.01147204521345
30.230881680979873,-92.0114610353689
30.230880851785365,-92.01145101643218
30.23088002259007,-92.0114409974955
30.230879111383597,-92.01142998765117
30.230878282186687,-92.0114199687146
30.23087745298901,-92.0114099497781
30.230876550872253,-92.01139904979387
30.230875721672973,-92.01138903085757
30.230874892472922,-92.01137901192133
30.230873981261208,-92.01136800207755
30.230873152059534,-92.01135798314141
30.23087224084605,-92.01134697329776
30.23087141164275,-92.01133695436175
30.230870591531158,-92.0113270452864
30.23086968031507,-92.01131603544307
30.230868851109395,-92.01130601650733
30.23086802190296,-92.01129599757165
30.23086711068424,-92.01128498772854
30.230866281476175,-92.01127496879296
30.230865452267352,-92.01126494985742
30.230864550138595,-92.01125404987587
30.230863720928166,-92.01124403094057
30.23086289171696,-92.0112340120053
30.23086198049301,-92.01122300216274
30.23086115128018,-92.0112129832276
30.230860322066587,-92.0112029642925
30.23085941084001,-92.01119195445014
30.23085859071751,-92.01118204537723
30.23085776150154,-92.01117202644238
30.23085685027235,-92.01116101660035
30.23085602105476,-92.01115099766565
30.2308551918364,-92.01114097873099
30.230854280604596,-92.01112996888916
30.23085345138461,-92.01111994995463
30.230852631256692,-92.0111100408829
30.23085172002228,-92.01109903104143
30.230850890799918,-92.01108901210713
30.230850061576792,-92.0110789931729
30.230849150339743,-92.01106798333163
30.230848321115005,-92.01105796439755
30.230847409876187,-92.0110469545564
30.23084658974277,-92.01103704548589
30.23084576051566,-92.01102702655206
30.230844849274224,-92.01101601671124
30.230844020045485,-92.01100599777752
30.230843190815975,-92.01099597884385
30.23084227957192,-92.01098496900326
30.230841450340787,-92.01097495006971
30.23084063020196,-92.01096504100038
30.230839718955302,-92.01095403116013
30.2308388897218,-92.01094401222682
30.230838060487525,-92.01093399329359
30.23083714923824,-92.01092298345355
30.230836320002336,-92.01091296452041
30.230835490765664,-92.01090294558733
30.23083458860696,-92.01089204561242
30.230833759368686,-92.01088202667955
30.23083293012964,-92.01087200774677
30.230832018875127,-92.01086099790726
30.230831189634465,-92.01085097897457
30.230830360393036,-92.01084096004192
30.230829449135882,-92.01082995020263
30.230828628986156,-92.01082004113573
30.230827799742347,-92.01081002220336
30.230826888482593,-92.01079901236439
30.230826059237167,-92.01078899343213
30.230825229990966,-92.01077897449993
30.23082431872859,-92.01076796466117
30.23082348948077,-92.01075794572907
30.23082258731006,-92.01074704575682
30.23082175806064,-92.01073702682496
30.230820928810445,-92.01072700789314
30.230820017543692,-92.01071599805486
30.230819188291882,-92.01070597912314
30.230818359039286,-92.01069596019148
30.23081744776991,-92.01068495035342
30.23081662760926,-92.01067504128895
30.2308157983543,-92.01066502235757
30.230814887082314,-92.01065401251981
30.230814057825725,-92.01064399358854
30.23081322856838,-92.01063397465732
30.230812317293765,-92.01062296481977
30.23081148803479,-92.0106129458887
30.230810667868724,-92.01060303682542
30.230809756591512,-92.0105920269882
30.23080892733016,-92.01058200805737
30.230808098068042,-92.01057198912657
30.2308071867882,-92.01056097928958
30.23080635752446,-92.01055096035893
30.23080553735374,-92.01054105129667
30.23080463196455,-92.01053004052784
30.23080380832295,-92.01052002110737
30.230802903213426,-92.01050901065811
30.230802079570214,-92.01049899123775
30.230801255926224,-92.01048897181748
30.23080035081406,-92.0104779613684
30.230799536139653,-92.01046805108031
30.23079871249329,-92.01045803166028
30.230797807378526,-92.01044702121152
30.230796983730546,-92.01043700179159
30.230796078614,-92.01042599134298
30.2307952549644,-92.0104159719232
30.230794431314028,-92.01040595250343
30.230793535166182,-92.01039505118784
30.2307927115142,-92.0103850317683
30.23079188786145,-92.0103750123488
30.230790982739663,-92.01036400190073
30.230790159085306,-92.01035398248135
30.23078925396175,-92.01034297203341
30.23078843030576,-92.01033295261415
30.230787615620446,-92.01032304232845
30.23078671049429,-92.01031203188083
30.23078588683593,-92.01030201246182
30.230785063176786,-92.01029199304287
30.230784158048,-92.01028098259546
30.230783334387247,-92.01027096317661
30.23078242925668,-92.01025995272934
30.230781614565863,-92.01025004244485
30.230780790902745,-92.01024002302627
30.23077988576957,-92.01022901257933
30.23077906210482,-92.01021899316086
30.230778238439296,-92.01020897374244
30.2307773333035,-92.01019796329571
30.23077651860803,-92.01018805301226
30.230775613470477,-92.01017704256577
30.23077478980173,-92.01016702314769
30.230773966132215,-92.01015700372965
30.230773060992032,-92.01014599328336
30.230772237320906,-92.01013597386543
30.230771413649002,-92.01012595444755
30.23077051747797,-92.01011505313706
30.230769693804472,-92.01010503371938
30.230768788659898,-92.01009402327357
30.230767964984764,-92.01008400385602
30.23076714130887,-92.0100739844385
30.230766236161678,-92.0100629739929
30.230765412484157,-92.01005295457549
30.230764597777775,-92.01004304429445
30.230763692627978,-92.01003203384917
30.23076286894808,-92.01002201443205
30.230761963796503,-92.0100110039869
30.23076114011499,-92.01000098456987
30.230760316432704,-92.0099909651529
30.230759411278502,-92.00997995470797
30.23075859656662,-92.00997004442813
