44.812162750227614,-68.76673893222143
44.812164366241085,-68.7667270993836
44.81216601798876,-68.76671500488145
44.812167801424664,-68.76670194611445
44.812169417434234,-68.76669011327516
44.8121712008672,-68.76667705450738
44.812172852609365,-68.76666496000406
44.812174504350175,-68.76665286550055
44.81217625204361,-68.76664006839445
44.8121779037817,-68.76662797389025
44.812179555518455,-68.76661587938584
44.812181303207666,-68.76660308227812
44.81218295494169,-68.76659098777303
44.81218473836289,-68.76657792900252
44.81218635435937,-68.76656609615837
44.812188006089315,-68.76655400165238
44.812189789506135,-68.76654094288084
44.81219140549871,-68.76652911003521
44.81219305722458,-68.76651701552831
44.81219484063703,-68.7665039567557
44.8121964566257,-68.76649212390862
44.8121982400352,-68.7664790651352
44.81219989175556,-68.76646697062716
44.812201543474586,-68.7664548761189
44.81220329114545,-68.76644207900412
44.81220494286175,-68.76642998449519
44.812206594576686,-68.76641788998603
44.81220834224334,-68.76640509286965
44.81220999395557,-68.76639299835979
44.812211777353305,-68.76637993958367
44.81221339332889,-68.76636810673173
44.81221504503703,-68.76635601222102
44.81221682843039,-68.76634295344383
44.81221844440206,-68.7663311205904
44.812220096106145,-68.76631902607879
44.81222187949511,-68.76630596730054
44.81222353119641,-68.76629387278844
44.81222527884893,-68.76628107566661
44.812226930547496,-68.76626898115383
44.812228582244714,-68.76625688664083
44.81223032989302,-68.76624408951739
44.81223198158751,-68.76623199500374
44.812233633280655,-68.76621990048984
44.812235380924754,-68.76620710336475
44.81223703261519,-68.76619500885019
44.812238815989446,-68.76618195006843
44.81224043194414,-68.76617011720867
44.81224208363048,-68.76615802269325
44.812243867000376,-68.7661449639104
44.81224551868394,-68.76613286939448
44.81224713463344,-68.76612103653287
44.81224891799894,-68.76610797774899
44.81225056967844,-68.76609588323217
44.812252317308406,-68.76608308610162
44.81225396898516,-68.76607099158413
44.81225562066058,-68.76605889706643
44.81225736828633,-68.76604609993424
44.81225901995902,-68.76603400541586
44.81226067163037,-68.76602191089727
44.81226241925191,-68.76600911376345
44.81226407092053,-68.76599701924417
44.81226585427134,-68.76598396045678
44.81226747020512,-68.76597212758927
44.81226912186967,-68.76596003306906
44.8122709052161,-68.76594697428061
44.812272556877865,-68.76593487975997
44.81227417280647,-68.76592304689056
44.812275956148504,-68.76590998810104
44.8122776078062,-68.76589789357949
44.81227935541361,-68.76588509644026
44.81228100706856,-68.76587300191804
44.81228265872218,-68.76586090739559
44.812284406325375,-68.76584811025474
44.812286057976266,-68.76583601573161
44.812287709625814,-68.76582392120827
44.812289457224786,-68.76581112406578
44.81229110887161,-68.76579902954177
44.81229289219895,-68.76578597074875
44.81229454384299,-68.76577387622424
44.8122961597546,-68.76576204334852
44.81229795709025,-68.76574931543145
44.812300362743265,-68.76573714604768
44.81230283716758,-68.76572493444046
44.812305236161826,-68.76571309508336
44.81230771058334,-68.76570088347526
44.81231010957493,-68.76568904411697
44.812312771338036,-68.76567590793637
44.8123151703269,-68.7656640685768
44.8123176447427,-68.76565185696685
44.81232004372892,-68.76564001760607
44.812322518141926,-68.76562780599525
44.81232491712548,-68.76561596663322
44.81232731610777,-68.76560412727056
44.812329977860315,-68.76559099108619
44.812332376839855,-68.76557915172222
44.812334851245794,-68.76556694010903
44.8123372502227,-68.76555510074385
44.81233972462583,-68.76554288912978
44.81234212360008,-68.76553104976341
44.81234459800041,-68.76551883814847
44.81234718431504,-68.76550607420818
44.81234965871247,-68.76549386259227
44.81235205768134,-68.76548202322341
44.81235445664891,-68.76547018385385
44.812356931042174,-68.76545797223653
44.81235933000711,-68.76544613286578
44.81236180439758,-68.76543392124758
44.8123643907022,-68.76542115730237
44.81236686508977,-68.76540894568322
44.81236926404931,-68.76539710630995
44.81237173843408,-68.76538489468993
44.812374137390975,-68.76537305531548
44.812376611772926,-68.76536084369457
44.812379010727184,-68.7653490043189
44.812381672448,-68.7653358681233
44.81238407139951,-68.76532402874635
44.81238647034973,-68.76531218936873
44.812388944724624,-68.76529997774544
44.8123913436722,-68.76528813836661
44.81239381804429,-68.76527592674248
44.812396216989235,-68.76526408736243
44.8123988786995,-68.76525095116303
44.81240127764169,-68.7652391117817
44.812403752008066,-68.76522690015568
44.81240615094762,-68.76521506077316
44.8124086253112,-68.76520284914628
44.812411024248114,-68.76519100976253
44.8124134986089,-68.7651787981348
44.81241608488343,-68.76516603417491
44.81241848381631,-68.76515419478922
44.81242095817282,-68.76514198315996
44.81242335710306,-68.76513014377306
44.81242583145678,-68.76511793214294
44.81242823038435,-68.76510609275483
44.81243070473527,-68.76509388112382
44.812433290999806,-68.76508111715901
44.812435765347814,-68.76506890552707
44.81243816427002,-68.76505706613645
44.81244063861523,-68.76504485450361
44.812443037534784,-68.7650330151118
44.812445511877186,-68.76502080347808
44.8124479107941,-68.76500896408506
44.81245049704864,-68.7649962001153
44.812452971386776,-68.76498398848011
44.81245537029965,-68.76497214908512
44.812457844635,-68.76495993744904
44.81246024354524,-68.76494809805284
44.81246271787777,-68.76493588641588
44.81246511678536,-68.76492404701845
44.81246777845332,-68.76491091080406
44.81247017735817,-68.76489907140537
44.812472651685,-68.76488685976656
44.81247505058721,-68.76487502036667
44.81247752491124,-68.76486280872697
44.8124799238108,-68.76485096932588
44.812482322709066,-68.76483912992408
44.812484984366485,-68.76482599370587
44.81248738326202,-68.7648141543028
44.812489857578974,-68.76480194266075
44.812492256471856,-68.76479010325649
44.81249473078602,-68.76477789161356
44.81249712967627,-68.76476605220807
44.81249960398762,-68.76475384056425
44.812502190212065,-68.7647410765799
44.812504664520524,-68.76472886493515
44.81250706340538,-68.76471702552716
44.81250949999999,-68.76470499999999
44.812513316302784,-68.76469320332136
44.81251695086643,-68.76468196841665
44.81252085324262,-68.76466990566351
44.812524315651345,-68.76465920290242
44.81252821802473,-68.76464714014746
44.81253185258301,-68.76463590523959
44.81253575495348,-68.76462384248289
44.81253921735726,-68.76461313971828
44.812543119724936,-68.76460107695972
44.81254675427784,-68.76458984204872
44.81255048449116,-68.76457831143291
44.81255411904143,-68.7645670765203
44.81255802140338,-68.76455501375817
44.81256165595091,-68.76454377884403
44.81256538615897,-68.76453224822427
44.81256902070385,-68.7645210133085
44.812572923060095,-68.7645089505428
44.81257655760225,-68.76449771562551
44.81258028780501,-68.7644861850018
44.812583922344515,-68.76447495008289
44.812587824695065,-68.76446288731363
44.812591287081574,-68.76445218453661
44.812595189429324,-68.76444012176549
44.81259882396345,-68.76442888684343
44.812602726308285,-68.7644168240706
44.812606188689855,-68.76440612129004
44.81261009103189,-68.76439405851538
44.81261372556064,-68.76438282359018
44.81261762789976,-68.76437076081376
44.812621358087995,-68.76435923017908
44.8126249926127,-68.76434799525144
44.81262889494752,-68.76433593247228
44.81263235732042,-68.76432522968547
44.81263625965244,-68.76431316690447
44.81263989417177,-68.76430193197369
44.81264379650088,-68.76428986919093
44.81264725886882,-68.76427916640061
44.81265116119515,-68.76426710361604
44.812654795709086,-68.7642558686821
44.81265869803249,-68.7642438058958
44.81266216039549,-68.76423310310192
44.8126660627161,-68.76422104031379
44.81266969722467,-68.76420980537671
44.812673427394465,-68.7641982747281
44.81267706190041,-68.76418703978943
44.81268096421531,-68.76417497699768
44.81268459871851,-68.76416374205748
44.81268832888301,-68.76415221140493
44.812691963383585,-68.7641409764631
44.812695865692774,-68.7641289136678
44.8126995001906,-68.76411767872443
44.812703230349825,-68.76410614806794
44.81270686484501,-68.76409491312295
44.81271076714849,-68.76408285032409
44.812714229494205,-68.76407214751781
44.81271813179488,-68.76406008471712
44.812722034094065,-68.76404802191549
44.81272566858246,-68.76403678696656
44.812729398732436,-68.76402525630304
44.8127330332182,-68.76401402135247
44.812736935511666,-68.76400195854728
44.81274056999469,-68.7639907235952
44.81274430013938,-68.7639791929277
44.812747934619765,-68.763967957974
44.81275183690753,-68.76395589516524
44.81275529923961,-68.76394519234918
44.81275920152459,-68.76393312953856
44.812762835999585,-68.76392189458173
44.81276673828164,-68.76390983176938
44.81277020060879,-68.76389912894979
44.812774102888035,-68.76388706613562
44.81277773735766,-68.76387583117561
44.8127815,-68.7638642
44.812785298309244,-68.76385320476396
44.81278941584304,-68.76384128544082
44.81279325413849,-68.7638301744444
44.81279737166943,-68.76381825511926
44.81280120996221,-68.76380714412105
44.81280532749031,-68.76379522479395
44.81280916578039,-68.76378411379396
44.81281300406918,-68.76377300279314
44.81281712159306,-68.76376108346312
44.81282095987916,-68.76374997246052
44.81282507740019,-68.76373805312852
44.812828915683625,-68.76372694212415
44.812833033201805,-68.76371502279015
44.81283687148255,-68.76370391178402
44.8128409889979,-68.76369199244802
44.81284482727595,-68.76368088144014
44.81284894478846,-68.76366896210213
44.81285278306383,-68.76365785109249
44.81285662133792,-68.763646740082
44.8128607388462,-68.76363482074109
44.812864577117594,-68.76362370972882
44.81286869462303,-68.76361179038592
44.812872532891745,-68.7636006793719
44.81287645872438,-68.76358931487323
44.81288029699053,-68.76357820385735
44.812884414490384,-68.76356628451038
44.812888252753844,-68.76355517349273
44.81289237025086,-68.76354325414377
44.812896208511646,-68.76353214312435
44.81290004677111,-68.76352103210412
44.81290416426391,-68.76350911275223
44.81290800252071,-68.76349800173024
44.81291212001065,-68.76348608237636
44.81291595826477,-68.76347497135258
44.812920075751876,-68.76346305199671
44.812923914003306,-68.76345194097118
44.81292803148757,-68.76344002161332
44.81293186973632,-68.76342891058601
44.812935987217735,-68.76341699122615
44.81293982546381,-68.7634058801971
44.81294394294237,-68.76339396083524
44.81294778118576,-68.7633828498044
44.81295161942785,-68.76337173877272
44.812955736902204,-68.76335981940795
44.812959575141605,-68.76334870837454
44.8129636926131,-68.76333678900777
44.81296753084983,-68.76332567797255
44.812971456651205,-68.76331431344799
44.81297529488536,-68.76330320241092
44.81297941235128,-68.7632912830401
44.81298325058277,-68.76328017200127
44.81298736804585,-68.76326825262846
44.81299120627464,-68.76325714158789
44.812995044502124,-68.76324603054645
44.81299916196098,-68.76323411117072
44.813003000185795,-68.76322300012752
44.81300711764181,-68.76321108074978
44.81301095586393,-68.76319996970484
44.8130150733171,-68.76318805032511
44.81301891153654,-68.76317693927841
44.81302302898688,-68.76316501989669
44.81302686720364,-68.7631539088482
44.81303098465113,-68.76314198946449
44.813034822865205,-68.76313087841423
44.81303866107798,-68.76311976736314
44.813042778521236,-68.76310784797651
44.81304661673134,-68.76309673692366
44.81305073417176,-68.76308481753503
44.81305457237917,-68.7630737064804
44.81305868981675,-68.76306178708981
44.813062336356744,-68.76305123087565
44.81306645379159,-68.76303931148297
44.813070291993746,-68.76302820042474
44.81307440942575,-68.76301628103005
44.813078247625235,-68.76300516997004
44.8130820858234,-68.76299405890921
44.81308620325118,-68.76298213951159
44.813090041446685,-68.76297102844899
44.813094158871614,-68.76295910904939
44.813097997064425,-68.76294799798502
44.81310172955211,-68.76293583560192
44.813105295366796,-68.76292417954554
44.813108760030694,-68.76291285412914
44.813112325842724,-68.76290119807092
44.81311604845451,-68.76288902945416
44.813119513114295,-68.76287770403563
44.81312307892227,-68.76286604797465
44.81312680152968,-68.76285387935546
44.813130367334914,-68.76284222329252
44.813133831989255,-68.76283089787105
44.81313739779185,-68.76281924180627
44.81314112039348,-68.76280707318371
44.8131445850437,-68.76279574776012
44.81314815084223,-68.7627840916926
44.81315187343948,-68.76277192306759
44.81315518128568,-68.76276111019818
44.81315890388007,-68.76274894157157
44.81316246967324,-68.76273728550024
44.813165934315336,-68.76272596007227
44.81316965690536,-68.76271379144323
44.81317322269446,-68.76270213536914
44.813176687332444,-68.76269080993904
44.81318025311891,-68.76267915386312
44.81318397570314,-68.7626669852307
44.81318754148687,-68.7626553291528
44.8131910061194,-68.76264400371979
44.81319472869926,-68.76263183508493
44.81319829447892,-68.76262017900429
44.81320175910735,-68.76260885356915
44.81320532488438,-68.76259719748664
44.81320904745844,-68.76258502884843
44.81321251208276,-68.76257370341116
44.813216077855714,-68.76256204732591
44.813219800425415,-68.76254987868526
44.81322310824767,-68.76253906580011
44.8132268308145,-68.76252689715785
44.8132303965821,-68.7625152410688
44.81323386119827,-68.76250391562718
44.813237583760746,-68.76249174698243
44.81324114952428,-68.76248009089065
44.81324487208381,-68.76246792224418
44.813248179897236,-68.76245710935324
44.813251902453906,-68.76244494070515
44.81325546821207,-68.76243328460956
44.81325893281868,-68.76242195916286
44.813262655370984,-68.76240979051234
44.81326622112508,-68.762398134414
44.813269685727576,-68.76238680896518
44.813273251479046,-68.76237515286499
44.81327697402556,-68.76236298421108
44.81328028182767,-68.7623521713127
44.81328400437133,-68.76234000265718
44.81328772691348,-68.76232783400084
44.81329129265814,-68.76231617789594
44.81329475725108,-68.76230485244204
44.81329832299311,-68.7622931963353
44.813302045529454,-68.76228102767563
44.81330535332274,-68.7622702147714
44.81330907585624,-68.7622580461101
44.81331279838821,-68.76224587744798
44.813316106177695,-68.76223506454131
44.813319828706824,-68.76222289587756
44.81332339443941,-68.76221123976426
44.81332685902011,-68.76219991430388
44.813330581544854,-68.76218774563768
44.81333414727339,-68.76217608952163
44.81333761184997,-68.76216476405912
44.81334117757586,-68.76215310794122
44.81334490009481,-68.76214093927167
44.81334846581798,-68.76212928315182
44.81335193038909,-68.76211795768637
44.81335565290368,-68.7621057890144
44.81335921862278,-68.76209413289179
44.8133626831898,-68.76208280742419
44.81336624890626,-68.76207115129975
44.81336997141505,-68.76205898262441
44.813373279184404,-68.76204816970446
44.81337700169034,-68.76203600102748
44.81338072419476,-68.7620238323497
44.81338403196031,-68.7620130194273
44.813387754461885,-68.76200085074788
44.813391320168904,-68.76198919461689
44.81339478472368,-68.76197786914281
44.81339835042806,-68.76196621300997
44.813402072923836,-68.76195404432721
44.81340579541808,-68.76194187564363
44.813409103174806,-68.7619310627154
44.813412825666205,-68.7619188940302
44.8134163913638,-68.76190723789264
44.81341985590901,-68.76189591241351
44.81342357958394,-68.76188374215555
44.813427171371266,-68.76187210510328
44.81343066280143,-68.76186079319363
44.81343425458612,-68.76184915613948
44.81343774601362,-68.76183784422838
44.813441337795666,-68.76182620717238
44.81344508874367,-68.76181405442708
44.81344858016707,-68.7618027425138
44.81345217194507,-68.76179110545498
44.813455663365794,-68.76177979354023
44.81345925514116,-68.76176815647955
44.81346300608197,-68.76175600373011
44.813466338331935,-68.7617452075008
44.8134700892699,-68.7617330547497
44.813473580683834,-68.76172174283133
44.813477172452515,-68.76171010576594
44.81348066386378,-68.76169879384612
44.813484255629824,-68.76168715677889
44.81348800656059,-68.76167500402363
44.81349133880183,-68.7616642077885
44.81349508972974,-68.76165205503159
44.813498581134226,-68.76164074310813
44.81350217289359,-68.76162910603624
44.81350592381714,-68.76161695327683
44.813509256052136,-68.76160615703753
44.81351300697284,-68.76159400427646
44.81351649837056,-68.76158269234936
44.81352009012322,-68.76157105527278
44.81352384103957,-68.76155890250924
44.8135271732683,-68.7615481062658
44.813530924181805,-68.76153595350057
44.81353425640807,-68.76152515725548
44.813538007318726,-68.76151300448859
44.81354175822787,-68.76150085172088
44.81354509045034,-68.76149005547329
44.813548841356635,-68.7614779027039
44.81355217357665,-68.76146710645465
44.813555924480106,-68.76145495368363
44.813559256697644,-68.76144415743269
44.81356300759825,-68.76143200466001
44.813566758497345,-68.76141985188649
44.813570090711096,-68.76140905563308
44.813573841607344,-68.76139690285788
44.81357717381863,-68.76138610660283
44.81358092471204,-68.76137395382598
44.81358451644071,-68.76136231673243
44.81358800781141,-68.76135100479074
44.813591758700454,-68.7613388520114
44.81359509090548,-68.76132805575217
44.81359884179169,-68.76131590297116
44.81360243351369,-68.76130426587295
44.813605924877606,-68.76129295392761
44.81360967575944,-68.76128080114414
44.8136130079582,-68.76127000488074
44.8136167588372,-68.76125785209561
44.81362035055252,-68.7612462149927
44.813623841909646,-68.76123490304374
44.81362743362234,-68.76122326593898
44.81363092497679,-68.76121195398856
44.813634675848576,-68.76119980119927
44.81363826755722,-68.76118816409169
44.81364175890757,-68.7611768521391
44.81364535061356,-68.76116521502966
44.813648841961246,-68.76115390307562
44.813652433664615,-68.7611422659643
44.81365592500962,-68.7611309540088
44.813659675871364,-68.76111880121368
44.81366326757068,-68.76110716409957
44.81366675891158,-68.76109585214188
44.81367035060826,-68.7610842150259
44.81367384194649,-68.76107290306678
44.81367759280103,-68.7610607502675
44.81368118449366,-68.76104911314873
44.81368467582777,-68.76103780118741
44.813688267517776,-68.76102616406673
44.81369175884922,-68.761014852104
44.81369535053658,-68.76100321498146
44.813699101382504,-68.76099106217711
44.813702592709845,-68.76097975021217
44.813706184393155,-68.76096811308683
44.813709675717824,-68.76095680112044
44.8137132673985,-68.76094516399323
44.81371701823721,-68.76093301118472
44.81372035039853,-68.76092221489628
44.813724101234406,-68.76091006208613
44.8137275925523,-68.76089875011611
44.8137311842263,-68.76088711298422
44.8137346755415,-68.76087580101276
44.81373826721287,-68.760864163879
44.81374201804152,-68.76085201106469
44.813745350194125,-68.76084121477044
44.813749101019944,-68.76082906195448
44.813752592328385,-68.76081774997937
44.81375618399306,-68.76080611284092
44.81375993481451,-68.76079396002247
44.813763266960855,-68.76078316372407
44.813767017779476,-68.76077101090395
44.81377050908113,-68.76075969892521
44.81377410073912,-68.7607480617821
44.81377793985138,-68.76073646204411
44.81378161670901,-68.76072474407124
44.81378518540766,-68.76071412379925
44.813789211807276,-68.76070214142659
44.81379296375667,-68.76069097579983
44.81379699015341,-68.7606789934253
44.8138007421001,-68.7606678277969
44.81380476849397,-68.76065584542047
44.81380833718528,-68.76064522514285
44.81381236357639,-68.76063324276444
44.81381611551777,-68.76062207713261
44.813819867457816,-68.7606109115
44.81382389384466,-68.76059892911883
44.81382764578202,-68.76058776348454
44.813831488913976,-68.76057632645342
44.81383524084872,-68.76056516081739
44.81383926722992,-68.76055317843237
44.81384301916197,-68.76054201279466
44.813846771092706,-68.76053084715616
44.81385079746965,-68.76051886476837
44.81385454939766,-68.76050769912824
44.81385839252049,-68.76049626208984
44.813862144445906,-68.76048509644795
44.81386617081721,-68.76047311405631
44.813869922739926,-68.76046194841273
44.81387367466132,-68.76045078276837
44.81387770102837,-68.76043880037395
44.81388126969645,-68.7604281800787
44.81388529606073,-68.7604161976823
44.81388904797682,-68.76040503203453
44.81389307433823,-68.76039304963625
44.813896826251614,-68.76038188398682
44.813900578163675,-68.76037071833657
44.81390442127088,-68.76035928128577
44.81390817318034,-68.7603481156338
44.81391219953471,-68.76033613323077
44.81391595144148,-68.76032496757713
44.813919977792985,-68.76031298517223
44.813923729697045,-68.76030181951691
44.813927756045665,-68.76028983711014
44.813931324697826,-68.76027921680276
44.813935076597964,-68.76026805114492
44.813939102942435,-68.76025606873526
44.813942854839866,-68.76024490307576
44.81394688118148,-68.76023292066422
44.813950633076196,-68.76022175500304
44.8139544761664,-68.76021031793869
44.81395822805852,-68.76019915227577
44.813961979949326,-68.76018798661207
44.8139660062839,-68.7601760041958
44.81396975817199,-68.76016483853043
44.8139737845037,-68.76015285611226
44.81397735314121,-68.76014223579375
44.81398137947015,-68.76013025337362
44.81398513135294,-68.76011908770481
44.81398888323442,-68.76010792203525
44.8139929095591,-68.76009593961234
44.813996661437855,-68.76008477394109
44.81400068775966,-68.76007279151631
44.81400425638861,-68.76006217119131
44.81400828270764,-68.76005018876454
44.8140120345811,-68.76003902308989
44.81401606089727,-68.76002704066121
44.814019812768024,-68.7600158749849
44.81402356463746,-68.76000470930778
44.8140274077029,-68.75999327222374
44.81403115956974,-68.75998210654487
44.81403518587888,-68.75997012411149
44.814038937743,-68.75995895843097
44.814042964049264,-68.75994697599569
44.814046715910685,-68.7599358103135
44.81405028452498,-68.75992518997735
44.814054310827096,-68.7599132075392
44.814058062684595,-68.75990204185447
44.81406208898383,-68.75989005941446
44.81406584083864,-68.75987889372807
44.814069867135004,-68.75986691128617
44.814073618987095,-68.7598557455981
44.81407718759281,-68.75984512525547
44.814081213885025,-68.7598331428107
44.8140849657332,-68.75982197712011
44.81408899202254,-68.75980999467346
44.814092743867995,-68.7597988289812
44.814096770154464,-68.75978684653268
44.81410033875283,-68.75977622618441
44.814104365036535,-68.75976424373391
44.81410811687668,-68.75975307803823
44.81411186871553,-68.75974191234177
44.81411589499497,-68.7597299298885
44.8141196468311,-68.75971876419037
44.81412348986393,-68.75970732708033
44.81412724169746,-68.75969616138046
44.81413126797126,-68.75968417892331
44.81413501980209,-68.75967301322177
44.8141387716316,-68.75966184751945
44.81414279790114,-68.75964986505953
44.814146549727944,-68.75963869935555
44.81415039275163,-68.75962726223827
44.81415414457583,-68.75961609653251
44.81415817083974,-68.75960411406875
44.814161922661235,-68.75959294836133
44.814165674481416,-68.75958178265314
44.814169685639115,-68.75956981336492
44.81417318274855,-68.75955810849722
44.814176576752544,-68.75954674871946
44.81418007385931,-68.75953504385001
44.81418346786061,-68.75952368407093
44.81418696496472,-68.75951197919971
44.814190462067494,-68.7595002743275
44.81419385606476,-68.7594889145463
44.81419735316487,-68.75947720967233
44.81420100092016,-68.7594650005463
44.814204244256885,-68.75945414501408
44.81420789200929,-68.7594419358865
44.814211389103995,-68.75943023100889
44.81421478309307,-68.75941887122359
44.8142182801851,-68.75940716634423
44.81422192793168,-68.75939495721347
44.81422517126086,-68.75938410167649
44.81422881900457,-68.7593718925442
44.81423231609118,-68.75936018766122
44.814235710072076,-68.7593488278718
44.81423920715602,-68.75933712298706
44.814242854893905,-68.75932491385159
44.814246098215506,-68.75931405830981
44.81424974595052,-68.7593018491728
44.814252989269626,-68.75929099362946
44.814256637001776,-68.75927878449092
44.814260134077635,-68.75926707960079
44.81426352804767,-68.7592557198059
44.81426702512086,-68.75924401491403
44.81427067284718,-68.7592318057723
44.81427391615872,-68.7592209502242
44.81427741322793,-68.75920924532956
44.814281060949945,-68.7591970361854
44.814284304257754,-68.75918618063487
44.8142879519769,-68.75917397148916
44.814291449040695,-68.75916226659089
44.814294842998514,-68.75915090678984
44.81429834005963,-68.75913920188981
44.81430198777294,-68.75912699274093
44.81430523107319,-68.75911613718561
44.81430887878364,-68.7591039280352
44.814312122081404,-68.75909307247834
44.814315769788976,-68.75908086332637
44.81431926684201,-68.75906915842097
44.814322660788946,-68.75905779861445
44.81432615783932,-68.75904609370728
44.81432980554107,-68.75903388455214
44.81433304883126,-68.7590230289905
44.81433669653014,-68.75901081983382
44.81434019357509,-68.75899911492303
44.814343587513854,-68.7589877551124
44.81434708455614,-68.75897605019985
44.814350732249196,-68.75896384104
44.814353975531816,-68.75895298547358
44.81435762322201,-68.75894077631217
44.81436112025887,-68.75892907139598
44.81436436353777,-68.75891821582712
44.814368011223664,-68.75890600666331
44.81437150825655,-68.75889430174438
44.81437490218307,-68.75888294192754
44.81437839921329,-68.75887123700686
44.814381793137116,-68.75885987718868
44.81438529016468,-68.75884817226623
44.814388937841855,-68.7588359630977
44.81439218111069,-68.75882510752253
44.814395828785,-68.75881289835243
44.814399325807145,-68.75880119342635
44.81440271972279,-68.75878983360408
44.81440621674227,-68.75877812867625
44.81440986441076,-68.75876591950296
44.814413107672024,-68.75875506392303
44.814416755337646,-68.75874285474822
44.8144202523517,-68.75873114981674
44.81442364625917,-68.75871978999037
44.81442714327055,-68.75870808505715
44.814430790930345,-68.75869587587917
44.814434034184046,-68.75868502029444
44.81443735799508,-68.75867319979646
44.81444081360481,-68.7586608959732
44.814444133707475,-68.75864907462187
44.81444721101011,-68.75863811776425
44.814450666615464,-68.75862581393893
44.81445398671407,-68.75861399258515
44.814457306811335,-68.75860217123049
44.814460762412224,-68.758589867403
44.81446383970841,-68.7585789105418
44.814467159801595,-68.75856708918472
44.81447061539814,-68.75855478535513
44.814473935488515,-68.7585429639964
44.81447725557754,-68.75853114263677
44.814480468371805,-68.75851970330062
44.81448378845811,-68.75850788193944
44.814487108543084,-68.75849606057737
44.814490428626684,-68.75848423921443
44.814493884212936,-68.75847193537983
44.814497204293744,-68.75846011401524
44.81450028157591,-68.75844915714593
44.8145037371578,-68.75843685330929
44.81450705723453,-68.75842503194225
44.8145103773099,-68.75841321057433
44.814513832887336,-68.7584009067355
44.814516910163086,-68.7583899498626
44.81452023023439,-68.75837812849224
44.81452368580746,-68.75836582465134
44.814527005875966,-68.75835400327934
44.81453032594312,-68.75834218190643
44.81453353871534,-68.75833074256055
44.814536858779775,-68.7583189211861
44.814540178842854,-68.75830709981076
44.8145436344071,-68.75829479596561
44.814546954467374,-68.75828297458862
44.81455003173035,-68.75827201770845
44.814553351788014,-68.75826019632979
44.81455680734645,-68.75824789248179
44.8145601274013,-68.75823607110148
44.814563447454795,-68.75822424972029
44.814566660213266,-68.7582128103683
44.814569980264054,-68.75820098898556
44.81457330031348,-68.75818916760193
44.81457675586309,-68.75817686374971
44.81458007590971,-68.75816504236442
44.81458339595498,-68.75815322097824
44.81458660870518,-68.75814178162261
44.81458992874772,-68.7581299602349
44.81459324878893,-68.75811813884629
44.81459670432971,-68.7581058349898
44.814600024368104,-68.75809401359956
44.814603101610636,-68.75808305670769
44.81460655714705,-68.75807075284914
44.81460987718138,-68.75805893145645
44.81461319721435,-68.75804711006286
44.81461651724599,-68.75803528866841
44.81461972998241,-68.7580238493067
44.814623716058016,-68.75801181254909
44.81462725278759,-68.75800116688356
44.81463124185388,-68.75798915966537
44.814634958454484,-68.75797797257277
44.8146389475179,-68.75796596535275
44.81464266411577,-68.75795477825855
44.814646473303206,-68.75794331246155
44.81465018989847,-68.75793212536564
44.81465417895623,-68.75792011814183
44.81465789554878,-68.75790893104428
44.81466161214002,-68.75789774394596
44.81466560119349,-68.75788573671947
44.814669137909554,-68.75787509104389
44.814673126960244,-68.75786308381544
44.81467684354615,-68.75785189671377
44.81468083259396,-68.7578398894835
44.81468454917715,-68.75782870238024
44.81468835835017,-68.757817236572
44.81469207493075,-68.757806049467
44.814696063972896,-68.75779404223296
44.81469978055074,-68.75778285512635
44.81470349712729,-68.75777166801899
44.81470730629379,-68.75776020220565
44.81471102286771,-68.75774901509655
44.81471501190281,-68.75773700785787
44.814718728474034,-68.75772582074715
44.81472271750623,-68.75771381350663
44.8147262542039,-68.75770316781727
44.814730243233335,-68.7576911605748
44.81473395979922,-68.75767997346075
44.814737948825766,-68.75766796621645
44.81474166538894,-68.75765677910077
44.81474538195077,-68.75764559198433
44.81474919110286,-68.75763412615974
44.8147529076621,-68.75762293904161
44.81475689668159,-68.75761093179268
44.81476061323811,-68.75759974467289
44.81476460225471,-68.75758773742213
44.81476813893888,-68.75757709172268
44.8147721279527,-68.75756508446996
44.81477584450389,-68.75755389734685
44.81477983351484,-68.7575418900923
44.814783550063304,-68.75753070296757
44.814787086741354,-68.75752005726359
44.81479107574814,-68.75750805000624
44.81479479229267,-68.75749686287904
44.81479878129657,-68.75748485561984
44.81480249783838,-68.75747366849102
44.814806306970844,-68.75746220265101
44.81481002351004,-68.75745101552047
44.814814012508286,-68.75743900825752
44.81481772904477,-68.75742782112535
44.814821718040115,-68.75741581386055
44.81482543457388,-68.75740462672675
44.81482897123844,-68.7573939810127
44.814832960229616,-68.7573819737451
44.814836676759455,-68.75737078660883
44.814840665747745,-68.75735877933938
44.81484438227487,-68.75734759220148
44.81484819139291,-68.75733612635025
44.814851907917436,-68.75732493921063
44.81485589690006,-68.75731293193742
44.81485961342186,-68.75730174479621
44.8148636024016,-68.75728973752115
44.81486713905387,-68.75727909179788
44.81487112803084,-68.75726708452089
44.8148748445473,-68.75725589737633
44.81487856106244,-68.75724471023099
44.814882550035136,-68.7572327029513
44.814886086681284,-68.75722205722347
44.8148900756512,-68.75721004994186
44.81489379216101,-68.75719886279317
44.814897781128046,-68.75718685550973
44.81490149763515,-68.75717566835944
44.8149054865993,-68.75716366107413
44.814909023238044,-68.75715301534078
44.814913012199426,-68.75714100805355
44.81491672870118,-68.75712982089992
44.81492044520163,-68.75711863374555
44.81492443415872,-68.7571066264556
44.814927970791366,-68.7570959807177
44.814931959745685,-68.75708397342584
44.81493567624081,-68.7570727862681
44.81493966519224,-68.75706077897438
44.81494338168463,-68.75704959181505
44.81494719076865,-68.75703812593713
44.81495090725843,-68.75702693877608
44.81495489620421,-68.7570149314786
44.81495861269128,-68.7570037443159
44.81496232917703,-68.75699255715244
44.81496613825452,-68.75698109126945
44.81496985473765,-68.75696990410431
44.81497384367637,-68.75695789680219
44.81497756015679,-68.7569467096354
44.814981549092636,-68.75693470233142
44.814985085706866,-68.75692405657976
44.81498907463993,-68.75691204927386
44.81499279111502,-68.75690086210373
44.8149967800452,-68.756888854796
44.81500049651756,-68.75687766762425
44.81500421298862,-68.75686648045175
44.8150080220517,-68.7568550145575
44.81501173852014,-68.75684382738328
44.81501572744325,-68.7568318200709
44.81501944390899,-68.75682063289506
44.81502343282922,-68.75680862558085
44.81502723224621,-68.75679820032248
44.81503206826054,-68.75678705887768
44.815036904273484,-68.75677591743174
44.815041740285025,-68.75676477598468
44.81504630388982,-68.75675426211797
44.81505082408213,-68.75674384826334
44.81505566008968,-68.75673270681293
44.81506022369083,-68.75672219294279
44.8150650596957,-68.75671105149004
44.81506989569916,-68.75669991003616
44.81507473170124,-68.75668876858113
44.81507929529739,-68.75667825470624
44.81508381548071,-68.7566678408445
44.815088651478796,-68.75665669938613
44.8150932150713,-68.7566461855078
44.81509805106669,-68.7566350440471
44.81510288706069,-68.75662390258528
44.81510745064948,-68.75661338870337
44.815112286640804,-68.7566022472392
44.815116806815155,-68.75659183337032
44.815121642803746,-68.756580691904
44.81512620638762,-68.75657017801748
44.815131042373544,-68.75655903654882
44.81513587835806,-68.75654789507907
44.815140441938226,-68.75653738118896
44.815145277920074,-68.75652623971686
44.81514979808542,-68.75651582584086
44.81515463406455,-68.75650468436659
44.81515919763978,-68.75649417047188
44.81516403361623,-68.75648302899528
44.81516886959129,-68.75647188751755
44.815173433162805,-68.75646137361925
44.81517826913518,-68.7564502321392
44.81518278929155,-68.75643981825608
44.8151876252612,-68.75642867677385
44.81519218882779,-68.75641816287094
44.81519702479477,-68.75640702138641
44.815201860760354,-68.75639587990071
44.81520642432323,-68.75638536599422
44.81521094447193,-68.75637495210502
44.815215780433505,-68.756363810616
44.815220616393695,-68.7563526691258
44.815225179951646,-68.75634215521472
44.81523001590915,-68.75633101372222
44.81523485186526,-68.75631987222857
44.81523941541949,-68.75630935831391
44.81524393555922,-68.75629894441757
44.81524877151132,-68.75628780292058
44.81525360746204,-68.75627666142245
44.815258171011344,-68.75626614750317
44.81526300695938,-68.7562550060027
44.81526784290602,-68.7562438645011
44.81527240645162,-68.75623335057824
44.815276926582335,-68.75622293667482
44.8152817884668,-68.75621179842965
44.8152869770482,-68.7562009781292
44.81529183649783,-68.75619084419856
44.81529702507666,-68.7561800238956
44.81530188452384,-68.75616988996265
44.8153070731001,-68.75615906965714
44.81531193254484,-68.75614893572192
44.81531712111852,-68.7561381154139
44.81532230969089,-68.75612729510453
44.81532716913192,-68.7561171611658
44.81533235770171,-68.75610634085393
44.81533721714029,-68.75609620691293
44.815342405707504,-68.7560853865985
44.81534726514364,-68.75607525265521
44.81535245370829,-68.75606443233825
44.81535762676928,-68.75605364434881
44.81536281533123,-68.75604282402936
44.81536767476235,-68.75603269008148
44.81537286332173,-68.75602186975948
44.81537772275039,-68.75601173580932
44.8153829113072,-68.7560009154848
44.81538777073342,-68.75599078153235
44.81539295928766,-68.7559799612053
44.815397818711425,-68.75596982725055
44.81540300726308,-68.75595900692097
44.81540786668441,-68.75594887296396
44.815413055233485,-68.75593805263182
44.81541824378125,-68.75592723229838
44.815423103198874,-68.75591709833785
44.81542829174407,-68.75590627800189
44.81543315115923,-68.75589614403907
44.81543833970185,-68.75588532370058
44.815443199114576,-68.75587518973546
44.81544838765462,-68.75586436939443
44.815453247064895,-68.75585423542704
44.815458435602366,-68.75584341508348
44.815463608634985,-68.75583262707016
44.815468797169764,-68.75582180672409
44.81547365657502,-68.75581167275212
44.81547884510723,-68.75580085240351
44.81548370451003,-68.75579071842927
44.815488893039664,-68.75577989807812
44.815493752440034,-68.75576976410157
44.81549894096709,-68.75575894374788
44.81550412949282,-68.75574812339289
44.81550898888949,-68.75573798941285
44.815514177412645,-68.75572716905532
44.815519036806855,-68.755717035073
44.81552422532745,-68.75570621471294
44.815529084719216,-68.75569608072833
44.815534273237226,-68.75568526036572
44.81553913262655,-68.75567512637883
44.815544321141985,-68.7556643060137
44.81554918052885,-68.75565417202452
44.81555436904172,-68.75564335165687
44.81555922842614,-68.75563321766538
44.81556441693644,-68.7556223972952
44.81556958994068,-68.75561160925803
44.81557477844827,-68.75560078888532
44.81557963782768,-68.75559065488926
44.8155848263327,-68.75557983451404
44.81558968570966,-68.7555697005157
44.81559487421212,-68.75555888013793
44.815600062713244,-68.75554805975884
44.81560492208651,-68.755537925757
44.81561011058506,-68.75552710537538
44.815614969955874,-68.75551697137125
44.81562015845186,-68.7555061509871
44.81562501782021,-68.7554960169807
44.81563020631363,-68.75548519659401
44.81563506567954,-68.7554750625853
44.815640254170376,-68.7554642421961
44.81564511353384,-68.75545410818509
44.8156503020221,-68.75544328779337
44.81565516138312,-68.75543315378006
44.81566034986881,-68.75542233338581
44.81566520922737,-68.75541219937023
44.815670397710484,-68.75540137897343
44.81567557068636,-68.7553905909124
44.81568075916677,-68.75537977051307
44.81568561852033,-68.75536963649292
44.81569080699817,-68.75535881609109
44.81569599547469,-68.7553479956879
44.81570085482455,-68.75533786166426
44.8157060432985,-68.75532704125855
44.8157109026459,-68.75531690723263
44.81571609111728,-68.75530608682439
44.81572095046224,-68.75529595279615
44.81572613893104,-68.75528513238541
44.81573099827355,-68.75527499835489
44.815736186739784,-68.7552641779416
44.81574104607984,-68.7552540439088
44.815746234543504,-68.75524322349297
44.815751093881104,-68.75523308945789
44.815756282342186,-68.75522226903954
44.815761141677356,-68.75521213500214
44.81576633013587,-68.75520131458126
44.815771189468585,-68.75519118054159
44.81577637792452,-68.75518036011817
44.81578187999635,-68.75516888565048
44.81578673932524,-68.75515875160734
44.81579192777717,-68.75514793118008
44.815796787103615,-68.75513779713462
44.81580197555296,-68.75512697670483
44.81580683487696,-68.7551168426571
44.81581202332374,-68.75510602222478
44.815816882645294,-68.75509588817476
44.81582207108949,-68.7550850677399
44.81582693040858,-68.75507493368758
44.8158321188502,-68.75506411325021
44.815836978166864,-68.75505397919562
44.815842166605925,-68.7550431587557
44.81584702592013,-68.7550330246988
44.8158522143566,-68.75502220425635
44.81585726097355,-68.75501123786778
44.81586196945273,-68.75500097215729
44.815867001374784,-68.75499000125308
44.815872033295484,-68.7549790303476
44.81587674177086,-68.75496876463386
44.81588177368891,-68.75495779372599
44.81588651079883,-68.75494746557375
44.815891219270526,-68.75493719985673
44.81589625118471,-68.75492622894522
44.81590128309751,-68.75491525803248
44.8159059915654,-68.75490499231219
44.81591102347558,-68.75489402139708
44.8159160553844,-68.75488305048071
44.81592076384849,-68.75487278475717
44.81592579575466,-68.75486181383843
44.815930532853784,-68.75485148567509
44.81593524131418,-68.75484121994826
44.815940273216476,-68.75483024902589
44.81594530511742,-68.75481927810226
44.81595001357402,-68.75480901237216
44.81595504547231,-68.75479804144616
44.815960077369255,-68.75478707051892
44.81596478582205,-68.75477680478558
44.81596981771634,-68.75476583385594
44.815974849609276,-68.75475486292507
44.81597926325377,-68.7547452399449
44.81598429514418,-68.75473426901164
44.81598932703325,-68.75472329807711
44.81599403547857,-68.75471303233721
44.81599906736498,-68.75470206140032
44.816004099250044,-68.7546910904622
44.81600880769154,-68.75468082471905
44.81601383957396,-68.75466985377852
44.81601887145502,-68.75465888283678
44.816023285089294,-68.75464925984659
44.81602831696784,-68.75463828890246
44.81603334884502,-68.75462731795704
44.81603805727904,-68.75461705220734
44.816043089153574,-68.75460608125957
44.81604812102675,-68.75459511031056
44.81605282945697,-68.75458484455758
44.816057861327515,-68.7545738736062
44.816062893196694,-68.75456290265355
44.816067306820756,-68.75455327965336
44.81607233868741,-68.75454230869835
44.81607737055272,-68.75453133774207
44.816082078975455,-68.75452107198254
44.81608711083811,-68.75451010102388
44.81609214269941,-68.75449913006399
44.81609685111834,-68.75448886430121
44.816101882976994,-68.75447789333893
44.81610691483431,-68.7544669223754
44.81611162324943,-68.75445665660935
44.81611636030293,-68.75444632839931
44.81612139215635,-68.75443535743214
44.81612610056779,-68.75442509166282
44.81613113241858,-68.75441412069328
44.81613616426799,-68.75440314972249
44.816140872675646,-68.75439288394989
44.81614590452242,-68.75438191297674
44.81615093636783,-68.75437094200234
44.81615564477168,-68.75436067622648
44.81616038181438,-68.75435034800535
44.816165413655916,-68.7543393770273
44.816170122056086,-68.75432911124817
44.816175153894974,-68.75431814026776
44.81618018573252,-68.75430716928607
44.81618489412888,-68.75429690350369
44.81618992596377,-68.75428593251964
44.81619495779732,-68.75427496153435
44.81619966618986,-68.75426469574869
44.81620440322176,-68.75425436751648
44.81620911161192,-68.75424410172866
44.816214143440284,-68.7542331307386
44.816219175267314,-68.75422215974729
44.81622388365366,-68.75421189395621
44.81622891547805,-68.75420092296253
44.81623394730105,-68.7541899519676
44.8162386556836,-68.75417968617327
44.81624368750399,-68.75416871517596
44.81624842452508,-68.75415838693269
44.816253132903945,-68.75414812113505
44.816258164720445,-68.75413715013411
44.81626319653558,-68.75412617913192
44.81626790491064,-68.75411591333103
44.81627293672314,-68.75410494232646
44.81627796853428,-68.75409397132064
44.816282676905544,-68.7540837055165
44.816287708714036,-68.75407273450833
44.81629274052117,-68.75406176349888
44.8162971540919,-68.75405214044653
44.81630218589652,-68.7540411694347
44.81630721769979,-68.75403019842162
44.816311926063555,-68.75401993261093
44.816316957864174,-68.75400896159547
44.816321989663436,-68.75399799057877
44.8163266980234,-68.75398772476481
44.81633172982003,-68.75397675374576
44.816336761615275,-68.75396578272544
44.81634117517579,-68.75395615966309
44.81634620696854,-68.75394518864036
44.816351238759914,-68.7539342176164
44.816355947112406,-68.7539239517959
44.81636097890113,-68.75391298076958
44.816366010688526,-68.75390200974196
44.81637071903721,-68.7538917439182
44.81637575082194,-68.75388077288827
44.8163808074125,-68.75387039896707
44.81638572175857,-68.75385972952338
44.81639097982463,-68.75384898038766
44.81639590636918,-68.75383890898216
44.81640116443271,-68.75382815984383
44.81640609097485,-68.75381808843598
44.81641134903584,-68.75380733929505
44.8164165978435,-68.75379660906682
44.816421855901815,-68.75378585992331
44.81642678243901,-68.75377578851075
44.81643204049478,-68.75376503936464
44.81643696702957,-68.75375496794973
44.816442225082795,-68.75374421880102
44.81644715161516,-68.75373414738375
44.81645240966586,-68.75372339823242
44.816457658462774,-68.75371266799485
44.816462916510794,-68.75370191884095
44.81646784303822,-68.75369184741896
44.8164731010837,-68.75368109826248
44.8164780276087,-68.75367102683813
44.81648328565165,-68.75366027767905
44.81648821217422,-68.75365020625235
44.81649379248075,-68.75363879827275
44.81649871900079,-68.7536287268437
44.81650397703854,-68.75361797767941
44.81650890355617,-68.75360790624802
44.81651416159138,-68.75359715708116
44.81651908810658,-68.7535870856474
44.81652434613925,-68.75357633647792
44.81652927265203,-68.75356626504183
44.81653485294732,-68.75355485705188
44.81653977945757,-68.7535447856134
44.81654503748504,-68.75353403643874
44.81654996399287,-68.75352396499794
44.816555222017804,-68.75351321582067
44.81656014852322,-68.75350314437749
44.81656540654561,-68.75349239519764
44.81657033304861,-68.75348232375212
44.816575581814625,-68.75347159348763
44.81658083983311,-68.75346084430396
44.8165857663324,-68.75345077285496
44.81659102434834,-68.75344002366869
44.81659595084521,-68.75342995221733
44.816601208858614,-68.75341920302844
44.81660613535306,-68.75340913157474
44.81661171562728,-68.75339772356547
44.8166166421192,-68.75338765210941
44.816621900127394,-68.75337690291535
44.8166268266169,-68.75336683145696
44.81663208462256,-68.75335608226028
44.81663701110965,-68.7533460107995
44.81664226911276,-68.75333526160024
44.81664719559743,-68.75332519013712
44.81665277586039,-68.75331378211753
44.816657702342525,-68.75330371065205
44.81666296034044,-68.75329296144761
44.816667886820156,-68.75328288997977
44.81667314481553,-68.75327214077272
44.81667807129283,-68.75326206930254
44.81668332928567,-68.7532513200929
44.81668857802208,-68.75324058980266
44.816693836012256,-68.75322984059042
44.81669876248461,-68.75321976911553
44.816704020472244,-68.75320901990071
44.81670894694217,-68.75319894842345
44.81671420492726,-68.75318819920602
44.81671913139478,-68.75317812772641
44.81672438937732,-68.75316737850639
44.816729638103,-68.75315664820677
44.81673489608288,-68.75314589898417
44.81673982254545,-68.75313582749985
44.81674508052279,-68.75312507827464
44.816750006982936,-68.75311500678798
44.816755264957756,-68.75310425756015
44.816760191415476,-68.75309418607114
44.81676577164747,-68.75308277802313
44.816770698102665,-68.75307270653174
44.81677595607226,-68.75306195729875
44.816780882525045,-68.75305188580502
44.816786140492106,-68.75304113656944
44.81679106694246,-68.75303106507334
44.81679632490698,-68.75302031583516
44.81680125135492,-68.75301024433672
44.81680683157567,-68.75299883627837
44.81681175802108,-68.75298876477757
44.81681701598039,-68.7529780155342
44.81682194242338,-68.75296794403104
44.81682720019648,-68.75295718829878
44.81683201538591,-68.75294701447152
44.81683715807448,-68.75293614868005
44.81684197326145,-68.75292597485053
44.81684711594741,-68.75291510905656
44.81685193113192,-68.7529049352248
44.81685707381529,-68.75289406942836
44.81686188899732,-68.75288389559435
44.81686703167811,-68.75287302979544
44.816871846857666,-68.7528628559592
44.81687698953585,-68.75285199015777
44.81688180471295,-68.75284181631926
44.81688694738854,-68.75283095051536
44.816891762563166,-68.75282077667461
44.81689690523617,-68.75280991086824
44.81690172040833,-68.75279973702524
44.81690686307873,-68.75278887121637
44.816912005747795,-68.7527780054062
44.81691682091623,-68.75276783155978
44.8169219635827,-68.75275696574711
44.816926778748666,-68.75274679189845
44.81693192141255,-68.7527359260833
44.81693673657604,-68.7527257522324
44.816941879237326,-68.75271488641476
44.81694669439835,-68.75270471256161
44.81695183705703,-68.7526938467415
44.816956652215595,-68.75268367288609
44.81696179487169,-68.75267280706349
44.816966610027784,-68.75266263320584
44.81697175268128,-68.75265176738075
44.81697656783491,-68.75264159352085
44.816981710485805,-68.75263072769329
44.81698621760369,-68.75262120467022
44.816991360252125,-68.75261033884016
44.81699617540093,-68.75260016497575
44.81700131804676,-68.75258929914321
44.817006133193104,-68.75257912527654
44.81701127583634,-68.7525682594415
44.817016418478254,-68.75255739360514
44.817021233620856,-68.75254721973509
44.817026376260166,-68.75253635389628
44.817031191400304,-68.75252618002393
44.81703633403703,-68.75251531418263
44.81704114917469,-68.75250514030806
44.81704629180882,-68.75249427446425
44.81705110694402,-68.75248410058745
44.81705624957555,-68.75247323474116
44.81706106470828,-68.75246306086211
44.81706620733722,-68.75245219501335
44.81707102246747,-68.75244202113204
44.817076165093816,-68.75243115528079
44.81708098022161,-68.75242098139724
44.81708612284537,-68.75241011554348
44.81709093797069,-68.7523999416577
44.817096080591845,-68.75238907580146
44.8171008957147,-68.75237890191343
44.81710603833325,-68.75236803605473
44.81711118095048,-68.7523571701947
44.81711599606961,-68.75234699630323
44.81712113868424,-68.75233613044072
44.81712595380089,-68.75232595654701
44.817131096412936,-68.75231509068202
44.81713591152712,-68.75230491678607
44.817141054136556,-68.75229405091861
44.817145869248286,-68.75228387702039
44.81715101185513,-68.75227301115045
44.81715582696439,-68.75226283724999
44.81716096956865,-68.75225197137753
44.817165784675424,-68.75224179747484
44.817170927277076,-68.75223093159991
44.817175742381394,-68.75222075769497
44.81718088498045,-68.75220989181757
44.817185700082305,-68.75219971791039
44.81719084267877,-68.75218885203049
44.81719565777816,-68.75217867812104
44.817200800372035,-68.75216781223865
44.81720561546895,-68.75215763832698
44.81721075806023,-68.7521467724421
44.81721590065017,-68.75213590655594
44.81722071574334,-68.75212573264083
44.81722585833069,-68.7521148667522
44.81723067342141,-68.75210469283482
44.81723581600617,-68.75209382694368
44.817240631094414,-68.75208365302407
44.817245773676575,-68.75207278713046
44.81725058876235,-68.75206261320861
44.81725542331511,-68.75205239815082
44.81726023839853,-68.75204222422671
44.81726538097562,-68.75203135832811
44.817270196056576,-68.75202118440176
44.817275338631084,-68.75201031850064
44.817280153709575,-68.75200014457204
44.817285296281476,-68.75198927866849
44.817290111357494,-68.75197910473763
44.81729525392681,-68.75196823883157
44.81730006900035,-68.75195806489847
44.817305211567074,-68.75194719898992
44.81731035413245,-68.75193633308008
44.817315169202274,-68.75192615914355
44.817320311765066,-68.75191529323122
44.817325126832415,-68.75190511929246
44.81733026921764,-68.75189425446935
44.81733510104618,-68.75188409551066
44.81734026098691,-68.75187324668943
44.81734509281299,-68.75186308772845
44.81735025275113,-68.75185223890473
44.81735508457475,-68.7518420799415
44.81736024451031,-68.75183123111526
44.81736507633146,-68.75182107214978
44.81737023626443,-68.75181022332104
44.81737506808313,-68.7518000643533
44.817380228013505,-68.75178921552205
44.817385059829746,-68.75177905655202
44.81739021975755,-68.7517682077183
44.817395379684015,-68.75175735888325
44.817400211496526,-68.75174719990979
44.81740537142041,-68.75173635107222
44.817410203230466,-68.7517261920965
44.81741536315175,-68.75171534325645
44.817420194959354,-68.75170518427845
44.817425354878054,-68.7516943354359
44.81743018668319,-68.75168417645564
44.81743534659931,-68.75167332761058
44.81744017840198,-68.75166316862806
44.817445338315515,-68.7516523197805
44.81745017011573,-68.75164216079571
44.817455330026675,-68.75163131194564
44.817460161824435,-68.75162115295858
44.81746532173278,-68.75161030410602
44.817470153528085,-68.75160014511671
44.81747531343385,-68.75158929626164
44.81748047333831,-68.75157844740527
44.817485305129864,-68.75156828841253
44.817490465031725,-68.75155743955364
44.81749529682083,-68.75154728055861
44.81750076685482,-68.75153577962843
44.817505598641354,-68.75152562063114
44.81751075853792,-68.75151477176729
44.81751559032199,-68.75150461276775
44.81752075021597,-68.75149376390137
44.81752558199757,-68.75148360489956
44.81753074188895,-68.7514727560307
44.81753557366811,-68.75146259702662
44.81754073355692,-68.75145174815525
44.8175455653336,-68.75144158914891
44.817550725219824,-68.75143074027504
44.8175558851047,-68.75141989139985
44.81756071687767,-68.75140973239007
44.81756587675997,-68.75139888351237
44.81757070853048,-68.75138872450032
44.817575868410195,-68.75137787562012
44.81758070017825,-68.75136771660581
44.81758586005536,-68.75135686772312
44.81759069182096,-68.75134670870654
44.81759585169549,-68.75133585982135
44.81760068345862,-68.75132570080251
44.81760584333057,-68.75131485191481
44.817610675091224,-68.75130469289371
44.817615834960606,-68.75129384400351
44.81762066671881,-68.75128368498014
44.817625826585584,-68.75127283608744
44.817630986451036,-68.75126198719342
44.817635818205524,-68.75125182816662
44.81764097806838,-68.7512409792701
44.817645809820405,-68.751230820241
44.817650969680685,-68.751219971342
44.81765580143024,-68.75120981231065
44.81766096128793,-68.75119896340914
44.81766579303503,-68.75118880437552
44.81767095289015,-68.7511779554715
44.81767578463478,-68.75116779643564
44.817680944487286,-68.75115694752911
44.81768577622947,-68.75114678849098
44.81769093607941,-68.75113593958194
44.817695767819124,-68.75112578054154
44.817700927666465,-68.75111493163003
44.81770575940374,-68.75110477258735
44.81771091924848,-68.75109392367331
44.8177160790919,-68.75108307475797
44.81772091082545,-68.75107291571189
44.81772607066628,-68.75106206679402
44.81773090239737,-68.75105190774566
44.81773606223562,-68.75104105882532
44.817740893964235,-68.75103089977468
44.81774605379991,-68.75102005085182
44.81775088552607,-68.75100989179893
44.81775604535914,-68.75099904287356
44.817760877082826,-68.75098888381842
44.817766036913326,-68.75097803489057
44.81777086863457,-68.75096787583313
44.817776028462475,-68.75095702690278
44.81778086018123,-68.7509468678431
44.817786020006565,-68.75093601891024
44.81779117983056,-68.75092516997604
44.8177960115456,-68.75091501091292
44.81780117136701,-68.75090416197625
44.8178060030796,-68.75089400291084
44.81781116289842,-68.75088315397166
44.81781599460856,-68.750872994904
44.817821154424784,-68.75086214596232
44.817825986132455,-68.7508519868924
44.8178311459461,-68.7508411379482
44.817835977651306,-68.75083097887602
44.817841137462366,-68.75082012992934
44.81784596916512,-68.7508099708549
44.817851128973594,-68.75079912190571
44.817855960673874,-68.75078896282899
44.817861120479755,-68.7507781138773
44.81786628028431,-68.75076726492429
44.81787111198089,-68.75075710584413
44.81787627178285,-68.75074625688865
44.81788110347695,-68.75073609780621
44.81788626327634,-68.75072524884818
44.81789109496799,-68.7507150897635
44.81789625476478,-68.750704240803
44.817901086453965,-68.75069408171603
44.81790624624818,-68.75068323275303
44.817911077934895,-68.75067307366382
44.81791623772652,-68.7506622246983
44.81792106941077,-68.75065206560683
44.81792622919982,-68.75064121663881
44.81793106088162,-68.75063105754506
44.81793622066808,-68.75062020857455
44.8179413804532,-68.75060935960272
44.817946212131275,-68.75059920050552
44.81795137191381,-68.75058835153119
44.817956203589425,-68.75057819243175
44.81796136336937,-68.7505673434549
44.81796619504253,-68.75055718435318
44.817971354819896,-68.75054633537385
44.817976186490604,-68.75053617626988
44.81798134626536,-68.75052532728802
44.817986177933605,-68.75051516818179
44.81799133770579,-68.75050431919745
44.81799616937157,-68.75049416008893
44.81800132914117,-68.7504833111021
44.81800616080448,-68.75047315199133
44.81801132057149,-68.75046230300198
44.81801615223235,-68.75045214388895
44.81802131199678,-68.7504412948971
44.81802647175988,-68.75043044590393
44.81803130341701,-68.75042028678746
44.81803646317752,-68.7504094377918
44.81804129483219,-68.75039927867304
44.818046454590124,-68.75038842967489
44.81805128624234,-68.75037827055388
44.81805675611909,-68.75036676948582
44.818061587768725,-68.75035661036256
44.81806674752135,-68.75034576135941
44.818071579168524,-68.75033560223389
44.81807673891856,-68.75032475322824
44.81808157056327,-68.75031459410044
44.818086730310725,-68.7503037450923
44.81809156195298,-68.75029358596224
44.81809672169785,-68.75028273695158
44.81810188144139,-68.7502718879396
44.81810671307992,-68.75026172880611
44.81811187282087,-68.75025087979164
44.81811670445695,-68.75024072065587
44.81812186419532,-68.7502298716389
44.81812669582892,-68.75021971250086
44.8181318555647,-68.75020886348138
44.81813668719586,-68.75019870434109
44.81814184692905,-68.7501878553191
44.818146678557746,-68.75017769617656
44.81815183828834,-68.75016684715209
44.818156669914565,-68.75015668800727
44.818161829642584,-68.75014583898027
44.81816666126635,-68.75013567983319
44.818171820991786,-68.75012483080371
44.81817698071589,-68.75011398177291
44.818181812335936,-68.75010382262236
44.818186972057454,-68.75009297358908
44.818191803675035,-68.75008281443628
44.818196963393966,-68.75007196540047
44.81820179500909,-68.75006180624543
44.81820695472544,-68.75005095720711
44.8182117863381,-68.7500407980498
44.818216946051855,-68.75002994900898
44.81822177766205,-68.7500197898494
44.818226937373225,-68.7500089408061
44.81823176898097,-68.74999878164425
44.818236928689544,-68.74998793259844
44.81824176029483,-68.74997777343432
44.81824692000082,-68.74996692438602
44.81825175160365,-68.74995676521964
44.818256911307046,-68.74994591616883
44.81826207100914,-68.7499350671167
44.81826690260823,-68.74992490794688
44.81827206230773,-68.74991405889224
44.818276893904375,-68.74990389972015
44.81828205360128,-68.74989305066302
44.818286885195455,-68.74988289148868
44.81829204488977,-68.74987204242905
44.81829687648148,-68.74986188325244
44.81830203617322,-68.7498510341903
44.81830686776247,-68.74984087501143
44.818312027451626,-68.74983002594679
44.81831685903842,-68.74981986676565
44.81832201872497,-68.74980901769851
44.81832685030931,-68.7497988585151
44.818332009993284,-68.74978800944547
44.818337169675935,-68.7497771603745
44.81834200125654,-68.74976700118766
44.8183471609366,-68.7497561521142
44.81835199251475,-68.74974599292509
44.81835715219222,-68.74973514384912
44.81836198376791,-68.74972498465775
44.8183671434428,-68.74971413557928
44.81837197501603,-68.74970397638565
44.81837713468833,-68.74969312730468
44.818381966259096,-68.74968296810877
44.81838712592881,-68.74967211902532
44.81839195749711,-68.74966195982715
44.81839711716423,-68.7496511107412
44.818401948730084,-68.74964095154077
44.818407108394624,-68.74963010245229
44.818412268057834,-68.7496192533625
44.81841709961995,-68.74960909415863
44.818422259280574,-68.74959824506635
44.818427090840245,-68.74958808586021
44.81843225049828,-68.74957723676542
44.818437082055475,-68.74956707755702
44.81844224171093,-68.74955622845971
44.81844707326567,-68.74954606924905
44.818452232918546,-68.74953522014926
44.81845706447082,-68.74952506093632
44.818462224121085,-68.74951421183405
44.81846705567091,-68.74950405261885
44.8184722153186,-68.74949320351404
44.81847704686597,-68.7494830442966
44.81848220651107,-68.74947219518928
44.81848703805596,-68.74946203596959
44.81849219769848,-68.74945118685977
44.81849735733966,-68.74944033774867
44.818502188880835,-68.7494301785255
44.81850734851944,-68.7494193294119
44.818512180058164,-68.74940917018645
44.818517339694175,-68.74939832107034
44.818522171230434,-68.74938816184263
44.81852733086386,-68.74937731272402
44.81853216239765,-68.74936715349406
44.818537322028476,-68.74935630437295
44.81854215355983,-68.74934614514073
44.81854731318808,-68.74933529601711
44.818552144716946,-68.74932513678262
