38.63346100995169,-76.89207407862162
38.63346100995169,-76.89207407862162
38.63345199353572,-76.89207594893007
38.63344297711969,-76.89207781923804
38.633433960703606,-76.89207968954558
38.63342506762607,-76.89208153426807
38.633417025625306,-76.8920832024483
38.633408009209056,-76.89208507275448
38.63339899279273,-76.89208694306022
38.63338997637634,-76.89208881336548
38.633381934375386,-76.89209048154409
38.63337304129752,-76.89209232626395
38.633364024880976,-76.89209419656787
38.63335500846438,-76.89209606687132
38.6333469664632,-76.89209773504834
38.633337950046496,-76.89209960535091
38.63332905696834,-76.89210145006852
38.6333200405515,-76.89210332037018
38.633311005436916,-76.89210505024363
38.633302068717924,-76.89210663503603
38.63329302582525,-76.8921082386563
38.63328398293255,-76.89210984227618
38.63327504621342,-76.89211142706739
38.633266003320614,-76.89211303068647
38.633256960427765,-76.89211463430516
38.63324704253678,-76.89211639309089
38.633237999643846,-76.89211799670873
38.633229062924514,-76.89211958149794
38.63321999794502,-76.89212107844712
38.63321100805478,-76.89212069251711
38.63320199199811,-76.89212030546389
38.633194000984574,-76.89211996241517
38.633184984927894,-76.89211957536213
38.63317599503765,-76.8921191894325
38.633167005147406,-76.89211880350298
38.63315798909073,-76.89211841645024
38.633148999200486,-76.8921180305209
38.63314106965447,-76.89211762910736
38.6331320288021,-76.89211484663606
38.633122987949584,-76.89211206416545
38.63311506999649,-76.89210962728613
38.63310602914375,-76.89210684481681
38.63309716583142,-76.89210411698912
38.63308907033746,-76.89210162547056
38.6330802070249,-76.89209889764413
38.63307211153073,-76.89209640612673
38.63306419357701,-76.89209396925078
38.63305609808264,-76.89209147773445
38.63304800258817,-76.89208898621867
38.63304102999326,-76.89208684029336
38.633031738846604,-76.8920828058292
38.633022677977436,-76.89207799365046
38.63301389359929,-76.89207332831586
38.6330048327294,-76.89206851613935
38.63299662501619,-76.89206415707062
38.63298784063703,-76.89205949173916
38.6329787797661,-76.89205467956589
38.63296971889479,-76.89204986739374
38.63296178767174,-76.8920456551718
38.632954709605634,-76.89204189605691
38.632946778382056,-76.8920376838366
38.63293884715819,-76.89203347161715
38.63293091593404,-76.89202925939858
38.632922984709616,-76.89202504718085
38.6329150534849,-76.892020834964
38.63290684576846,-76.89201647590541
38.632898914543176,-76.89201226369032
38.63289098707193,-76.8920070303324
38.63288285166332,-76.89200134803377
38.6328758152901,-76.89199643337417
38.63286767988059,-76.8919907510777
38.63285987290945,-76.89198529818525
38.632851737498996,-76.891979615891
38.63284393052693,-76.89197416300067
38.632835795115525,-76.89196848070868
38.63282798814254,-76.89196302782051
38.63281985273019,-76.89195734553076
38.63281204575626,-76.8919518926447
38.632803910342965,-76.8919462103572
38.63279687396566,-76.89194129570718
38.632788738551476,-76.89193561342182
38.63278093157574,-76.89193016053993
38.6327727961606,-76.89192447825681
38.632764989183954,-76.89191902537708
38.632756853767866,-76.89191334309619
38.63274904679029,-76.8919078902186
38.63274091137325,-76.89190220793996
38.632733104394745,-76.8918967550645
38.63272573957476,-76.89189161102108
38.63271793259538,-76.89188615814767
38.63271012561555,-76.8918807052753
38.632701948808425,-76.89187512366395
38.63269408681687,-76.8918697902757
38.63268590162756,-76.8918642376392
38.63267803963512,-76.89185890425307
38.6326698544449,-76.89185335161879
38.632661211700736,-76.89184748859259
38.63265302650956,-76.89184193596061
38.632645164515296,-76.89183660257883
38.632636979323216,-76.8918310499491
38.63262911732808,-76.89182571656944
38.63262093213508,-76.89182016394193
38.63261307013905,-76.8918148305644
38.63260488494515,-76.8918092779391
38.63259702294825,-76.89180394456368
38.63258916095091,-76.89179861118932
38.63258097575566,-76.89179305856732
38.63257311375742,-76.89178772519507
38.63256492856126,-76.89178217257529
38.632557066562136,-76.89177683920516
38.63254888136508,-76.8917712865876
38.63254101936507,-76.8917659532196
38.63253283416711,-76.89176040060426
38.632524972166216,-76.89175506723838
38.632516786967344,-76.89174951462527
38.63250892643584,-76.89174418970214
38.63250095253833,-76.89173912239086
38.63249297864042,-76.89173405508058
38.632485004742136,-76.89172898777133
38.63247703084343,-76.89172392046308
38.63246905694435,-76.89171885315585
38.632461083044866,-76.89171378584965
38.63245310914499,-76.89170871854445
38.632445135244716,-76.89170365124026
38.63243716134405,-76.8916985839371
38.63242918744298,-76.89169351663496
38.63242121354153,-76.89168844933381
38.63241404192881,-76.89168389187685
38.63240606802661,-76.89167882457767
38.632398094124014,-76.89167375727948
38.63239012022101,-76.89166868998228
38.63238214631762,-76.89166362268614
38.63237386129602,-76.89165835768036
38.63236588739183,-76.89165329038626
38.63235791348725,-76.8916482230932
38.63234993958227,-76.89164315580113
38.63234196567689,-76.89163808851009
38.63233399177112,-76.89163302122007
38.63232601786496,-76.89162795393105
38.632318846248076,-76.89162339648504
38.63231085443048,-76.89161841804516
38.632302184345356,-76.89161347059877
38.63229405800178,-76.89160883343105
38.632285931657876,-76.89160419626428
38.632277805313635,-76.8915995590985
38.632269135227034,-76.89159461165627
38.63226100888209,-76.89158997449246
38.63225288253684,-76.89158533732963
38.632245046684226,-76.89158086593267
38.63223608610317,-76.89157575272972
38.632227959756875,-76.89157111556985
38.632219833410254,-76.89156647841092
38.63221199755632,-76.89156200701774
38.632203036973756,-76.89155689381911
38.63219491062611,-76.89155225666318
38.63218707477116,-76.89154778527282
38.63217894842286,-76.89154314811877
38.63216998783879,-76.89153803492447
38.63216215198284,-76.89153356353695
38.632154025633525,-76.89152892638586
38.63214589928388,-76.89152428923575
38.632136938698295,-76.89151917604576
38.632129102841006,-76.89151470466204
38.63212097649032,-76.89151006751487
38.63211285013932,-76.89150543036868
38.63210418004533,-76.89150048294725
38.63209605369363,-76.89149584580306
38.6320879273416,-76.89149120865983
38.63207980098923,-76.89148657151756
38.63207113089376,-76.89148162410031
38.632063004540704,-76.89147698696003
38.63205487818732,-76.89147234982073
38.63204704232675,-76.89146787844636
38.632038081736646,-76.89146276526931
38.63202995538224,-76.89145812813297
38.632021829027494,-76.89145349099758
38.6320139931656,-76.89144901962699
38.632005032573986,-76.89144390645426
38.63199690621821,-76.89143926932184
38.63198907035532,-76.89143479795409
38.6319809439989,-76.89143016082359
38.63197198340578,-76.89142504765516
38.63196414754188,-76.89142057629027
38.63195602118443,-76.8914159391627
38.63194789482665,-76.89141130203612
38.63193893423203,-76.89140618887203
38.63193109836679,-76.89140171751089
38.631922972008,-76.89139708038726
38.631914845648865,-76.89139244326459
38.63190617554599,-76.89138749586814
38.63189804918618,-76.89138285874746
38.631889922826026,-76.89137822162776
38.63188179646553,-76.89137358450901
38.63187312636118,-76.89136863711674
38.631865,-76.891364
38.63185705912889,-76.89135981609596
38.631847988176595,-76.89135503677342
38.6318400473049,-76.89135085287123
38.631830976351914,-76.89134607355082
38.63182303547962,-76.89134188965045
38.63181396452597,-76.89133711033213
38.631806023653084,-76.89133292643362
38.631796952698764,-76.8913281471174
38.63178903796926,-76.89132389285999
38.631780933913845,-76.891319186479
38.63177200053957,-76.89131399847747
38.63176389648342,-76.89130929209854
38.63175608632852,-76.89130475640198
38.631747982271705,-76.89130005002495
38.63173987821455,-76.89129534364889
38.63173177415705,-76.89129063727381
38.63172313468205,-76.89128561996003
38.631715030623845,-76.89128091358697
38.6317069265653,-76.89127620721487
38.631699116408015,-76.89127167152489
38.63169101234879,-76.8912669651547
38.631682908289235,-76.8912622587855
38.631673974910335,-76.89125707079694
38.63166616475169,-76.89125253511075
38.63165806069107,-76.89124782874454
38.631649956630106,-76.89124312237931
38.63164185256881,-76.89123841601503
38.631634042408834,-76.89123388033255
38.63162510902764,-76.89122869235047
38.63161700496528,-76.89122398598919
38.63160890090259,-76.89121927962888
38.63160109074125,-76.8912147439502
38.63159298667788,-76.89121003759182
38.63158488261416,-76.8912053312344
38.63157594923066,-76.8912001432588
38.63156813906793,-76.89119560758394
38.631560035003176,-76.8911909012295
38.63155193093807,-76.89118619487606
38.63154382687262,-76.89118148852357
38.63153601670859,-76.8911769528524
38.63152708332276,-76.89117176488328
38.63151897925626,-76.8911670585338
38.63151087518943,-76.89116235218528
38.63150306502402,-76.89115781651792
38.631494960956516,-76.89115311017133
38.63148685688865,-76.8911484038257
38.63147792350052,-76.89114321586307
38.63147011333375,-76.89113868019952
38.63146200926483,-76.89113397385688
38.631453905195585,-76.89112926751521
38.63144580112599,-76.89112456117452
38.63143799095788,-76.89112002551468
38.63142905756745,-76.8911148375585
38.631420953496814,-76.89111013122081
38.63141314332768,-76.89110559556383
38.63140503925635,-76.89110088922804
38.631396935184675,-76.89109618289322
38.63138883111268,-76.89109147655938
38.631380191621815,-76.89108645928933
38.6313720875491,-76.89108175295749
38.63136398347604,-76.89107704662663
38.631355879402626,-76.89107234029674
38.63134806923081,-76.8910678046473
38.63133996515674,-76.89106309831932
38.63133103176169,-76.89105791037613
38.63132292768691,-76.89105320405021
38.631315117513694,-76.89104866840457
38.63130701343822,-76.89104396208054
38.631298909362414,-76.89103925575752
38.63129080528627,-76.89103454943546
38.63128216579088,-76.89102953217791
38.63127406171401,-76.89102482585785
38.6312659576368,-76.89102011953878
38.631257853559255,-76.8910154132207
38.63125004338336,-76.89101087758256
38.63124193930514,-76.89100617126638
38.63123306186698,-76.89100083188984
38.63122500901099,-76.89099597551456
38.63121695615466,-76.89099111914028
38.631208903297946,-76.89098626276699
38.631200850440884,-76.8909814063947
38.63119279758346,-76.8909765500234
38.631184227525154,-76.89097138174931
38.63117617466698,-76.89096652538005
38.63116812180843,-76.89096166901179
38.63116006894952,-76.89095681264452
38.63115201609023,-76.89095195627824
38.6311439632306,-76.89094709991296
38.63113591037059,-76.89094224354866
38.63112703913605,-76.89093689365616
38.63111898627529,-76.89093203729396
38.63111093341415,-76.89092718093275
38.631102880552675,-76.89092232457253
38.63109482769081,-76.89091746821332
38.63108707600206,-76.8909127934807
38.631079023139485,-76.89090793712342
38.631070151902094,-76.89090258723861
38.63106209903875,-76.89089773088342
38.63105404617504,-76.89089287452923
38.63104599331096,-76.89088801817601
38.63103794044653,-76.8908831618238
38.63102988758175,-76.89087830547258
38.631021016341876,-76.89087295559443
38.63101296347633,-76.8908680992453
38.631004910610386,-76.89086324289715
38.630996857744115,-76.89085838655001
38.630989106051025,-76.89085371182898
38.630981053184016,-76.89084885548377
38.63097300031666,-76.89084399913955
38.630964129073924,-76.89083864926913
38.63095607620579,-76.890833792927
38.6309480233373,-76.89082893658586
38.63093997046844,-76.89082408024572
38.63093191759921,-76.89081922390658
38.63092386472964,-76.89081436756844
38.63091581185969,-76.89080951123125
38.63090694061408,-76.89080416136858
38.63089918891701,-76.89079948665818
38.63089113604595,-76.89079463032405
38.63088308317452,-76.89078977399092
38.630875030302725,-76.89078491765879
38.63086697743057,-76.89078006132765
38.630858106182515,-76.89077471147158
38.63085005330959,-76.89076985514252
38.6308420004363,-76.89076499881445
38.63083394756264,-76.89076014248738
38.630825894688634,-76.8907552861613
38.630817841814256,-76.89075042983622
38.63080978893952,-76.89074557351212
38.63080121886233,-76.89074040528799
38.63079316598683,-76.89073554896594
38.63078511311097,-76.89073069264488
38.63077706023475,-76.8907258363248
38.63076889270573,-76.89072025716536
38.63076104510846,-76.89071489188301
38.63075319751076,-76.8907095266017
38.63074502529074,-76.89070393938256
38.630737177692154,-76.89069857410338
38.63072900547122,-76.89069298688646
38.630721935932996,-76.89068815355728
38.630713763711206,-76.89068256634248
38.63070591611086,-76.89067720106745
38.63069806851007,-76.89067183579346
38.63068989628691,-76.89066624858198
38.63068204868522,-76.8906608833101
38.630673876461145,-76.89065529610086
38.63066602885856,-76.89064993083113
38.630658181255534,-76.89064456556243
38.63065000903008,-76.89063897835649
38.63064216142616,-76.89063361308992
38.630633989199794,-76.8906280258862
38.63062691965684,-76.89062319256843
38.63061907205164,-76.89061782730492
38.63061089982395,-76.89061224010442
38.63060305221783,-76.89060687484303
38.63059487998923,-76.89060128764476
38.63058703238222,-76.8905959223855
38.630578860152696,-76.89059033518946
38.6305710125448,-76.89058496993233
38.63056316493645,-76.89057960467625
38.630554992705555,-76.8905740174835
38.630547145096315,-76.89056865222953
38.630538972864514,-76.89056306503902
38.63053190331683,-76.89055823173265
38.630524055706296,-76.89055286648176
38.63051588347316,-76.89054727929445
38.63050803586173,-76.89054191404568
38.63049986362769,-76.89053632686061
38.630492016015374,-76.89053096161398
38.630484168402596,-76.89052559636836
38.63047599616718,-76.8905200091866
38.63046814855351,-76.89051464394312
38.63045997631718,-76.89050905676359
38.63045212870262,-76.89050369152224
38.63044395646536,-76.89049810434494
38.630436886912946,-76.89049327104996
38.630429039297105,-76.89048790581168
38.63042086705853,-76.89048231863758
38.63041301944179,-76.89047695340142
38.6304048472023,-76.89047136622955
38.63039699958465,-76.89046600099552
38.63038915196656,-76.89046063576254
38.63038097972571,-76.89045504859398
38.630373132106726,-76.89044968336312
38.63036495986494,-76.89044409619677
38.63035711224506,-76.89043873096804
38.63034894000237,-76.89043314380393
38.63034187044522,-76.89042831052035
38.630334022824044,-76.89042294529469
38.63032585058004,-76.89041735813379
38.63031800295798,-76.89041199291026
38.630309830713045,-76.89040640575158
38.63030198309008,-76.89040104053016
38.63029413546668,-76.89039567530978
38.63028596322038,-76.89039008815442
38.63027811559607,-76.89038472293616
38.63026994334884,-76.89037913578304
38.630262095723644,-76.8903737705669
38.63025424809802,-76.89036840535182
38.63024685391364,-76.89036335014383
38.63023900628716,-76.89035798493077
38.6302308340377,-76.89035239778308
38.63022298641032,-76.89034703257215
38.63021481415994,-76.89034144542669
38.63020696653166,-76.89033608021786
38.63019911890292,-76.89033071501011
38.6301909466512,-76.89032512786794
38.63018309902157,-76.89031976266232
38.63017492676891,-76.89031417552238
38.63016707913839,-76.89030881031886
38.63015923150743,-76.89030344511639
38.63015183731821,-76.89029838992039
38.6301439896864,-76.89029302471995
38.6301358174315,-76.89028743758544
38.630127969798785,-76.89028207238714
38.630120122165636,-76.89027670718986
38.63011194990937,-76.89027112005867
38.63010410227533,-76.89026575486352
38.630095930018136,-76.89026016773455
38.6300880823832,-76.89025480254152
38.6300799101251,-76.89024921541478
38.63007206248927,-76.8902438502239
38.63006421485298,-76.89023848503405
38.630056042593516,-76.89023289791062
38.630048973021786,-76.8902280646622
38.630040800761435,-76.8902224775409
38.63003295312342,-76.89021711235519
38.63002510548496,-76.89021174717054
38.630016933223246,-76.89020616005254
38.63000908558388,-76.89020079487001
38.63000091332125,-76.89019520775425
38.629993065680985,-76.89018984257383
38.629984893417436,-76.8901842554603
38.629977045776286,-76.89017889028202
38.62996919813469,-76.89017352510477
38.629961025869775,-76.89016793799455
38.62995395629331,-76.89016310475753
38.62994578402753,-76.89015751764943
38.62993793638419,-76.89015215247633
38.62993008874041,-76.89014678730429
38.62992191647324,-76.8901412001995
38.62991406882856,-76.89013583502957
38.6299058965605,-76.89013024792702
38.62989804891492,-76.89012488275921
38.6298902012689,-76.89011951759245
38.62988202899946,-76.89011393049321
38.629874181352534,-76.89010856532856
38.62986600908218,-76.89010297823155
38.62985893950099,-76.89009814500594
38.62985076722977,-76.89009255791105
38.6298429195811,-76.89008719275056
38.62983507193199,-76.89008182759112
38.62982689965939,-76.89007624049952
38.629819052009395,-76.89007087534222
38.62981087973589,-76.89006528825286
38.62980303208499,-76.89005992309767
38.629795184433654,-76.89005455794353
38.62978701215877,-76.89004897085748
38.62977916450653,-76.89004360570544
38.62977099223074,-76.89003801862164
38.62976392264482,-76.89003318540742
38.629756074991285,-76.89002782025847
38.62974790271416,-76.89002223317785
38.629740055059735,-76.89001686803103
38.629731882781705,-76.89001128095263
38.62972403512638,-76.89000591580795
38.62971586284743,-76.89000032873179
38.62970801519122,-76.8899949635892
38.62970016753455,-76.88998959844767
38.62969199525423,-76.88998401137482
38.62968414759667,-76.8899786462354
38.629675975315436,-76.88997305916479
38.629668905724785,-76.889968225962
38.62966105806593,-76.88996286082563
38.62965288578337,-76.88995727375823
38.62964503812363,-76.88995190862401
38.629636865840155,-76.88994632155882
38.629629018179514,-76.88994095642674
38.62962084589511,-76.88993536936378
38.629612998233576,-76.88993000423382
38.62960515057161,-76.8899246391049
38.62959697828583,-76.88991905204524
38.62958913062296,-76.88991368691845
38.629580958336284,-76.88990809986105
38.62957388874089,-76.88990326666962
38.62956604107673,-76.8898979015459
38.62955782524472,-76.88989243068667
38.62954992720483,-76.88988717940464
38.62954202916454,-76.88988192812364
38.6295341311238,-76.88987667684368
38.62952591353225,-76.8898712131009
38.62951801549066,-76.88986596182305
38.62951011744865,-76.88986071054623
38.629501899855796,-76.88985524680675
38.62949400181293,-76.88984999553202
38.629486103769636,-76.88984474425834
38.629478205725924,-76.88983949298567
38.629469988131305,-76.88983402925055
38.62946209008673,-76.88982877797999
38.62945497957833,-76.8898240503295
38.629446761982464,-76.88981858659754
38.62943886393665,-76.88981333533003
38.629430965890414,-76.88980808406356
38.62942306784376,-76.8898028327981
38.62941485024614,-76.88979736907052
38.62940695219863,-76.88979211780718
38.62939905415068,-76.88978686654487
38.62939115610231,-76.8897816152836
38.62938293850295,-76.88977615156035
38.62937504045374,-76.8897709003012
38.62936714240407,-76.88976564904304
38.62935892480341,-76.8897601853231
38.6293510267529,-76.88975493406707
38.62934312870197,-76.88974968281208
38.62933601818792,-76.88974495517562
38.62932780058556,-76.88973949145992
38.62931990253339,-76.88973424020796
38.62931200448078,-76.88972898895703
38.629304106427774,-76.88972373770713
38.629295888823656,-76.8897182739958
38.62928799076979,-76.88971302274801
38.62928009271549,-76.88970777150125
38.629271875110064,-76.8897023077932
38.629263977054904,-76.88969705654856
38.62925607899931,-76.88969180530493
38.629248180943314,-76.88968655406234
38.62923996333615,-76.88968109035865
38.62923206527929,-76.88967583911817
38.62922416722199,-76.88967058787873
38.62921705670228,-76.8896658602563
38.62920883909343,-76.88966039655686
38.6292009410349,-76.88965514532048
38.62919304297595,-76.88964989408508
38.62918482536577,-76.88964443038893
38.629176927305956,-76.88963917915565
38.62916902924572,-76.88963392792341
38.62916113118508,-76.88962867669221
38.62915291357315,-76.88962321300042
38.62914501551163,-76.88961796177132
38.629137117449694,-76.88961271054323
38.62912921938734,-76.88960745931621
38.62912100177366,-76.88960199562877
38.629113103710445,-76.88959674440385
38.6291052056468,-76.88959149317994
38.62909777557053,-76.88958655311028
38.62908987750608,-76.88958130188838
38.629081979441196,-76.88957605066753
38.62907404218889,-76.889570893134
38.629064986213116,-76.88956503492268
38.6290570412807,-76.88955989543447
38.62904909634787,-76.8895547559473
38.62904115141463,-76.88954961646114
38.6290328920082,-76.88954427354723
38.62902494707414,-76.88953913406316
38.629017002139676,-76.8895339945801
38.629008260633434,-76.88952833980578
38.629000001225286,-76.8895229968963
38.62899205628955,-76.88951785741645
38.62898411135341,-76.88951271793765
38.628975851944006,-76.8895073750314
38.62896790700703,-76.88950223555467
38.62895996206967,-76.88949709607895
38.628952017131894,-76.88949195660426
38.62894296114907,-76.88948609841087
38.628935016210434,-76.88948095893836
38.62892707127138,-76.88947581946688
38.62891912633193,-76.88947067999642
38.628910866919135,-76.88946533709893
38.628902921978856,-76.88946019763056
38.62889497703817,-76.8894550581632
38.62888623552502,-76.8894494034061
38.6288779761105,-76.88944406051301
38.62887005698939,-76.88943885904446
38.62886215263696,-76.88943362247319
38.62885392939194,-76.88942817463943
38.62884602503866,-76.88942293807025
38.62883812068496,-76.8894177015021
38.628829897438635,-76.88941225367164
38.62882199308408,-76.88940701710561
38.6288140887291,-76.88940178054057
38.628805865481475,-76.8893963327134
38.62879796112565,-76.88939109615049
38.62879005676939,-76.8893858595886
38.62878183352044,-76.8893804117647
38.628773929163344,-76.88937517520492
38.628766024805806,-76.88936993864617
38.62875701281848,-76.88936396829523
38.62874910846004,-76.88935873173867
38.628741204101196,-76.88935349518317
38.628732980849605,-76.88934804736591
38.62872507648991,-76.88934281081251
38.62871717212978,-76.88933757426014
38.62870894887688,-76.88933212644616
38.62870104451589,-76.88932688989588
38.628693140154496,-76.88932165334666
38.6286849169003,-76.88931620553598
38.62867701253805,-76.88931096898884
38.62866910817537,-76.88930573244272
38.62866088491986,-76.88930028463531
38.628652980556325,-76.88929504809131
38.628645076192385,-76.88928981154835
38.62863685293558,-76.88928436374421
38.62862894857077,-76.88927912720334
38.628621044205545,-76.8892738906635
38.62861203220948,-76.88926792033415
38.62860412784335,-76.88926268379653
38.62859622347681,-76.88925744725994
38.62858800021734,-76.88925199946245
38.62858009584993,-76.88924676292795
38.6285721914821,-76.88924152639449
38.628563968221336,-76.88923607860028
38.62855606385266,-76.88923084206894
38.628548159483564,-76.8892256055386
38.62853995055034,-76.88922017741612
38.62853097783142,-76.88921607953668
38.6285228921929,-76.88921238679163
38.62851391947348,-76.88920828891405
38.62850608108286,-76.88920470908994
38.62849710836293,-76.88920061121416
38.62848902272348,-76.88919691847241
38.62848005000305,-76.88919282059847
38.628471077282335,-76.88918872272549
38.628462991642195,-76.88918502998625
38.628454018920955,-76.88918093211511
38.628445933280354,-76.88917723937755
38.62843696055862,-76.88917314150827
38.62842887491757,-76.88916944877235
38.62841990219532,-76.88916535090489
38.6284109294728,-76.88916125303841
38.628403091079434,-76.88915767322399
38.628394118356425,-76.88915357535933
38.6283860327142,-76.88914988262756
38.628377059990655,-76.88914578476474
38.62836808726685,-76.88914168690289
38.628360001623925,-76.88913799417365
38.62835102889961,-76.88913389631362
38.62834294325623,-76.88913020358606
38.62833397053139,-76.8891261057279
38.62832588488756,-76.88912241300199
38.6283169121622,-76.88911831514564
38.62830793943658,-76.88911421729026
38.6283001010405,-76.88911063748554
38.62829184984715,-76.88910538219712
38.62828389684754,-76.88910026256295
38.62827594384752,-76.88909514292979
38.628267990847114,-76.88909002329765
38.628260037846275,-76.88908490366654
38.62825177127922,-76.88907958218297
38.62824302013101,-76.88907394875878
38.62823506712893,-76.88906882913086
38.62822711412644,-76.88906370950397
38.628219161123546,-76.88905858987812
38.628211208120256,-76.88905347025326
38.62820294155067,-76.88904814877624
38.62819498854656,-76.88904302915347
38.628187035542034,-76.88903790953172
38.62817908253713,-76.889032789911
38.628171129531815,-76.88902767029128
38.628162862960146,-76.88902234881962
38.62815490995401,-76.889017229202
38.62814695694747,-76.8890121095854
38.62813900394053,-76.88900698996981
38.6281310509332,-76.88900187035526
38.62812309792545,-76.88899675074171
38.62811483135129,-76.88899142927649
38.628106878342734,-76.88898630966503
38.62809892533377,-76.88898119005458
38.628090972324394,-76.88897607044517
38.62808301931462,-76.88897095083676
38.628074752738414,-76.88896562937691
38.62806679972783,-76.8889605097706
38.628058048569216,-76.88895487637244
38.628050095557775,-76.88894975676827
38.62804214254594,-76.88894463716511
38.6280341895337,-76.88893951756297
38.628025922954954,-76.88893419610966
38.62801796994189,-76.8889290765096
38.62801001692843,-76.88892395691056
38.62800206391456,-76.88891883731256
38.62799411090029,-76.88891371771557
38.627986157885616,-76.88890859811958
38.6279778913044,-76.8889032766727
38.6279699382889,-76.88889815707881
38.627961985273004,-76.88889303748594
38.62795403225671,-76.8888879178941
38.62794607924002,-76.88888279830327
38.62793781265672,-76.88887747686175
38.6279298596392,-76.888872357273
38.62792190662129,-76.88886723768526
38.62791395360297,-76.88886211809857
38.627906000584254,-76.88885699851288
38.62789804756512,-76.88885187892821
38.62788978097935,-76.88884655749312
38.627881029810794,-76.8888409241199
38.627873076790394,-76.88883580453845
38.6278651237696,-76.888830684958
38.627857170748406,-76.88882556537857
38.62784890416051,-76.88882024394896
38.627840951138495,-76.8888151243716
38.62783299811609,-76.8888100047953
38.62782504509326,-76.88880488522
38.627817092070046,-76.88879976564571
38.62780913904642,-76.88879464607247
38.62780087245604,-76.88878932464928
38.627792919431606,-76.8887842050781
38.627784966406765,-76.88877908550795
38.62777701338151,-76.88877396593881
38.62776906035587,-76.8887688463707
38.62776110732981,-76.88876372680359
38.62775284073696,-76.88875840538685
38.62774488771008,-76.88875328582182
38.627736934682815,-76.88874816625784
38.627728981655146,-76.88874304669486
38.62772102862707,-76.88873792713291
38.62771276203214,-76.88873260572153
38.627704010853634,-76.88872697237325
38.627696057824295,-76.88872185281448
38.627688104794544,-76.88871673325676
38.627680151764395,-76.88871161370005
38.62767219873384,-76.88870649414436
38.62766393213639,-76.88870117273952
38.62765597910503,-76.88869605318591
38.62764802607325,-76.88869093363331
38.62764007304109,-76.88868581408175
38.627632120008506,-76.8886806945312
38.627623853408984,-76.88867537313173
38.627615900375595,-76.88867025358327
38.6276079473418,-76.88866513403583
38.6275999943076,-76.8886600144894
38.627592041273,-76.88865489494398
38.62758408823799,-76.8886497753996
38.627575821635986,-76.88864445400657
38.62756786860017,-76.88863933446427
38.62755991556395,-76.88863421492299
38.62755196252732,-76.88862909538274
38.627544009490286,-76.88862397584349
38.627536056452854,-76.88861885630527
38.62752778984837,-76.88861353491866
38.62751903865947,-76.88860790159642
38.62751108562078,-76.88860278206141
38.62750313258167,-76.8885976625274
38.62749517954217,-76.88859254299442
38.627486912935574,-76.8885872216133
38.62747895989526,-76.8885821020824
38.62747101088017,-76.88857697330893
38.62746312088272,-76.88857170345257
38.62745523088485,-76.8885664335972
38.62744702048656,-76.88856094974271
38.62743991648769,-76.888556204871
38.62743202648857,-76.8885509350187
38.627423816089006,-76.88854545116737
38.62741592608902,-76.8885401813172
38.62740803608861,-76.88853491146803
38.62739982568773,-76.88852942762
38.62739193568645,-76.88852415777296
38.62738404568474,-76.88851888792694
38.62737615568261,-76.88851361808194
38.627367945279964,-76.8885081342383
38.627360055276974,-76.88850286439542
38.62735216527355,-76.88849759455358
38.627343954869595,-76.8884921107132
38.62733685086578,-76.88848736585369
38.62732896086112,-76.8884820960149
38.62732075045588,-76.88847661217771
38.627312860450346,-76.88847134234102
38.627304970444385,-76.88846607250537
38.627297080438005,-76.88846080267074
38.62728887003101,-76.88845531883793
38.627280980023755,-76.88845004900541
38.62727309001608,-76.88844477917394
38.62726487960777,-76.8884392953444
38.62725709908431,-76.88843384992614
38.62724993448685,-76.88842609922672
38.62724315503538,-76.88841876518221
38.62723599043634,-76.8884110144852
38.627229210983344,-76.88840368044292
38.62722204638276,-76.88839592974831
38.62721488178137,-76.88838817905493
38.627208102326094,-76.88838084501604
38.627200937723146,-76.88837309432506
38.62719377311939,-76.88836534363531
38.62718699366184,-76.88835800959983
38.62717982905653,-76.8883502589125
38.62717304959747,-76.88834292487924
38.62716588499059,-76.8883351741943
38.62715872038291,-76.8883274235106
38.62715194092157,-76.88832008948074
38.627144192964835,-76.88831170773365
38.62713699685761,-76.88830400519682
38.62712997241638,-76.88829704561712
38.627123326111835,-76.88829046068417
38.62711630166928,-76.88828350110664
38.62710927722607,-76.8882765415302
38.62710225278218,-76.8882695819549
38.6270958536923,-76.88826324196017
38.62708882924716,-76.888256282387
38.62708180480134,-76.88824932281493
38.62707478035485,-76.88824236324398
38.6270677559077,-76.88823540367412
38.62706073145987,-76.88822844410537
38.627053707011385,-76.88822148453775
38.62704668256223,-76.88821452497122
38.627040036250015,-76.88820794005055
38.62703301179955,-76.88820098048618
38.627025987348404,-76.88819402092292
38.6270189628966,-76.88818706136075
38.62701193844412,-76.88818010179972
38.62700491399097,-76.88817314223978
38.626997889537165,-76.88816618268096
38.626990865082675,-76.88815922312324
38.62698384062754,-76.88815226356664
38.626976816171705,-76.88814530401113
38.62696925398888,-76.88813943108168
38.626961204163976,-76.88813354268615
38.62695315433856,-76.88812765429178
38.62694619487556,-76.88812256349159
38.626938145049174,-76.88811667509938
38.626930095222285,-76.88811078670832
38.62692238193351,-76.88810514449396
38.62691508593013,-76.88809980752211
38.62690737264044,-76.88809416530982
38.62689932281156,-76.8880882769232
38.62689127298217,-76.88808238853774
38.62688355969097,-76.88807674632871
38.62687626368536,-76.88807140936196
38.62686821385449,-76.88806552097982
38.62686050056185,-76.88805987877396
38.62685245072996,-76.8880539903941
38.62684440089757,-76.8880481020154
38.62683744142849,-76.88804301122873
38.62682939159513,-76.8880371228522
38.626821341761264,-76.88803123447681
38.62681362846568,-76.88802559227739
38.62680633245607,-76.88802025531982
38.626798619159544,-76.88801461312244
38.62679001301738,-76.88800994226919
38.626782003781244,-76.88800698323057
38.62677307144459,-76.88800368315022
38.62676506220815,-76.88800072411293
38.6267559217267,-76.88799734713449
38.62674791248995,-76.88799438809855
38.62673898015262,-76.88799108802122
38.62673097091556,-76.88798812898663
38.626722038577896,-76.88798482891082
38.62671402934054,-76.88798186987756
38.62670509700252,-76.88797856980324
38.62669708776487,-76.88797561077133
38.62668887038259,-76.88797257484063
38.62667993804408,-76.88796927476852
38.62667192880597,-76.88796631573862
38.62666299646712,-76.887963015668
38.626654987228704,-76.88796005663944
38.62664605488951,-76.88795675657035
38.6266380456508,-76.88795379754313
38.62662911331126,-76.88795049747552
38.62662110407224,-76.88794753844965
38.62661202618999,-76.88794485444195
38.626603916575135,-76.88794246365683
38.626595028197215,-76.88793984328619
38.62658596895453,-76.88793717254383
38.62657708057637,-76.88793455217447
38.62656897096113,-76.88793216139162
38.626559911718104,-76.88792949065113
38.626551023339616,-76.88792687028365
38.62654291372405,-76.88792447950247
38.62653402534535,-76.88792185913617
38.626524966101876,-76.88791918839826
38.62651607772294,-76.88791656803325
38.62650796810697,-76.88791417725434
38.62649890886316,-76.88791150651831
38.62649002048388,-76.88790888615515
38.62648191086762,-76.88790649537796
38.62647302248812,-76.88790387501601
38.62646396324385,-76.88790120428251
38.626455074864126,-76.88789858392184
38.62644696524745,-76.8878961931469
38.626437906002856,-76.8878935224153
38.62642901762278,-76.88789090205648
38.62641995837795,-76.88788823132619
38.62641201962553,-76.88788589092565
38.62640296038047,-76.88788322019658
38.626394071999954,-76.88788059984026
38.62638596238257,-76.8878782090693
38.62637690313718,-76.88787553834213
38.62636801475632,-76.88787291798765
38.62635895551068,-76.88787024726179
38.626351016757575,-76.88786790686514
38.62634195751171,-76.8878652361405
38.62633306913042,-76.88786261578852
38.62632495951233,-76.88786022502153
38.62631590026612,-76.88785755429878
38.626307011884485,-76.88785493394865
38.62629795263805,-76.88785226322722
38.62629001388425,-76.88784992283443
38.626280954637586,-76.88784725211424
38.626271895390815,-76.88784458139469
38.626263956636706,-76.88784224100357
38.626254897389714,-76.88783957028527
38.62624600900729,-76.88783694993948
38.62623694976006,-76.88783427922247
38.626229011005556,-76.88783193883357
38.6262199517581,-76.8878292681178
38.626210892510535,-76.8878265974027
38.62620295375572,-76.88782425701545
38.626193894507935,-76.88782158630157
38.62618500612472,-76.88781896596014
38.6261759468767,-76.88781629524755
38.626168008121496,-76.88781395486254
38.62615894887325,-76.8878112841512
38.626149889624884,-76.88780861344051
38.62614100124111,-76.8878059931022
38.62613289162079,-76.88780360234772
38.6261240032368,-76.88780098201062
38.62611494398798,-76.88779831130246
38.62610700523205,-76.88779597092133
38.62609794598302,-76.88779330021443
38.62608888673387,-76.88779062950817
38.62607999834931,-76.8877880091742
38.626071888728276,-76.88778561842368
38.62606300034349,-76.88778299809093
38.62605394109389,-76.88778032738722
38.62604600233727,-76.88777798700995
38.626036943087435,-76.88777531630748
38.62602788383747,-76.88777264560565
38.62601899545214,-76.88777002527603
38.626010930609006,-76.88776728725506
38.62600205455447,-76.88776377416306
38.6259938707479,-76.88776053505968
38.62598499469298,-76.88775702196929
38.62597703137116,-76.88775387013408
38.625967934830726,-76.88775026977858
38.62595997150858,-76.8877471179448
38.62595109545288,-76.88774360485756
38.62594291164525,-76.88774036575859
38.62593403558917,-76.88773685267297
38.625925851781176,-76.88773361357548
38.625916975724714,-76.88773010049145
38.62590809966804,-76.88772658740825
38.62589991585952,-76.887723348313
38.62589103980245,-76.8877198352314
38.62588307647873,-76.88771668340408
38.625873979936124,-76.88771308305762
38.62586601661206,-76.88770993123173
38.62585692006907,-76.88770633088693
38.62584895674465,-76.88770317906247
38.625840080686416,-76.88769966598564
38.6258318968765,-76.88769642689627
38.62582302081788,-76.88769291382104
38.62581505749278,-76.88768976199944
38.6258059609486,-76.88768616165952
38.62579799762315,-76.88768300983934
38.62578912156377,-76.88767949676728
38.62578093775279,-76.88767625768233
38.62577206169302,-76.88767274461186
38.625763877881674,-76.88766950552838
38.62575500182152,-76.88766599245952
38.625747038495035,-76.88766284064363
38.62573794194929,-76.88765924031026
38.62572997862245,-76.8876560884958
38.62572110256151,-76.88765257543012
38.62571291874913,-76.88764933635103
38.62570404268781,-76.88764582328693
38.625695858875076,-76.88764258420933
38.62568698281336,-76.88763907114685
38.62567901948549,-76.88763591933667
38.62566992293817,-76.88763231900982
38.62566195960995,-76.8876291672011
38.625653083547476,-76.88762565414179
38.62564398699956,-76.88762205381741
38.625636023670815,-76.88761890201087
38.625626927122504,-76.88761530168816
38.62561896379342,-76.88761214988303
38.62561012376483,-76.8876086062429
38.62560188567744,-76.88760436371659
38.62559391811716,-76.88760026050981
38.62558508987521,-76.88759571406251
38.62557712231436,-76.88759161085751
38.62556888422585,-76.88758736833485
38.62556005598297,-76.8875828218905
38.62555208842128,-76.88757871868818
38.6255438503319,-76.88757447616824
38.625535022088094,-76.88756992972685
38.62552705452556,-76.8875658265272
38.62551908696277,-76.88756172332839
38.625509988190586,-76.8875570375716
38.625502020627216,-76.88755293437461
38.6254940530636,-76.88754883117846
38.62548495429046,-76.8875441454247
38.62547698672625,-76.88754004223038
38.625469019161784,-76.8875359390369
38.625459920387684,-76.88753125328618
38.62545195282266,-76.88752715009453
38.62544398525734,-76.88752304690372
38.62543505478901,-76.88751881024261
38.6254270000521,-76.88751499981953
38.62541806548962,-76.88751077318186
38.62540913092684,-76.88750654654515
38.6254010761892,-76.88750273612467
38.62539214162587,-76.88749850948986
38.625383832854155,-76.88749457889655
38.62537489829028,-76.88749035226365
38.62536684355166,-76.88748654184658
38.62535790898725,-76.88748231521556
38.62534897442254,-76.88747808858554
38.62534091968317,-76.88747427817107
38.625331985117924,-76.88747005154292
38.62532393037807,-76.88746624113014
38.625314995812275,-76.88746201450388
38.62530694107193,-76.88745820409281
38.62529800650559,-76.88745397746843
38.62528907193896,-76.88744975084504
38.625281017197864,-76.88744594043654
38.62527208263069,-76.88744171381502
38.625264027889116,-76.88743790340823
38.625255093321385,-76.88743367678859
38.62524703857932,-76.8874298663835
38.625238104011046,-76.88742563976577
38.625228915408826,-76.88742129297499
38.625220871798156,-76.8874174084787
38.62521204150399,-76.88741286775934
38.625204072247385,-76.88740876980428
38.625194971714144,-76.88740409012482
38.62518700245696,-76.88739999217157
38.62517790192309,-76.88739531249418
38.62516993266533,-76.88739121454276
38.625161102369276,-76.88738667382941
38.62515286287248,-76.88738243691785
38.62514403257579,-76.88737789620649
38.62513493204028,-76.88737321653431
38.625126962781096,-76.88736911858747
38.625118132483436,-76.88736457787918
38.62510989298518,-76.88736034097234
38.62510106268688,-76.88735580026604
38.62509309342657,-76.88735170232279
38.625083992889124,-76.88734702265681
38.62507602362823,-76.88734292471538
38.62506692309013,-76.88733824505147
38.62505895382866,-76.88733414711186
38.62505014662842,-76.88732959195279
38.62504206061408,-76.88732483131918
38.62503397459937,-76.88732007068656
38.62502588858431,-76.88731531005492
38.625016977188096,-76.88731006348247
38.62500918776611,-76.88730547747203
38.62500110174998,-76.88730071684338
38.62499301573352,-76.88729595621574
38.62498492971669,-76.88729119558906
38.624976843699514,-76.88728643496337
38.624967932300926,-76.88728118839747
38.624960142876866,-76.88727660239273
38.62495205685862,-76.88727184177006
38.624943970840015,-76.88726708114835
38.62493588482107,-76.88726232052763
38.62492779880177,-76.88725755990788
38.624919183994706,-76.88725248796723
38.624911097974675,-76.8872477273495
38.6249030119543,-76.88724296673277
38.624894925933575,-76.88723820611702
38.6248868399125,-76.88723344550225
38.624879050485006,-76.88722885950696
38.62487013908169,-76.8872236129541
38.624862053059545,-76.88721885234233
38.62485396703704,-76.88721409173155
38.62484588101419,-76.88720933112172
38.62483809158495,-76.88720474513121
38.624830005561414,-76.88719998452335
38.62482109415574,-76.88719473797703
38.624813008131476,-76.88718997737122
38.62480492210684,-76.88718521676637
38.62479683608186,-76.88718045616251
38.62478904665054,-76.8871758701777
38.624780960624875,-76.88717110957577
38.62477204921685,-76.88716586303602
38.624763963190446,-76.88716110243615
38.62475587716369,-76.88715634183725
38.62474808773063,-76.88715175585722
38.624740001703195,-76.88714699526025
38.624731915675405,-76.88714223466427
38.62472300426501,-76.88713698813105
38.624714918236485,-76.88713222753714
38.624707128801674,-76.88712764156186
38.62469904277246,-76.88712288096987
38.6246909567429,-76.88711812037884
38.624682870712974,-76.88711335978883
38.624673959300225,-76.88710811326214
38.62466616986368,-76.88710352729164
38.62465808383269,-76.88709876670461
38.62464999780135,-76.88709400611857
38.624641911769665,-76.8870892455335
38.62463382573762,-76.88708448494943
38.6246249143225,-76.8870792384293
38.624617124883876,-76.8870746524645
38.62460903885075,-76.88706989188343
38.6246009528173,-76.88706513130333
38.62459286678347,-76.88706037072421
38.624584780749316,-76.88705561014608
38.624576165926015,-76.88705053824953
38.62456807989112,-76.8870457776734
38.62455999385588,-76.8870410170983
38.62455190782028,-76.88703625652414
38.62454382178436,-76.88703149595098
38.624536032342284,-76.88702690999563
38.624527120922444,-76.88702166348854
38.624519034885424,-76.88701690291839
38.62451094884805,-76.8870121423492
38.62450286281034,-76.887007381781
38.62449477677228,-76.8870026212138
38.62448698732814,-76.88699803526416
38.62447807590594,-76.88699278876362
38.624469989866796,-76.88698802819941
38.6244619038273,-76.88698326763618
38.62445381778746,-76.88697850707393
38.62444602834157,-76.88697392112907
38.62443794230105,-76.88696916056875
38.624429030876485,-76.88696391407476
38.62442094483521,-76.8869591535165
38.6244128587936,-76.8869543929592
38.624405069345976,-76.8869498070191
38.62439698330366,-76.88694504646377
38.62438889726101,-76.88694028590939
38.62437998583408,-76.88693503942194
38.624371899790695,-76.88693027886963
38.624364110341325,-76.88692569293428
38.624356024297235,-76.8869209323839
38.62434793825281,-76.8869161718345
38.6243398753183,-76.88691133212573
38.62433103863709,-76.88690589707893
38.62432301437256,-76.88690096171453
38.62431499010765,-76.88689602635112
38.62430696584238,-76.88689109098873
38.62429894157672,-76.88688615562732
38.62429091731069,-76.88688122026691
38.624282893044274,-76.88687628490753
38.62427486877749,-76.88687134954912
38.62426684451034,-76.88686641419174
38.62425882024281,-76.88686147883534
38.624249983557405,-76.88685604379965
38.624241959289066,-76.88685110844537
38.62423393502038,-76.88684617309208
38.6242259107513,-76.88684123773979
38.62421788648186,-76.88683630238852
38.624209862212034,-76.88683136703821
38.62420183794183,-76.88682643168893
38.62419381367126,-76.88682149634066
38.62418578940032,-76.88681656099338
38.6241769527111,-76.8868111259677
38.624168928439374,-76.88680619062254
38.62416090416726,-76.88680125527834
38.624152879894766,-76.88679631993517
38.624144855621914,-76.886791384593
38.62413713633438,-76.88678663683372
38.6241291120608,-76.88678170149352
38.62412108778682,-76.8867767661543
38.62411306351247,-76.88677183081607
38.624105039237726,-76.88676689547887
38.62409620254432,-76.88676146046427
38.6240883,-76.8867566
