42.103218985710384,-72.53307516185967
42.103218721979616,-72.5330629949107
42.10321884287671,-72.53305099712382
42.10321896377255,-72.53303899933685
42.103219084667145,-72.53302700154984
42.10321920556049,-72.53301500376274
42.10321932645259,-72.53300300597556
42.10321944734344,-72.53299100818833
42.10321956841744,-72.53297899210024
42.10321968930578,-72.53296699431306
42.103219810192876,-72.53295499652582
42.10321992100494,-72.53294399855412
42.10322004188966,-72.53293200076672
42.1032201627731,-72.53292000297928
42.1032202836553,-72.53290800519176
42.10322040453626,-72.53289600740416
42.10322052560032,-72.5328839913172
42.10322064647877,-72.53287199352968
42.103220767355964,-72.53285999574209
42.103220888231924,-72.53284799795442
42.10322100910662,-72.53283600016667
42.10322112998008,-72.53282400237885
42.10322125085228,-72.53281200459098
42.10322137172322,-72.53280000680303
42.10322122832286,-72.53278799226652
42.10322098609106,-72.5327750004711
42.10322076249119,-72.53276300804471
42.10322053825893,-72.53275098176843
42.10322029602296,-72.53273798997323
42.103220072419234,-72.53272599754702
42.10321984881426,-72.53271400512097
42.10321960657412,-72.53270101332618
42.10321938233537,-72.53268898704941
42.103219158726546,-72.53267699462353
42.10321891648223,-72.53266400282898
42.103218692870804,-72.53265201040335
42.10321846862692,-72.53263998412615
42.10321822637843,-72.53262699233181
42.10321800276314,-72.53261499990641
42.10321777914661,-72.53260300748111
42.103217366345056,-72.53258995486395
42.10321655922831,-72.53257805430599
42.10321574382346,-72.53256603156268
42.103214995677334,-72.53255500053258
42.10321418027005,-72.53254297778946
42.1032133648615,-72.53253095504641
42.10321255773865,-72.53251905448991
42.10321174232759,-72.53250703174722
42.10321092691526,-72.53249500900462
42.10321011150165,-72.5324829862621
42.10320929608678,-72.53247096351967
42.10320848067064,-72.53245894077732
42.103207673540346,-72.53244704022266
42.10320685812169,-72.53243501748067
42.10320604270176,-72.53242299473875
42.10320522728056,-72.53241097199694
42.103204479119405,-72.53239994096798
42.103203207397726,-72.53238696018764
42.10320194469198,-72.53237501061702
42.10320068198499,-72.53236306104675
42.10319939939542,-72.53235092333125
42.10319803311681,-72.53233799364283
42.103196770405916,-72.53232604407343
42.103195487812336,-72.53231390635828
42.10319422509888,-72.53230195678938
42.1031928588147,-72.53228902710235
42.10319159609863,-72.53227707753419
42.103190313499745,-72.53226493981953
42.10318905078113,-72.53225299025188
42.103187759680274,-72.53224105883744
42.103185999721006,-72.53222800006832
42.10318437022764,-72.53221590935709
42.103182772675375,-72.53220405565597
42.103181143179405,-72.5321919649453
42.10317954562463,-72.53218011124508
42.10317791612606,-72.53216802053494
42.10317628662615,-72.532155929825
42.10317468906759,-72.53214407612602
42.10317305956508,-72.53213198541658
42.10317143006124,-72.53211989470736
42.10316970203054,-72.53210707295244
42.10316807252399,-72.53209498224379
42.103166443016114,-72.53208289153534
42.10316484544989,-72.53207103783889
42.1031632159394,-72.53205894713098
42.10316161837066,-72.53204709343542
42.10315998885757,-72.53203500272804
42.103158359343155,-72.53202291202085
42.10315676177063,-72.53201105832652
42.1031541167115,-72.53199895297429
42.103151509405954,-72.53198719767155
42.103148820062856,-72.53197507250083
42.10314633432135,-72.53196386529417
42.10314372701198,-72.53195210999326
42.103141037664855,-72.53193998482395
42.10313863395618,-72.53192914748776
42.10313594460641,-72.5319170223194
42.10313325525522,-72.5319048971515
42.10313085154302,-72.53189405981692
42.1031281621892,-72.53188193464999
42.10312555487096,-72.53187017935348
42.103122865514415,-72.53185805418758
42.1031203797604,-72.53184684698503
42.10311777243833,-72.53183509169033
42.103115083077746,-72.53182296652585
42.10311267935731,-72.53181212919515
42.10310996331999,-72.53180001893176
42.10310685404852,-72.53178907533037
42.1031033691047,-72.53177680949288
42.103100259830725,-72.53176586589274
42.10309690277296,-72.53175405018213
42.10309366560758,-72.53174265645758
42.10309030854714,-72.5317308407484
42.103087199268266,-72.5317198971509
42.10308371431597,-72.53170763131713
42.10308060503461,-72.53169668772088
42.103077247968905,-72.5316848720147
42.10307413868513,-72.53167392841979
42.10307065372723,-72.53166166258859
42.103067544440954,-72.53165071899495
42.10306418737001,-72.53163890329174
42.10306095019145,-72.53162750957257
42.10305759311782,-72.53161569387079
42.103054483826654,-72.53160475027977
42.10305099886029,-72.5315924844523
42.103047889566604,-72.53158154086255
42.103044532487736,-72.53156972516375
42.103041423191655,-72.53155878157534
42.103037938219686,-72.53154651575042
42.10303482892111,-72.53153557216329
42.10303171962137,-72.53152462857678
42.103028362536,-72.53151281288169
42.10302512534298,-72.53150141916844
42.10302201603958,-72.53149047558384
42.1030186589503,-72.53147865989088
42.10301554964449,-72.53146771630765
42.103012440337515,-72.53145677272505
42.10300895535309,-72.53144450690571
42.10300584604362,-72.53143356332436
42.10300248894783,-72.53142174763512
42.10299937963597,-72.53141080405516
42.10299627032292,-72.5313998604758
42.10299278533155,-72.53138759465962
42.10298967601602,-72.53137665108154
42.10298656669933,-72.5313657075041
42.10298320959579,-72.53135389181928
42.102979972384574,-72.53134249811355
42.10297661527837,-72.53133068243018
42.10297350595677,-72.53131973885534
42.10297039663401,-72.53130879528115
42.10296703952398,-72.53129697960006
42.102963802306256,-72.53128558589702
42.10296069297983,-72.53127464232473
42.10295733586588,-72.53126282664579
42.10295422653705,-72.53125188307486
42.10295098931415,-72.53124048937391
42.10294763219629,-72.53122867369714
42.10294452286381,-72.5312177301281
42.10294116574336,-72.5312059144529
42.10293805640846,-72.53119497088521
42.10293481917905,-72.53118357718697
42.102931462054684,-72.5311717615139
42.102928352716134,-72.53116081794813
42.10292524337641,-72.53114987438299
42.10292188624823,-72.53113805871219
42.10291864901229,-72.53112666501666
42.10291529188143,-72.5311148493473
42.10291218253681,-72.53110390578479
42.10290907319103,-72.5310929622229
42.102905588162194,-72.5310806964236
42.1029024788139,-72.53106975286299
42.10289936946447,-72.531058809303
42.102896012325864,-72.53104699363807
42.102892902974006,-72.53103605007946
42.102889665726394,-72.53102465638871
42.10288630858387,-72.53101284072595
42.10288319922836,-72.53100189716923
42.102879842083254,-72.53099008150801
42.10287660483038,-72.53097868781944
42.102873495471215,-72.53096774426461
42.102870138322196,-72.53095592860555
42.10286702896062,-72.53094498505209
42.10286391959788,-72.53093404149926
42.102860434549626,-72.53092177570872
42.102857325184395,-72.53091083215715
42.10285396802888,-72.5308990165018
42.102850858661235,-72.5308880729516
42.10284774929242,-72.53087712940203
42.10284426423724,-72.53086486361464
42.102841154865935,-72.53085392006633
42.10283804549347,-72.53084297651864
42.10283468833021,-72.53083116086773
42.10283145105913,-72.53081976718668
42.102828341683015,-72.5308088236409
42.102824984515834,-72.53079700799213
42.102821875137295,-72.53078606444772
42.10281862525971,-72.53077418608838
42.10281561916255,-72.53076318911617
42.10281249354463,-72.53075175491564
42.10280924675947,-72.53073987746414
42.10280624065862,-72.53072888049367
42.10280323455659,-72.53071788352376
42.10279998776756,-72.5307060060744
42.1027969816631,-72.53069500910576
42.10279397555746,-72.5306840121377
42.10279072876457,-72.53067213469042
42.1027877226565,-72.53066113772361
42.10278471654725,-72.5306501407574
42.10278135023004,-72.53063782608216
42.10277834411827,-72.53062682911707
42.10277533800534,-72.53061583215259
42.10277209120461,-72.5306039547094
42.102769085089236,-72.53059295774618
42.10276607897269,-72.53058196078352
42.10276283216811,-72.53057008334243
42.10275982604913,-72.53055908638105
42.10275657924194,-72.53054720894139
42.102753573120516,-72.53053621198124
42.102750447476616,-72.53052477779048
42.102747200665476,-72.53051290035279
42.10274419454037,-72.5305019033944
42.102741188414086,-72.53049090643657
42.10273794159907,-72.53047902900099
42.10273493547035,-72.53046803204441
42.102731929340464,-72.53045703508845
42.10272868252158,-72.53044515765495
42.10272567638925,-72.53043416070024
42.102722670255744,-72.5304231637461
42.10271930391083,-72.53041084908234
42.10271629777481,-72.53039985212935
42.10271329163763,-72.53038885517695
42.10271004481092,-72.53037697774754
42.102707038671284,-72.53036598079639
42.10270403253048,-72.53035498384581
42.10270078569991,-72.53034310641851
42.10269777955668,-72.5303321094692
42.10269477341226,-72.53032111252047
42.10269152657782,-72.53030923509527
42.10268840090795,-72.53029780091427
42.10268539475985,-72.53028680396729
42.102682388610575,-72.53027580702087
42.10267938246012,-72.53026481007502
42.102676376308494,-72.53025381312979
42.102673370155685,-72.53024281618515
42.10267012331226,-72.53023093876459
42.102667117157026,-72.53021994182119
42.10266411100061,-72.53020894487837
42.102661104843015,-72.53019794793614
42.102658098684266,-72.53018695099449
42.10265509252432,-72.53017595405345
42.10265208636321,-72.53016495711294
42.102649080200926,-72.53015396017307
42.102646074037466,-72.53014296323377
42.102642827182606,-72.53013108581935
42.10263982101671,-72.53012008888129
42.102636814849646,-72.53010909194383
42.1026338086814,-72.53009809500696
42.10263069009844,-72.53008614593134
42.10262782251582,-72.53007508357658
42.10262472391158,-72.53006313000897
42.10262162530598,-72.53005117644203
42.10261875771962,-72.53004011408898
42.10261565911137,-72.53002816052332
42.10261256050177,-72.53001620695834
42.10260946189079,-72.53000425339404
42.10260659429941,-72.52999319104327
42.10260349568579,-72.52998123748026
42.102600288283504,-72.52996886424799
42.102597420688305,-72.52995780189882
42.1025943220706,-72.5299458483376
42.10259122345151,-72.5299338947771
42.102588124831065,-72.52992194121725
42.10258525723086,-72.52991087887037
42.102582286373064,-72.52989887907236
42.102579567486124,-72.52988718263907
42.102576970889096,-72.52987601229275
42.10257416261425,-72.52986393133229
42.10257165540024,-72.52985314551547
42.10256884712278,-72.52984106455608
42.10256603884394,-72.52982898359721
42.10256344224066,-72.5298178132531
42.10256072334494,-72.52980611682439
42.102558126739225,-72.52979494648122
42.102555318455074,-72.52978286552441
42.102552599555594,-72.52977116909771
42.10255000294614,-72.52975999875592
42.10254719465797,-72.52974791780072
42.102544687432314,-72.52973713198972
42.10254187914153,-72.52972505103561
42.102539070849346,-72.52971297008203
42.10253647423365,-72.52970179974241
42.10253375532539,-72.52969010332032
42.10253115870726,-72.52967893298165
42.10252835040977,-72.5296668520301
42.102525631497734,-72.52965515561002
42.10252303487586,-72.52964398527273
42.10252022657436,-72.5296319043228
42.10251771933706,-72.52962111851765
42.10251491103295,-72.5296090375688
42.10251210272743,-72.52959695662048
42.10250950609932,-72.52958578628537
42.1025067871785,-72.5295740898699
42.10250419054796,-72.52956291953572
42.102501382237136,-72.52955083858943
42.10249866403144,-72.52953912659316
42.10249633030385,-72.52952787554123
42.10249387667977,-72.52951604646718
42.102491350562815,-72.52950386790752
42.10248889693612,-72.52949203883462
42.10248663569526,-72.5294811372706
42.102484109574306,-72.52946895871221
42.10248165594382,-72.52945712964102
42.10247912982012,-72.52944495108352
42.102476676187024,-72.52943312201347
42.102474342448126,-72.5294218709647
42.10247188881251,-72.52941004189574
42.10246936268339,-72.52939786333988
42.10246690904516,-72.52938603427206
42.10246464779362,-72.5293751327125
42.10246212166048,-72.52936295415792
42.102459668018476,-72.52935112509185
42.10245714188259,-72.5293389465381
42.10245488062629,-72.52932804498049
42.102452354487745,-72.52931586642755
42.102449900840604,-72.52930403736369
42.102447447192205,-72.52929220830049
42.10244511343826,-72.52928095725592
42.10244265978732,-72.5292691281938
42.10244013364203,-72.52925694964301
42.1024376799885,-72.52924512058202
42.102435346229505,-72.52923386953884
42.102432892573454,-72.52922204047894
42.10243036642274,-72.52920986192979
42.102427912764064,-72.52919803287102
42.10242565149358,-72.52918713131936
42.10242312533886,-72.52917495277153
42.102420671676406,-72.52916312371448
42.102418145518925,-72.52915094516749
42.10241588424369,-72.52914004361777
42.10241335808357,-72.52912786507157
42.10241090441598,-72.52911603601676
42.10240845074713,-72.5291042069626
42.1024061169731,-72.52909295592364
42.10240366330173,-72.52908112687055
42.10240113713483,-72.52906894832651
42.10239868346084,-72.52905711927454
42.10239634968178,-72.52904586823696
42.10239389600529,-72.5290340391861
42.10239136983297,-72.52902186064368
42.10238896884256,-72.52901000940857
42.102387132120576,-72.52899896010373
42.10238513711293,-72.52898695859618
42.10238314210399,-72.52897495708899
42.10238114709373,-72.52896295558223
42.102379152082165,-72.52895095407585
42.102377315354204,-72.52893990477266
42.102375320340116,-72.52892790326698
42.10237332532472,-72.52891590176172
42.102371330307996,-72.52890390025686
42.102369335289985,-72.52889189875239
42.102367498556056,-72.52888084945079
42.10236555133309,-72.52886913548424
42.102363556311296,-72.52885713398106
42.10236156128819,-72.52884513247825
42.10235956626378,-72.52883313097585
42.102357729523945,-72.52882208167604
42.102355734497,-72.52881008017435
42.10235373946876,-72.52879807867308
42.1023517444392,-72.52878607717219
42.10234974940832,-72.5287740756717
42.10234791266253,-72.5287630263735
42.10234591762914,-72.52875102487373
42.10234403093605,-72.52873899201361
42.10234231515717,-72.5287269186397
42.10234063476618,-72.52871509428806
42.1023389189847,-72.52870302091476
42.10233734028561,-72.52869191215241
42.102335659890954,-72.52868008780209
42.102333944105645,-72.52866801442961
42.10233222831902,-72.52865594105738
42.10233054792059,-72.52864411670845
42.102328832131356,-72.52863204333687
42.10232725342512,-72.52862093457588
42.10232557302302,-72.52860911022827
42.102323857229976,-72.5285970368575
42.10232214143561,-72.52858496348698
42.10232046102973,-72.52857313914073
42.10231874523275,-72.52856106577084
42.10231716651938,-72.52854995701124
42.10231548610984,-72.52853813266633
42.10231377030904,-72.52852605929726
42.102312054506925,-72.52851398592843
42.10231033870348,-72.52850191255983
42.10230874530009,-72.52849005471128
42.10230742724327,-72.52847890822517
42.10230601863717,-72.52846699599661
42.10230461002985,-72.52845508376845
42.102303176649706,-72.5284429620543
42.10230188335975,-72.52843202505522
42.102300449977086,-72.52841990334137
42.10229904136479,-72.5284079911145
42.10229763275125,-72.52839607888808
42.10229631468499,-72.528384932403
42.102294906069005,-72.5283730201772
42.10229349745179,-72.52836110795181
42.102292179382026,-72.52834996146713
42.10229077076238,-72.52833804924236
42.102289337369484,-72.52832592752988
42.102287928747295,-72.52831401530577
42.10228663544487,-72.52830307831
42.10228520204817,-72.52829095659804
42.102283794825226,-72.52827902609832
42.10228295314582,-72.52826700595988
42.10228211146515,-72.52825498582153
42.10228126978321,-72.5282429656833
42.102280428099995,-72.52823094554518
42.102279595243886,-72.52821905148555
42.10227875355817,-72.52820703134779
42.10227784246623,-72.52819402003858
42.10227700077787,-72.52818199990105
42.10227615908823,-72.52816997976365
42.102275317397314,-72.52815795962631
42.102274475705144,-72.5281459394891
42.10227364284026,-72.5281340454317
42.10227280114556,-72.52812202529486
42.1022719594496,-72.52811000515814
42.10227140127406,-72.52809797384698
42.10227093594659,-72.5280850041747
42.10227050407934,-72.52807296714647
42.10227007454375,-72.52806099514157
42.102269606879176,-72.52804796044622
42.102269177341,-72.52803598844163
42.102268747801574,-72.52802401643731
42.10226831592791,-72.52801197940899
42.10226785059076,-72.52799900973797
42.102267418714476,-72.52798697270958
42.10226698916995,-72.52797500070587
42.10226655729114,-72.52796296367741
42.102266091948465,-72.52794999400705
42.102265660067026,-72.52793795697852
42.10226526631325,-72.52792698264233
42.1022648367625,-72.52791501063946
42.10226440487738,-72.52790297361089
42.10226397532413,-72.52789100160832
42.10226354343648,-72.52787896457968
42.10226311388073,-72.52786699257742
42.1022627201202,-72.52785601824222
42.1022622882289,-72.52784398121355
42.10226185866951,-72.5278320092118
42.10226155484555,-72.52782000761925
42.10226144163605,-72.52780799244087
42.10226132858654,-72.5277959943758
42.102261224956735,-72.52778499614952
42.102261111904845,-72.52777299808456
42.1022609988517,-72.52776100001965
42.10226088579731,-72.52774900195482
42.10226077274166,-72.52773700389005
42.10226066910621,-72.52772600566406
42.10226055604818,-72.52771400759941
42.10226044282761,-72.52770199241975
42.10226032976707,-72.52768999435504
42.10226022612713,-72.52767899612913
42.10226011306419,-72.5276669980645
42.10226,-72.527655
42.10226026879826,-72.5276430109476
42.10226053850756,-72.52763098120448
42.102260807303324,-72.52761899215194
42.102261076097825,-72.52760700309926
42.102261344891104,-72.52759501404645
42.102261592196086,-72.5275839833914
42.10226186098696,-72.52757199433846
42.10226212977658,-72.52756000528535
42.102262398564946,-72.5275480162321
42.102262668264295,-72.52753598648965
42.10226293705017,-72.5275239974363
42.102263205834795,-72.5275120083828
42.10226347461818,-72.52750001932914
42.102263744312495,-72.52748798958702
42.102264013093375,-72.52747600053323
42.102264281873,-72.52746401147928
42.1022645291654,-72.5274529808253
42.102264797942624,-72.52744099177127
42.10226555858476,-72.52742894910185
42.10226637776433,-72.5274160435587
42.102267141194694,-72.52740401628064
42.10226790462376,-72.52739198900254
42.10226866805157,-72.52737996172436
42.10226942421231,-72.52736804891413
42.10227018763761,-72.52735602163567
42.102270951061634,-72.52734399435714
42.10227171448438,-72.52733196707857
42.102272477905856,-72.52731993979992
42.102273234060384,-72.5273080269883
42.10227399747935,-72.52729599970937
42.102274760897046,-72.52728397243035
42.10227558732597,-72.52727095241693
42.102276414797196,-72.52725907266591
42.10227749120584,-72.5272479108674
42.1022786458344,-72.52723593795592
42.102279800461694,-72.52722396504417
42.10228095508775,-72.52721199213214
42.10228210971254,-72.52720001921979
42.10228316950192,-72.52718902969387
42.10228432412429,-72.52717705678103
42.102285495358664,-72.52716491159558
42.10228664997848,-72.52715293868235
42.1022877097633,-72.52714194915565
42.10228886438069,-72.52712997624192
42.102290018996825,-72.52711800332791
42.1022911736117,-72.5271060304136
42.10229232822532,-72.52709405749903
42.10229338800445,-72.52708306797118
42.102294559228625,-72.52707092278516
42.1022958493253,-72.52705897034136
42.10229714334327,-72.52704702821548
42.10229833126559,-72.52703606520582
42.10229964616456,-72.52702393035163
42.102300940178836,-72.52701198822491
42.10230223419185,-72.52700004609784
42.10230342210962,-72.52698908308712
42.10230473700349,-72.52697694823242
42.10230603101281,-72.52696500610448
42.10230732502088,-72.5269530639762
42.10230853381725,-72.526941908238
42.10230982782287,-72.5269299661092
42.102311673804486,-72.52691790773738
42.10231354778379,-72.52690587209321
42.10231557089624,-72.52689287863052
42.10231740269105,-72.52688111389871
42.102319276666364,-72.52686907825336
42.10232115064034,-72.52685704260766
42.102323024613014,-72.52684500696162
42.10232504771834,-72.5268320134968
42.102326921688274,-72.52681997785007
42.10232879565689,-72.52680794220302
42.10233066962419,-72.52679590655565
42.10233254359016,-72.52678387090796
42.10233456668829,-72.52677087744117
42.10233639847036,-72.52675911270416
42.102338272432334,-72.52674707705525
42.102340666808885,-72.52673488081165
42.10234300594834,-72.52672300212784
42.102345345086505,-72.52671112344343
42.10234775002917,-72.52669891058115
42.10235008916471,-72.52668703189573
42.10235242829895,-72.52667515320972
42.1023548332375,-72.52666294034628
42.102356988409106,-72.52665199585375
42.102359393344976,-72.52663978298966
42.10236173247405,-72.52662790430168
42.10236407160185,-72.52661602561312
42.1023664765336,-72.52660381274788
42.10236881565876,-72.52659193405827
42.102371154782645,-72.5265800553681
42.10237355971026,-72.52656784250172
42.102375898831504,-72.52655596381052
42.10237823795147,-72.52654408511874
42.10238064287498,-72.5265318722512
42.1023829819923,-72.5265199935584
42.10238538691303,-72.52650778069014
42.10238772602772,-72.52649590199628
42.102389881182496,-72.52648495749735
42.10239228609919,-72.52647274462798
42.102394625210074,-72.52646086593262
42.10239724101423,-72.5264491089448
42.102400004765734,-72.52643800215425
42.10240299219135,-72.5264259964703
42.102405755940374,-72.52641488967873
42.1024085196882,-72.5264037828867
42.10241140600305,-72.52639218352374
42.102414169748464,-72.52638107673062
42.10241693349268,-72.52636996993702
42.10241992091048,-72.52635796424957
42.102422684652225,-72.52634685745498
42.102425347286314,-72.52633615698198
42.102428111025745,-72.52632505018636
42.1024310984384,-72.52631304449655
42.10243386217534,-72.52630193769993
42.10243662591108,-72.52629083090285
42.102439512213756,-72.52627923153278
42.102442275947084,-72.5262681247346
42.10244503967922,-72.52625701793593
42.10244802708406,-72.52624501224264
42.10245079081371,-72.52623390544298
42.102453554542166,-72.52622279864288
42.10245621716387,-72.526212098163
42.102459204563566,-72.52620009246735
42.10246196828842,-72.52618898566564
42.10246473201207,-72.52617787886354
42.10246796771609,-72.52616698214234
42.102471266812515,-72.5261561475857
42.1024747100591,-72.52614483962103
42.10247800915317,-72.52613400506303
42.1024814523972,-72.52612269709716
42.102484751488895,-72.52611186253777
42.102488050579446,-72.52610102797767
42.1024914938197,-72.52608972001
42.10249479290789,-72.52607888544851
42.10249809199494,-72.5260680508863
42.10250153523142,-72.52605674291684
42.1025048343161,-72.52604590835324
42.10250813339963,-72.52603507378892
42.10251157663233,-72.52602376581767
42.10251487571351,-72.52601293125197
42.10251817479354,-72.52600209668556
42.10252161802247,-72.52599078871246
42.10252491710014,-72.52597995414467
42.102528312783825,-72.52596919943412
42.102532199151035,-72.52595812698067
42.102535798709624,-72.52594787165529
42.102539685074376,-72.52593679920041
42.1025431017597,-72.52592706488294
42.10254698812208,-72.52591599242653
42.1025508744832,-72.52590491996935
42.102554474036076,-72.52589466464073
42.10255817752416,-72.52588411319094
42.102562063881635,-72.5258730407315
42.1025656634311,-72.52586278540086
42.10256936691585,-72.52585223394856
42.1025729664631,-72.52584197861661
42.102576852815766,-72.52583090615417
42.10258076033953,-72.52581983708015
42.102584853109434,-72.52580890014464
42.10258864755346,-72.52579876040895
42.102592740320965,-72.52578782347177
42.10259683308722,-72.52577688653375
42.10260092585224,-72.52576594959483
42.10260501861601,-72.52575501265504
42.102609111378555,-72.52574407571439
42.10261320413986,-72.52573313877286
42.102617296899915,-72.52572220183045
42.10262138965873,-72.52571126488716
42.102625482416315,-72.52570032794299
42.102629575172664,-72.52568939099797
42.10263366792776,-72.52567845405206
42.10263776068162,-72.52566751710526
42.10264185343424,-72.52565658015762
42.102646148983496,-72.52564510127775
42.10265024173354,-72.5256341643284
42.10265463280575,-72.52562243017582
42.10265872555323,-72.52561149322463
42.102663021096916,-72.52560001434149
42.10266711384183,-72.52558907738862
42.10267120658549,-72.52557814043486
42.10267529932792,-72.52556720348024
42.10267999462531,-72.5255559958759
42.10268448274057,-72.52554537041377
42.102688896627555,-72.52553492068087
42.10269362951469,-72.52552371572142
42.1026981176263,-72.5255130902563
42.10270285051078,-72.52550188529487
42.102707019618784,-72.52549201505376
42.10271175250067,-72.52548081009046
42.102716240607464,-72.52547018462128
42.1027209734867,-72.525458979656
42.10272514259015,-72.52544910941126
42.102729610903786,-72.5254377237995
42.102733844470684,-72.52542688959731
42.10273807803636,-72.5254160553942
42.10274200569432,-72.52540600404213
42.10274623925765,-72.52539516983721
42.102750689967586,-72.52538377992333
42.10275492352838,-72.5253729457166
42.10275885118172,-72.52536289436131
42.10276308474017,-72.5253520601528
42.10276731829738,-72.52534122594335
42.102771769000675,-72.52532983602521
42.102775696649424,-72.52531978466672
42.10277993020296,-72.52530895045462
42.10278416375529,-72.52529811624157
42.1027883973064,-72.52528728202756
42.10279254209742,-72.52527667495839
42.10279677564606,-72.52526584074266
42.1028010091935,-72.525255006526
42.10280524273971,-72.52524417230839
42.102809170379345,-72.52523412094348
42.10281362106947,-72.52522273101691
42.102817854612,-72.52521189679665
42.10282207500214,-72.52520104995531
42.102825806940444,-72.52519087141236
42.10282983356147,-72.52517988914337
42.10283386018124,-72.52516890687353
42.102837886799776,-72.52515792460287
42.102841618733464,-72.52514774605703
42.10284564534956,-72.52513676378477
42.102849475690306,-72.52512631683385
42.10285320762064,-72.52511613828582
42.10285723423317,-72.52510515601108
42.10286126084445,-72.5250941737355
42.102865287454485,-72.52508319145905
42.10286901938019,-72.52507301290817
42.102873045987785,-72.52506203063017
42.102877072594154,-72.5250510483513
42.10288080451641,-72.5250408697983
42.1028846742991,-72.52502980194622
42.10288824104823,-72.52501914657772
42.102891976919835,-72.5250079859653
42.10289571279016,-72.52499682535222
42.10289927953581,-72.52498616998129
42.10290301540365,-72.5249750093667
42.1029067512702,-72.52496384875145
42.10291031801236,-72.52495319337811
42.10291405387643,-72.52494203276136
42.102917034995215,-72.52493101664255
42.102919927993106,-72.52491996575591
42.10292282098981,-72.52490891486876
42.102925713985314,-72.52489786398107
42.10292860697965,-72.52488681309285
42.102931389258856,-72.52487618511826
42.1029342822509,-72.52486513422886
42.102937175241735,-72.52485408333894
42.102940068231405,-72.5248430324485
42.102943194024164,-72.52483109227114
42.102946087011375,-72.52482004137957
42.10294921280149,-72.5248081012009
42.102952105786244,-72.5247970503082
42.10295523157372,-72.52478511012822
42.10295812455602,-72.52477405923439
42.10296125034086,-72.52476211905312
42.10296437612433,-72.52475017887117
42.102967269102905,-72.52473912797561
42.10297001274482,-72.52472800563318
42.10297294025215,-72.5247159735916
42.10297555097457,-72.52470524352924
42.10297825879554,-72.52469411438688
42.1029809666153,-72.52468298524406
42.10298357733441,-72.52467225517992
42.10298628515186,-72.52466112603615
42.10298873101085,-72.52464990885132
42.1029909552263,-72.52463798482816
42.10299300399764,-72.52462700135462
42.10299505276787,-72.5246160178807
42.10299716098671,-72.52460471569563
42.102999209754664,-72.52459373222106
42.10300125852151,-72.52458274874611
42.103003307287246,-72.52457176527075
42.10300553149416,-72.52455984124451
42.103007755699785,-72.52454791721772
42.10300997990412,-72.52453599319043
42.103012028665155,-72.52452500971332
42.103014312316205,-72.52451276697549
42.10301653651669,-72.52450084294684
42.10301858527417,-72.52448985946857
42.10302044045147,-72.5244781194282
42.1030220962547,-72.52446702609939
42.10302375205678,-72.52445593277041
42.10302555131275,-72.52444387833891
42.10302720711249,-72.52443278500951
42.103028824013535,-72.5244219522815
42.10303062326579,-72.5244098978491
42.10303242251672,-72.52439784341641
42.103034365220836,-72.52438482788087
42.103036307923425,-72.52437181234494
42.103038250624486,-72.5243587968086
42.10304004986983,-72.52434674237463
42.10304199256793,-72.52433372683755
42.1030439352645,-72.52432071130013
42.103045695608614,-72.52430891746523
42.10304749484852,-72.52429686302989
42.10304929408711,-72.5242848085942
42.103051054427475,-72.52427301475781
42.10305285366348,-72.52426096032141
42.10305432394527,-72.52424906603453
42.10305579479656,-72.52423595817041
42.10305713358228,-72.52422402722999
42.10305847236676,-72.52421209628918
42.10305983351199,-72.52419996606244
42.10306076915392,-72.52418697545602
42.103061525305684,-72.52417405585138
42.10306228764024,-72.52416103058233
42.103063049973294,-72.52414800531322
42.103063812304875,-72.52413498004407
42.10306457463497,-72.52412195477484
42.10306527261452,-72.52411002898455
42.103066034941776,-72.52409700371503
42.103066739102836,-72.52408497226135
42.10306744326263,-72.52407294080766
42.103068141237124,-72.52406101501631
42.103068845394404,-72.5240489835624
42.10306954955042,-72.52403695210845
42.10307030568535,-72.52402403250025
42.10307100983873,-72.52401200104605
42.103071713990836,-72.52399996959183
42.103072134339556,-72.52398800777654
42.10307251601987,-72.52397602987082
42.103072899540116,-72.52396399418471
42.10307331302437,-72.52395101811989
42.103073696542005,-72.52393898243392
42.10307407821721,-72.52392700452769
42.10307445989119,-72.52391502662125
42.10307487521104,-72.52390199277649
42.10307518605782,-72.5238899973858
42.10307508552044,-72.52387699879837
42.103074984981575,-72.52386400021103
42.103074884441256,-72.52385100162371
42.10307479163351,-72.52383900292782
42.103074691090356,-72.52382600434065
42.103074590545745,-72.52381300575352
42.10307446951554,-72.52380002300512
42.10307415846512,-72.52378699312793
42.103073872294985,-72.52377500553813
42.10307356227593,-72.52376201898272
42.10307327506899,-72.52374998807107
42.103072965047105,-72.52373700151581
42.10307267887177,-72.52372501392652
42.10307236781285,-72.52371198404882
42.10307208163489,-72.52369999645968
42.10307177160738,-72.52368700990493
42.103071485426845,-72.52367502231613
42.10307117436225,-72.52366199243819
42.10307087886628,-72.52365000948086
42.10307036022982,-72.52363797180558
42.10306984495292,-72.52362601213522
42.103069326313936,-72.52361397445998
42.10306876809454,-72.52360101815087
42.10306824945293,-72.52358898047565
42.10306773417093,-72.52357702080613
42.1030672155268,-72.52356498313094
42.10306670024231,-72.5235530234618
42.10306618159566,-72.52354098578662
42.10306566630868,-72.52352902611788
42.10306510471876,-72.52351599180369
42.10306458942919,-72.52350403213538
42.10306407077738,-72.52349199446026
42.10306355548531,-72.52348003479233
42.10306303683098,-72.52346799711721
42.10306252153643,-72.52345603744969
42.103062002879575,-72.52344399977461
42.10306148422145,-72.52343196209945
42.103060925981566,-72.52341900579351
42.10306040732081,-72.5234069681184
42.10305989201991,-72.52339500845179
42.103059373356636,-72.52338297077668
42.103058858053245,-72.52337101111047
42.103058339387445,-72.52335897343538
42.10305782408157,-72.52334701376957
42.103057305413245,-72.5233349760945
42.103056747162455,-72.52332201979031
42.103056228491496,-72.52330998211528
42.10305567833809,-72.52329802746067
42.10305511265792,-72.52328599038223
42.103054546976495,-72.52327395330371
42.10305398528981,-72.52326200125584
42.10305341960586,-72.52324996417741
42.10305281110921,-72.52323701612602
42.103052245422624,-72.52322497904767
42.10305168373088,-72.52321302700072
42.10305111804176,-72.52320098992246
42.103050552351384,-72.52318895284412
42.10304999065589,-72.52317700079774
42.10304937815488,-72.52316396771563
42.10304881645679,-72.52315201566974
42.10304825076127,-72.52313997859157
42.10304768906069,-72.52312802654612
42.10304712336263,-72.52311598946802
42.10304656165957,-72.52310403742302
42.103045995958986,-72.523092000345
42.1030453834483,-72.5230789672632
42.103044821741385,-72.52306701521881
42.10304425603691,-72.52305497814082
42.10304369432752,-72.52304302609687
42.10304312862051,-72.52303098901896
42.10304256690863,-72.52301903697547
42.103041954389624,-72.52300600389403
42.103041388678726,-72.52299396681614
42.103040826962996,-72.52298201477325
42.10304026124958,-72.52296997769545
42.103039699531365,-72.522958025653
42.10303913381542,-72.52294598857527
42.10303857209471,-72.52293403653329
42.10303795956603,-72.52292100345214
42.103037393846186,-72.52290896637443
42.10303683212164,-72.52289701433305
42.10303626639927,-72.52288497725542
42.10303570467224,-72.5228730252145
42.103035138947355,-72.52286098813693
42.10303453040697,-72.52284804009308
42.103033964679454,-72.52283600301561
42.10303339895067,-72.52282396593809
42.1030328372173,-72.52281201389822
42.103032271485986,-72.52279997682078
42.10303170975012,-72.52278802478135
42.103031144016285,-72.52277598770395
42.10303053546636,-72.52276303966175
42.103029969729896,-72.52275100258446
42.103029403992174,-72.52273896550712
42.10302884224997,-72.52272701346874
42.10302827650971,-72.52271497639148
42.103027714765034,-72.52270302435355
42.10302710221003,-72.52268999127321
42.10302654046276,-72.52267803923577
42.103025974717355,-72.52266600215867
42.10302540897068,-72.5226539650815
42.103024847219665,-72.52264201304465
42.10302428147046,-72.52262997596756
42.103023719716965,-72.52261802393112
42.10302310715228,-72.5226049908511
42.1030225453962,-72.52259303881516
42.10302197964184,-72.52258100173825
42.103021413886225,-72.52256896466126
42.103020852126384,-72.52255701262588
42.103020286368235,-72.52254497554897
42.10301972460592,-72.52253302351406
42.103026936335034,-72.52252489002403
42.10303416611121,-72.52251728694333
42.103041036051614,-72.52251006227617
42.10304826582622,-72.52250245919271
42.103055757349985,-72.52249458084229
42.10306298712294,-72.52248697775596
42.10306985706025,-72.52247975308349
42.10307708683164,-72.5224721499944
42.10308431660224,-72.52246454690386
42.10309180812169,-72.52245666854631
42.103099037890644,-72.5224490654529
42.10310590782406,-72.52244184077382
42.10311313759145,-72.52243423767764
42.10312000752335,-72.52242701299596
42.10312723728917,-72.52241940989701
42.10313472880349,-72.52241153153095
42.10314195856767,-72.52240392842914
42.10314918833105,-72.5223963253259
42.10315605825906,-72.52238910063758
42.10316328802088,-72.52238149753158
42.103170779530885,-72.52237361915837
42.10317800929105,-72.5223660160495
42.103184882112096,-72.52235782198812
42.10319209538936,-72.52234914403884
42.10319894007843,-72.52234090951787
42.10320578476655,-72.52233267499554
42.1032129980409,-72.52232399704177
42.10321984272715,-72.5223157625166
42.10322668741244,-72.52230752799007
42.10323390068388,-72.5222988500318
42.10324074536729,-72.52229061550243
42.10324706016408,-72.52228207227354
42.10325303308157,-72.52227303974001
42.10325900599802,-72.52226400720527
42.10326497891346,-72.52225497466931
42.10327095182787,-72.5222459421321
42.10327692474124,-72.5222369095937
42.10328289765361,-72.52222787705405
42.103288870564924,-72.5222188445132
42.10329417962931,-72.5222102003387
42.10329989792547,-72.52220088615735
42.10330561622053,-72.52219157197489
42.10331092808713,-72.52218291979638
42.10331664638012,-72.52217360561168
42.103321958244884,-72.52216495343099
42.10332731212157,-72.522156232817
42.1033326239845,-72.52214758063423
42.1033383422734,-72.52213826644515
42.10334401854855,-72.52212902068698
42.10334973683533,-72.52211970649559
42.103355455121026,-72.52211039230303
42.10336113139314,-72.52210114654117
42.10336684967671,-72.5220918323463
42.103372567959205,-72.52208251815028
42.103377973365546,-72.52207297303545
42.10338298335744,-72.52206398315116
42.10338799334838,-72.52205499326593
42.1033933596177,-72.5220453640748
42.10339836960667,-72.52203637418752
42.103403379594695,-72.52202738429925
42.103408750276515,-72.52201774718156
42.10341411654167,-72.52200811798602
42.10341883624588,-72.52199885874381
42.10342336717977,-72.52198931673342
42.10342785183172,-72.5219798721884
42.10343267334372,-72.52196971822269
42.103436867413514,-72.52196088562947
42.103441352062354,-72.52195144108205
42.10344621985221,-72.52194118964682
42.103451041359804,-72.52193103567738
42.103455862866205,-72.52192088170699
42.103460684371434,-72.52191072773563
42.10346555215683,-72.52190047629593
42.1034700960944,-72.52189006850855
42.103474037059875,-72.52188002642109
42.10347797802428,-72.52186998433288
42.103481918987605,-72.5218599422439
42.10348585994987,-72.5218499001542
42.103489800911056,-72.52183985806373
42.10349374187117,-72.52182981597252
42.10349768283021,-72.52181977388058
42.103501623788176,-72.52180973178788
42.10350587139339,-72.52179890831272
42.10350981234915,-72.52178886621843
42.10351375330384,-72.5217788241234
42.10351769425744,-72.52176878202764
42.103522069408946,-72.52175704591757
42.10352607406948,-72.52174604900074
42.10353007872876,-72.5217350520831
42.10353408338679,-72.5217240551646
42.103538088043564,-72.5217130582453
42.10354238616206,-72.52170125546569
42.103546183450476,-72.52169010650479
42.10354977468434,-72.52167886918983
42.103553478982754,-72.52166727808007
42.10355707021401,-72.5216560407637
42.10356093101015,-72.521643959947
42.10356436573851,-72.52163321233436
42.10356795696585,-72.52162197501595
42.103571817757825,-72.52160989419696
42.10357525248258,-72.52159914658198
42.103579113271785,-72.52158706576135
42.10358270449383,-72.52157582844022
42.103586408780565,-72.52156423732255
42.10359,-72.521553
42.103592270356586,-72.52154210232143
42.10359480690492,-72.52152992691964
42.103597077259195,-72.52151902924012
42.10359961380486,-72.52150685383755
42.103601884156795,-72.5214959561571
42.10360415450765,-72.52148505847613
42.10360669104943,-72.5214728830723
42.10360896139794,-72.52146198539039
42.10361142485241,-72.52145016079261
42.10361376828324,-72.5214389123029
42.10361603862834,-72.52142801461953
42.103618553411806,-72.52141586906151
42.103620293724084,-72.52140508611909
42.10362223332034,-72.52139306840883
42.103624172915275,-72.52138105069821
42.10362595840652,-72.52136998780493
42.10362789799892,-72.52135797009365
42.10362983759003,-72.521345952382
42.10363162307772,-72.52133488948785
42.10363356266629,-72.52132287177554
42.10363545707152,-72.52131113401141
42.10363724255572,-72.52130007111626
42.10363918214051,-72.52128805340274
42.103641121723975,-72.52127603568887
42.103642907204616,-72.52126497279285
42.103644846785556,-72.52125295507831
42.10364678636519,-72.52124093736342
42.103648571842285,-72.52122987446654
42.10364986082761,-72.52121797281775
42.103651145017835,-72.52120602832393
42.1036524292068,-72.52119408382973
42.10365383926296,-72.52118096860599
42.10365512344928,-72.5211690241112
42.10365640763433,-72.5211570796161
42.1036577123848,-72.5211449438252
42.10365899656731,-72.52113299932955
42.10366028074857,-72.52112105483356
42.103661585495125,-72.52110891904232
42.10366286967384,-72.5210969745458
42.10366415385131,-72.52108503004891
42.10366543802751,-72.52107308555169
42.10366674276885,-72.52106094975991
42.10366802694252,-72.52104900526217
42.103669311114935,-72.52103706076407
42.10367061585235,-72.52102492497194
42.10367190002222,-72.5210129804733
42.10367318419083,-72.52100103597432
42.10367448892434,-72.52098890018186
42.103675773090394,-72.52097695568236
42.10367716255506,-72.52096403174856
42.10367844671852,-72.52095208724828
42.103679751446705,-72.52093995145526
42.103681035607615,-72.52092800695448
42.10368231976729,-72.52091606245335
42.10368362449155,-72.52090392665998
42.103684908648674,-72.52089198215833
42.10368619280454,-72.52088003765631
42.10368749752489,-72.52086790186259
42.103688781678215,-72.52085595736004
42.10369006583028,-72.52084401285715
42.10369134998109,-72.5208320683539
42.10369265469623,-72.52081993255968
42.1036939388445,-72.5208079880559
42.103695222991526,-72.52079604355178
42.103696527702745,-72.52078390775719
42.103697811847205,-72.52077196325254
42.10369920128853,-72.52075903931292
42.10370048543039,-72.52074709480752
42.10370179013629,-72.52073495901239
42.10370307427562,-72.52072301450644
42.10370435841369,-72.52071107000017
42.10370566311568,-72.52069893420469
42.1037069472512,-72.52068698969788
42.103708231385454,-72.52067504519073
42.10370953608353,-72.52066290939491
42.103710820215255,-72.52065096488721
42.103712104345725,-72.52063902037918
42.10371338847494,-72.52062707587079
42.10371469316781,-72.52061494007445
42.10371597729447,-72.52060299556551
42.10371726141989,-72.52059105105624
42.10371856610883,-72.52057891525958
42.103719850231705,-72.52056697074975
42.10372113435332,-72.52055502623962
42.1037225443346,-72.52054191100727
42.103723828453575,-72.52052996649653
42.1037251125713,-72.52051802198545
42.103726396687755,-72.52050607747402
42.10372770136748,-72.52049394167643
42.103728985481396,-72.52048199716448
42.103730267499415,-72.52047005050302
42.10373152909485,-72.52045791109477
42.103732771445785,-72.52044595684983
42.10373401379547,-72.52043400260452
42.103735256143885,-72.52042204835891
42.10373649849105,-72.52041009411299
42.1037376581548,-72.52039893546113
42.10373890049951,-72.52038698121476
42.103740142842994,-72.52037502696808
42.10374138518519,-72.52036307272104
42.10374264676902,-72.52035093331183
42.10374388910868,-72.52033897906432
42.103745131447084,-72.52032702481648
42.10374637378423,-72.5203150705683
42.10374763536285,-72.52030293115865
42.10374887769744,-72.52029097691002
42.10375012003079,-72.52027902266106
42.103751362362885,-72.52026706841177
42.10375262393627,-72.5202549290017
42.10375386626581,-72.52024297475191
42.10375500667033,-72.5202320012593
42.10375624899746,-72.52022004700892
42.10375751056575,-72.52020790759845
42.103758752890336,-72.52019595334758
42.10375999521367,-72.52018399909639
42.103761237535736,-72.52017204484484
42.10376249909881,-72.52015990543396
42.10376374141834,-72.52014795118197
42.1037649837366,-72.5201359969296
42.10376622605362,-72.52012404267694
42.10376746836938,-72.52011208842396
42.10376872992594,-72.52009994901249
42.10376997223916,-72.52008799475901
42.10377111262866,-72.52007702126322
42.10377235493945,-72.52006506700914
42.10377361649091,-72.52005292759729
42.103774858799156,-72.5200409733427
42.103776101106156,-72.5200290190878
42.1037773434119,-72.52001706483257
42.10377860495814,-72.52000492542031
42.103779847261336,-72.5199929711646
42.10378108956327,-72.51998101690857
42.10378233186395,-72.51996906265221
42.10378359340498,-72.51995692323949
42.10378483570312,-72.51994496898266
42.10378607799999,-72.51993301472548
42.103787320295616,-72.51992106046798
42.103788479910406,-72.51990990181339
42.10378972220357,-72.51989794755546
42.103790964495495,-72.5198859932972
42.10379220678616,-72.5198740390386
42.10379344907557,-72.51986208477967
42.10379471060498,-72.51984994536602
42.10379595289184,-72.5198379911066
42.10379719517745,-72.51982603684685
42.10379843746179,-72.51981408258682
42.10379969898599,-72.51980194317272
42.1038009412678,-72.51978998891218
42.103802183548346,-72.51977803465132
42.10380342582763,-72.51976608039013
42.10380458542691,-72.51975492173464
42.10380582770375,-72.51974296747302
42.10380706997934,-72.51973101321106
42.10380831225366,-72.51971905894875
42.10380957376755,-72.51970691953385
42.103810816039335,-72.51969496527107
42.10381205830985,-72.51968301100798
42.103813300579134,-72.51967105674456
42.103814562087784,-72.51965891732924
42.10381580435451,-72.51964696306534
42.10381704661999,-72.51963500880109
42.103818288884185,-72.51962305453652
42.103819543842285,-72.51961092371877
42.10382064687088,-72.51959894094786
42.103821749898195,-72.51958695817669
42.10382285292427,-72.51957497540528
42.103823955949075,-72.5195629926336
42.1038250589726,-72.51955100986167
42.10382616199489,-72.5195390270895
42.1038272650159,-72.51952704431706
42.10382836803566,-72.5195150615444
42.103829471054155,-72.51950307877148
42.103830589230995,-72.51949093130972
42.103831692246935,-72.51947894853649
42.10383279526161,-72.51946696576299
42.10383389827502,-72.51945498298923
42.1038350919415,-72.51944201537471
42.10383619495229,-72.51943003260045
42.10383729796181,-72.51941804982592
42.10383840097007,-72.51940606705114
42.10383950397706,-72.5193940842761
42.1038406221421,-72.51938193681387
42.103841725146545,-72.51936995403852
42.10384282814972,-72.51935797126293
42.103843931151644,-72.51934598848707
42.103845034152286,-72.51933400571099
42.10384613715168,-72.51932202293465
42.10384724014981,-72.51931004015803
42.10384834314668,-72.51929805738119
42.10384944614229,-72.5192860746041
42.10385056429563,-72.51927392714143
42.10385175794146,-72.51926095952297
42.103852860933145,-72.51924897674527
42.10385396392356,-72.51923699396731
42.10385506691272,-72.5192250111891
42.103856169900624,-72.51921302841066
42.10385727288726,-72.51920104563196
42.10385837587263,-72.51918906285299
42.103859478856734,-72.51917708007377
42.103860596998274,-72.51916493261066
42.103861873829864,-72.51915297551493
42.103863150000045,-72.51914102910959
42.10386442616898,-72.5191290827039
42.10386572264634,-72.5191169461758
42.103866998812734,-72.5191049997696
42.10386827497788,-72.51909305336304
42.103869676105774,-72.51907993714417
42.10387095226826,-72.51906799073707
42.1038722284295,-72.5190560443296
42.10387350458949,-72.51904409792178
42.1038748010576,-72.51903196139281
42.10387607721505,-72.5190200149845
42.10387735337124,-72.51900806857583
42.10387864983544,-72.51899593204654
42.10387992598908,-72.51898398563735
42.10388120214146,-72.5189720392278
42.10388249860175,-72.51895990269819
42.10388377475158,-72.51894795628812
42.103885050900175,-72.51893600987772
42.103886327047505,-72.51892406346697
42.10388762350257,-72.51891192693685
42.103888899647366,-72.51889998052557
42.10389028044373,-72.51888705442286
42.10389157689477,-72.51887491789236
42.10389285303565,-72.51886297148019
42.103894129175295,-72.51885102506766
42.103895405313686,-72.51883907865476
42.10389670175951,-72.5188269421238
42.10389797789536,-72.5188149957104
42.103899254029926,-72.51880304929665
42.10390055047185,-72.51879091276534
42.10390182660389,-72.51877896635108
42.10390310273468,-72.51876701993648
42.10390437886419,-72.51875507352152
42.103905675300894,-72.5187429369897
42.10390695142789,-72.51873099057423
42.10390822755361,-72.5187190441584
42.103909523986395,-72.51870690762625
42.103910904760774,-72.51869398151818
42.1039121808826,-72.51868203510145
42.103913457003166,-72.51867008868437
42.103914753430644,-72.5186579521517
42.10391602954867,-72.5186460057341
42.103917305665455,-72.51863405931616
42.10391860208901,-72.51862192278313
42.103919878203236,-72.51860997636467
42.10392110501719,-72.5185980194055
42.10392232154154,-72.51858605941567
42.10392355651334,-72.51857391805092
42.10392477303513,-72.51856195806066
42.10392598955568,-72.51854999807007
42.10392720607495,-72.51853803807919
42.103928422592986,-72.51852607808794
42.103929657558275,-72.5185139367227
42.10393087407375,-72.51850197673103
42.10393209058796,-72.51849001673905
42.103933307100924,-72.51847805674677
42.10393454206099,-72.51846591538114
42.1039357585714,-72.51845395538842
42.10393697508056,-72.51844199539534
42.10393819158846,-72.51843003540198
42.10393940809511,-72.51841807540829
42.10394064304867,-72.51840593404218
42.103941859552755,-72.51839397404805
42.10394307605558,-72.5183820140536
42.103944292557166,-72.51837005405885
42.103945509057496,-72.51835809406376
42.10394674400454,-72.51834595269715
42.10394796050231,-72.51833399270161
42.10394917699882,-72.51832203270578
42.10395039349407,-72.51831007270964
42.1039516284359,-72.51829793134266
42.10395284492862,-72.51828597134606
42.10395406142006,-72.51827401134915
42.10395527791026,-72.5182620513519
42.1039564943992,-72.51825009135436
42.10395772933452,-72.51823794998687
42.10395894582091,-72.51822598998889
42.10396016230602,-72.51821402999059
42.103961378789904,-72.51820206999197
42.103962613720014,-72.51818992862412
42.10396383020134,-72.51817796862504
42.103965046681395,-72.51816600862564
42.10396626316021,-72.51815404862596
42.10396747963775,-72.51814208862594
42.10396861472565,-72.5181309288103
42.103969831200764,-72.51811896880986
42.103971047674605,-72.51810700880914
42.103972264147195,-72.51809504880808
42.10397349906569,-72.51808290743942
42.10397471553571,-72.51807094743792
42.103975932004495,-72.51805898743609
42.10397714847202,-72.51804702743395
42.10397836493829,-72.51803506743153
42.10397959985026,-72.51802292606236
42.10398081631398,-72.51801096605946
42.10398203277644,-72.51799900605627
42.10398324923765,-72.51798704605274
42.10398448414441,-72.5179749046832
42.10398570060306,-72.51796294467921
42.10398691706045,-72.51795098467494
42.103988133516594,-72.51793902467034
42.10398934997148,-72.51792706466544
42.10399058487173,-72.51791492329541
42.10399180132406,-72.51790296329004
42.103993017775146,-72.51789100328438
42.10399423422495,-72.51787904327836
42.10399545067352,-72.51786708327207
42.10399668556726,-72.51785494190155
42.10399797300123,-72.51784299471103
42.103999260915536,-72.51783105111245
42.10400056951567,-72.5178189156697
42.104001857427434,-72.51780697207059
42.10400314533795,-72.51779502847111
42.104004433247205,-72.5177830848713
42.10400574184213,-72.51777094942801
42.10400702974885,-72.51775900582767
42.10400831765431,-72.51774706222697
42.10400962624531,-72.5177349267833
42.10401091414822,-72.51772298318208
42.104012202049894,-72.51771103958052
42.104013510636975,-72.51769890413647
42.1040147985361,-72.51768696053436
42.104016086433965,-72.5176750169319
42.104017374330574,-72.51766307332908
42.104018682912454,-72.51765093788455
42.10401997080652,-72.5176389942812
42.104021258699326,-72.51762705067748
42.10402256727729,-72.51761491523258
42.10402385516756,-72.51760297162834
42.10402514305658,-72.51759102802374
42.104026430944344,-72.5175790844188
42.104027739517086,-72.51756694897338
42.10402902740231,-72.51755500536791
42.10403031528629,-72.51754306176207
42.104031623855114,-72.5175309263163
42.10403291173654,-72.51751898270992
42.10403430521617,-72.51750605978924
42.10403561378097,-72.51749392434307
42.104036901658496,-72.51748198073578
42.10403818953476,-72.51747003712813
42.104039477409785,-72.51745809352013
42.10404078596938,-72.51744595807345
42.10404207384185,-72.5174340144649
42.10404336171308,-72.51742207085601
42.104044670268756,-72.51740993540898
42.104045958137434,-72.51739799179956
42.10404724600485,-72.51738604818978
42.10404853387103,-72.51737410457966
42.104049842421496,-72.51736196913208
42.10405113028512,-72.51735002552142
42.104052418147496,-72.51733808191041
42.10405372669405,-72.51732594646248
42.10405501455388,-72.51731400285092
42.10405630241246,-72.51730205923904
42.10405761095508,-72.51728992379076
42.10405889881112,-72.51727798017833
42.1040601866659,-72.51726603656554
42.104061474519426,-72.5172540929524
42.10406278305685,-72.5172419575036
42.10406407090783,-72.51723001388991
42.10406535875755,-72.5172180702759
42.10406666729106,-72.51720593482675
42.10406795513824,-72.5171939912122
42.104069242984174,-72.51718204759729
42.104070551513765,-72.51716991214776
42.10407183935715,-72.51715796853232
42.10407312719928,-72.51714602491653
42.10407441504015,-72.51713408130037
42.10407572356454,-72.51712194585033
42.10407701140287,-72.51711000223365
42.104078299239944,-72.51709805861663
42.10407960776041,-72.51708592316623
42.10408089559495,-72.51707397954866
42.10408218342824,-72.51706203593073
42.10408347126026,-72.51705009231245
42.10408477977551,-72.51703795686154
42.104086067605,-72.51702601324274
42.104087355433236,-72.51701406962357
42.10408866394457,-72.5170019341723
42.104089951770256,-72.5169899905526
42.104091239594695,-72.51697804693255
42.10409254810211,-72.51696591148092
42.104093835924,-72.51695396786035
42.104095123744635,-72.51694202423941
42.10409641156403,-72.51693008061814
42.10409772006623,-72.51691794516597
42.10409900788308,-72.51690600154417
42.104100295698665,-72.51689405792196
42.10410160419695,-72.51688192246945
42.10410289200999,-72.51686997884676
42.10410417982178,-72.51685803522372
42.104105467632316,-72.5168460916003
42.10410677612539,-72.51683395614725
42.10410806393338,-72.51682201252332
42.104109351740135,-72.51681006889903
42.10411066022929,-72.51679793344562
42.104111948033484,-72.51678598982079
42.104113235836415,-72.51677404619561
42.10411454432166,-72.51676191074186
42.10411583212206,-72.51674996711616
42.104117119921206,-72.51673802349009
42.1041184077191,-72.51672607986367
42.10411971619913,-72.51671394440937
42.10412100399448,-72.51670200078242
42.10412229178858,-72.51669005715512
42.10412360026468,-72.51667792170049
42.10412488805623,-72.51666597807267
42.104126175846524,-72.51665403444447
42.10412746363557,-72.51664209081592
42.10412877210648,-72.51662995536077
42.10413005989298,-72.51661801173167
42.104131347678226,-72.51660606810223
42.10413265614521,-72.51659393264674
42.10413394392791,-72.51658198901679
42.10413523170936,-72.51657004538647
42.104136540172426,-72.5165579099306
42.10413782795133,-72.51654596629976
42.104139115728984,-72.51653402266852
42.10414040350538,-72.51652207903697
42.10414171196324,-72.5165099435806
42.10414299973709,-72.5164979999485
42.1041442875097,-72.51648605631607
42.10414559596364,-72.51647392085933
42.104146883733684,-72.51646197722634
42.104148171502494,-72.516450033593
42.10414945927004,-72.51643808995932
42.10415076771877,-72.51642595450204
42.10415205548378,-72.51641401086783
42.10415334324753,-72.51640206723327
42.10415465169233,-72.51638993177565
42.10415593945354,-72.51637798814055
42.10415722721351,-72.51636604450509
42.10415864124405,-72.51635292972931
42.10415992900135,-72.51634098609328
42.10416121675741,-72.5163290424569
42.10416250451221,-72.51631709882017
42.10416381294779,-72.51630496336162
42.10416510070005,-72.51629301972436
42.10416638845106,-72.51628107608674
42.10416769688272,-72.51626894062784
42.10416898463118,-72.51625699698968
42.10417027237838,-72.51624505335117
42.10417158080613,-72.51623291789193
42.1041728685508,-72.51622097425289
42.10417415629421,-72.51620903061351
42.104175444036365,-72.51619708697375
42.104176752458905,-72.51618495151396
42.10417804019851,-72.51617300787369
42.10417932793687,-72.51616106423307
42.10418063635549,-72.51614892877294
42.1041819240913,-72.51613698513177
42.10418321182587,-72.51612504149026
42.104184499559175,-72.51611309784839
42.10418580797258,-72.51610096238774
42.10418709570334,-72.51608901874532
42.10418838343286,-72.51607707510257
42.10418969184234,-72.51606493964155
42.10419097956932,-72.51605299599827
42.10419226729503,-72.51604105235462
42.1041935757006,-72.51602891689326
42.104194863423764,-72.5160169732491
42.10419615114568,-72.51600502960457
42.10419743886635,-72.51599308595968
42.10419874726671,-72.51598095049778
42.10420003498483,-72.51596900685237
42.104201322701684,-72.51595706320661
42.10420263109813,-72.51594492774437
42.10420391881246,-72.51593298409807
42.10420520652552,-72.51592104045142
42.10420649423734,-72.51590909680442
42.10420780262857,-72.51589696134162
42.10420909033785,-72.51588501769409
42.10421037804586,-72.5158730740462
42.104211686433175,-72.51586093858309
42.104212974138655,-72.51584899493467
42.10421426184287,-72.51583705128589
42.104215570226266,-72.5158249158224
42.10421685792794,-72.5158129721731
42.10421814562837,-72.51580102852343
42.10421943332754,-72.51578908487342
42.104220741705724,-72.51577694940941
42.104222029402344,-72.51576500575887
42.10422331709771,-72.51575306210798
42.104224625471986,-72.5157409266436
42.10422591316482,-72.51572898299216
42.10422720085639,-72.51571703934037
42.10422848854671,-72.51570509568823
42.10422979691577,-72.51569296022335
42.104231084603555,-72.51568101657068
42.10423237229007,-72.51566907291766
42.10423368065521,-72.51565693745242
42.10423496833919,-72.51564499379886
42.10423625602192,-72.51563305014493
42.10423756438315,-72.51562091467933
42.10423885206333,-72.51560897102489
42.10424013974225,-72.51559702737009
42.10424142741993,-72.51558508371495
42.10424273577595,-72.51557294824883
42.104244023451066,-72.51556100459315
42.10424531112495,-72.5155490609371
42.10424661947705,-72.51553692547063
42.104247907148384,-72.51552498181405
42.104249194818465,-72.51551303815714
42.10425050316664,-72.5155009026903
42.10425179083418,-72.51548895903287
42.104253078500456,-72.51547701537507
42.10425436616549,-72.5154650717169
42.10425567450846,-72.51545293624953
42.10425696217094,-72.51544099259084
42.10425824983217,-72.51542904893181
42.10425955817122,-72.5154169134641
42.10426084582991,-72.51540496980451
42.104262133487346,-72.5153930261446
42.10426342114353,-72.5153810824843
42.10426472947737,-72.51536894701606
42.104266017131,-72.51535700335522
42.10426730478339,-72.51534505969406
42.10426861311331,-72.51533292422548
42.10426990076315,-72.51532098056377
42.104271188411744,-72.51530903690173
42.10427249673774,-72.51529690143278
42.104273784383786,-72.51528495777019
42.10427507202857,-72.51527301410724
42.10427635967211,-72.51526107044394
42.10427766799291,-72.51524893497448
42.104278955633895,-72.51523699131064
42.104280243273635,-72.51522504764647
42.10428165717046,-72.51521193285504
42.10428294480755,-72.51519998919026
42.10428423244339,-72.51518804552518
42.10428552007798,-72.51517610185971
42.10428682838954,-72.51516396638932
42.104288116021586,-72.51515202272331
42.10428940365237,-72.51514007905698
42.10429071196002,-72.51512794358624
42.10429199958826,-72.51511599991937
42.10429328721525,-72.51510405625211
42.10429459551898,-72.51509192078103
42.10429588314342,-72.51507997711327
42.104297170766614,-72.51506803344515
42.10429845838856,-72.51505608977668
42.10429976668708,-72.51504395430504
42.10430105430646,-72.51503201063606
42.104302341924615,-72.5150200669667
42.104303650219215,-72.51500793149472
42.10430493783481,-72.51499598782483
42.10430622544916,-72.51498404415457
42.10430751306226,-72.514972100484
42.10430882135164,-72.5149599650115
42.10431010896219,-72.51494802134037
42.10431139657148,-72.51493607766889
42.10431270485696,-72.51492394219602
42.1043139924637,-72.51491199852401
42.1043152800692,-72.51490005485165
42.104316588350756,-72.51488791937842
42.104317875953704,-72.51487597570554
42.10431916355541,-72.51486403203229
42.10432045115586,-72.5148520883587
42.1043217594322,-72.51483995288496
42.10432304703009,-72.51482800921082
42.104324334626746,-72.51481606553631
42.10432564289917,-72.51480393006221
42.10432693049328,-72.5147919863872
42.10432821808613,-72.51478004271183
42.10432950567773,-72.51476809903609
42.10433081394494,-72.51475596356148
42.104332101534,-72.51474401988521
42.104333389121805,-72.5147320762086
42.1043346973851,-72.51471994073363
42.10433598497035,-72.51470799705648
42.10433727255436,-72.51469605337898
42.10433858081373,-72.51468391790365
42.10433986839519,-72.51467197422564
42.104341155975405,-72.51466003054725
42.10434244355436,-72.51464808686849
42.10434375180853,-72.51463595139265
42.104345039384945,-72.51462400771338
42.10434632696009,-72.51461206403376
42.104347635210345,-72.51459992855756
42.10434892278295,-72.5145879848774
42.104350210354305,-72.51457604119689
42.104351518600645,-72.51456390572034
42.10435280616946,-72.51455196203926
42.10435409373701,-72.51454001835789
42.10435538130333,-72.51452807467614
42.104356689544446,-72.51451593919906
42.1043579771082,-72.51450399551678
42.10435926467072,-72.51449205183414
42.104360572907915,-72.51447991635672
42.10436186046789,-72.51446797267353
42.1043631480266,-72.51445602899001
42.10436443558405,-72.51444408530615
42.10436574381605,-72.51443194982818
42.10436703137098,-72.51442000614378
42.10436831892463,-72.51440806245903
42.104369627152714,-72.51439592698071
42.10437091470382,-72.51438398329542
42.10437220225369,-72.51437203960975
42.104373510477856,-72.5143599041311
42.10437479802517,-72.51434796044491
42.10437608557123,-72.51433601675839
42.10437737311605,-72.51432407307152
42.104378681335,-72.51431193759231
42.10437996887727,-72.51429999390491
42.10438125641828,-72.51428805021712
42.10438256463332,-72.51427591473758
42.10438385217179,-72.51426397104927
42.104385139709,-72.51425202736063
42.104386427244975,-72.51424008367162
42.10438773545479,-72.51422794819155
42.10438902298821,-72.514216004502
42.10439031052037,-72.51420406081212
42.10439161872628,-72.51419192533167
42.104392906255896,-72.51417998164125
42.104394193784266,-72.51416803795048
42.10439550198626,-72.5141559024697
42.10439678951208,-72.51414395877839
42.104398077036656,-72.51413201508673
42.104399364559974,-72.51412007139471
42.10440067275675,-72.51410793591337
42.104401960277535,-72.51409599222085
42.10440324779705,-72.51408404852795
42.10440466156015,-72.51407093372086
42.10440594907703,-72.5140589900274
42.10440723659265,-72.51404704633357
42.10440852410702,-72.51403510263938
42.104409832294564,-72.51402296715716
42.10441111980639,-72.51401102346244
42.104412407316964,-72.51399907976737
42.10441371550059,-72.5139869442848
42.10441500300862,-72.51397500058918
42.10441629051539,-72.51396305689325
42.10441759869511,-72.51395092141031
42.104418886199326,-72.51393897771382
42.1044201737023,-72.51392703401699
42.10442146120403,-72.5139150903198
42.10442276937853,-72.51390295483634
42.104424056877704,-72.51389101113861
42.104425344375635,-72.51387906744053
42.10442665254622,-72.51386693195671
42.104427940041596,-72.51385498825813
42.10442922949616,-72.51384304899331
42.104430654068466,-72.51383092614991
42.10443205416688,-72.51381901156364
42.10443333962869,-72.51380807250443
42.1044347641972,-72.5137959496605
42.104436164291926,-72.51378403507323
42.1044375888578,-72.51377191222899
42.10443898895,-72.51375999764105
42.10444038904095,-72.51374808305269
42.10444181360292,-72.51373596020787
42.10444321369133,-72.51372404561886
42.10444463825068,-72.51371192277377
42.10444603833657,-72.51370000818409
42.10444732378688,-72.5136890691219
42.10444874834241,-72.51367694627629
42.10445014842462,-72.51366503168558
42.104451572977545,-72.51365290883966
42.104452973057214,-72.5136409942483
42.10445437313564,-72.51362907965648
42.10445579768466,-72.51361695681003
42.10445719776055,-72.51360504221759
42.10445862230693,-72.51359291937081
42.104460022380295,-72.5135810047777
42.10446142245241,-72.51356909018419
42.10446273236166,-72.51355794286523
42.104464132431346,-72.51354602827111
42.10446555697131,-72.5135339054235
42.10446695703846,-72.5135219908287
42.104468357104366,-72.51351007623349
42.10446978164042,-72.51349795338533
42.10447118170378,-72.51348603878947
42.10447260623722,-72.513473915941
42.10447400629805,-72.5134620013445
42.104475406357636,-72.51345008674755
42.10447671625495,-72.51343893942735
42.10447811631211,-72.51342702482978
42.10447954083911,-72.5134149019805
42.10448094089374,-72.51340298738228
42.10448234094711,-72.51339107278366
42.104483765470206,-72.51337894993381
42.10448516552106,-72.51336703533453
42.10448659004153,-72.51335491248439
42.10448799008984,-72.51334299788444
42.1044893901369,-72.51333108328407
42.10449081465347,-72.51331896043338
42.10449210006689,-72.51330802136162
42.104493524580946,-72.51329589851066
42.10449492462305,-72.51328398390905
42.104496324663884,-72.51327206930699
42.10449774917404,-72.51325994645548
42.10449914921235,-72.51324803185275
42.10450057371987,-72.51323590900094
42.10450197375565,-72.51322399439755
42.10450337379019,-72.51321207979376
42.1045047982938,-72.51319995694139
42.1045060836957,-72.51318901786667
42.10450750819681,-72.51317689501401
42.10450890822637,-72.51316498040897
42.1045103082547,-72.5131530658035
42.10451173275188,-72.5131409429503
42.10451313277767,-72.51312902834417
42.10451455727225,-72.51311690549063
42.1045159572955,-72.51310499088385
42.104517357317505,-72.51309307627665
42.10451878180816,-72.51308095342259
42.10452006719856,-72.51307001434486
42.1045214916867,-72.51305789149053
42.10452289170374,-72.51304597688207
42.104524291719535,-72.51303406227316
42.10452571620377,-72.51302193941828
42.10452711621703,-72.51301002480872
42.10452854069864,-72.51299790195354
42.10452994070937,-72.51298598734331
42.10453134071885,-72.51297407273267
42.10453276519655,-72.51296194987694
42.1045341652035,-72.51295003526566
42.10453547505061,-72.51293888794021
42.10453687505514,-72.51292697332832
42.1045382750584,-72.512915058716
42.10453969952968,-72.51290293585943
42.104541099530415,-72.51289102124646
42.10454252399907,-72.51287889838959
42.10454392399728,-72.51286698377596
42.10454532399424,-72.5128550691619
42.104546748458986,-72.51284294630447
42.104548148453404,-72.51283103168979
42.10454945828857,-72.51281988436308
42.104550858280554,-72.51280796974777
42.1045522582713,-72.51279605513201
42.10455365554317,-72.51278392794262
42.10455502835216,-72.51277200593103
42.10455640115991,-72.51276008391902
42.1045577974879,-72.51274795763635
42.104559170293115,-72.51273603562372
42.104560566618474,-72.51272390934076
42.10456193942116,-72.51271198732749
42.10456331222259,-72.51270006531384
42.104564708544046,-72.51268793903039
42.104566081342924,-72.51267601701609
42.10456745414057,-72.51266409500141
42.104568850458115,-72.51265196871746
42.10457022325322,-72.51264004670212
42.10457161956814,-72.51262792041791
42.104572992360715,-72.51261599840193
42.10457436515204,-72.51260407638559
42.10457576146304,-72.51259195010087
42.10457713425183,-72.51258002808389
42.10457850703937,-72.51256810606651
42.10457990334646,-72.51255597978128
42.104581276131476,-72.51254405776325
42.104582672435946,-72.51253193147774
42.10458404521841,-72.51252000945911
42.10458541799963,-72.51250808744008
42.10458681430019,-72.51249596115406
42.10458807464075,-72.51248501561383
42.10458947093879,-72.51247288932758
42.10459084371504,-72.51246096730733
42.10459221649003,-72.51244904528669
42.104593612784164,-72.51243691899995
42.10459498555662,-72.51242499697864
42.10459635832784,-72.51241307495697
42.10459775461807,-72.51240094866971
42.10459912738675,-72.5123890266474
42.104600523674335,-72.51237690035988
42.104601896440485,-72.51236497833695
42.10460326920537,-72.5123530563136
42.104604665489056,-72.51234093002557
42.10460603825142,-72.51232900800159
42.10460741101253,-72.51231708597722
42.10460880729231,-72.51230495968868
42.10461018005088,-72.51229303766368
42.10461157632803,-72.51228091137487
42.104612949084064,-72.51226898934925
42.10461432183886,-72.51225706732323
42.1046157181121,-72.51224494103388
42.10461709086436,-72.51223301900723
42.10461846361535,-72.51222109698018
42.1046198598847,-72.51220897069037
42.10462123263315,-72.51219704866269
42.10462262889986,-72.5121849223726
42.104624001645796,-72.51217300034429
42.10462537439048,-72.51216107831554
42.10462677065328,-72.51214895202494
42.10462814339543,-72.5121370299956
42.10462951613633,-72.51212510796586
42.1046309123952,-72.51211298167476
42.10463228513357,-72.5121010596444
42.10463356895505,-72.51208990983388
42.10463494169098,-72.51207798780293
42.10463631442566,-72.51206606577156
42.10463771067812,-72.51205393947971
42.10463908341027,-72.51204201744771
42.1046404796601,-72.51202989115559
42.1046418523897,-72.51201796912298
42.10464322511806,-72.51200604708998
42.10464462136398,-72.51199392079737
42.10464599408981,-72.51198199876372
42.10464736681438,-72.51197007672968
42.104648763056396,-72.51195795043655
42.104650135778435,-72.51194602840187
42.104651532017826,-72.51193390210847
42.10465290473732,-72.51192198007317
42.10465427745557,-72.51191005803747
42.104655673691056,-72.51189793174358
42.104657046406764,-72.51188600970724
42.10465841912124,-72.5118740876705
42.10465981535281,-72.51186196137608
42.10466118806474,-72.51185003933874
42.104662584293685,-72.51183791304405
42.104663957003076,-72.51182599100606
42.10466532971123,-72.51181406896768
42.10466672593626,-72.51180194267249
42.10466809864187,-72.51179002063348
42.104669471346234,-72.51177809859406
42.104670867567364,-72.51176597229835
42.104672242359854,-72.51175405388666
42.10467372508197,-72.51174193887435
42.10467518131194,-72.5117300403131
42.104676664031444,-72.51171792530043
42.10467812025888,-72.51170602673847
42.104679602975764,-72.51169391172542
42.10468094005621,-72.51168298667207
42.10468239627998,-72.51167108810898
42.10468387899307,-72.51165897309532
42.10468533521432,-72.51164707453148
42.10468681792479,-72.51163495951747
42.104688274143506,-72.51162306095291
42.10468975685135,-72.51161094593851
42.104691213067554,-72.51159904737325
42.10469269577277,-72.51158693235847
42.10469415198645,-72.51157503379247
42.10469563468906,-72.5115629187773
42.1046970909002,-72.5115510202106
42.104698573600196,-72.51153890519507
42.104700029808804,-72.51152700662763
42.10470151250618,-72.51151489161171
42.10470296871227,-72.51150299304356
42.10470445140703,-72.51149087802729
42.104705907610594,-72.5114789794584
42.10470736381292,-72.51146708088906
42.10470884650377,-72.51145496587213
42.10471030270356,-72.51144306730208
42.1047117853918,-72.51143095228478
42.10471324158905,-72.51141905371402
42.10471472427467,-72.51140693869634
42.10471618046942,-72.51139504012482
42.104717663152414,-72.51138292510676
42.10471911934464,-72.51137102653455
42.10472060202501,-72.51135891151611
42.10472205821469,-72.51134701294316
42.104723540892465,-72.51133489792437
42.10472499707961,-72.51132299935071
42.104726479754774,-72.51131088433154
42.1047279359394,-72.51129898575712
42.104729392122785,-72.51128708718228
42.10473087479403,-72.51127497216245
42.10473233097488,-72.5112630735869
42.10473381364353,-72.5112509585667
42.10473526982186,-72.51123905999042
42.10473675248787,-72.51122694496985
42.10473820866367,-72.51121504639283
42.104739691327055,-72.51120293137187
42.10474114750034,-72.51119103279413
42.10474263016112,-72.51117891777281
42.10474408633187,-72.51116701919437
42.104745568990026,-72.51115490417267
42.104747025158254,-72.51114300559348
42.104748507813795,-72.51113089057141
42.1047499639795,-72.5111189919915
42.10475142014395,-72.51110709341116
42.10475290279559,-72.51109497838843
42.10475435895752,-72.51108307980736
42.10475584160654,-72.51107096478427
42.104757178626734,-72.51106003971418
42.10475866127324,-72.51104792469076
42.10476011743021,-72.51103602610829
42.104761600074106,-72.51102391108448
42.104763056228535,-72.51101201250128
42.104764538869816,-72.51099989747709
42.10476599502174,-72.51098799889317
42.10476747766039,-72.51097588386862
42.10476893380978,-72.510963985284
42.10477041644581,-72.51095187025906
42.104771872592686,-72.51093997167371
42.1047733552261,-72.5109278566484
42.10477481137043,-72.51091595806231
42.10477626751353,-72.51090405947576
42.10477775014306,-72.51089194444981
42.10477931739551,-72.51088008414854
42.1047810778832,-72.51086802064854
42.10478283836959,-72.5108559571483
42.10478459885464,-72.51084389364779
42.104786322089176,-72.51083208539269
42.10478822307026,-72.51081905914062
42.10478998355129,-72.5108069956391
42.10479174403101,-72.51079493213734
42.10479346726043,-72.51078312388032
42.10479522773754,-72.51077106037785
42.104796988213344,-72.51075899687511
42.104798748687806,-72.51074693337213
42.10480050916096,-72.51073486986888
42.10480223238408,-72.51072306160955
42.10480399285464,-72.51071099810562
42.104805765233436,-72.51069892567372
42.10480785168966,-72.51068695304548
42.10480977298805,-72.51067592812888
42.104811694285324,-72.51066490321195
42.10481378073783,-72.51065293058252
42.10481570203279,-72.51064190566487
42.104817788482784,-72.51062993303461
42.10481970977542,-72.51061890811627
42.10482163106693,-72.51060788319758
42.10482371751322,-72.51059591056612
42.10482563880242,-72.51058488564672
42.10482772524619,-72.51057291301441
42.10482964653307,-72.51056188809433
42.104831646706444,-72.51055085588638
42.10483428285202,-72.51053911537943
42.10483700290202,-72.51052700118377
42.10483972295061,-72.51051488698764
42.1048421533981,-72.51050406257323
42.104844873444065,-72.5104919483761
42.104847593488614,-72.51047983417851
42.104850229626486,-72.5104680936677
42.10485294966832,-72.51045597946906
42.10485546401504,-72.51044478136478
42.1048581001491,-72.51043304085212
42.10486082018691,-72.51042092665197
42.10486354022329,-72.51040881245137
42.10486617635347,-72.51039707193672
42.1048686906939,-72.5103858738303
42.10487141072626,-72.51037375962824
42.10487418217038,-72.51036209219323
42.10487748264695,-72.51035024425913
42.10488066253235,-72.51033882921362
42.10488396300626,-72.51032698127814
42.10488726347881,-72.51031513334183
42.10489056395002,-72.51030328540475
42.10489362027064,-72.51029231390747
42.10489704429859,-72.51028002241868
42.104900344765774,-72.51026817447942
42.10490364523161,-72.51025632653938
42.104906701547215,-72.51024535503952
42.10491000201048,-72.51023350709798
42.104913426031246,-72.51022121560604
42.10491648234309,-72.51021024410426
42.104919538653775,-72.5101992726019
42.104922594963284,-72.51018830109889
42.10492565127163,-72.51017732959532
42.104929075285526,-72.51016503810045
42.104932131591355,-72.51015406659566
42.10493518789602,-72.51014309509026
42.104938244199516,-72.51013212358423
42.104941300501835,-72.5101211520776
42.10494471777791,-72.5101098422401
42.104948045953314,-72.51009902568752
42.104951520883525,-72.51008773217785
42.10495484905656,-72.5100769156239
42.104958177228475,-72.51006609906918
42.10496191469155,-72.51005395231334
42.10496524286103,-72.51004313575712
42.10496871778484,-72.5100318422443
42.104972045951946,-72.51002102568671
42.10497537411792,-72.51001020912835
42.104979041036195,-72.50999902596087
42.104982902141124,-72.50998793809121
42.10498676324478,-72.50997685022078
42.104990443817634,-72.50996628077372
42.10499430491884,-72.5099551929017
42.10499816601878,-72.50994410502891
42.10500202711743,-72.50993301715539
42.105005888214826,-72.50992192928108
42.10500974931094,-72.50991084140601
42.105013895767456,-72.50989893405915
42.10501775686094,-72.5098878461825
42.10502115206289,-72.50987809619981
42.10502501315401,-72.50986700832165
42.10502887424385,-72.5098559204427
42.10503273533242,-72.50984483256305
42.10503641589137,-72.50983426310577
42.10504027697749,-72.5098231752245
42.105043852701286,-72.5098129068143
42.105047713784934,-72.50980181893162
42.105051394339355,-72.50979124947104
42.10505563068222,-72.50977974639663
42.105060056009066,-72.50976803846032
42.10506418124579,-72.50975712445792
42.10506830648127,-72.5097462104546
42.10507263778034,-72.50973475127103
42.10507706310176,-72.5097230433307
42.10508118833337,-72.50971212932468
42.10508531356374,-72.50970121531778
42.105089644857266,-72.50968975613085
42.10509400393708,-72.50967900297732
42.10509900019385,-72.50966700014658
42.10510367985224,-72.50965575789617
42.105108120090826,-72.50964509081571
42.10511279974655,-72.50963384856334
42.10511723998266,-72.50962318148083
42.10512191963571,-72.50961193922655
42.10512645631526,-72.50960153730108
42.105130945688614,-72.5095919537787
42.10513572009511,-72.50958176178906
42.105140209466406,-72.50957217826476
42.10514498387064,-72.50956198627324
42.1051497582737,-72.5095517942808
42.10515424764188,-72.50954221075357
42.10515868711944,-72.50953273372564
42.105163176485625,-72.50952315019659
42.10516801245456,-72.50951200981855
42.10517284355416,-72.50950087666592
42.105177419756195,-72.50949033091473
42.105182250853176,-72.50947919776
42.105186758620135,-72.5094688097083
42.10519158971444,-72.50945767655165
42.10519616591162,-72.50944713079629
42.105201819190185,-72.50943583296277
42.10520687708973,-72.50942588645204
42.105212280965944,-72.5094152595642
42.10521733886319,-72.50940531305125
42.10522306236073,-72.50939405761055
42.10522812025554,-72.50938411109536
42.10523352412679,-72.50937348420263
42.1052385820193,-72.5093635376852
42.10524363991067,-72.50935359116674
42.105248697800924,-72.50934364464719
42.10525407531312,-72.50933306957626
42.105259133200995,-72.50932312305461
42.10526419108776,-72.50931317653193
42.105268583373515,-72.50930453893574
42.1052732952811,-72.50929527278835
42.10527835316469,-72.50928532626268
42.105283065070196,-72.50927606011354
42.10528812295162,-72.50926611358584
42.10529283485503,-72.50925684743488
42.10529754675744,-72.50924758128305
42.10530260578714,-72.5092385894154
42.10530806471575,-72.50922906740341
42.10531316468404,-72.50922017152335
42.10531826465141,-72.50921127564231
42.10532336461783,-72.50920237976027
42.10532846458333,-72.50919348387723
42.10533393841431,-72.50918393585671
42.105339397336884,-72.50917441383795
42.10534487116564,-72.50916486581528
42.10535033008609,-72.5091553437942
42.10535580391262,-72.50914579576934
42.10536126283093,-72.50913627374594
42.105366736655235,-72.50912672571893
42.10537219557144,-72.50911720369318
42.105377708146804,-72.50910766121699
42.10538313905006,-72.50909916140921
42.10538899579603,-72.50908999512002
42.10539485254094,-72.50908082882967
42.10540028344146,-72.5090723290185
42.105406140184364,-72.50906316272582
42.10541199692622,-72.50905399643194
42.1054170609704,-72.50904607077433
42.1054229177103,-72.50903690447825
42.10542877444913,-72.50902773818099
42.105434205344196,-72.50901923836311
42.10544006208103,-72.50901007206353
42.10544604346278,-72.50900105388286
42.105451292209544,-72.50899336226591
42.10545736890696,-72.50898445735123
42.10546307594049,-72.50897609414696
42.10546915263594,-72.50896718922988
42.10547477104227,-72.5089589558969
42.10548047807307,-72.50895059268932
42.1054865547657,-72.50894168776863
42.10549226179462,-72.50893332455885
42.10549833848528,-72.50892441963575
42.10550358722471,-72.50891672800934
42.105509294250965,-72.50890836479635
42.105515370938825,-72.50889945986975
42.10552107796321,-72.50889109665454
42.105527154649124,-72.50888219172552
42.10553286167164,-72.5088738285081
42.105539110481324,-72.50886514568448
42.1055450116344,-72.50885701534152
42.105551283652865,-72.50884837403439
42.105557184804184,-72.5088402436891
42.10556394585755,-72.50883092860593
42.105569847007004,-72.50882279825827
42.1055761190217,-72.508814156946
42.10558202016938,-72.50880602659602
42.10558829218223,-72.50879738528126
42.105595053230395,-72.50878807019137
42.105601325241274,-72.50877942887392
42.10560808628724,-72.50877011378121
42.10561435829615,-72.50876147246107
42.105621119339936,-72.50875215736555
42.10562788038258,-72.50874284226857
42.10563415238847,-72.50873420094437
42.10564091342892,-72.50872488584457
42.1056471839233,-72.50871628229544
42.10565407883197,-72.50870812099554
42.105660973739695,-72.50869995969427
42.10566786864652,-72.50869179839164
42.10567476355242,-72.50868363708761
42.10568165845742,-72.50867547578221
42.105687988771194,-72.50866798276543
42.105694883674445,-72.50865982145737
42.1057017785768,-72.50865166014792
42.105708673478226,-72.50864349883712
42.10571556837875,-72.50863533752491
42.10572246327834,-72.50862717621135
42.10572935817703,-72.5086190148964
42.10573605633137,-72.50861108646033
42.105742951228294,-72.50860292514264
42.1057498461243,-72.50859476382355
42.10575674101938,-72.50858660250309
42.10576363591356,-72.50857844118123
42.105769995698346,-72.50857099236859
42.105777292855684,-72.50856351954373
42.10578423263128,-72.50855641270196
42.10579117240616,-72.5085493058589
42.1057981121803,-72.50854219901463
42.10580505195374,-72.50853509216905
42.10581199172644,-72.50852798532222
42.10581893149843,-72.5085208784741
42.10582622865055,-72.50851340563973
42.10583316842107,-72.50850629878903
42.10584010819087,-72.50849919193703
42.10584704795994,-72.5084920850838
42.10585398772831,-72.50848497822928
42.10586092749595,-72.5084778713735
42.105868224643565,-72.50847039853097
42.10587516440974,-72.50846329167257
42.10588210417519,-72.5084561848129
42.10588980821671,-72.50844862959636
42.105896952824416,-72.50844190888671
42.10590409743148,-72.50843518817578
42.105911914510685,-72.50842783488893
42.1059190591164,-72.50842111417533
42.1059268761941,-72.5084137608856
42.10593402079842,-72.50840704016936
42.10594183787461,-72.50839968687673
42.10594898247758,-72.5083929661578
42.10595679955223,-72.5083856128623
42.10596394415384,-72.50837889214073
42.105972109412036,-72.5083712113145
42.10597925401226,-72.5083644905902
42.10598707108386,-72.50835713728883
42.10599421568273,-72.50835041656185
42.106002032752805,-72.50834306325758
42.10600905397052,-72.50833711588058
42.10601713106976,-72.50833028142105
42.10602487408463,-72.508323729646
42.10603189978485,-72.50831778482718
42.10603997688213,-72.50831095036344
42.106047002581235,-72.50830500554218
42.106055079677226,-72.50829817107564
42.10606282268891,-72.50829161929387
42.106070182469885,-72.50828539178261
42.10607792548031,-72.50827883999816
42.106084951176555,-72.5082728951708
42.106093028269285,-72.50826606069721
42.106100985244204,-72.50825996423289
42.1061089864557,-72.50825396716947
42.10611698766664,-72.50824797010473
42.106124988877035,-72.50824197303864
42.10613222627107,-72.50823654846658
42.10614022748042,-72.50823055139794
42.106148228689214,-72.50822455432798
42.10615622989747,-72.50821855725668
42.10616423110517,-72.50821256018405
42.10617223231231,-72.50820656311008
42.10618023351893,-72.50820056603477
42.10618823472497,-72.50819456895812
42.10619623593045,-72.50818857188015
42.1062042371354,-72.50818257480084
42.106212238339786,-72.50817657772019
42.106220239543646,-72.50817058063821
42.10622824074693,-72.50816458355489
42.10623624194968,-72.50815858647024
42.10624424315188,-72.50815258938425
42.1062522443535,-72.50814659229694
42.1062602455546,-72.50814059520827
42.10626824675514,-72.50813459811827
42.10627624795514,-72.50812860102694
42.10628393404095,-72.50812284011961
42.10629193523987,-72.50811684302566
42.10629993643819,-72.5081108459304
42.10630800568502,-72.50810501474899
42.10631582287023,-72.50809954046207
42.10632394357768,-72.50809385362034
42.10633097331561,-72.50808893077117
42.10633909402214,-72.50808324392698
42.10634691120546,-72.50807776963529
42.10635503191101,-72.50807208278854
42.10636284909339,-72.5080666084944
42.10637096979794,-72.5080609216451
42.10637799953337,-72.5080559987894
42.106386120237005,-72.50805031193767
42.106393937417515,-72.50804483763872
42.106402058120175,-72.50803915078444
42.10640987529972,-72.50803367648307
42.10641720855568,-72.50802854106767
42.10642502573432,-72.50802306676397
42.106433146435066,-72.50801737990467
42.10644096361274,-72.50801190559851
42.106448867107346,-72.50800663675753
42.10645706797428,-72.50800118579768
42.10646497455291,-72.50799593044414
42.106472881131104,-72.50799067508943
42.1064810819967,-72.50798522412585
42.10648898857401,-72.50797996876872
42.10649718943868,-72.50797451780264
42.10650509601512,-72.5079692624431
42.1065130025911,-72.50796400708239
42.106522007846486,-72.50795802144721
42.10652991442155,-72.50795276608397
42.10653782099617,-72.50794751071956
42.10654602185811,-72.50794205974587
42.10655392843184,-72.50793680437906
42.106561835005124,-72.50793154901106
42.10657003586572,-72.50792609803362
42.10657794243815,-72.50792084266322
42.10658614329783,-72.50791539168328
42.106594049869365,-72.50791013631049
42.106601956440464,-72.50790488093648
42.1066101572988,-72.50789942995281
42.106618063869014,-72.5078941745764
42.10662597043878,-72.50788891919883
42.10663497568712,-72.50788293354441
42.10664288225597,-72.50787767816429
42.10665108311201,-72.50787222717425
42.10665898967997,-72.50786697179174
42.10666689624749,-72.50786171640804
42.106675097102176,-72.50785626541428
42.10668300366881,-72.50785101002818
42.10669091023502,-72.5078457546409
42.10669911108837,-72.50784030364339
42.10670701765369,-72.5078350482537
42.10671492421855,-72.50782979286282
42.106723125070566,-72.50782434186158
42.10673103163455,-72.5078190864683
42.10674003687635,-72.50781310079596
42.10674794343942,-72.50780784540017
42.10675585000205,-72.50780259000318
42.106764050851744,-72.50779713899557
42.106771957413486,-72.50779188359618
42.10677986397479,-72.5077866281956
42.10678806482315,-72.50778117718427
42.10679597138357,-72.50777592178129
42.10680387794354,-72.50777066637714
42.10681207879055,-72.50776521536204
42.10681998534965,-72.50775995995548
42.10682818619575,-72.50775450893791
42.10683609275397,-72.50774925352891
42.10684399931174,-72.50774399811877
42.1068530045465,-72.5077380124272
42.106860911103354,-72.50773275701451
42.10686881765977,-72.50772750160066
42.10687701850312,-72.50772205057548
42.10688492505865,-72.50771679515921
42.1068931259011,-72.50771134413151
42.106901032455745,-72.50770608871284
42.10690893900995,-72.507700833293
42.10691713985106,-72.50769538226157
42.106925046404385,-72.50769012683931
42.106932952957266,-72.50768487141586
42.106941153797024,-72.50767942038071
42.10694906034902,-72.50767416495486
42.10695696690059,-72.50766890952782
42.106965972128314,-72.507662923817
42.10697387867894,-72.50765766838744
42.1069820795164,-72.5076522173459
42.106989986066154,-72.50764696191395
42.10699789261545,-72.50764170648081
42.10700609345157,-72.50763625543554
42.107014,-72.507631
42.10702217671349,-72.50762547516662
42.10703085539262,-72.50761961116385
42.107039032105135,-72.5076140863278
42.10704720881719,-72.50760856149049
42.10705588749474,-72.50760269748356
42.10706406420581,-72.50759717264359
42.10707304009538,-72.50759110781284
42.10708091959239,-72.50758578379127
42.10708909630202,-72.50758025894734
