42.57999559020549,-83.04344097427267
42.579995624171964,-83.04343997640512
42.57999521444127,-83.04345201346288
42.57999480684179,-83.04346398787327
42.57999439710857,-83.04347602493112
42.5799939555397,-83.0434889972087
42.57999354793636,-83.04350097161856
42.579993138199264,-83.04351300867646
42.579992730593425,-83.043524983086
42.5799923208538,-83.04353702014403
42.57999187927804,-83.04354999242074
42.57999146953578,-83.04356202947886
42.57999106192484,-83.04357400388784
42.57999065431265,-83.04358597829659
42.57999021059876,-83.04359901322216
42.57998980298397,-83.04361098763059
42.57998939323528,-83.04362302468888
42.579988985618,-83.04363499909704
42.57998857799946,-83.04364697350496
42.57998813427862,-83.04366000843062
42.57998772665748,-83.04367198283825
42.57998731690238,-83.0436840198967
42.579986909278745,-83.04369599430406
42.57998646555232,-83.04370902922987
42.57998605792607,-83.04372100363693
42.57998565029858,-83.04373297804375
42.57998524053707,-83.04374501510235
42.57998483290707,-83.04375698950888
42.5799843891737,-83.04377002443479
42.579983981541105,-83.04378199884103
42.57998357390726,-83.04379397324703
42.579983164139335,-83.04380601030581
42.57998272253323,-83.04381898257866
42.579982312762674,-83.04383101963752
42.57998190512372,-83.04384299404295
42.57998149535063,-83.04385503110193
42.57998108770918,-83.04386700550708
42.5799806460962,-83.04387997777906
42.57998023631922,-83.04389201483806
42.57997982867393,-83.0439039892427
42.57997941889441,-83.04391602630183
42.579978977275914,-83.04392899857318
42.57997856962676,-83.04394097297727
42.57997815984336,-83.04395301003645
42.57997775219171,-83.04396498444027
42.57997734240578,-83.04397702149954
42.5799769007804,-83.04398999377003
42.57997649099185,-83.04400203082942
42.57997608333508,-83.04401400523264
42.57997567567709,-83.04402597963562
42.57997523191308,-83.04403901456197
42.57997482425248,-83.04405098896467
42.5799744144575,-83.0440630260242
42.579974006794394,-83.04407500042663
42.579973617969785,-83.04408697714366
42.57997319515064,-83.04410001167564
42.579972806642736,-83.04411198843162
42.57997241619658,-83.04412402490073
42.57997202768618,-83.04413600165644
42.57997163917452,-83.04414797841194
42.579971216348454,-83.0441610129441
42.579970827834195,-83.04417298969932
42.57997043738161,-83.04418502616863
42.57997004886485,-83.0441970029236
42.57996966034687,-83.04420897967836
42.57996923751383,-83.04422201421065
42.579968848993225,-83.04423399096511
42.57996845853422,-83.04424602743465
42.57996807001111,-83.04425800418888
42.579967649109676,-83.04427097900566
42.57996725864679,-83.04428301547529
42.579966870119826,-83.04429499222903
42.57996647965441,-83.04430702869878
42.57996609112495,-83.04431900545222
42.57996567021662,-83.04433198026821
42.57996527974732,-83.04434401673805
42.57996489121401,-83.04435599349101
42.57996450074217,-83.04436802996098
42.579964112206355,-83.04438000671368
42.57996369129116,-83.04439298152886
42.57996330081544,-83.04440501799891
42.57996291227577,-83.04441699475112
42.57996252373486,-83.0444289715031
42.57996213325536,-83.04444100797325
42.579961712333265,-83.0444539827876
42.57996132185112,-83.04446601925788
42.57996093330512,-83.04447799600932
42.57996054475785,-83.04448997276053
42.579960154271916,-83.0445020092309
42.57995973334295,-83.04451498404444
42.57995934285441,-83.04452702051493
42.579958954302036,-83.04453899726562
42.57995856574842,-83.04455097401609
42.57995817525609,-83.04456301048667
42.57995775432022,-83.04457598529939
42.57995736382525,-83.04458802177011
42.579956975266526,-83.04459999852003
42.57995658670656,-83.04461197526975
42.579956163827646,-83.044625009803
42.57995577526506,-83.04463698655243
42.579955384763686,-83.04464902302337
42.57995499619861,-83.04466099977253
42.57995460763228,-83.0446729765215
42.57995418474642,-83.0446860110549
42.5799537961775,-83.04469798780357
42.5799534056697,-83.04471002427472
42.57995301709826,-83.04472200102313
42.57995262852558,-83.04473397777133
42.57995220563278,-83.04474701230491
42.5799518170575,-83.04475898905282
42.57995142654329,-83.04477102552418
42.5799510379655,-83.04478300227184
42.57995064938646,-83.04479497901929
42.57995022648671,-83.04480801355302
42.57994983790508,-83.04481999030017
42.57994944738444,-83.04483202677174
42.57994905880031,-83.04484400351865
42.57994867021492,-83.04485598026534
42.57994824730823,-83.04486901479923
42.57994785872023,-83.04488099154563
42.57994746819319,-83.04489302801743
42.5799470796027,-83.04490500476358
42.57994665862826,-83.04491797957164
42.579946268097316,-83.04493001604351
42.57994587950297,-83.04494199278919
42.579945488969514,-83.04495402926119
42.57994510037267,-83.04496600600659
42.57994467939135,-83.04497898081384
42.579944288853994,-83.04499101728594
42.5799439002533,-83.04500299403082
42.57994350971342,-83.04501503050305
42.579943121110226,-83.04502700724768
42.57994270012201,-83.04503998205413
42.57994230957824,-83.04505201852643
42.57994192097119,-83.04506399527058
42.5799415323629,-83.04507597201449
42.57994114181535,-83.0450880084869
42.57994072082027,-83.04510098329253
42.57994033027007,-83.04511301976505
42.57993994165667,-83.04512499650842
42.579939553042024,-83.04513697325159
42.579939162488046,-83.0451490097242
42.57993874148608,-83.04516198452902
42.57993835092948,-83.04517402100176
42.57993796230972,-83.04518599774437
42.579937573688724,-83.04519797448678
42.57993718312833,-83.04521001095962
42.57993676211949,-83.04522298576359
42.579936371556464,-83.04523502223657
42.57993598293035,-83.04524699897844
42.579935594302995,-83.04525897572009
42.57993517135042,-83.04527201025492
42.57993478272046,-83.0452839869963
42.579934392151024,-83.04529602346946
42.57993400351856,-83.04530800021058
42.579933614884865,-83.04531997695146
42.579933191925335,-83.04533301148648
42.57993280328902,-83.04534498822707
42.57993241271317,-83.04535702470048
42.57993202407436,-83.04536900144082
42.5799316354343,-83.04538097818097
42.57993121246783,-83.04539401271612
42.579930823825165,-83.04540598945597
42.579930433242886,-83.04541802592958
42.57993004459772,-83.04543000266918
42.57992965595131,-83.04544197940855
42.57992923297789,-83.04545501394387
42.579928844328876,-83.04546699068297
42.57992845374018,-83.04547902715679
42.57992806508866,-83.04549100389562
42.5799276764359,-83.04550298063425
42.579927253455544,-83.04551601516971
42.57992686480018,-83.04552799190806
42.57992647420506,-83.0455400283821
42.579926085547186,-83.04555200512019
42.57992569688808,-83.04556398185804
42.57992527390076,-83.04557701639365
42.579924885239045,-83.04558899313126
42.579924494637524,-83.04560102960552
42.57992410597329,-83.04561300634283
42.57992368491898,-83.04562598114136
42.57992329431356,-83.04563801761572
42.579922905645496,-83.04564999435253
42.57992251697617,-83.04566197108913
42.579922126366974,-83.04567400756358
42.57992170530578,-83.04568698236129
42.579921314693955,-83.04569901883585
42.579920926019525,-83.04571099557192
42.57992053734385,-83.04572297230777
42.57992014672824,-83.04573500878242
42.57991972566016,-83.04574798357932
42.57991933504191,-83.0457600200541
42.57991894636113,-83.04577199678941
42.57991855767911,-83.0457839735245
42.57991816705708,-83.04579600999938
42.57991774598212,-83.04580898479544
42.57991735535745,-83.04582102127044
42.57991696667031,-83.045832998005
42.57991657798195,-83.04584497473934
42.579916187353504,-83.04585701121442
42.57991576627165,-83.04586998600966
42.57991537564057,-83.04588202248488
42.57991498694709,-83.04589399921869
42.57991459825236,-83.04590597595227
42.5799142076175,-83.04591801242758
42.57991378652877,-83.04593098722198
42.579913395891275,-83.04594302369742
42.579913007191436,-83.04595500043048
42.579912618490354,-83.04596697716329
42.579912195457155,-83.04598001169988
42.57991180675346,-83.04599198843242
42.57991141610955,-83.04600402490807
42.579911027403355,-83.04601600164035
42.57991063869592,-83.04602797837242
42.57991021565578,-83.04604101290916
42.57990982694573,-83.04605298964096
42.57990943629542,-83.0460650261168
42.579909047582866,-83.04607700284834
42.57990865886907,-83.04608897957964
42.57990823582198,-83.04610201411654
42.57990784710559,-83.04611399084756
42.579907456448844,-83.04612602732364
42.57990706772995,-83.04613800405441
42.579906679009795,-83.04614998078497
42.57990625595576,-83.04616301532201
42.579905867233016,-83.04617499205229
42.57990547656985,-83.04618702852858
42.5799050878446,-83.04619900525861
42.5799046991181,-83.0462109819884
42.57990427605712,-83.04622401652558
42.57990388732802,-83.0462359932551
42.57990349665845,-83.04624802973161
42.57990310792684,-83.04626000646088
42.57990268679953,-83.04627298125065
42.579902296126065,-83.04628501772727
42.57990190739061,-83.04629699445603
42.57990151865391,-83.04630897118456
42.57990112797666,-83.04632100766126
42.57990070684246,-83.04633398245022
42.57990031616258,-83.04634601892704
42.57989992742077,-83.04635799565504
42.579899538677715,-83.04636997238282
42.57989914799405,-83.04638200885972
42.579898726852974,-83.04639498364789
42.57989833616668,-83.04640702012492
42.579897947418516,-83.04641899685215
42.57989755866911,-83.04643097357918
42.57989716797902,-83.0464430100563
42.57989674683107,-83.04645598484363
42.579896356138356,-83.04646802132088
42.57989596738384,-83.04647999804737
42.579895578628076,-83.04649197477363
42.57989518793158,-83.04650401125099
42.57989476677673,-83.04651698603747
42.579894376077604,-83.04652902251495
42.57989398731674,-83.04654099924069
42.57989359855463,-83.0465529759662
42.57989320785172,-83.04656501244375
42.57989278668999,-83.04657798722941
42.57989239644658,-83.04659002140201
42.57989204576199,-83.04660200247045
42.57989169507615,-83.04661398353869
42.57989131358744,-83.04662701692908
42.579890962898986,-83.04663899799709
42.5798906122093,-83.04665097906489
42.57989025994067,-83.0466630140331
42.57988988002407,-83.046675993523
42.57988952933053,-83.04668797459037
42.57988917705801,-83.04670000955873
42.57988879713723,-83.04671298904813
42.579888444862085,-83.04672502401668
42.57988809416344,-83.0467370050836
42.57988774346353,-83.04674898615033
42.57988736195944,-83.04676201954125
42.579887011256936,-83.04677400060774
42.57988666055318,-83.04678598167402
42.57988630827035,-83.04679801664288
42.57988592833853,-83.04681099613113
42.57988557763092,-83.046822977197
42.5798852253442,-83.04683501216601
42.57988487463409,-83.04684699323165
42.57988449469673,-83.04685997271922
42.57988414240614,-83.04687200768838
42.57988379169216,-83.0468839887536
42.57988343939904,-83.04689602372295
42.579883059456144,-83.04690900321002
42.579882708738324,-83.0469209842748
42.57988235644132,-83.04693301924429
42.57988200572099,-83.04694500030888
42.579881625772565,-83.04695797979528
42.57988127347166,-83.04697001476492
42.57988092274749,-83.04698199582907
42.57988057202207,-83.046993976893
42.57988019049011,-83.0470070102848
42.57987983976207,-83.04701899134852
42.57987948745475,-83.0470310263185
42.57987910749661,-83.04704400580394
42.57987875676473,-83.04705598686722
42.57987840445353,-83.04706802183736
42.57987805371915,-83.04708000290042
42.57987767375548,-83.0470929823852
42.57987732144038,-83.04710501735549
42.57987697070215,-83.04711699841812
42.579876619962654,-83.04712897948055
42.57987623841532,-83.04714201287285
42.579875887673225,-83.04715399393507
42.57987553692988,-83.04716597499706
42.579875184607126,-83.04717800996768
42.5798748046324,-83.04719098945127
42.57987445230701,-83.04720302442206
42.57987410155855,-83.04721500548361
42.57987375080885,-83.04722698654498
42.579873369250365,-83.04724001993769
42.57987301849806,-83.04725200099881
42.5798726677445,-83.04726398205972
42.579872315411436,-83.04727601703082
42.57987193542565,-83.04728899651326
42.57987158466824,-83.04730097757374
42.579871232331286,-83.047313012545
42.57987085234134,-83.04732599202696
42.57987050158007,-83.04733797308701
42.57987014923922,-83.04735000805843
42.57986979847546,-83.04736198911829
42.579869416901616,-83.04737502251152
42.57986906613524,-83.04738700357113
42.579868715367624,-83.04739898463053
42.57986836302036,-83.0474110196023
42.57986798301934,-83.0474239990831
42.57986763224787,-83.04743598014205
42.57986727989672,-83.04744801511399
42.57986692912274,-83.04745999617275
42.5798665491162,-83.04747297565282
42.57986619691012,-83.04748501018445
42.579865860883956,-83.04749699280472
42.57986552485655,-83.04750897542478
42.57986518737955,-83.04752100969164
42.579864823347094,-83.04753399086313
42.57986448586746,-83.04754602513019
42.57986414983494,-83.04755800774984
42.57986381380118,-83.04756999036928
42.57986347631776,-83.04758202463653
42.579863112278396,-83.0475950058074
42.57986277624077,-83.04760698842644
42.57986243875349,-83.04761902269385
42.57986210271336,-83.04763100531271
42.579861766671975,-83.04764298793137
42.57986140117729,-83.04765602075052
42.5798610651333,-83.04766800336897
42.579860729088075,-83.04767998598723
42.5798603915931,-83.04769202025501
42.579860055545375,-83.04770400287306
42.57985969149225,-83.04771698404242
42.57985935399339,-83.04772901831039
42.57985901794181,-83.04774100092804
42.57985868188897,-83.04775298354551
42.579858344386324,-83.04776501781367
42.579857980326324,-83.04777799898235
42.57985764426963,-83.04778998159942
42.579857306763095,-83.04780201586777
42.5798569707039,-83.04781399848463
42.57985663464346,-83.04782598110127
42.57985629713314,-83.0478380153698
42.579855933064906,-83.04785099653763
42.57985559700061,-83.0478629791539
42.5798552594864,-83.04787501342261
42.5798549234196,-83.04788699603867
42.57985458735155,-83.04789897865453
42.57985422182774,-83.04791201147474
42.57985388575709,-83.0479239940904
42.57985354968518,-83.04793597670586
42.579853212163314,-83.04794801097495
42.57985287608891,-83.0479599935902
42.579852512006894,-83.04797297475652
42.57985217448114,-83.04798500902578
42.57985183840288,-83.04799699164064
42.57985150087458,-83.0480090259101
42.57985116479382,-83.04802100852478
42.57985080070492,-83.04803398969044
42.57985046317274,-83.04804602396008
42.57985012708812,-83.04805800657434
42.57984979100225,-83.04806998918839
42.5798494534663,-83.04808202345822
42.57984911737793,-83.04809400607209
42.579848753280785,-83.0481069872369
42.57984841574095,-83.0481190215069
42.57984807964872,-83.04813100412036
42.57984774355525,-83.04814298673362
42.579847406011616,-83.04815502100382
42.579847041907584,-83.04816800216798
42.57984670581026,-83.04817998478083
42.57984636826274,-83.04819201905121
42.57984603216291,-83.04820400166388
42.57984569606183,-83.04821598427634
42.57984533050196,-83.04822901709795
42.57984503988755,-83.04824098405695
42.57984767228612,-83.04825313098718
42.57985022496815,-83.0482649100803
42.57985285736395,-83.04827705701155
42.57985568919575,-83.04829012422822
42.57985824187375,-83.04830190332329
42.57986087426531,-83.04831405025602
42.579863426940705,-83.04832582935238
42.57986605932951,-83.04833797628609
42.57986866874845,-83.04835010397247
42.5798707087818,-83.04836209140684
42.57987274881382,-83.04837407884163
42.57987457658598,-83.04838481902286
42.57987661661556,-83.0483968064586
42.5798784950927,-83.04840784460191
42.57988023237167,-83.04841996312622
42.57988126437751,-83.04843195804744
42.57988221150414,-83.04844296643766
42.57988324350755,-83.04845496135927
42.579884275509684,-83.0484669562811
42.579885222632925,-83.04847796467182
42.57988597886709,-83.04848999972542
42.57988589433469,-83.048501998627
42.5798858027565,-83.04851499743701
42.57988571822148,-83.04852699633855
42.57988562664048,-83.04853999514843
42.57988553496646,-83.04855300695166
42.57988545042747,-83.0485650058532
42.57988535884216,-83.04857800466316
42.57988527430058,-83.04859000356458
42.579885182712445,-83.0486030023744
42.579885098168255,-83.04861500127573
42.5798850065773,-83.04862800008547
42.57988492203049,-83.04863999898672
42.57988483043671,-83.04865299779632
42.5798847458873,-83.04866499669747
42.57988465419912,-83.04867800850235
42.57988445720142,-83.0486900278235
42.57988402911887,-83.04870300177208
42.57988363396445,-83.04871497772437
42.57988323680478,-83.04872701441116
42.579882841647866,-83.04873899036319
42.57988244448567,-83.04875102705009
42.57988201639623,-83.04876400099783
42.57988162123546,-83.04877597694936
42.57988122406939,-83.04878801363634
42.57988082890611,-83.0487999895876
42.57988039880707,-83.04881302427063
42.57988000364119,-83.0488250002216
42.579879608474066,-83.04883697617235
42.57987921130157,-83.04884901285953
42.57987881613194,-83.04886098881
42.57987838674997,-83.04887402237674
42.579878010989155,-83.04888600063582
42.5798776352271,-83.04889797889467
42.579877257652015,-83.04891001490749
42.57987685057369,-83.04892299135432
42.57987647299597,-83.04893502736726
42.57987609722882,-83.0489470056256
42.5798757214604,-83.04895898388375
42.5798753125647,-83.048972018085
42.579874936793686,-83.04898399634287
42.57987456102143,-83.04899597460053
42.57987418343605,-83.04900801061372
42.57987377634665,-83.04902098705925
42.57987339875863,-83.04903302307255
42.57987302298126,-83.04904500132973
42.57987264720264,-83.0490569795867
42.5798722382958,-83.04907001378817
42.57987186251457,-83.04908199204486
42.57987148492014,-83.04909402805842
42.57987110913642,-83.04910600631487
42.579870702035976,-83.04911898275911
42.57987032443766,-83.04913101877278
42.57986994865007,-83.04914299702875
42.57986957286124,-83.04915497528451
42.57986916394324,-83.04916800948627
42.579868788151806,-83.04917998774178
42.57986841054707,-83.0491920237557
42.57986803475314,-83.04920400201095
42.57986762764164,-83.04921697845388
42.57986725003302,-83.04922901446794
42.57986687423522,-83.04924099272272
42.57986649662408,-83.0492530287369
42.57986608950704,-83.0492660051793
42.5798657137054,-83.0492779834336
42.579865336090364,-83.0492900194479
42.57986496028622,-83.04930199770195
42.57986455316367,-83.04931497414361
42.57986417554473,-83.04932701015802
42.57986379973674,-83.0493389884116
42.57986342211528,-83.04935102442616
42.57986301498719,-83.04936400086726
42.57986263917534,-83.04937597912036
42.57986226155,-83.04938801513502
42.57986188573565,-83.0493999933879
42.57986147678975,-83.04941302759043
42.5798611009728,-83.04942500584302
42.57986072515461,-83.04943698409541
42.579860347522846,-83.04944902011032
42.57985994038369,-83.04946199655014
42.579859564561644,-83.04947397480205
42.57985918692599,-83.04948601081708
42.57985881110143,-83.04949798906874
42.57985840214438,-83.04951102327155
42.579858026317225,-83.04952300152294
42.57985765048882,-83.04953497977415
42.57985727284675,-83.04954701578941
42.579856865696534,-83.04955999222794
42.579856488051846,-83.04957202824336
42.57985611221833,-83.04958400649406
42.57985573638357,-83.04959598474451
42.57985532741535,-83.0496090189476
42.57985495157799,-83.0496209971978
42.57985457573938,-83.04963297544779
42.57985419808701,-83.04964501146344
42.579853790925746,-83.04965798790067
42.57985341327074,-83.04967002391646
42.57985303742702,-83.04968200216597
42.57985266158206,-83.04969398041523
42.57985225260269,-83.04970701461856
42.57985187675512,-83.04971899286758
42.5798515009063,-83.04973097111638
42.57985111225951,-83.0497430066864
42.5798506932458,-83.04975598172912
42.5798503045428,-83.04976801813923
42.57984991775835,-83.04977999510149
42.57984953097266,-83.04979197206353
42.579849110033564,-83.04980500655391
42.57984872324526,-83.04981698351567
42.579848334535846,-83.04982901992602
42.579847915512424,-83.04984199496764
42.57984752872027,-83.04985397192888
42.57984714000696,-83.04986600833934
42.57984672097937,-83.04987898338042
42.579846332263436,-83.04989101979099
42.57984594546616,-83.04990299675173
42.579845558667664,-83.04991497371223
42.57984513771457,-83.04992800820293
42.57984475091346,-83.04993998516318
42.57984436219111,-83.04995202157396
42.579843943153804,-83.04996499661394
42.57984355634884,-83.04997697357368
42.579843167622606,-83.04998900998456
42.57984274858112,-83.05000198502401
42.57984235985225,-83.050014021435
42.57984197304217,-83.05002599839423
42.57984158623086,-83.05003797535322
42.579841165263765,-83.05005100984422
42.57984077844984,-83.05006298680293
42.579840389714555,-83.05007502321418
42.579839970663365,-83.05008799825251
42.579839583845605,-83.05009997521071
42.579839195106416,-83.05011201162203
42.57983877605107,-83.05012498665982
42.57983838730925,-83.05013702307129
42.57983800048637,-83.05014900002897
42.57983761366225,-83.05016097698645
42.579837247175874,-83.05017401275276
42.57983691197515,-83.05018599545843
42.57983657677318,-83.05019797816392
42.579836240128735,-83.0502100123893
42.579835876990494,-83.05022299365338
42.579835541784675,-83.05023497635845
42.57983520513634,-83.05024701058402
42.579834869928014,-83.05025899328889
42.57983453471844,-83.05027097599361
42.579834170132024,-83.05028400877806
42.57983383491984,-83.05029599148256
42.579833498265096,-83.0503080257085
42.57983316305041,-83.05032000841278
42.579832827834466,-83.05033199111688
42.579832463241125,-83.05034502390166
42.57983212802257,-83.05035700660557
42.57983179280278,-83.05036898930925
42.579831456140376,-83.05038102353556
42.57983109298283,-83.05039400479767
42.57983075775918,-83.05040598750095
42.579830421092865,-83.05041802172745
42.57983008586672,-83.05043000443055
42.57982975063932,-83.05044198713345
42.57982938603345,-83.0504550199187
42.579829050803454,-83.05046700262139
42.579828715572205,-83.05047898532388
42.57982837889823,-83.05049101955075
42.57982801572826,-83.05050400081157
42.57982768049316,-83.05051598351366
42.579827343815296,-83.05052801774072
42.579827008577674,-83.05054000044261
42.57982667333883,-83.0505519831443
42.57982630872045,-83.05056501593002
42.579825973478975,-83.05057699863151
42.57982563823627,-83.05058898133281
42.57982530155073,-83.05060101556022
42.579824938368354,-83.05061399681975
42.579824603121786,-83.05062597952063
42.57982426643237,-83.05063801374826
42.57982393118329,-83.05064999644897
42.57982359593298,-83.05066197914947
42.57982323130208,-83.05067501193562
42.57982289604915,-83.05068699463591
42.57982256079498,-83.05069897733601
42.57982222409789,-83.05071101156402
42.579821860903095,-83.05072399282223
42.579821525645066,-83.05073597552192
42.57982118894409,-83.0507480097501
42.57982085368356,-83.0507599924496
42.579820518421776,-83.0507719751489
42.57982015377837,-83.05078500793553
42.57981981851398,-83.05079699063462
42.57981948180659,-83.05080902486317
42.57981914653969,-83.05082100756208
42.579818783332485,-83.050833988819
42.5798184466212,-83.05084602304774
42.579818111350455,-83.05085800574622
42.579817776078464,-83.05086998844453
42.579817439363396,-83.05088202267345
42.5798170761493,-83.05089500392971
42.57981674087344,-83.05090698662761
42.57981640415449,-83.05091902085671
42.57981606887614,-83.05093100355442
42.579815705656515,-83.05094398481006
42.57981536893368,-83.05095601903935
42.57981503365147,-83.05096800173663
42.57981469836802,-83.05097998443374
42.57981424374594,-83.05099201880041
42.57981374352148,-83.05100398021746
42.5798132400805,-83.05101601851781
42.57981269816789,-83.05102897671914
42.57981219472428,-83.05104101501948
42.579811694494715,-83.0510529764357
42.57981119104857,-83.05106501473603
42.579810690816515,-83.05107697615188
42.57981018736784,-83.0510890144522
42.5798096839179,-83.05110105275263
42.57980918368208,-83.05111301416798
42.57980868022961,-83.0511250524684
42.579808179991296,-83.05113701388338
42.57980739376619,-83.05114909839523
42.57980591950061,-83.0511599798846
42.57980454353485,-83.05117013581996
42.57980275997994,-83.05118090219727
42.57980077064754,-83.05118990654405
42.57979656941437,-83.05120147299594
42.579791561695586,-83.0512115438342
42.57978578670081,-83.0512217780086
42.57978001170475,-83.05123201218174
42.57977388120282,-83.05124287636163
42.57976810620414,-83.05125311053216
42.57976233120421,-83.05126334470144
42.57976191949128,-83.0512759955142
42.57976155758088,-83.05128797534911
42.57976119398878,-83.05130001080879
42.57976083207587,-83.05131199064347
42.57976046848125,-83.0513240261033
42.57976007640616,-83.05133700425729
42.5797597144894,-83.05134898409153
42.57975935089089,-83.05136101955149
42.57975898897162,-83.0513729993855
42.57975862705111,-83.05138497921929
42.579758233288615,-83.05139801299889
42.579757871365494,-83.05140999283245
42.57975750944113,-83.05142197266578
42.57975714583495,-83.05143400812605
42.57975678390808,-83.05144598795916
42.57975639013865,-83.05145902173896
42.57975602820917,-83.05147100157185
42.579755666278444,-83.05148298140453
42.579755302665845,-83.05149501686508
42.57975494073262,-83.05150699669751
42.579754548636885,-83.05151997484907
42.5797541850204,-83.05153201030977
42.579753823083315,-83.05154399014177
42.57975345946431,-83.05155602560261
42.57975309752473,-83.05156800543436
42.5797527355839,-83.05157998526592
42.57975234179921,-83.05159301904618
42.57975197985578,-83.0516049988775
42.5797516179111,-83.05161697870858
42.57975125428442,-83.05162901416972
42.57975089233723,-83.05164099400059
42.57975050022637,-83.05165397215046
42.579750136595806,-83.05166600761173
42.57974977464476,-83.05167798744215
42.57974941101166,-83.05169002290356
42.57974904905813,-83.05170200273378
42.57974865694038,-83.0517149808829
42.579748293303396,-83.05172701634446
42.579747931346006,-83.05173899617422
42.57974756938736,-83.05175097600375
42.5797472057466,-83.05176301146544
42.57974681362197,-83.05177598961384
42.579746449978565,-83.05178802507571
42.579746088014815,-83.05180000490478
42.579745726049815,-83.05181198473363
42.57974536240263,-83.05182402019561
42.57974497027112,-83.0518369983433
42.57974460830226,-83.0518489781717
42.57974424465119,-83.05186101363384
42.57974388267984,-83.05187299346201
42.57974352070725,-83.05188497328997
42.57974312688785,-83.05189800707123
42.57974276491263,-83.05190998689898
42.579742401255146,-83.0519220223614
42.57974203927744,-83.05193400218889
42.579741677298486,-83.05194598201618
42.57974128347214,-83.05195901579768
42.57974092149058,-83.05197099562471
42.57974055950777,-83.05198297545157
42.57974019584262,-83.05199501091428
42.579739833857296,-83.05200699074088
42.579739440024014,-83.0520200245226
42.57973907803609,-83.05203200434897
42.579738716046926,-83.05204398417514
42.57973835237534,-83.05205601963813
42.57973799038368,-83.05206799946409
42.57973762839077,-83.05207997928981
42.579737234549164,-83.05209301307174
42.579736872553646,-83.05210499289723
42.579736510556884,-83.05211697272249
42.57973614687762,-83.05212900818576
42.57973578487836,-83.05214098801083
42.579735391029814,-83.052154021793
42.579735029027944,-83.05216600161779
42.57973466702482,-83.05217798144238
42.57973430333915,-83.05219001690597
42.57973394133353,-83.05220199673033
42.57973354915936,-83.05221497487318
42.579733185469806,-83.05222701033688
42.57973282346033,-83.0522389901608
42.57973245976825,-83.05225102562466
42.57973209775627,-83.05226300544835
42.57973170557522,-83.05227598359045
42.57973134187925,-83.05228801905444
42.57973097986341,-83.0522999988777
42.57973061784633,-83.05231197870073
42.579730254146575,-83.05232401416487
42.57972986195864,-83.05233699230622
42.57972949993771,-83.05234897212883
42.57972913623407,-83.0523610075931
42.57972877421062,-83.05237298741545
42.579728410504465,-83.05238502287989
42.57972801830964,-83.05239800102052
42.57972765628234,-83.05240998084241
42.579727292572294,-83.05242201630699
42.5797269305425,-83.05243399612867
42.57972656851146,-83.05244597595014
42.579726174628206,-83.05245900973328
42.57972581259456,-83.05247098955451
42.57972544887809,-83.05248302501937
42.57972508684194,-83.05249500484037
42.57972472480454,-83.05250698466116
42.57972433091434,-83.05252001844455
42.57972396887433,-83.05253199826511
42.579723606833085,-83.05254397808544
42.579723243108944,-83.05255601355059
42.579722881065194,-83.0525679933707
42.57972248716805,-83.05258102715433
42.5797221251217,-83.0525930069742
42.5797217630741,-83.05260498679387
42.57972139934352,-83.05261702225931
42.57972103729341,-83.05262900207873
42.579720675242065,-83.05264098189797
42.57972028133661,-83.0526540156818
42.57971991928265,-83.05266599550077
42.57971955722745,-83.05267797531955
42.57971919348922,-83.05269001078526
42.57971883143151,-83.05270199060381
42.579718437519105,-83.0527150243879
42.57971807545879,-83.05272700420619
42.57971771339723,-83.05273898402427
42.579717349652576,-83.05275101949029
42.57971698758851,-83.05276299930814
42.579716595351044,-83.05277597744393
42.579716231602504,-83.0527880129101
42.57971586953458,-83.05279999272751
42.57971550578352,-83.05281202819383
42.5797151437131,-83.05282400801102
42.57971475146873,-83.05283698614606
42.57971438771378,-83.0528490216125
42.579714025639504,-83.05286100142924
42.57971366356399,-83.05287298124578
42.57971329980525,-83.05288501671237
42.579712907554,-83.05289799484667
42.57971254547463,-83.05290997466275
42.579712181712004,-83.05292201012946
42.579711819630134,-83.05293398994532
42.579711455864974,-83.05294602541221
42.57971106360684,-83.05295900354578
42.579710701521115,-83.05297098336118
42.57971033775207,-83.0529830188282
42.57970997566384,-83.05299499864336
42.57970961357436,-83.05300697845831
42.579709219627254,-83.0530200122434
42.57970885753516,-83.05303199205811
42.5797084937597,-83.05304402752542
42.579708131665114,-83.0530560073399
42.57970776956928,-83.05306798715418
42.57970737561523,-83.05308102093949
42.579707013516796,-83.05309300075352
42.5797066514171,-83.05310498056735
42.579706287633975,-83.05311701603495
42.579705925531776,-83.05312899584855
42.579705533253005,-83.0531419739797
42.57970516946598,-83.05315400944744
42.57970480735994,-83.05316598926062
42.57970444357039,-83.0531780247285
42.579704081461855,-83.05319000454142
42.579703719352054,-83.05320198435413
42.579703325382745,-83.05321501813988
42.57970296327035,-83.05322699795235
42.5797026011567,-83.05323897776461
42.57970223735948,-83.05325101323278
42.57970187524334,-83.0532629930448
42.57970148126708,-83.05327602683079
42.57970111914833,-83.05328800664257
42.57970075702833,-83.05329998645415
42.57970039322469,-83.05331202192262
42.579700031102185,-83.05332400173398
42.5796996388014,-83.0533369798627
42.579699274993885,-83.05334901533132
42.57969891286752,-83.05336099514221
42.57969855073992,-83.05337297495291
42.57969818692861,-83.05338501042166
42.579697794620934,-83.05339798854966
42.579697430807,-83.05341002401855
42.57969706867429,-83.05342200382877
42.57969670654033,-83.0534339836388
42.57969634958844,-83.05344601911605
42.57969596478862,-83.05345899807457
42.57969560958748,-83.05347097865148
42.579695252766506,-83.05348301382183
42.579694867962516,-83.05349599277987
42.579694512757534,-83.05350797335632
42.57969415593265,-83.05352000852683
42.57969380072515,-83.05353198910308
42.57969341429698,-83.05354502265506
42.57969305908688,-83.05355700323106
42.57969270387554,-83.05356898380687
42.579692347044244,-83.05358101897768
42.5796919622292,-83.05359399793454
42.579691607014,-83.0536059785099
42.579691250178826,-83.05361801368088
42.579690894961125,-83.053629994256
42.57969051014055,-83.05364297321215
42.57969015330148,-83.05365500838329
42.579689798079926,-83.05366698895799
42.57968941163638,-83.05368002251048
42.57968905641222,-83.05369200308493
42.57968870118681,-83.05370398365919
42.57968834434133,-83.05371601883061
42.579687959511034,-83.05372899778583
42.57968760428178,-83.05374097835964
42.57968724743241,-83.05375301353122
42.579686892200655,-83.05376499410481
42.57968650736483,-83.05377797305931
42.57968615051158,-83.05379000823106
42.57968579527597,-83.0538019888042
42.579685408817056,-83.05381502235717
42.57968505357882,-83.0538270029301
42.579684698339356,-83.05383898350281
42.579684341479684,-83.05385101867486
42.57968395663415,-83.05386399762841
42.57968360139083,-83.05387597820068
42.579683244527274,-83.05388801337287
42.57968288928145,-83.05389999394492
42.579682504430394,-83.05391297289776
42.57968214756294,-83.05392500807012
42.579681792313266,-83.05393698864174
42.57968143544329,-83.05394902381424
42.5796810505867,-83.05396200276658
42.57968069533316,-83.05397398333776
42.579680338459305,-83.05398601851041
42.579679953598536,-83.0539989974623
42.57967959834115,-83.05401097803302
42.5796792414634,-83.05402301320584
42.57967888620351,-83.05403499377636
42.57967850133722,-83.05404797272752
42.57967814445558,-83.05406000790049
42.579677789191834,-83.05407198847057
42.57967743230766,-83.0540840236437
42.579677047435844,-83.05409700259437
42.57967669216825,-83.054108983164
42.57967633528019,-83.05412101833728
42.57967598001009,-83.0541329989067
42.57967559513274,-83.05414597785668
42.5796752382408,-83.0541580130301
42.579674882966835,-83.05416999359909
42.57967449808532,-83.05418297254859
42.57967414118948,-83.05419500772217
42.57967378591168,-83.0542069882907
42.579673429013305,-83.05421902346444
42.57967304412625,-83.05423200241346
42.579672688844596,-83.05424398298155
42.57967233194234,-83.05425601815544
42.57967197665818,-83.05426799872332
42.57967159204664,-83.05428097851369
42.57967124838102,-83.05429301308192
42.57967090621593,-83.05430499506049
42.57967056404959,-83.05431697703887
42.57967019186618,-83.05433001010546
42.57966984969724,-83.05434199208364
42.5796695060252,-83.05435402665219
42.57966916385375,-83.05436600863015
42.57966879316661,-83.05437898910607
42.5796684494907,-83.05439102367481
42.5796681073154,-83.05440300565235
42.57966776513884,-83.0544149876297
42.57966739294426,-83.05442802069673
42.57966705076511,-83.05444000267386
42.5796667085847,-83.05445198465078
42.57966633638592,-83.05446501771794
42.579665994202905,-83.05447699969466
42.57966565201864,-83.05448898167117
42.579665308331165,-83.05450101624045
42.57966493762879,-83.05451399671476
42.57966459544068,-83.05452597869085
42.579664251749314,-83.0545380132603
42.5796639095587,-83.05454999523621
42.57966353885079,-83.05456297570986
42.57966319515553,-83.05457501027948
42.57966285296107,-83.05458699225495
42.57966250926329,-83.05459902682475
42.579662138549836,-83.05461200729795
42.57966179635151,-83.05462398927301
42.579661452649844,-83.05463602384299
42.579661110449024,-83.05464800581784
42.579660739730045,-83.05466098629037
42.579660396024494,-83.0546730208605
42.5796600538198,-83.05468500283497
42.57965971161388,-83.05469698480921
42.57965933938722,-83.05471001787735
42.579658997178676,-83.05472199985137
42.579658654968895,-83.05473398182521
42.579658311255656,-83.05474601639571
42.57965794052563,-83.05475899686712
42.579657598312,-83.05477097884052
42.57965725459488,-83.0547830134112
42.57965691237873,-83.0547949953844
42.579656541643175,-83.05480797585513
42.57965619792217,-83.054820010426
42.57965585570218,-83.05483199239877
42.57965551197864,-83.0548440269698
42.57965514123754,-83.05485700744009
42.57965479901369,-83.05486898941244
42.57965445528627,-83.05488102398364
42.57965411305992,-83.05489300595583
42.57965374231329,-83.05490598642544
42.57965339858198,-83.05491802099681
42.57965305635177,-83.05493000296855
42.579652714120314,-83.0549419849401
42.57965234186578,-83.05495501800928
42.579651999631714,-83.0549669999806
42.579651657396404,-83.05497898195175
42.579651313657436,-83.05499101652346
42.57965094289974,-83.05500399699194
42.57965060066057,-83.05501597896267
42.57965025691771,-83.05502801353455
42.57964991467604,-83.05503999550508
42.57964954391283,-83.05505297597291
42.57964920016607,-83.05506501054498
42.579648857920546,-83.05507699251507
42.57964851417126,-83.0550890270873
42.57964814340251,-83.0551020075547
42.57964780115313,-83.05511398952437
42.579647457399965,-83.0551260240968
42.579647115148084,-83.05513800606626
42.579646744373804,-83.05515098653296
42.579646400616745,-83.05516302110556
42.57964605836101,-83.05517500307464
42.579645687582556,-83.05518798354089
42.57964534382161,-83.05520001811365
42.579645001562014,-83.05521200008228
42.57964465930118,-83.05522398205073
42.57964428701456,-83.05523701512104
42.57964394475111,-83.05524899708927
42.579643602486414,-83.0552609790573
42.5796432587178,-83.0552730136304
42.57964288792828,-83.05528599409554
42.57964254565973,-83.05529797606314
42.57964220188724,-83.05531001063645
42.57964185961618,-83.05532199260385
42.579641487318405,-83.05533502567458
42.57964114504474,-83.05534700764177
42.57964080276984,-83.05535898960876
42.57964045899092,-83.05537102418239
42.57964008819034,-83.05538400464643
42.57963974591158,-83.055395986613
42.57963940212878,-83.0554080211868
42.57963905984751,-83.05542000315319
42.579638688019244,-83.05543298195113
42.57963831048223,-83.05544501796224
42.57963793475536,-83.0554569962254
42.57963755902724,-83.05546897448838
42.579637181486454,-83.05548101049959
42.57963677444489,-83.05549398695084
42.57963639690146,-83.0555060229622
42.57963602116824,-83.05551800122468
42.57963564543377,-83.0555299794869
42.57963526788656,-83.05554201549839
42.57963486083811,-83.05555499194887
42.57963448328827,-83.05556702796049
42.57963410754869,-83.0555790062222
42.57963373180786,-83.05559098448373
42.57963335425423,-83.05560302049547
42.5796329471989,-83.05561599694516
42.57963257145422,-83.0556279752062
42.579632193896714,-83.05564001121806
42.57963181814954,-83.05565198947885
42.57963144058949,-83.05566402549084
42.57963106483981,-83.05567600375142
42.57963065777624,-83.05568898020007
42.579630280212314,-83.05570101621218
42.57962990445878,-83.05571299447227
42.57962952870399,-83.05572497273212
42.579629151136274,-83.05573700874434
42.57962874406583,-83.05574998519226
42.57962836649548,-83.05576202120461
42.57962799073559,-83.05577399946398
42.57962761497446,-83.05578597772312
42.579627237400324,-83.0557980137356
42.579626830323,-83.05581099018275
42.579626452746226,-83.05582302619536
42.579626076979984,-83.055835004454
42.5796257012125,-83.0558469827124
42.57962532363195,-83.05585901872513
42.57962491654773,-83.05587199517149
42.5796245407764,-83.05588397342945
42.57962416319195,-83.05589600944228
42.579623787418114,-83.05590798769998
42.57962340983115,-83.05592002371297
42.57962300274004,-83.05593300015855
42.579622626962355,-83.05594497841575
42.579622249371496,-83.05595701442887
42.57962187359129,-83.05596899268586
42.57962149599792,-83.0559810286991
42.57962108889993,-83.05599400514389
42.57962071311588,-83.05600598340038
42.57962033551861,-83.05601801941374
42.579619959732064,-83.05602999767002
42.579619583944265,-83.05604197592608
42.57961920634321,-83.05605401193954
42.579618799237,-83.05606698838331
42.57961842163331,-83.05607902439692
42.57961804584039,-83.05609100265247
42.57961767004625,-83.0561029809078
42.579617292438776,-83.05611501692152
42.579616885325684,-83.05612799336453
42.57961650952767,-83.05613997161937
42.57961613191631,-83.05615200763322
42.5796157561158,-83.05616398588782
42.57961537850192,-83.0561760219018
42.57961497138193,-83.05618899834403
42.57961459557757,-83.05620097659816
42.5796142179598,-83.05621301261225
42.57961384215293,-83.05622499086614
42.579613464532635,-83.05623702688037
42.57961305740576,-83.05625000332182
42.57961268159505,-83.05626198157523
42.579612303970855,-83.05627401758959
42.57961192815764,-83.05628599584276
42.57961155234319,-83.05629797409573
42.57961114339717,-83.0563110082979
42.57961076758011,-83.05632298655061
42.579610389949494,-83.05633502256522
42.57961001412992,-83.05634700081767
42.57960963830911,-83.05635897906991
42.57960922935616,-83.05637201327228
42.57960885353274,-83.05638399152427
42.579608475895704,-83.05639602753912
42.57960810006978,-83.05640800579086
42.579607724242614,-83.05641998404238
42.5796073152827,-83.05643301824496
42.57960693945294,-83.05644499649621
42.57960656362191,-83.05645697474726
42.579606185977205,-83.05646901076234
42.57960581014369,-83.05648098901314
42.579605432496464,-83.05649302502836
42.579605025340705,-83.05650600146646
42.579604649503324,-83.05651797971679
42.57960427185221,-83.05653001573211
42.57960389601233,-83.0565419939822
42.579603520171204,-83.05655397223208
42.579603111196064,-83.056567006435
42.57960273535233,-83.05657898468459
42.5796023576948,-83.0565910207002
42.57960198184856,-83.05660299894956
42.579601606001084,-83.0566149771987
42.579601197018995,-83.05662801140181
42.5796008211689,-83.0566399896507
42.57960044350496,-83.05665202566657
42.57960006765237,-83.0566640039152
42.57959969179854,-83.05667598216363
42.57959928280948,-83.05668901636696
42.57959890695305,-83.05670099461511
42.579598531095364,-83.05671297286307
42.57959815342374,-83.05672500887913
42.57959777756355,-83.05673698712684
42.57959736856756,-83.05675002133034
42.579596992704765,-83.0567619995778
42.57959661684073,-83.05677397782503
42.57959623916269,-83.05678601384136
42.57959586329614,-83.05679799208833
42.57959545429322,-83.05681102629204
42.57959507842406,-83.05682300453877
42.57959470255366,-83.05683498278529
42.57959432486921,-83.05684701880189
42.57959394899632,-83.05685899704815
42.57959357312218,-83.0568709752942
42.57959316411093,-83.05688400949805
42.57959278823418,-83.05689598774384
42.57959241054331,-83.05690802376068
42.57959203466407,-83.05692000200624
42.57959165878356,-83.05693198025158
42.57959124976538,-83.05694501445561
42.57959087388227,-83.05695699270069
42.57959049618499,-83.05696902871777
42.579590120299386,-83.0569810069626
42.57958974441252,-83.05699298520723
42.5795893353874,-83.05700601941147
42.57958895949793,-83.05701799765583
42.57958858360724,-83.05702997589995
42.579588205902276,-83.05704201191728
42.57958794954589,-83.05705399802456
42.57958767380345,-83.05706698722835
42.579587418440184,-83.05707901638337
42.579587163906155,-83.05709100641752
42.57958690937086,-83.05710299645152
42.57958665483434,-83.05711498648539
42.57958639946603,-83.05712701564077
42.579586144926985,-83.05713900567454
42.57958586917495,-83.05715199487761
42.5795856146333,-83.05716398491106
42.579585359259866,-83.05717601406683
42.57958510471572,-83.05718800410017
42.57958485017032,-83.05719999413336
42.57958459562368,-83.05721198416643
42.5795843402452,-83.05722401332255
42.57958406448356,-83.05723700252491
42.57958380993305,-83.0572489925577
42.5795835553813,-83.05726098259035
42.57958329999768,-83.05727301174686
42.579583045443414,-83.0572850017794
42.579582790887905,-83.05729699181182
42.57958251511803,-83.0573099810134
42.57958225972926,-83.0573220101703
42.5795820051699,-83.05733400020245
42.57958175060927,-83.05734599023444
42.57958149521672,-83.05735801939164
42.579581240653596,-83.05737000942355
42.57958098608922,-83.05738199945527
42.57958071030974,-83.05739498865617
42.579580454912055,-83.05740701781376
42.57958020034383,-83.05741900784523
42.57957994577434,-83.05743099787657
42.579579691203605,-83.05744298790776
42.579579435800895,-83.05745501706573
42.57957916001316,-83.05746800626606
42.579578905438574,-83.05747999629698
42.579578650862736,-83.05749198632776
42.57957839545486,-83.05750401548612
42.579578140876514,-83.0575160055168
42.579577886296924,-83.05752799554732
42.579577631716084,-83.0575399855777
42.57957735508795,-83.0575530139056
42.579577100504494,-83.05756500393588
42.57957684591979,-83.05757699396601
42.579576591333826,-83.05758898399598
42.57957633591578,-83.05760101315506
42.579576081327325,-83.05761300318494
42.57957582673762,-83.05762499321466
42.57957555093069,-83.05763798241337
42.579575293094045,-83.05765001718852
42.57957491223912,-83.05766199485323
42.579574531382946,-83.05767397251773
42.57957414866422,-83.05768600871852
42.57957376780554,-83.05769798638275
42.579573353345914,-83.05771102072235
42.57957297248463,-83.05772299838632
42.579572591622096,-83.05773497605007
42.579572208896955,-83.05774701225113
42.57957182803193,-83.05775898991462
42.57957144530426,-83.05777102611579
42.57957106443673,-83.05778300377904
42.57957065182884,-83.05779597958065
42.57957026909727,-83.05780801578192
42.57956988822589,-83.0578199934447
42.579569507353256,-83.05783197110723
42.57956912461792,-83.05784400730863
42.5795687437428,-83.05785598497091
42.579568361004924,-83.05786802117245
42.57956794838743,-83.05788099697298
42.579567567508455,-83.05789297463481
42.579567184766695,-83.05790501083642
42.57956680388521,-83.057916988498
42.579566421140925,-83.05792902469975
42.579566040256935,-83.05794100236106
42.5795656593717,-83.05795298002215
42.579565244883035,-83.05796601436242
42.5795648639952,-83.05797799202328
42.5795644812445,-83.05799002822528
42.579564100354155,-83.05800200588584
42.57956371946258,-83.0580139835462
42.57956333670809,-83.05802601974833
42.57956295581399,-83.05803799740843
42.57956254317732,-83.05805097320665
42.57956216041896,-83.05806300940887
42.579561779521015,-83.05807498706848
42.57956139676011,-83.05808702327083
42.57956101585966,-83.05809900093021
42.579560634957986,-83.05811097858937
42.579560252193296,-83.05812301479182
42.579559839547024,-83.05813599058898
42.57955945677971,-83.05814802679156
42.579559075872915,-83.0581600044502
42.57955869496488,-83.05817198210863
42.579558312193775,-83.05818401831131
42.579557931283226,-83.0581959959695
42.57955755037144,-83.05820797362745
42.57955713585375,-83.05822100796841
42.579556754939354,-83.05823298562609
42.57955637216183,-83.05824502182902
42.57955599124494,-83.05825699948647
42.57955561032679,-83.0582689771437
42.57955522754549,-83.05828101334673
42.57955484662484,-83.05829299100371
42.579554432097474,-83.05830602534496
42.57955405117422,-83.05831800300167
42.57955367024971,-83.05832998065816
42.579553287461984,-83.05834201686143
42.57955290653499,-83.05835399451767
42.57955251251394,-83.05836597040133
42.57955211626139,-83.05837800705908
42.579551722002414,-83.05838998312072
42.579551325747325,-83.05840201977858
42.579550931485855,-83.05841399583997
42.57955053722315,-83.05842597190113
42.57955014096427,-83.05843800855908
42.57954974669906,-83.05844998461997
42.57954935043766,-83.05846202127807
42.57954895616995,-83.0584739973387
42.579548561900985,-83.0584859733991
42.5795481656358,-83.05849801005726
42.57954777136434,-83.0585099861174
42.57954737509662,-83.05852202277568
42.57954698082266,-83.05853399883556
42.579546586547444,-83.05854597489522
42.579546190275956,-83.05855801155357
42.57954579599824,-83.05856998761297
42.57954539972422,-83.05858202427144
42.57954500544401,-83.05859400033056
42.57954461116255,-83.05860597638946
42.579544214884734,-83.05861801304802
42.57954382060078,-83.05862998910665
42.57954342432044,-83.05864202576535
42.579543030033975,-83.05865400182373
42.57954263574627,-83.05866597788186
42.57954223946216,-83.05867801454062
42.579541845171946,-83.0586899905985
42.57954152515136,-83.05870197979749
42.57954122458341,-83.05871500955499
42.5795409480398,-83.05872699778932
42.57954067149494,-83.05873898602351
42.579540370922786,-83.05875201578127
42.57954009437531,-83.0587640040153
42.57953981782661,-83.05877599224918
42.579539541276645,-83.05878798048292
42.579539240698914,-83.05880101024096
42.57953896414634,-83.05881299847454
42.579538687592525,-83.05882498670796
42.5795384100569,-83.0588370174468
42.579538110454145,-83.05885000469955
42.579537833896474,-83.05886199293268
42.579537557337545,-83.05887398116565
42.579537256750044,-83.05888701092422
42.57953698018849,-83.05889899915705
42.57953670362572,-83.05891098738972
42.579536426081056,-83.05892301812918
42.579536126468604,-83.05893600538111
42.57953584990195,-83.05894799361347
42.57953557333408,-83.05895998184567
42.579535272736784,-83.0589730116048
42.57953499616629,-83.05898499983688
42.57953471959454,-83.05899698806878
42.57953444204085,-83.05900901880887
42.57953414241869,-83.05902200605995
42.579533865843075,-83.05903399429157
42.57953358926621,-83.059045982523
42.57953328865916,-83.05905901228272
42.5795330120797,-83.05907100051401
42.57953273549898,-83.05908298874515
42.57953245793626,-83.05909501948584
42.57953215830439,-83.05910800673611
42.57953188171982,-83.05911999496695
42.57953160513399,-83.05913198319766
42.57953132756614,-83.05914401393868
42.57953102792872,-83.05915700118844
42.57953075133904,-83.05916898941881
42.5795304737673,-83.05918102016012
42.57953017412571,-83.05919400740957
42.57952989753217,-83.05920599563966
42.579529620937386,-83.05921798386959
42.5795293433605,-83.05923001461122
42.57952904371338,-83.05924300186017
42.57952876711474,-83.05925499008978
42.57952848953396,-83.05926702083173
42.57952818988266,-83.05928000808035
42.57952791328015,-83.05929199630967
42.5795276366764,-83.05930398453883
42.579527359090484,-83.05931601528108
42.57952705943365,-83.05932900252922
42.579526782826036,-83.05934099075809
42.579526505236245,-83.05935302150063
42.57952620557522,-83.05936600874841
42.579525928963754,-83.05937799697698
42.579525652351045,-83.05938998520537
42.579525374756095,-83.05940201594827
42.57952507508955,-83.05941500319555
42.57952479847298,-83.05942699142366
42.579524521855156,-83.0594389796516
42.57952424425507,-83.05945101039481
42.57952394458299,-83.0594639976416
42.579523667961304,-83.05947598586924
42.57952339035732,-83.05948801661272
42.57952308677972,-83.05950100522168
42.57952269604845,-83.05951298171065
42.57952230335667,-83.0595250182536
42.57952191262289,-83.05953699474233
42.57952152188787,-83.05954897123081
42.579521096630884,-83.05956200581454
42.57952070589326,-83.05957398230274
42.57952031319506,-83.0595860188459
42.579519922454935,-83.05959799533386
42.57951953171357,-83.05960997182159
42.57951910644964,-83.05962300640547
42.57951871570567,-83.05963498289292
42.57951832300104,-83.05964701943628
42.57951793225457,-83.05965899592347
42.57951754150683,-83.05967097241043
42.57951711623596,-83.05968400699447
42.57951672548563,-83.05969598348115
42.579516332774595,-83.05970802002473
42.57951594202177,-83.05971999651115
42.579515518704795,-83.05973297103785
42.57951512598987,-83.05974500758154
42.57951473523319,-83.05975698406745
42.579514342515736,-83.05976902061123
42.57951395175655,-83.0597809970969
42.5795135284327,-83.05979397162277
42.57951313571136,-83.05980600816665
42.579512744948325,-83.0598179846518
42.579512352224455,-83.05983002119582
42.57951196145892,-83.0598419976807
42.57951153812819,-83.05985497220576
42.579511145400424,-83.05986700874983
42.57951075463104,-83.05987898523422
42.579510361900745,-83.05989102177845
42.57950997112885,-83.0599029982626
42.57950954779124,-83.05991597278681
42.57950915505707,-83.05992800933112
42.57950876428133,-83.05993998581474
42.57950837154463,-83.05995202235916
42.57950798076638,-83.05996399884253
42.57950755742189,-83.05997697336595
42.57950716468129,-83.05998900991045
42.579506773899205,-83.0600009863933
42.57950638115608,-83.06001302293794
42.57950599037149,-83.06002499942055
42.5795055670201,-83.06003797394314
42.579505174273095,-83.06005001048784
42.57950478348466,-83.06006198696996
42.57950439073512,-83.06007402351479
42.579503967378194,-83.06008699803678
42.5795035765859,-83.06009897451838
42.579503183832486,-83.06011101106333
42.579502793037676,-83.06012298754466
42.57950240028172,-83.0601350240897
42.579501976917925,-83.06014799861087
42.579501586119285,-83.06015997509171
42.57950119335945,-83.06017201163684
42.57950080255829,-83.06018398811744
42.57950040979592,-83.0601960246627
42.57949998642524,-83.06020899918303
42.57949959562024,-83.0602209756631
42.57949920285399,-83.06023301220846
42.57949881204648,-83.06024498868827
42.5794984192777,-83.06025702523374
42.57949799590012,-83.06026999975326
42.57949760508877,-83.06028197623257
42.5794972123161,-83.06029401277813
42.57949682150225,-83.06030598925717
42.57949642872705,-83.06031802580286
42.5794960053426,-83.06033100032155
42.579495614524895,-83.0603429768001
42.5794952217458,-83.06035501334587
42.57949483092559,-83.06036698982416
42.57949443814397,-83.06037902637004
42.57949401475265,-83.0603920008879
42.57949362392859,-83.06040397736571
42.57949323114308,-83.06041601391168
42.57949284031652,-83.06042799038919
42.57949241495945,-83.06044102497508
42.57949202413028,-83.06045300145233
42.57949163329987,-83.06046497792934
42.579491240507934,-83.06047701447555
42.579490849675025,-83.06048899095231
42.579490424311004,-83.06050202553833
42.57949003347548,-83.06051400201481
42.57948964263872,-83.06052597849107
42.57948924984038,-83.06053801503748
42.57948885900111,-83.06054999151348
42.57948843363014,-83.06056302609966
42.57948804278827,-83.06057500257539
42.57948765194515,-83.06058697905088
42.57948725914039,-83.06059901559749
42.57948686829477,-83.06061099207272
42.57948644291686,-83.06062402665906
42.57948605206863,-83.06063600313401
42.57948566121917,-83.06064797960875
42.57948526840799,-83.06066001615557
42.57948487755601,-83.06067199263003
42.579484452171165,-83.06068502721651
42.579484061316585,-83.0606970036907
42.57948367046075,-83.06070898016468
42.57948327764317,-83.0607210167117
42.579482886784845,-83.0607329931854
42.57948246139304,-83.06074602777201
42.5794820705321,-83.06075800424547
42.57948167966993,-83.06076998071867
42.579481286845926,-83.06078201726591
42.57948086340914,-83.06079499177825
42.579480470582496,-83.06080702832561
42.57948007971522,-83.06081900479828
42.57947968884668,-83.06083098127073
42.57947929601626,-83.06084301781819
42.57947887257259,-83.0608559923297
42.579478479739535,-83.06086802887727
42.5794780888659,-83.06088000534919
42.57947769799102,-83.06089198182087
42.57947730515418,-83.06090401836852
42.57947688170362,-83.06091699287921
42.57947648886415,-83.060929029427
42.57947609798416,-83.06094100589814
42.57947570710292,-83.06095298236906
42.57947531215635,-83.06096501889282
42.57947488639819,-83.0609779931244
42.57947449140717,-83.0609900297419
42.57947409839709,-83.0610020059554
42.579473705385766,-83.06101398216867
42.57947327763985,-83.06102701680403
42.57947288462592,-83.06103899301701
42.57947248962847,-83.06105102963474
42.57947209661205,-83.06106300584746
42.57947170359437,-83.06107498205995
42.57947127584151,-83.06108801669545
42.57947088282123,-83.06109999290767
42.57947048781737,-83.06111202952557
42.57947009479458,-83.06112400573754
42.57946966901849,-83.06113697996692
42.57946927401075,-83.06114901658492
42.5794688809841,-83.06116099279636
42.579468485973834,-83.06117302941448
42.579468092944694,-83.06118500562567
42.57946766716173,-83.0611979798542
42.57946727214756,-83.06121001647242
42.57946687911458,-83.06122199268307
42.579466484097885,-83.06123402930142
42.579466091062386,-83.06124600551183
42.57946566527254,-83.06125897973952
42.57946527025196,-83.06127101635795
42.57946487721262,-83.06128299256785
42.57946448218951,-83.06129502918638
42.57946405639413,-83.06130800341347
42.579463663350936,-83.0613199796229
42.57946326832395,-83.0613320162415
42.579462875278246,-83.06134399245065
42.579462480248715,-83.06135602906937
42.57946205444645,-83.06136900329564
42.57946166139691,-83.06138097950428
42.579461266363495,-83.06139301612308
42.57946087331145,-83.06140499233146
42.579460445521015,-83.06141802696776
42.57946005246636,-83.06143000317584
42.57945965941046,-83.06144197938372
42.579459264370634,-83.06145401600271
42.579458871312234,-83.06146599221032
42.579458443514845,-83.06147902684675
42.579458050453844,-83.06149100305407
42.57945765739159,-83.06150297926116
42.57945726234535,-83.06151501588037
42.57945683652514,-83.06152799010444
42.57945644147627,-83.06154002672378
42.57945604840891,-83.06155200293034
42.57945565534031,-83.06156397913666
42.579455260287645,-83.06157601575609
42.57945483446056,-83.0615889899793
42.57945443940527,-83.06160102659885
42.57945404633156,-83.06161300280462
42.57945365325661,-83.06162497901019
42.57945322544112,-83.06163801364693
42.579452832363565,-83.06164998985221
42.57945243730184,-83.06166202647195
42.57945204422179,-83.06167400267697
42.57945165114048,-83.06168597888175
42.579451223318046,-83.06169901351865
42.57945083023413,-83.06171098972314
42.579450435166,-83.06172302634309
42.57945004207959,-83.06173500254734
42.57944961623458,-83.06174797676834
42.579449221162555,-83.06176001338838
42.579448828072294,-83.06177198959212
42.579448432997744,-83.06178402621225
42.57944803990498,-83.06179600241572
42.57944761405308,-83.0618089766359
42.57944721897465,-83.06182101325614
42.57944682587803,-83.06183298945909
42.57944643079706,-83.06184502607944
42.57944600493963,-83.06185800029904
42.57944561183916,-83.06186997650148
42.57944521675431,-83.06188201312192
42.57944482365134,-83.06189398932412
42.57944442856396,-83.06190602594467
42.579444002699645,-83.06191900016343
42.579443609592836,-83.06193097636513
42.57944321450156,-83.06194301298575
42.57944282139224,-83.06195498918719
42.57944239353917,-83.06196802382472
42.57944200042725,-83.06198000002587
42.57944160731408,-83.06199197622679
42.579441212216395,-83.06200401284764
42.57944081910072,-83.06201598904829
42.579440391240695,-83.06202902368594
42.579439998122425,-83.06204099988632
42.5794396050029,-83.06205297608649
42.579439209898794,-83.06206501270754
42.57943878376998,-83.0620779867011
42.57943838237781,-83.06209002351764
42.57943798303114,-83.06210199895635
42.57943758368323,-83.06211397439482
42.57943718228725,-83.06212601121145
42.57943678293683,-83.06213798664965
42.57943638153835,-83.06215002346639
42.57943594890596,-83.06216299685748
42.579435549551704,-83.06217497229515
42.57943514814931,-83.06218700911195
42.57943474879255,-83.06219898454938
42.57943434738764,-83.0622110213663
42.579433948028374,-83.06222299680346
42.579433548667865,-83.06223497224036
42.57943311397897,-83.06224800701041
42.57943271461584,-83.06225998244703
42.57943231320452,-83.06227201926414
42.5794319138389,-83.06228399470052
42.579431514472034,-83.06229597013663
42.57943111305693,-83.06230800695381
42.57943068040672,-83.06232098034265
42.57943027898898,-83.06233301715994
42.57942987961701,-83.0623449925955
42.57942947819674,-83.06235702941292
42.579429078822265,-83.06236900484821
42.57942867944655,-83.06238098028328
42.5794282780225,-83.06239301710076
42.5794278453627,-83.06240599048844
42.57942744393601,-83.06241802730604
42.57942704455519,-83.06243000274056
42.579426645173115,-83.06244197817485
42.579426243742645,-83.06245401499251
42.57942584435808,-83.0624659904265
42.579425409642866,-83.06247902519709
42.57942501025569,-83.06249100063083
42.57942461086727,-83.06250297606434
42.579424209430385,-83.06251501288219
42.57942381003946,-83.0625269883154
42.57942340860004,-83.06253902513335
42.57942300920662,-83.0625510005663
42.57942257652902,-83.06256397395175
42.5794221750857,-83.06257601076979
42.57942177568842,-83.06258798620222
42.579421374242585,-83.06260002302035
42.57942097484282,-83.06261199845254
42.57942057544181,-83.06262397388447
42.5794201407086,-83.06263700865533
42.579419741304974,-83.06264898408698
42.57941933985273,-83.06266102090532
42.5794189404466,-83.0626729963367
42.579418541039225,-83.06268497176784
42.57941813958319,-83.06269700858624
42.57941774017332,-83.0627089840171
42.57941730543044,-83.0627220187882
42.57941690601795,-83.06273399421879
42.57941650660424,-83.06274596964916
42.57941610514178,-83.06275800646773
42.57941570572555,-83.06276998189782
42.579415304260586,-83.06278201871652
42.57941487155691,-83.06279499209882
42.57941447008929,-83.06280702891763
42.57941407066796,-83.06281900434718
42.57941367124539,-83.06283097977648
42.579413269773994,-83.06284301659537
42.57941287034892,-83.0628549920244
42.57941246887499,-83.06286702884339
42.57941203616172,-83.06288000222456
42.5794116367328,-83.06289197765307
42.57941123525498,-83.06290401447212
42.57941083582355,-83.06291598990036
42.57941043434321,-83.06292802671955
42.57941003490929,-83.06294000214751
42.57940960218779,-83.06295297552757
42.57940920070356,-83.06296501234682
42.579408801265764,-83.06297698777428
42.57940839977903,-83.06298902459365
42.57940800033873,-83.06300100002085
42.579407600897206,-83.0630129754478
42.57940719940667,-83.06302501226723
42.57940676667557,-83.06303798564615
42.57940636518241,-83.0630500224657
42.579405965735766,-83.0630619978921
42.57940556628789,-83.06307397331825
42.57940516479092,-83.06308601013788
42.57940476534054,-83.06309798556377
42.579404330553366,-83.06311102033567
42.57940393110039,-83.06312299576128
42.57940353164616,-83.06313497118666
42.57940313014278,-83.06314700800647
42.57940273068605,-83.06315898343158
42.57940232918015,-83.0631710202515
42.5794019297209,-83.06318299567634
42.579401496972004,-83.063195969053
42.57940109546221,-83.063208005873
42.57940069599913,-83.06321998129732
42.5794002944868,-83.06323201811742
42.579399895021226,-83.06324399354148
42.57939949350637,-83.06325603036169
42.579399060749225,-83.06326900373746
42.5793986612798,-83.063280979161
42.57939825976106,-83.06329301598129
42.57939786028911,-83.06330499140454
42.57939745876786,-83.06331702822494
42.57939705929342,-83.06332900364794
42.57939665981773,-83.06334097907069
42.57939622500288,-83.06335401384308
42.57939582552459,-83.06336598926555
42.579395423996914,-83.06337802608613
42.57939502451612,-83.06339000150834
42.579394625034084,-83.06340197693032
42.579394223502625,-83.06341401375099
42.57939379072765,-83.06342698712449
42.579393390138186,-83.06343902203508
42.579393023291296,-83.06345100131551
42.579392656443154,-83.06346298059572
42.579392287867115,-83.06347501625895
42.57939189044553,-83.06348799381227
42.57939152359354,-83.06349997309202
42.5793911550136,-83.06351200875538
42.57939078815911,-83.0635239880349
42.57939038900528,-83.0635370219717
42.57939002214818,-83.06354900125098
42.57938965528984,-83.06356098053006
42.57938928670348,-83.06357301619369
42.579388889270845,-83.06358599374573
42.57938852240865,-83.06359797302434
42.57938815381841,-83.06361000868812
42.57938778695371,-83.06362198796648
42.57938738778872,-83.0636350219036
42.579387020921416,-83.06364700118172
42.57938665405287,-83.06365898045962
42.579386254883666,-83.06367201439683
42.5793858880125,-83.06368399367449
42.5793855211401,-83.06369597295193
42.57938515253955,-83.06370800861613
42.57938475509169,-83.06372098616643
42.579384386488506,-83.06373302183076
42.579384019610984,-83.06374500110773
42.57938365273223,-83.06375698038448
42.57938325355188,-83.063770014322
42.57938288667051,-83.06378199359851
42.5793825197879,-83.0637939728748
42.57938215117705,-83.06380600853939
42.57938175371812,-83.06381898608845
42.57938138510463,-83.06383102175319
42.579381018216914,-83.06384300102901
42.57938065132794,-83.06385498030463
42.57938025213643,-83.06386801424244
42.579379885244855,-83.0638799935178
42.579379518352034,-83.06389197279293
42.57937914973089,-83.06390400845794
42.579378752260894,-83.06391698600575
42.579378383637106,-83.0639290216709
42.57937801673918,-83.06394100094556
42.57937764983999,-83.06395298022001
42.579377250637336,-83.06396601415815
42.57937688373554,-83.06397799343236
42.57937651683251,-83.06398997270635
42.579376148201064,-83.06400200837176
42.57937575072001,-83.06401498591832
42.57937538208593,-83.06402702158387
42.57937501517778,-83.06403900085738
42.57937464826839,-83.06405098013069
42.57937424905458,-83.06406401406915
42.57937388214259,-83.06407599334219
42.579373515229356,-83.06408797261504
42.57937314658759,-83.06410000828085
42.579372749095484,-83.06411298582617
42.57937238045109,-83.06412502149215
42.57937201353273,-83.06413700076449
42.57937164661315,-83.06414898003663
42.579371247388174,-83.06416201397539
42.57937088046597,-83.06417399324728
42.579370513542514,-83.06418597251897
42.579370144890454,-83.06419800818522
42.57936974738729,-83.06421098572926
42.57936937873259,-83.06422302139565
42.57936901180403,-83.06423500066686
42.57936864487423,-83.06424697993783
42.57936824563811,-83.06426001387692
42.5793678787057,-83.06427199314767
42.57936751177204,-83.06428397241818
42.57936714310967,-83.06429600808482
42.57936674559545,-83.06430898562763
42.57936637693044,-83.06432102129443
42.57936600999167,-83.06433300056447
42.579365643051666,-83.06434497983432
42.57936524380438,-83.06435801377371
42.57936487686177,-83.06436999304329
42.57936450991791,-83.06438197231266
42.57936414124523,-83.06439400797971
42.579363743719945,-83.06440698552129
42.579363375044636,-83.06441902118847
42.57936300809566,-83.06443100045738
42.579362641145444,-83.06444297972605
42.57936224188701,-83.06445601366578
42.57936187493418,-83.0644679929342
42.57936150798011,-83.06447997220242
42.57936113929713,-83.06449200786987
42.57936074176079,-83.06450498541018
42.57936037307517,-83.0645170210778
42.579360006116,-83.06452900034553
42.579359674882035,-83.06454098345556
42.579359315297765,-83.0645540160448
42.57935898466674,-83.06456599921972
42.57935865403447,-83.06457798239447
42.57935832199883,-83.06459001638596
42.5793579638111,-83.0646029981584
42.57935763317498,-83.06461498133275
42.57935730113546,-83.06462701532445
42.57935697049682,-83.06463899849861
42.57935661230356,-83.0646519802704
42.57935628026014,-83.06466401426229
42.57935594961767,-83.06467599743605
42.579355618973935,-83.06468798060965
42.57935525937293,-83.06470101319952
42.579354928726595,-83.06471299637288
42.579354598079,-83.06472497954604
42.57935426602792,-83.06473701353832
42.5793539078236,-83.06474999530907
42.57935357717215,-83.06476197848184
42.579353245117176,-83.06477401247432
42.579352914463236,-83.06478599564691
42.579352556253376,-83.06479897741698
42.57935222419453,-83.06481101140969
42.57935189353672,-83.06482299458187
42.57935156287768,-83.06483497775388
42.579351203259954,-83.06484801034439
42.57935087259828,-83.06485999351618
42.57935054193538,-83.0648719766878
42.57935020986886,-83.06488401068087
42.57934985164794,-83.06489699244989
42.579349520981175,-83.06490897562111
42.57934918891076,-83.06492100961435
42.579348858241495,-83.06493299278537
42.57934850001505,-83.06494597455377
42.57934816794075,-83.06495800854722
42.579347837267626,-83.06496999171785
42.579347505190796,-83.06498202571149
42.57934714695881,-83.06499500747944
42.57934681628185,-83.06500699064966
42.579346484201125,-83.06501902464352
42.57934615352164,-83.06503100781354
42.57934579528414,-83.06504398958089
42.57934546319952,-83.0650560235749
42.57934513251619,-83.06506800674454
42.57934480183161,-83.06507998991398
42.579344442186006,-83.06509302250568
42.57934411149883,-83.06510500567492
42.57934378081038,-83.06511698884397
42.57934344871809,-83.06512902283838
42.57934309046952,-83.06514200460464
42.57934275977723,-83.06515398777331
42.57934242768107,-83.06516602176792
42.57934209698628,-83.06517800493639
42.57934173873217,-83.06519098670202
42.579341406632125,-83.06520302069681
42.57934107593347,-83.06521500386488
42.57934074523357,-83.06522698703276
42.57934038557125,-83.0652400196251
42.57934005486874,-83.06525200279276
42.57933972416499,-83.06526398596024
42.579339392057264,-83.06527601995545
42.5793390337921,-83.06528900172002
42.57933870308449,-83.06530098488709
42.57933837097288,-83.06531301888248
42.579338040262755,-83.06532500204938
42.579337681992065,-83.06533798381331
42.57933734987657,-83.06535001780888
42.579337019162594,-83.06536200097538
42.57933668844738,-83.0653739841417
42.57933632876833,-83.06538701673468
42.57933599805051,-83.06539899990076
42.579335667331435,-83.06541098306667
42.57933533520826,-83.06542301706266
42.57933497692651,-83.06543599882552
42.579334646203584,-83.06544798199104
42.579334314076526,-83.0654600159872
42.5793339833511,-83.06547199915254
42.57933362506381,-83.06548498091475
42.579333292932866,-83.0654970149111
42.579332962203566,-83.06550899807606
42.57933263147304,-83.0655209812408
42.579332271777275,-83.0655340138344
42.57933194104413,-83.06554599699892
42.579331610309744,-83.06555798016326
42.57933127817112,-83.06557001416003
42.579330919872774,-83.06558299592118
42.579330589134536,-83.06559497908513
42.57933025699202,-83.06560701308209
42.579329926251276,-83.06561899624585
42.57932956794739,-83.06563197800634
42.579329235801005,-83.06564401200352
42.5793289050564,-83.06565599516686
42.57932857431055,-83.06566797833004
42.579328214598064,-83.06568101092428
42.5793278838496,-83.06569299408726
42.5793275530999,-83.06570497725001
42.579327220945835,-83.06571701124756
42.579326862630886,-83.06572999300701
42.57932653187733,-83.06574197616938
42.5793261996555,-83.0657540112632
42.57932583324142,-83.06576599059258
42.579325465103544,-83.06577802623815
42.579325068152194,-83.06579100384472
42.579324701734265,-83.06580298317365
42.579324333592496,-83.06581501881935
42.579323967172066,-83.06582699814804
42.5793236007504,-83.06583897747652
42.57932320206953,-83.06585201139971
42.57932283564525,-83.06586399072793
42.579322467497065,-83.06587602637391
42.57932210107028,-83.06588800570191
42.57932173464224,-83.0658999850297
42.57932133595444,-83.06591301895311
42.5793209695238,-83.06592499828065
42.57932060309193,-83.06593697760799
42.57932023493606,-83.06594901325424
42.57931983796542,-83.06596199085857
42.57931946980692,-83.06597402650496
42.57931910336994,-83.0659860058318
42.579318736931704,-83.06599798515845
42.579318368769414,-83.06601002080498
42.5793179717919,-83.06602299840856
42.5793176053498,-83.06603497773474
42.57931723718364,-83.0660470133814
42.57931687073904,-83.06605899270734
42.57931650257035,-83.06607102835414
42.57931610558594,-83.06608400595701
42.57931573913749,-83.0660959852825
42.579315370964906,-83.06610802092942
42.57931500451396,-83.06612000025467
42.57931463806177,-83.06613197957972
42.579314239347546,-83.06614501350387
42.57931387289275,-83.06615699282865
42.579313506436705,-83.06616897215324
42.579313138256445,-83.06618100780044
42.579312771797895,-83.06619298712478
42.57931237307674,-83.06620602104915
42.57931200661559,-83.06621800037327
42.57931164015318,-83.06622997969714
42.57931127196651,-83.06624201534463
42.57931090550161,-83.06625399466829
42.57931050849655,-83.06626697226868
42.57931014030599,-83.06627900791628
42.57930977383724,-83.0662909872395
42.579309405644146,-83.06630302288725
42.57930903917288,-83.06631500221023
42.579308642160946,-83.06632797980986
42.57930827396397,-83.06634001545775
42.57930790748885,-83.06635199478026
42.57930754101249,-83.06636397410256
42.57930714227188,-83.06637700802743
42.57930677579291,-83.0663889873495
42.57930640758951,-83.06640102299765
42.57930604110804,-83.06641300231946
42.57930567462533,-83.06642498164108
42.579305275877765,-83.06643801556618
42.57930490939245,-83.06644999488753
42.57930454290587,-83.06646197420868
42.57930417469482,-83.06647400985712
42.57930380820574,-83.06648598917802
42.57930340945123,-83.06649902310335
42.57930304295956,-83.06651100242401
42.579302676466625,-83.06652298174447
42.57930230824915,-83.06653501739318
42.57930194175373,-83.0665469967134
42.579301544715605,-83.06655997431007
42.57930117649423,-83.0665720099589
42.579300809994955,-83.06658398927868
42.57930044177107,-83.06659602492769
42.57930007526928,-83.06660800424721
42.57929967822428,-83.06662098184313
42.579299309996486,-83.06663301749225
42.579298943490855,-83.06664499681133
42.579298576983966,-83.0666569761302
42.579298208752405,-83.06666901177945
42.57929781170051,-83.06668198937462
42.57929744346632,-83.06669402502403
42.57929707695432,-83.06670600434241
42.57929671044109,-83.06671798366058
42.57929631166017,-83.06673101758663
42.57929594514433,-83.06674299690455
42.57929557862724,-83.06675497622227
42.579295210385375,-83.06676701187193
42.57929484386578,-83.06677899118941
42.57929444507792,-83.06679202511567
42.57929407855572,-83.06680400443291
42.579293712032275,-83.06681598374993
42.57929334378399,-83.06682801939986
42.579292977258035,-83.06683999871666
42.57929258018685,-83.06685297630959
42.57929221193468,-83.06686501195969
42.579291845404875,-83.06687699127602
42.579291477150164,-83.06688902692625
42.579291110617866,-83.06690100624235
42.5792907135398,-83.06691398383454
42.5792903452812,-83.0669260194849
42.57928997874505,-83.06693799880053
42.579289612207646,-83.06694997811597
42.579289243945276,-83.06696201376647
42.579288846860315,-83.0669749913579
42.57928847859531,-83.06698702700854
42.5792881120528,-83.06699900632348
42.579287745509035,-83.06701098563823
42.57928737724025,-83.06702302128902
42.5792869801484,-83.06703599887972
42.5792866136008,-83.06704797819398
42.57928624532812,-83.06706001384488
42.579285878778,-83.06707199315892
42.5792855105028,-83.06708402880997
42.57928511340407,-83.06709700639993
42.57928474685011,-83.06710898571352
42.57928437857101,-83.0671210213647
42.57928401201454,-83.06713300067804
42.579283614910295,-83.06714597826726
42.579283246627305,-83.0671580139186
42.57928288006699,-83.06716999323147
42.57928251350542,-83.06718197254415
42.57928214521865,-83.0671940081956
42.57928174810752,-83.06720698578408
42.57928137981812,-83.06721902143568
42.57928101325144,-83.06723100074788
42.57928064668352,-83.06724298005987
42.579280278390335,-83.0672550157116
42.57927988127232,-83.06726799329931
42.579279514700545,-83.06727997261082
42.579279146403465,-83.06729200826268
42.57927877982918,-83.067303987574
42.579278411529586,-83.06731602322601
42.57927798331472,-83.06732899898223
42.57927758723727,-83.06734097482229
42.57927718914525,-83.06735301153753
42.57927679306531,-83.0673649873773
42.579276394970755,-83.06737702409266
42.57927599888832,-83.06738899993219
42.57927560280463,-83.06740097577148
42.579275171699145,-83.06741401047351
42.57927477561285,-83.06742598631251
42.57927437751188,-83.06743802302806
42.579273981423086,-83.06744999886679
42.57927358533305,-83.06746197470534
42.57927318722829,-83.06747401142096
42.57927275812798,-83.06748698524571
42.57927236002058,-83.06749902196145
42.57927196392544,-83.06751099779943
42.57927156782905,-83.06752297363715
42.57927116971788,-83.067535010353
42.57927077361899,-83.06754698619046
42.57927037550529,-83.0675590229064
42.579269946395385,-83.06757199673002
42.579269550292636,-83.06758397256698
42.579269152175044,-83.06759600928301
42.579268756069794,-83.06760798511971
42.57926835794969,-83.06762002183584
42.57926796184195,-83.06763199767225
42.5792675327238,-83.06764497149479
42.579267134599796,-83.067657008211
42.579266738488194,-83.06766898404692
42.57926634036168,-83.06768102076323
42.57926594424757,-83.06769299659891
42.579265548132234,-83.06770497243431
42.5792651500019,-83.06771700915073
42.57926472087418,-83.06772998297214
42.579264322741224,-83.06774201968865
42.57926392662078,-83.06775399552352
42.57926353049909,-83.06776597135817
42.57926313236235,-83.06777800807477
42.57926273623815,-83.06778998390914
42.57926230508837,-83.06780301861205
42.57926190896157,-83.06781499444614
42.579261512833526,-83.06782697028
42.57926111469037,-83.0678390069968
42.579260718559816,-83.06785098283041
42.57926032041414,-83.06786301954733
42.57925992428109,-83.06787499538066
42.579259495135545,-83.06788796919982
42.57925909698598,-83.06790000591683
42.579258700849074,-83.06791198174966
42.57925830269698,-83.06792401846675
42.579257852325945,-83.06793598974502
42.57925739906973,-83.06794802771282
42.579256910865965,-83.0679609938102
42.57925645760713,-83.06797303177805
42.57925600695494,-83.06798500048298
42.579255556301526,-83.06799696918766
42.579255103038896,-83.06800900715548
42.57925461482825,-83.06802197325186
42.57925416156299,-83.06803401121974
42.57925371090447,-83.06804597992372
42.57925325763669,-83.06805801789166
42.57925280697565,-83.06806998659533
42.57925231615009,-83.06808302195527
42.57925186548646,-83.06809499065858
42.579251412213516,-83.06810702862661
42.57925096154739,-83.0681189973296
42.57925051088002,-83.06813096603234
42.57925005760328,-83.06814300400038
42.579249569377545,-83.06815597009461
42.57924911609817,-83.06816800806268
42.57924866542571,-83.06817997676472
42.57924821214381,-83.06819201473284
42.57924776146884,-83.06820398343456
42.57924727062801,-83.06821701879454
42.579246819950434,-83.06822898749591
42.57924636666337,-83.06824102546413
42.5792459159833,-83.06825299416516
42.57924546269372,-83.06826503213344
42.57924501201114,-83.06827700083414
42.5792445237703,-83.0682899669263
42.57924407047682,-83.06830200489456
42.5792436197904,-83.06831397359467
42.5792431664944,-83.06832601156296
42.57924271580549,-83.06833798026275
42.57924222706704,-83.06835101569942
42.579241778376876,-83.06836298467692
42.57924132710023,-83.06837502261585
42.57924084101646,-83.06838798900779
42.57924038973719,-83.06840002694673
42.57923994104191,-83.06841199592358
42.57923948976011,-83.06842403386258
42.57923900367082,-83.06843700025381
42.579238554971695,-83.06844896923003
42.579238103686016,-83.06846100716903
42.57923761759254,-83.06847397355959
42.579237166304225,-83.06848601149862
42.57923671760001,-83.06849798047419
42.57923626630916,-83.0685100184133
42.57923578021016,-83.06852298480311
42.57923532891669,-83.06853502274227
42.57923488020737,-83.06854699171716
42.57923439151875,-83.06856002707093
42.57923394280683,-83.06857199604546
42.5792334915082,-83.06858403398472
42.57923304279378,-83.06859600295894
42.579232556685085,-83.06860896934737
42.57923210538255,-83.06862100728661
42.5792316566643,-83.06863297626022
42.57923116796588,-83.06864601161396
42.57923071924501,-83.06865798058722
42.57923026793732,-83.06867001852656
42.5792297846268,-83.06868298747304
42.579229405049965,-83.0686950235594
42.579229027302816,-83.06870700158805
42.57922864955442,-83.06871897961649
42.5792282384946,-83.06873201387198
42.5792278607436,-83.06874399190015
42.579227481160345,-83.06875602798675
42.57922710340684,-83.06876800601471
42.579226694172476,-83.06878098221138
42.579226314585334,-83.06879301829808
42.579225936827974,-83.06880499632554
42.579225527589436,-83.0688179725217
42.57922514799841,-83.06883000860853
42.5792247702372,-83.0688419866355
42.57922439064363,-83.06885402272246
42.57922398139957,-83.06886699891805
42.5792236036345,-83.06887897694456
42.57922322403706,-83.06889101303163
42.579222814788814,-83.06890398922673
42.57922243518874,-83.06891602531394
42.579222057418576,-83.0689280033399
42.57922167964715,-83.0689399813657
42.57922126856217,-83.0689530156218
42.579220890788164,-83.06896499364731
42.57922051301289,-83.06897697167261
42.5792201019237,-83.0689900059288
42.57921972414584,-83.06900198395381
42.57921934453545,-83.06901402004137
42.57921896675508,-83.06902599806615
42.5792185574916,-83.06903897425943
42.57921817787733,-83.0690510103471
42.5792178000931,-83.06906298837139
42.5792174204763,-83.06907502445922
42.57921701120729,-83.06908800065193
42.57921663341921,-83.06909997867575
42.57921625379852,-83.06911201476369
42.57921584452534,-83.06912499095587
42.57921546490202,-83.06913702704394
42.579215087108835,-83.06914900506725
42.5792147093144,-83.06916098309034
42.57921429820427,-83.0691740173471
42.57921392040723,-83.06918599536992
42.57921354260894,-83.06919797339256
42.5792131314946,-83.06921100764936
42.57921275369371,-83.0692229856717
42.57921237406008,-83.06923502176015
42.579211996256696,-83.06924699978225
42.57921158696828,-83.06925997597261
42.579211207330765,-83.06927201206113
42.57921082952351,-83.06928399008275
42.579210418399384,-83.0692970243399
42.57921004058952,-83.06930900236125
42.57920966277843,-83.0693209803824
42.579209283134496,-83.06933301647118
42.57920887383638,-83.06934599266047
42.579208494189814,-83.06935802874938
42.57920811637361,-83.06937000677006
42.57920773855616,-83.06938198479047
42.57920732742086,-83.06939501904783
42.5792069496008,-83.069406997068
42.57920657177951,-83.06941897508794
42.57920616064,-83.06943200934539
42.57920578281608,-83.06944398736506
42.57920540315922,-83.06945602345435
42.57920502533281,-83.06946800147378
42.57920461601946,-83.06948097766124
42.579204236358706,-83.06949301375062
42.57920385852844,-83.0695049917696
42.57920344737914,-83.06951802602734
42.579203069546274,-83.06953000404603
42.579202691712155,-83.06954198206451
42.579202312044984,-83.06955401815414
42.57920190571655,-83.0695669945562
42.57920153072272,-83.06957897290448
42.57920115392333,-83.0695910088874
42.57920077892702,-83.06960298723543
42.57920037087524,-83.0696160214141
42.57919999587631,-83.06962799976189
42.57919962087613,-83.06963997810948
42.57919924407033,-83.06965201409263
42.57919883781738,-83.06966499063554
42.57919846100894,-83.06967702661885
42.579198086003665,-83.06968900496591
42.57919771099712,-83.06970098331274
42.5791973029342,-83.06971401749173
42.57919692792507,-83.06972599583831
42.57919655291468,-83.06973797418469
42.57919614484755,-83.06975100836372
42.57919576983456,-83.06976298670983
42.57919539301582,-83.0697750226935
42.579195018000334,-83.06978700103939
42.57919461173214,-83.0697999775805
42.57919423490951,-83.06981201356429
42.57919385989017,-83.06982399190967
42.579193483065005,-83.06983602789359
42.579193076791285,-83.06984900443419
42.579192701768086,-83.0698609827791
42.57919232493905,-83.06987301876313
42.579191949913344,-83.0698849971078
42.57919154363411,-83.06989797364764
42.57919116680117,-83.06991000963178
42.57919079177163,-83.069921987976
42.57919041493616,-83.06993402396029
42.57919000865137,-83.06994700049958
42.57918963361798,-83.0699589788433
42.579189256778626,-83.0699710148277
42.57918888174272,-83.0699829931712
42.57918847364769,-83.06999602735104
42.57918809860918,-83.07000800569426
42.579187723569426,-83.07001998403727
42.57918734672366,-83.07003202002193
42.57918694042781,-83.07004499655993
42.57918656538421,-83.07005697490249
42.57918618853455,-83.07006901088725
42.579185813488444,-83.07008098922955
42.579185405382255,-83.07009402340965
42.579185030333534,-83.07010600175168
42.57918465528357,-83.0701179800935
42.57918427842751,-83.07013001607854
42.579183872120616,-83.07014299261525
42.57918349526191,-83.07015502860041
42.579183120206835,-83.07016700694173
42.579182713895776,-83.07017998347791
