42.61390689898653,-83.02181721049743
42.61389926545188,-83.02181044683674
42.61389199686317,-83.02180400653671
42.613884026615544,-83.02179694453706
42.61387675802558,-83.02179050423973
42.6138691244882,-83.02178374058457
42.61386115423846,-83.02177667858933
42.613853885646584,-83.02177023829607
42.61384591539543,-83.02176317630376
42.61383898351401,-83.02175703435442
42.61383101326147,-83.021749972365
42.61382304300818,-83.02174291037713
42.61381611112492,-83.02173676843162
42.61380814087026,-83.0217297064466
42.613800872273984,-83.02172326616271
42.613792902017906,-83.02171620418066
42.61378526847293,-83.02170944054085
42.613777999874756,-83.02170300026101
42.613770029616546,-83.02169593828334
42.613762761017114,-83.02168949800621
42.61375512746942,-83.02168273437194
42.61374715720908,-83.02167567239867
42.613739888607746,-83.02166923212559
42.61373191834602,-83.02166217015528
42.61372498645539,-83.02165602822504
42.613717016192275,-83.0216489662576
42.61370904592841,-83.02164190429171
42.61370211403594,-83.0216357623653
42.6136941437707,-83.02162870040227
42.61368687516494,-83.02162226013857
42.61367890489829,-83.0216151981785
42.613671271343016,-83.02160843455957
42.613664002735355,-83.02160199429993
42.61365603246658,-83.02159493234424
42.613648763857654,-83.0215884920873
42.61364113029966,-83.0215817284739
42.61363316002876,-83.02157466652264
42.613625891417925,-83.02156822626974
42.61361792077865,-83.02156116615231
42.61361097533549,-83.0215550517293
42.61360298970929,-83.02154802158287
42.61359500408236,-83.021540991438
42.61358805863736,-83.02153487701884
42.61358007300906,-83.02152784687681
42.61357208738002,-83.02152081673634
42.613564806099745,-83.02151440667048
42.61355715630278,-83.02150767218338
42.61354917067164,-83.0215006420473
42.613541889389474,-83.02149423198549
42.613533903756924,-83.02148720185235
42.61352625395719,-83.0214804673709
42.613518972673134,-83.02147405731314
42.6135109870385,-83.0214670271844
42.613503001403124,-83.02145999705724
42.61349605595076,-83.02145388265342
42.613488070314,-83.0214468525291
42.6134804,-83.02144009999999
42.61347195102901,-83.02143412791892
42.61346414829705,-83.0214286126279
42.61345604426696,-83.02142288436865
42.613447940236384,-83.02141715611076
42.61344013750295,-83.0214116408235
42.61343203347137,-83.02140591256821
42.613423929439286,-83.02140018431426
42.613416126704394,-83.0213946690308
42.613408022671294,-83.02138894077946
42.613399918637704,-83.02138321252946
42.61339211590134,-83.0213776972498
42.61338401186675,-83.02137196900242
42.61337590783167,-83.02136624075636
42.61336810509382,-83.02136072548049
42.613360001057735,-83.02135499723705
42.613351897021154,-83.02134926899495
42.61334409428183,-83.02134375372287
42.61333599024423,-83.02133802548339
42.61332788620615,-83.02133229724524
42.61332008346537,-83.02132678197694
42.61331197942627,-83.0213210537414
42.613303875386684,-83.02131532550723
42.61329607264443,-83.02130981024271
42.61328796860383,-83.02130408201114
42.61327986456274,-83.0212983537809
42.61327206181902,-83.02129283852017
42.61326395777691,-83.02128711029255
42.613255853734316,-83.02128138206628
42.61324805098912,-83.02127586680933
42.61323994694553,-83.02127013858566
42.61323184290143,-83.02126441036334
42.61322404015476,-83.02125889511018
42.613215936109654,-83.02125316689046
42.613207832270795,-83.0212474380734
42.61320002976603,-83.02124192225742
42.613191925939624,-83.02123619343014
42.61318382211272,-83.0212304646042
42.61317601960648,-83.02122494879201
42.613167915778575,-83.02121921996869
42.61315981195017,-83.02121349114668
42.61315200944245,-83.02120797533829
42.61314390561306,-83.02120224651891
42.61313580178315,-83.02119651770087
42.61312799927397,-83.02119100189626
42.61311989544307,-83.02118527308085
42.6131120929329,-83.02117975727874
42.613103989100985,-83.02117402846592
42.613095885268585,-83.02116829965446
42.61308808275696,-83.02116278385614
42.61307997892355,-83.0211570550473
42.613071875089645,-83.02115132623979
42.613064072576535,-83.02114581044525
42.61305596874163,-83.02114008164035
42.613047864906214,-83.02113435283678
42.61304006239164,-83.02112883704604
42.613031958555226,-83.02112310824509
42.61302385471832,-83.02111737944549
42.613016052202276,-83.02111186365853
42.61300794836436,-83.02110613486154
42.61299984452594,-83.02110040606588
42.61299204200843,-83.02109489028273
42.612983938169016,-83.02108916148968
42.61297583432909,-83.02108343269798
42.612968031810105,-83.02107791691861
42.61295992796919,-83.02107218812952
42.61295182412778,-83.02106645934175
42.61294402160732,-83.02106094356618
42.612935917764894,-83.02105521478104
42.612928115243456,-83.02104969900797
42.61292001140004,-83.02104397022545
42.61291190755613,-83.02103824144427
42.612904105033216,-83.02103272567498
42.612896001188304,-83.02102699689642
42.612887897342866,-83.02102126811917
42.61288009481849,-83.02101575235368
42.61287199097208,-83.02101002357908
42.61286388712515,-83.02100429480579
42.61285608459931,-83.02099877904409
42.612847980751376,-83.02099305027342
42.61283987690296,-83.02098732150411
42.61283207437563,-83.02098180574617
42.612823970526215,-83.02097607697947
42.61281586667628,-83.0209703482141
42.612808064147494,-83.02096483245997
42.612799960296556,-83.02095910369722
42.61279185644513,-83.0209533749358
42.61278405391487,-83.02094785918545
42.61277595006244,-83.02094213042665
42.61276784620951,-83.0209364016692
42.61276004367778,-83.02093088592262
42.61275193982384,-83.02092515716778
42.61274413729114,-83.02091964142373
42.61273603343621,-83.0209139126715
42.61272792958077,-83.0209081839206
42.61272012704659,-83.02090266818034
42.612712023190156,-83.02089693943206
42.61270391933322,-83.02089121068512
42.61269611679758,-83.02088569494866
42.61268801293963,-83.02087996620432
42.612679909081194,-83.02087423746134
42.61267210654408,-83.02086872172866
42.61266400268464,-83.02086299298828
42.61265589882469,-83.02085726424924
42.61264809628611,-83.02085174852036
42.612639992425166,-83.02084601978395
42.61263188856372,-83.02084029104883
42.61262408602365,-83.02083477532375
42.61261598216122,-83.02082904659127
42.61260787829826,-83.02082331786015
42.612600075756745,-83.02081780213884
42.6125919718928,-83.02081207341031
42.612583868028345,-83.02080634468314
42.61257606548535,-83.0208008289656
42.612567961619895,-83.02079510024105
42.61256015907593,-83.02078958452601
42.61255205520948,-83.02078385580408
42.61254395134252,-83.02077812708346
42.61253614879707,-83.02077261137224
42.61252804492912,-83.02076688265423
42.61251994106067,-83.02076115393758
42.61251213851376,-83.02075563823016
42.61250403464431,-83.0207499095161
42.61249593077435,-83.02074418080339
42.612488128225955,-83.02073866509974
42.612480024355015,-83.02073293638965
42.61247192048355,-83.0207272076809
42.6124641179337,-83.02072169198105
42.61245601406123,-83.02071596327491
42.612447910188266,-83.0207102345701
42.61244010763694,-83.02070471887403
42.612432003762976,-83.02069899017185
42.612423899888526,-83.020693261471
42.612416097335725,-83.02068774577872
42.61240799346026,-83.02068201708049
42.61239988958428,-83.0206762883836
42.612392087030024,-83.02067077269508
42.61238398315306,-83.02066504400082
42.612376180597806,-83.02065952831482
42.61236807671985,-83.02065379962316
42.61235997284138,-83.02064807093284
42.61235217028467,-83.02064255525065
42.61234406640521,-83.02063682656294
42.612335962525236,-83.02063109787656
42.61232815996704,-83.02062558219815
42.61232005608608,-83.0206198535144
42.612311952239665,-83.02061412445484
42.612304153855156,-83.02060859908116
42.61229605375168,-83.02060285993281
42.61228795364769,-83.0205971207858
42.6122801552617,-83.02059159541591
42.612272055156716,-83.02058585627151
42.61226395505122,-83.02058011712846
42.612256156663754,-83.02057459176237
42.61224805655726,-83.02056885262192
42.61223995645026,-83.02056311348282
42.61223215806132,-83.02055758812051
42.61222405795331,-83.02055184898403
42.61221595784481,-83.0205461098489
42.61220815945439,-83.02054058449038
42.61220005934488,-83.02053484535786
42.61219195923486,-83.02052910622666
42.61218416084298,-83.02052358087195
42.61217606073196,-83.02051784174337
42.612167960620425,-83.02051210261614
42.61216016222707,-83.02050657726521
42.61215206211453,-83.02050083814059
42.6121439620015,-83.02049509901731
42.61213616360666,-83.02048957367018
42.61212884971788,-83.02048439160846
42.6121207496034,-83.020478652489
42.61211295120712,-83.02047312714554
42.612104851091644,-83.02046738802872
42.6120970526944,-83.02046186268775
42.612088952577906,-83.02045612357354
42.61208085246093,-83.02045038446067
42.6120730540622,-83.0204448591235
42.612064953944206,-83.02043912001325
42.61205685382569,-83.02043338090434
42.6120490554255,-83.02042785557094
42.612040955306,-83.02042211646466
42.612032855185994,-83.0204163773597
42.61202505678431,-83.02041085203011
42.612016956663304,-83.02040511292778
42.612008856541784,-83.02039937382676
42.612001058138645,-83.02039384850096
42.61199295801612,-83.02038810940257
42.6119848578931,-83.02038237030553
42.611977059488474,-83.02037684498352
42.61196895936445,-83.0203711058891
42.61196085923991,-83.020365366796
42.61195306083382,-83.0203598414778
42.61194496070828,-83.02035410238732
42.61193686058223,-83.02034836329817
42.61192906217466,-83.02034283798376
42.61192096204762,-83.02033709889723
42.61191286192007,-83.02033135981205
42.611905063511024,-83.02032583450142
42.61189696338247,-83.02032009541887
42.611888863253405,-83.02031435633762
42.61188106484288,-83.02030883103079
42.61187296471283,-83.02030309195219
42.611864864582266,-83.02029735287492
42.61185706617026,-83.02029182757188
42.6118489660387,-83.02028608849722
42.61184086590662,-83.02028034942391
42.611833067493144,-83.02027482412464
42.61182496736007,-83.02026908505395
42.6118168672265,-83.02026334598459
42.611809068811546,-83.02025782068914
42.61180096867695,-83.02025208162239
42.611792868541876,-83.02024634255699
42.61178507012545,-83.02024081726532
42.61177696998936,-83.02023507820253
42.61176917157195,-83.02022955291336
42.611761071434856,-83.02022381385319
42.61175297129726,-83.02021807479437
42.61174517287837,-83.020212549509
42.61173707273977,-83.02020681045279
42.61172897260067,-83.0202010713979
42.6117211741803,-83.02019554611633
42.6117130740402,-83.02018980706409
42.611704973899585,-83.02018406801315
42.61169717547775,-83.02017854273537
42.61168907533613,-83.02017280368706
42.61168097519401,-83.02016706464009
42.61167317677071,-83.02016153936611
42.611665076627595,-83.02015580032176
42.61165697648396,-83.02015006127876
42.61164917805917,-83.02014453600854
42.61164107791454,-83.02013879696817
42.611632977769396,-83.02013305792912
42.61162517934313,-83.02012753266268
42.61161707919699,-83.02012179362626
42.61160897905036,-83.02011605459117
42.611601180622614,-83.02011052932855
42.61159308047496,-83.02010479029606
42.61158498032682,-83.02009905126492
42.61157718189761,-83.0200935260061
42.611569081748456,-83.02008778697757
42.61156098159879,-83.0200820479504
42.6115531831681,-83.02007652269535
42.61154508301744,-83.02007078367077
42.611537769095584,-83.02006560169737
42.61152997066346,-83.02006007644599
42.61152187051135,-83.02005433742526
42.61151377035875,-83.02004859840585
42.611505971925155,-83.02004307315829
42.611497871771526,-83.0200373341415
42.611489771617414,-83.02003159512607
42.611481973182336,-83.02002606988226
42.61147387302721,-83.02002033086944
42.611465772871576,-83.02001459185796
42.61145797443503,-83.02000906661794
42.61144987427839,-83.02000332760909
42.61144207584087,-83.01999780237159
42.61143397568325,-83.01999206336536
42.61142587552511,-83.01998632436045
42.61141796701402,-83.0199810922002
42.61141004924642,-83.01997586234972
42.61140184209751,-83.01997044135844
42.61139392432903,-83.01996521151041
42.611386006560124,-83.01995998166359
42.61137808879077,-83.01995475181798
42.61136988164009,-83.01994933083172
42.61136196386986,-83.01994410098855
42.61135404609921,-83.01993887114658
42.611346128328115,-83.0199336413058
42.61133792117565,-83.0199282203246
42.61133000340368,-83.01992299048628
42.61132208563127,-83.01991776064916
42.61131416785844,-83.01991253081324
42.61130596820526,-83.01990707894889
42.6112979521562,-83.01990111879996
42.61129024602973,-83.01989538908855
42.611282229979615,-83.01988942894228
42.61127421392893,-83.01988346879739
42.61126696744175,-83.01987808084473
42.611258951390035,-83.01987212070243
42.61125093533778,-83.01986616056148
42.61124291928497,-83.01986020042189
42.61123490323163,-83.01985424028365
42.611226887177736,-83.01984828014676
42.61121887112329,-83.01984232001125
42.61121085506831,-83.01983635987709
42.61120283901278,-83.0198303997443
42.611194822956705,-83.01982443961283
42.61118680690007,-83.01981847948277
42.61117898125612,-83.01981304992663
42.61117005220132,-83.01980686095541
42.61116191665837,-83.01980122199062
42.61115407902221,-83.01979578951466
42.611145943478306,-83.01979015055245
42.611138105841206,-83.01978471807898
42.611129970296325,-83.01977907911939
42.61112183475096,-83.01977344016113
42.61111320359965,-83.01976745768731
42.61110506805327,-83.01976181873177
42.61109693250639,-83.01975617977754
42.61108909486637,-83.01975074731172
42.611080959318535,-83.01974510836011
42.6110728237702,-83.01973946940981
42.61106498612877,-83.01973403694774
42.61105678518461,-83.01972859992728
42.61104886874388,-83.0197233665665
42.611040952302716,-83.01971813320694
42.61103303586113,-83.01971289984859
42.61102482988561,-83.01970747508827
42.61101691344313,-83.01970224173235
42.61100899700023,-83.01969700837765
42.61100108055688,-83.01969177502413
42.61099287457958,-83.01968635026887
42.61098495813536,-83.01968111691781
42.6109770416907,-83.01967588356794
42.61096912524561,-83.01967065021927
42.61096091926653,-83.01966522546907
42.610953002820565,-83.01965999212285
42.61094509050151,-83.0196547563402
42.61093693829995,-83.01964916611682
42.61092908212578,-83.0196437788904
42.61092092992327,-83.01963818866962
42.610913073748165,-83.01963280144567
42.61090492154471,-83.01962721122749
42.61089706536867,-83.01962182400601
42.61088891316425,-83.01961623379042
42.610881056987296,-83.01961084657142
42.61087290478193,-83.01960525635842
42.61086504860403,-83.01959986914193
42.61085689639773,-83.0195942789315
42.61084904021888,-83.01958889171749
42.61084088801163,-83.01958330150964
42.61083303183187,-83.01957791429811
42.61082487962366,-83.01957232409286
42.61081622643785,-83.01956639035457
42.61080807422862,-83.01956080015202
42.61080021804695,-83.01955541294556
42.61079206583678,-83.01954982274563
42.61078391362613,-83.01954423254699
42.61077605744306,-83.01953884534429
42.61076790523146,-83.01953325514826
42.61076004904745,-83.01952786794803
42.6107518968349,-83.01952227775459
42.610744040649955,-83.01951689055684
42.610735888436466,-83.01951130036599
42.61072803225059,-83.01950591317075
42.610719880036136,-83.01950032298247
42.61071202384934,-83.01949493578971
42.61070387163393,-83.019489345604
42.6106960154462,-83.01948395841372
42.61068786322985,-83.01947836823062
42.610680007041175,-83.01947298104282
42.61067185482388,-83.0194673908623
42.61066399863428,-83.01946200367699
42.61065504940986,-83.01945586697228
42.61064719321927,-83.01945047978958
42.61063904100001,-83.01944488961435
42.6106311848085,-83.01943950243412
42.61062303258829,-83.01943391226149
42.610615176395854,-83.01942852508375
42.6106070241747,-83.0194229349137
42.61059916798132,-83.01941754773844
42.610591015759205,-83.01941195757098
42.61058286353661,-83.01940636740486
42.61057500734183,-83.01940098023333
42.6105668551183,-83.01939539006979
42.61055899892259,-83.01939000290078
42.61055084669809,-83.0193844127398
42.61054299050145,-83.01937902557326
42.61053483827601,-83.01937343541489
42.61052698207843,-83.01936804825081
42.61051882985203,-83.01936245809503
42.61051097365355,-83.01935707093345
42.6105028214262,-83.01935148078026
42.61049416821954,-83.01934554709686
42.61048601599119,-83.01933995694637
42.61047815979077,-83.01933456978989
42.61047000756149,-83.01932897964198
42.610462151360124,-83.01932359248796
42.610453999129874,-83.01931800234266
42.61044614292761,-83.01931261519114
42.61043799091154,-83.01930702412325
42.61043015940395,-83.01930157689864
42.61042202937273,-83.0192959220368
42.61041389934101,-83.01929026717632
42.61040606783198,-83.01928481995547
42.610397937799306,-83.0192791650976
42.61039010628931,-83.01927371787924
42.61038197625565,-83.01926806302396
42.61037414474472,-83.0192626158081
42.61036601471009,-83.01925696095542
42.610358183198194,-83.01925151374206
42.610350053162605,-83.01924585889198
42.610341923126505,-83.01924020404323
42.61033409161317,-83.01923475683364
42.610325961576116,-83.01922910198748
42.610318130061835,-83.01922365478039
42.610310000023794,-83.01921799993683
42.61030216850856,-83.01921255273224
42.61029403846956,-83.0192068978913
42.61028620695338,-83.0192014506892
42.61027807691339,-83.01919579585083
42.610271037758835,-83.01919089977773
42.61026290771793,-83.01918524494185
42.61025477767655,-83.0191795901073
42.61024694615803,-83.01917414291135
42.61023881611566,-83.0191684880794
42.61023098459619,-83.01916304088594
42.61022285455286,-83.01915738605659
42.61021502303243,-83.01915193886562
42.61020689298812,-83.01914628403888
42.610199061466744,-83.01914083685041
42.61019093142146,-83.01913518202626
42.610182801375686,-83.01912952720346
42.61017496985287,-83.01912408001874
42.61016683980614,-83.01911842519853
42.610159008282366,-83.01911297801632
42.61015087823465,-83.01910732319871
42.610143046709936,-83.01910187601901
42.61013491666124,-83.019096221204
42.610127085135574,-83.01909077402678
42.6101189550859,-83.01908511921437
42.610111123559285,-83.01907967203964
42.61010299350865,-83.01907401722983
42.610094863457526,-83.01906836242136
42.61008703192947,-83.0190629152504
42.610078901877365,-83.01905726044453
42.610071070348354,-83.01905181327606
42.61006294047521,-83.01904615881047
42.61005509993591,-83.01904073337377
42.61004696177217,-83.0190351019908
42.61003912123193,-83.01902967655658
42.61003098306721,-83.0190240451762
42.610023142526025,-83.01901861974449
42.610015004360356,-83.0190129883667
42.610007163818224,-83.01900756293746
42.60999902565158,-83.01900193156229
42.609991979161386,-83.01899705559687
42.609983840993834,-83.01899142422414
42.60997600044987,-83.01898599879978
42.60996786228136,-83.01898036742966
42.609960021736434,-83.01897494200779
42.60995188356696,-83.01896931064026
42.609944043021095,-83.01896388522087
42.60993590485065,-83.01895825385594
42.609928064303844,-83.01895282843904
42.60991992613244,-83.01894719707673
42.60991208558468,-83.01894177166231
42.60990394741231,-83.01893614030257
42.60989610686362,-83.01893071489066
42.60988796869028,-83.01892508353353
42.60988012814064,-83.01891965812409
42.609871989966344,-83.01891402676955
42.609864943469475,-83.018909150822
42.60985680529425,-83.01890351946992
42.60984896474278,-83.01889809406536
42.60984082656661,-83.0188924627159
42.60983298601419,-83.01888703731382
42.60982484783704,-83.01888140596695
42.609817007283674,-83.01887598056736
42.609808869105564,-83.01887034922308
42.60980102855125,-83.01886492382597
42.609792890372184,-83.0188592924843
42.60978504981693,-83.01885386708969
42.609776911636885,-83.01884823575061
42.609769071080684,-83.01884281035849
42.609760932899675,-83.018837179022
42.60975309234253,-83.0188317536324
42.60974604583943,-83.01882687770153
42.609737957440764,-83.01882110994748
42.6097298716154,-83.01881533166858
42.60972178578953,-83.018809553391
42.60971400317571,-83.01880399179586
42.60970591734884,-83.01879821352092
42.60969783152144,-83.01879243524732
42.609690048906124,-83.01878687365598
42.609681963077705,-83.01878109538501
42.60967387724878,-83.01877531711537
42.609666094631976,-83.01876975552784
42.609658008802036,-83.01876397726085
42.609649922971585,-83.01875819899517
42.60964214035327,-83.01875263741144
42.60963405452181,-83.0187468591484
42.60962596868983,-83.0187410808867
42.60961818607002,-83.01873551930676
42.609610883556655,-83.01873030081971
42.6096027977232,-83.01872452256185
42.60959501510195,-83.0187189609856
42.609586929267486,-83.01871318273038
42.6095788434325,-83.01870740447649
42.60957106080978,-83.01870184290402
42.60956297497378,-83.01869606465277
42.609554889137264,-83.01869028640284
42.60954710651303,-83.01868472483419
42.609539020675506,-83.01867894658689
42.609530934837466,-83.01867316834092
42.60952315221175,-83.01866760677608
42.60951506637269,-83.01866182853276
42.60950698053311,-83.01865605029076
42.6094991979059,-83.01865048872972
42.609491112065314,-83.01864471049035
42.60948380954473,-83.01863949202239
42.60947602691607,-83.01863393046501
42.60946794107401,-83.01862815222948
42.60945985523144,-83.0186223739953
42.60945207260128,-83.01861681244173
42.609443986757704,-83.0186110342102
42.60943590091361,-83.01860525597996
42.60942811828196,-83.01859969443021
42.60942003243684,-83.0185939162026
42.609411946591216,-83.01858813797635
42.60940416395807,-83.0185825764304
42.60939607811142,-83.01857679820677
42.609387992264274,-83.01857101998449
42.609380209629634,-83.01856545844232
42.60937212378146,-83.01855968022267
42.609364037932785,-83.01855390200434
42.60935703861803,-83.01854890023408
42.60934895276839,-83.01854312201827
42.60934086691823,-83.0185373438038
42.60933308428066,-83.01853178226911
42.609324998429486,-83.01852600405725
42.60931691257781,-83.01852022584674
42.609309129938744,-83.01851466431587
42.60930101074558,-83.01850897169044
42.6092928925877,-83.01850328298092
42.60928507425525,-83.01849780437233
42.60927695609637,-83.01849211566542
42.60926883793701,-83.01848642695984
42.609261019603096,-83.01848094835505
42.60925290144276,-83.01847525965208
42.60924508310787,-83.01846978104976
42.60923696494654,-83.0184640923494
42.609228846784724,-83.01845840365037
42.60922102844839,-83.01845292505183
42.609212910285564,-83.01844723635541
42.609205091948276,-83.0184417577594
42.60919697378449,-83.01843606906559
42.6091888556202,-83.0184303803731
42.60918103728145,-83.01842490178085
42.609172919116176,-83.01841921309098
42.60916480095041,-83.01841352440242
42.6091569826102,-83.01840804581396
42.609148864443455,-83.01840235712802
42.609141046102295,-83.01839687854206
42.60913292793455,-83.01839118985873
42.609124809766314,-83.01838550117674
42.6091169914237,-83.01838002259454
42.60910887325448,-83.01837433391516
42.60910105491091,-83.01836885533548
42.6090929367407,-83.01836316665869
42.60908481857,-83.01835747798324
42.609077000224964,-83.01835199940732
42.60906888205327,-83.01834631073449
42.6090607638811,-83.018340622063
42.609052945534614,-83.01833514349084
42.60904482736145,-83.01832945482195
42.60903700901401,-83.01832397625232
42.60902889083985,-83.01831828758603
42.609020772665204,-83.01831259892106
42.609012954316306,-83.0183071203552
42.609004836140684,-83.01830143169286
42.60899701779083,-83.01829595312951
42.60898810971179,-83.01828971096057
42.608979991534646,-83.0182840223023
42.608972173183275,-83.01827854374284
42.60896405500511,-83.01827285508716
42.6089562366528,-83.0182673765302
42.608948118473656,-83.01826168787713
42.60894000029402,-83.0182559992254
42.60893218194025,-83.01825052067223
42.60892406375962,-83.0182448320231
42.60891594557851,-83.0182391433753
42.60890812722328,-83.0182336648259
42.60890000904118,-83.0182279761807
42.60889219068499,-83.0182224976338
42.608884072501915,-83.01821680899123
42.60887595431833,-83.01821112034997
42.608868135960684,-83.01820564180686
42.6088600177761,-83.01819995316819
42.60885219941751,-83.01819447462758
42.60884408123196,-83.01818878599154
42.608835963045905,-83.01818309735685
42.608828144685866,-83.01817761882
42.608820026498826,-83.01817193018792
42.6088119083113,-83.01816624155715
42.608804089949786,-83.01816076302408
42.60879597176127,-83.01815507439593
42.608788153398805,-83.01814959586537
42.608780035209314,-83.01814390723982
42.60877191701931,-83.0181382186156
42.60876409865539,-83.01813274008882
42.608755980464416,-83.01812705146722
42.60874816209953,-83.01812157294292
42.60874004390757,-83.01811588432392
42.608731925715105,-83.01811019570626
42.60872410734877,-83.01810471718575
42.60871598915533,-83.0180990285707
42.60870817078803,-83.01809355005268
42.608700052593605,-83.01808786144024
42.60869193439868,-83.01808217282911
42.60868411602992,-83.01807669431489
42.60867599783401,-83.01807100570637
42.60866787963761,-83.0180653170992
42.60866006126741,-83.01805983858874
42.60865194307002,-83.01805414998418
42.608644124698856,-83.01804867147622
42.60863600650047,-83.01804298287426
42.60862788830161,-83.01803729427364
42.60862006992899,-83.01803181576946
42.60861195172913,-83.01802612717145
42.60860413335555,-83.01802064866975
42.60859601515471,-83.01801496007435
42.608587896953374,-83.01800927148027
42.60858007857835,-83.01800379298237
42.608571960376025,-83.0179981043909
42.608563842173204,-83.01799241580076
42.60855602379671,-83.01798693730663
42.608547905592914,-83.0179812487191
42.60854008721547,-83.01797577022748
42.60853196901068,-83.01797008164256
42.608523850805405,-83.01796439305897
42.60851603242651,-83.01795891457112
42.60850791422024,-83.01795322599014
42.60850009584038,-83.01794774750479
42.60849197763312,-83.01794205892641
42.60848385942538,-83.01793637034936
42.608476041044064,-83.0179308918678
42.60846792283534,-83.01792520329337
42.60846010445305,-83.0179197248143
42.60845198624334,-83.01791403624249
42.60844386803313,-83.01790834767198
42.608436077039116,-83.01790280028868
42.60842798534371,-83.01789703799405
42.60841989364779,-83.01789127570076
42.60841210457257,-83.01788572891263
42.60840401287566,-83.01787996662196
42.608395921178214,-83.01787420433264
42.608388132101524,-83.01786865754832
42.60838004040307,-83.01786289526162
42.60837303582183,-83.01785790713772
42.608364944122435,-83.01785214485352
42.608356852422524,-83.01784638257067
42.6083490633434,-83.01784083579251
42.608340971642484,-83.01783507351226
42.60833287994106,-83.01782931123336
42.60832509086045,-83.01782376445902
42.608316999158,-83.01781800218274
42.60830890745506,-83.0178122399078
42.60830111837296,-83.01780669313726
42.608293026668996,-83.01780093086492
42.60828523758591,-83.0177953840969
42.60827714588095,-83.01778962182719
42.60826983867263,-83.01778441821517
42.60826204958812,-83.01777887145082
42.608253957881686,-83.01777310918496
42.60824586617475,-83.01776734692044
42.60823807708873,-83.01776180015987
42.60822998538079,-83.01775603789798
42.60822189367233,-83.01775027563743
42.608214104584825,-83.01774472888066
42.60820601287535,-83.01773896662272
42.60819792116537,-83.01773320436612
42.60819013207639,-83.01772765761315
42.608182040365406,-83.01772189535917
42.60817503577326,-83.01771690726359
42.60816694406131,-83.01771114501211
42.608159058980725,-83.0177058378023
42.60815087492921,-83.01770034394616
42.60814298316381,-83.01769504629975
42.6081358951896,-83.0176902882299
42.608128003423346,-83.01768499058576
42.608120111656646,-83.01767969294283
42.608111927602906,-83.01767419909292
42.608104035835304,-83.01766890145245
42.60809694785916,-83.01766414338798
42.608089056090726,-83.0176588457498
42.60808116432184,-83.01765354811285
42.60807298026587,-83.01764805426913
42.60806589228817,-83.01764329620893
42.608058031107014,-83.0176379161543
42.60804987700878,-83.01763233150999
42.60804122135577,-83.0176264033586
42.60803306725655,-83.017620818717
42.608025208990036,-83.01761543668914
42.60801705488985,-83.01760985205011
42.608009196622426,-83.01760447002474
42.608001042521295,-83.01759888538831
42.60799318425291,-83.01759350336539
42.60798503015083,-83.01758791873154
42.60797717188154,-83.01758253671112
42.607969017778515,-83.01757695207986
42.6079611595083,-83.01757157006192
42.60795300540432,-83.01756598543325
42.607945147133144,-83.01756060341778
42.60793699302823,-83.0175550187917
42.607928838922824,-83.01754943416694
42.60792098065026,-83.01754405215522
42.607912826543924,-83.01753846753304
42.60790496827044,-83.01753308552381
42.60789681416313,-83.01752750090421
42.60788895588871,-83.01752211889746
42.60788080178045,-83.01751653428046
42.60787294350512,-83.01751115227619
42.60786478939591,-83.01750556766176
42.60785693111964,-83.01750018565998
42.60784877700949,-83.01749460104814
42.60784012134349,-83.01748867293101
42.60783196723234,-83.0174830883219
42.607824108954155,-83.01747770632518
42.60781595484206,-83.01747212171864
42.607808096562934,-83.01746673972443
42.607799943174115,-83.01746114932288
42.607792129393005,-83.01745565999053
42.607784015333294,-83.0174499597083
42.60777620155121,-83.01744447037844
42.607768087490506,-83.01743877009882
42.60775997342931,-83.01743306982053
42.60775215964577,-83.01742758049446
42.60774404558358,-83.01742188021878
42.60773593152089,-83.01741617994443
42.60772811773589,-83.01741069062213
42.60772000367223,-83.01740499035041
42.60771218988626,-83.01739950103062
42.607704075821594,-83.0173938007615
42.607695961756434,-83.0173881004937
42.60768814796901,-83.01738261117768
42.60768003390287,-83.0173769109125
42.6076719198362,-83.01737121064866
42.60766410604733,-83.01736572133643
42.60765599197969,-83.01736002107519
42.60764817818985,-83.01735453176548
42.60764006412123,-83.01734883150685
42.607631950052095,-83.01734313124955
42.607624136260796,-83.0173376419436
42.607616022190676,-83.01733194168892
42.607607908120066,-83.01732624143557
42.6076000943273,-83.0173207521334
42.6075919802557,-83.01731505188265
42.6075838661836,-83.01730935163326
42.6075760523894,-83.01730386233487
42.60756793831631,-83.01729816208807
42.607560124521115,-83.01729267279218
42.60755201044704,-83.01728697254799
42.60754389637246,-83.01728127230515
42.60753608257583,-83.01727578301305
42.607527968500264,-83.0172700827728
42.6075198544242,-83.01726438253388
42.607512040626105,-83.01725889324557
42.60750392654904,-83.01725319300927
42.60749611274999,-83.01724770372346
42.60748799867195,-83.01724200348977
42.60747988459342,-83.0172363032574
42.60747207079289,-83.01723081397537
42.60746395671336,-83.01722511374562
42.607455842633335,-83.01721941351721
42.60744802883136,-83.01721392423894
42.60743991475035,-83.01720822401315
42.607432100947406,-83.01720273473738
42.607423986865406,-83.0171970345142
42.6074158727829,-83.01719133429233
42.60740805897849,-83.01718584502035
42.607399944895,-83.0171801448011
42.607392032520266,-83.01717490813712
42.60738409807455,-83.01716972296022
42.60737587613077,-83.0171643499043
42.607367941684174,-83.01715916472985
42.60736000723716,-83.01715397955657
42.60735207278971,-83.0171487943845
42.60734413834183,-83.01714360921362
42.607335916395876,-83.01713823616397
42.60732798194714,-83.01713305099551
42.60732004749798,-83.01712786582827
42.607312113048394,-83.01712268066221
42.60730389110068,-83.01711730761758
42.60729595665022,-83.01711212245395
42.60728802219935,-83.01710693729153
42.60728008774804,-83.0171017521303
42.60727215329633,-83.0170965669703
42.60726393134642,-83.0170911939319
42.60725599689383,-83.0170860087743
42.6072480624408,-83.01708082361792
42.60724012798735,-83.0170756384627
42.60723190603571,-83.01707026542935
42.6072239715814,-83.0170650802766
42.607216037126655,-83.01705989512502
42.60720810267149,-83.01705470997463
42.607200168215904,-83.01704952482545
42.607192076139384,-83.01704380470926
42.60718400236593,-83.0170379939316
42.607175928591964,-83.01703218315528
42.6071681592666,-83.0170265914953
42.6071600854916,-83.01702078072161
42.60715201171609,-83.01701496994927
42.60714424238921,-83.0170093782931
42.607136168612676,-83.01700356752337
42.607128094835616,-83.016997756755
42.60712002105804,-83.01699194598798
42.60711225172914,-83.01698635433691
42.60710417795053,-83.01698054357252
42.60709610417141,-83.01697473280947
42.60708833484101,-83.0169691411622
42.60708026106086,-83.01696333040178
42.60707218728019,-83.01695751964272
42.60706411349901,-83.01695170888499
42.60705712505236,-83.01694667925163
42.60704905127021,-83.0169408684964
42.60704097748753,-83.01693505774253
42.60703320815364,-83.01692946610403
42.607025134369934,-83.0169236553528
42.607017060585726,-83.0169178446029
42.60700898680098,-83.01691203385434
42.607001217465076,-83.01690644222094
42.60699314367932,-83.01690063147502
42.60698506989303,-83.01689482073044
42.60697730055562,-83.01688922910087
42.6069692267683,-83.0168834183589
42.606961152980475,-83.01687760761831
42.60695338364154,-83.01687201599253
42.606945309852684,-83.01686620525456
42.60693832139937,-83.01686117563828
42.60693024760954,-83.01685536490281
42.60692295470593,-83.0168501161754
42.60691518536459,-83.01684452455574
42.60690711157328,-83.01683871382411
42.606900123117825,-83.01683368421332
42.60689204932553,-83.01682787348422
42.606885060869246,-83.0168228438756
42.60687698707599,-83.016817033149
42.606869173502204,-83.01681152584867
42.60686180040542,-83.01680654545724
42.60685391889578,-83.01680122164373
42.60684603738568,-83.01679589783143
42.606837862474364,-83.0167903758337
42.60682998096335,-83.01678505202388
42.60682209945189,-83.01677972821524
42.606813924539175,-83.01677420622134
42.60680604302681,-83.01676888241518
42.60679816151399,-83.01676355861025
42.60679078841356,-83.01675857822912
42.606782873627594,-83.01675335688027
42.60677412752202,-83.01674763987315
42.60676619345752,-83.01674245366893
42.60675797184615,-83.01673707950752
42.60675003778077,-83.01673189330572
42.60674210371497,-83.01672670710511
42.6067338821023,-83.01672133294748
42.60672594803563,-83.01671614674932
42.60671801396853,-83.01671096055234
42.60671007990102,-83.01670577435658
42.606701858286584,-83.01670040020397
42.6066939242182,-83.01669521401062
42.6066859901494,-83.0166900278185
42.606676956491526,-83.01668412286955
42.60666902242181,-83.01667893667997
42.606661088351665,-83.01667375049158
42.606653154281084,-83.01666856430438
42.60664493266354,-83.0166631901607
42.60663699859211,-83.01665800397593
42.606629064520256,-83.01665281779238
42.606620842901386,-83.01664744365247
42.606612908828666,-83.01664225747135
42.60660497475551,-83.01663707129141
42.606597040681926,-83.01663188511269
42.60658881906132,-83.01662651097779
42.60658007294418,-83.01662079400285
42.60657213886927,-83.01661560782787
42.606563917247286,-83.01661023369687
42.606555983171496,-83.01660504752434
42.606548049095295,-83.01659986135297
42.60654011501867,-83.01659467518283
42.606531976089045,-83.01658906397435
42.60652413045904,-83.0165836509536
42.606515987692845,-83.01657803292808
42.60650784492616,-83.0165724149039
42.60649999929475,-83.01656700188691
42.606491856527114,-83.01656138386531
42.606484010894754,-83.01655597085082
42.60647586812614,-83.01655035283181
42.60646802249285,-83.0165449398198
42.60645987972329,-83.01653932180339
42.60645203408905,-83.01653390879387
42.606443891318534,-83.01652829078004
42.606434953552984,-83.01652212427018
42.60642710791728,-83.01651671126453
42.60641896514526,-83.01651109325476
42.60641111950862,-83.01650568025161
42.60640297673563,-83.01650006224442
42.60639513109805,-83.01649464924375
42.606386988324104,-83.01648903123916
42.60637914268558,-83.016483618241
42.60637099991069,-83.01647800023899
42.60636315427122,-83.0164725872433
42.60635501149535,-83.0164669692439
42.606346868719,-83.01646135124581
42.60633902307813,-83.01645593825388
42.60633088030081,-83.01645032025839
42.606323034659,-83.01644490726895
42.60631489188072,-83.01643928927605
42.606307046237966,-83.01643387628908
42.606298903458736,-83.01642825829879
42.60629105781503,-83.01642284531431
42.60628291503484,-83.0164172273266
42.60627506939019,-83.01641181434462
42.60626692660905,-83.01640619635951
42.606258783827414,-83.01640057837572
42.606250938181354,-83.01639516539748
42.606242795398764,-83.0163895474163
42.606234949751766,-83.01638413444056
42.606226011972296,-83.01637796796778
42.606218166324304,-83.01637255499466
42.60621002353973,-83.01636693701877
42.606202177890815,-83.01636152404814
42.60619403510528,-83.01635590607485
42.60618589231927,-83.01635028810287
42.606178046668916,-83.01634487513599
42.60616990388195,-83.0163392571666
42.60616205823066,-83.01633384420221
42.60615391544272,-83.01632822623542
42.606146069790505,-83.01632281327352
42.606137927001605,-83.01631719530933
42.60613087634496,-83.01631233084261
42.60612303069139,-83.0163069178843
42.60611488790112,-83.01630129992384
42.6061070422466,-83.01629588696801
42.60609889945536,-83.01629026901014
42.60609105379989,-83.01628485605679
42.60608291100769,-83.01627923810152
42.6060750653513,-83.01627382515068
42.60606692255814,-83.016268207198
42.6060590769008,-83.01626279424963
42.606050934106676,-83.01625717629956
42.60604308844839,-83.01625176335367
42.60603494565332,-83.01624614540617
42.606027099994094,-83.01624073246278
42.60601895719806,-83.0162351145179
42.60601111153789,-83.01622970157698
42.60600296874089,-83.01622408363468
42.60599591807722,-83.0162192191869
42.605987775279324,-83.01621360124706
42.60597992961732,-83.01620818831103
42.605971786818465,-83.01620257037378
42.60596394115552,-83.01619715744022
42.605956095492125,-83.01619174450786
42.60594795269183,-83.0161861265745
42.60594010702748,-83.01618071364464
42.60593196422623,-83.01617509571386
42.60592411856095,-83.0161696827865
42.60591597575873,-83.01616406485829
42.60590813009251,-83.01615865193342
42.60589998728932,-83.01615303400781
42.605892141622164,-83.01614762108544
42.60588399881802,-83.01614200316243
42.60587615314993,-83.01613659024252
42.605868805343086,-83.01613152081077
42.605860959674104,-83.01612610789324
42.605852816868094,-83.01612048997531
42.60584497119816,-83.01611507706025
42.6058368283912,-83.0161094591449
42.60582898272032,-83.01610404623234
42.6058208399124,-83.01609842831958
42.60581299424058,-83.01609301540952
42.60580514856831,-83.01608760250065
42.605797024122595,-83.01608193616788
42.6057888987114,-83.01607626802526
42.605781072366355,-83.01607080850745
42.60577294695418,-83.01606514036743
42.605764821541506,-83.01605947222873
42.60575699519502,-83.0160540127147
42.60574886978138,-83.01604834457864
42.60574104343394,-83.0160428850671
42.60573212664248,-83.0160366648844
42.60572400122731,-83.01603099675236
42.605716174878374,-83.01602553724473
42.605708049462216,-83.0160198691153
42.605699924045574,-83.01601420098719
42.60569209769519,-83.01600874148333
42.60568397227757,-83.01600307335784
42.605676145926246,-83.01599761385647
42.60566802050766,-83.01599194573359
42.605659895088564,-83.01598627761203
42.60565206873578,-83.01598081811441
42.60564394331571,-83.01597514999547
42.60563581789515,-83.01596948187785
42.605627991540935,-83.015964022384
42.6056198661194,-83.01595835426899
42.605612039764225,-83.01595289477766
42.60560312296401,-83.01594667461801
42.60559499754094,-83.01594100650703
42.60558717118429,-83.0159355470196
42.605579045760244,-83.01592987891124
42.60557092033571,-83.0159242108042
42.6055630939776,-83.01591875132053
42.60555496855209,-83.0159130832161
42.60554714219303,-83.01590762373495
42.605539016766535,-83.01590195563311
42.605530891339555,-83.01589628753261
42.605523064979046,-83.0158908280552
42.605514939551085,-83.01588515995732
42.60550681412264,-83.01587949186076
42.6054989877607,-83.01587403238713
42.605490862331266,-83.01586836429317
42.605483035968355,-83.01586290482203
42.60547411915939,-83.01585668468543
42.60546599413319,-83.01585101544642
42.60545817674153,-83.01584553466675
42.60545005940459,-83.01583984359686
42.605443031720554,-83.01583491648465
42.605434914382684,-83.01582922541725
42.605426797044316,-83.01582353435117
42.60541897965028,-83.01581805357768
42.60541086231093,-83.0158123625142
42.605403044915946,-83.0158068817432
42.60539492757561,-83.01580119068234
42.60538681023477,-83.01579549962281
42.605378992838325,-83.0157900188556
42.605370875496504,-83.01578432779867
42.605363058099094,-83.01577884703396
42.60535494075629,-83.01577315597964
42.605347123357916,-83.01576767521743
42.60533900601413,-83.01576198416572
42.60533088866983,-83.01575629311536
42.605323071270014,-83.01575081235691
42.60531495392474,-83.01574512130915
42.605307136523955,-83.01573964055322
42.60529901917769,-83.01573394950806
42.60529120177594,-83.01572846875462
42.6052830844287,-83.01572277771207
42.60527496708095,-83.01571708667086
42.60526714967774,-83.01571160592118
42.60525903232901,-83.01570591488259
42.605251214924856,-83.01570043413543
42.60524388728508,-83.01569529676131
42.60523576993492,-83.01568960572652
42.60522795252936,-83.01568412498303
42.60521983517822,-83.01567843395084
42.605212017771684,-83.01567295320984
42.60520390041955,-83.01566726218026
42.605196083012075,-83.01566178144176
42.60518796565897,-83.0156560904148
42.60517984830534,-83.01565039938916
42.6051720308964,-83.01564491865444
42.6051639135418,-83.01563922763141
42.60515609613189,-83.0156337468992
42.605147978776316,-83.01562805587878
42.60513986142023,-83.0156223648597
42.605132044008876,-83.01561688413125
42.60512392665182,-83.01561119311478
42.60511610923949,-83.01560571238883
42.60510799188144,-83.01560002137496
42.60510017446815,-83.0155945406515
42.60509205710911,-83.01558884964025
42.605083939749576,-83.01558315863033
42.605076122334836,-83.01557767791066
42.605068004974335,-83.01557198690335
42.60506018755862,-83.01556650618618
42.60505207019712,-83.01556081518147
42.60504425278044,-83.0155553344668
42.605036925129305,-83.01555019712339
42.60502880776638,-83.0155445061225
42.60502099034831,-83.0155390254115
42.605012872984396,-83.01553333441319
42.60500505556535,-83.0155278537047
42.60499693820045,-83.01552216270902
42.60498882083507,-83.01551647171468
42.60498100341458,-83.01551099100995
42.604972886048195,-83.0155053000182
42.60496506862675,-83.01549981931598
42.604956951259375,-83.01549412832684
42.60494913383695,-83.01548864762711
42.60494101646861,-83.0154829566406
42.604932899099765,-83.0154772656554
42.6049250816759,-83.01547178495946
42.604916964306064,-83.01546609397687
42.604909146881226,-83.01546061328342
42.604901029510415,-83.01545492230345
42.6048929121391,-83.01544923132481
42.60488509471281,-83.01544375063514
42.60487697734051,-83.0154380596591
42.60486915991326,-83.01543257897194
42.60486104253997,-83.0154268879985
42.60485322511177,-83.01542140731382
42.60484510773749,-83.01541571634301
42.60483778007542,-83.01541057902917
42.60482996264579,-83.01540509834814
42.604821845270095,-83.01539940738114
42.60481402783952,-83.01539392670264
42.604805910462844,-83.01538823573824
42.60479779308566,-83.01538254477518
42.604789975653624,-83.01537706410045
42.60478185827546,-83.01537137313998
42.60477404084248,-83.01536589246774
42.60476592346332,-83.0153602015099
42.604758106029365,-83.01535472084018
42.604749988649225,-83.01534902988494
42.604741871268594,-83.01534333893103
42.604734053833184,-83.01533785826508
42.60472593645156,-83.01533216731379
42.60471811901519,-83.01532668665033
42.60471000163259,-83.01532099570164
42.604702184195254,-83.01531551504068
42.60469406681165,-83.0153098240946
42.60468594942758,-83.01530413314985
42.604678131988784,-83.01529865249269
42.60467001460372,-83.01529296155054
42.60466219716395,-83.01528748089586
42.6046540797779,-83.01528178995633
42.60464596239135,-83.01527609901814
42.604638144950144,-83.01527061836724
42.604630817276686,-83.01526548108409
42.604622999834575,-83.01526000043557
42.6046148824461,-83.01525430950247
42.60460706500301,-83.01524882885644
42.60459894761357,-83.01524313792595
42.604590830223614,-83.01523744699676
42.604583012779074,-83.01523196635453
42.60457489538813,-83.01522627542798
42.60456707794264,-83.01522079478823
42.604558960550726,-83.01521510386428
42.6045508431583,-83.01520941294167
42.60454302571136,-83.01520393230571
42.60453490831795,-83.01519824138569
42.60452709087003,-83.01519276075223
42.60451897347565,-83.01518706983484
42.60451115602676,-83.01518158920386
42.60450303863139,-83.01517589828907
42.60449492123553,-83.01517020737562
42.60448710378519,-83.01516472674842
42.60447898638833,-83.01515903583757
42.60447116893704,-83.0151535552129
42.6044630515392,-83.01514786430465
42.604455239795165,-83.01514238474655
42.60444794632086,-83.01513713772707
42.60443987183482,-83.01513132883929
42.60443210174759,-83.0151257389415
42.60442402726053,-83.01511993005637
42.60441595277297,-83.01511412117259
42.60440818268423,-83.01510853127861
42.60440088920722,-83.01510328426622
42.60439281471815,-83.01509747538628
42.60438504462796,-83.01509188549598
42.604376970137864,-83.01508607661867
42.60436920004666,-83.0150804867309
42.60436112555555,-83.01507467785622
42.60435383207584,-83.01506943085091
42.604346061983186,-83.01506384096683
42.60433798749059,-83.01505803209601
42.604329912997464,-83.01505222322652
42.60432214290329,-83.01504663334624
42.604314849421336,-83.01504138634681
42.60430707932622,-83.01503579646894
42.604299004831105,-83.01502998760458
42.60429093033548,-83.01502417874158
42.60428316023886,-83.01501858886752
42.6042750857422,-83.01501278000714
42.60426779225754,-83.0150075330148
42.60426002215946,-83.01500194314443
42.60425194766131,-83.0149961342879
42.604243844020395,-83.01499040744396
42.604236040778396,-83.01498489348023
42.60422793622094,-83.01497916660121
42.604219831662995,-83.01497343972352
42.604212028419525,-83.01496792576357
42.60420392386059,-83.0149621988885
42.60419581930114,-83.01495647201476
42.60418801605619,-83.01495095805859
42.604179911495756,-83.01494523118747
42.6041718069348,-83.0149395043177
42.60416400368839,-83.01493399036532
42.60415589912645,-83.01492826349815
42.604147794564,-83.01492253663231
42.60413999131611,-83.01491702268372
42.60413188675266,-83.01491129582051
42.604123782188715,-83.01490556895862
42.60411597893936,-83.01490005501381
42.60410787437442,-83.01489432815454
42.60409976980896,-83.01488860129663
42.60409196655814,-83.01488308735561
42.60408386199169,-83.0148773605003
42.6040760587399,-83.01487184656179
42.60406795417244,-83.01486611970907
42.60405984960449,-83.01486039285771
42.60405204635123,-83.01485487892299
42.60404394178228,-83.01484915207423
42.60403583721283,-83.01484342522683
42.60402803395809,-83.01483791129588
42.60401992938764,-83.0148321844511
42.60401188654531,-83.01482623376255
42.604003942956304,-83.01481911753311
42.60399703459859,-83.0148129287129
42.60398909100817,-83.01480581248633
42.603981844382815,-83.01479932063442
42.603974239057415,-83.0147925074449
42.6039669924308,-83.01478601559563
42.603959048837545,-83.01477889937487
42.603951802209636,-83.0147724075283
42.60394419688148,-83.01476559434431
42.603936950252326,-83.01475910250039
42.60392900665624,-83.01475198628545
42.603922098292365,-83.01474579747783
42.603914154694884,-83.01473868126578
42.60390690806317,-83.01473218942719
42.603898964464264,-83.01472507321806
42.60389205609792,-83.0147188844155
42.603884112497596,-83.01471176820927
42.60387686586335,-83.01470527637602
42.60386926052829,-83.0146984632058
42.60386201389279,-83.0146919713752
42.603854070289636,-83.01468485517478
42.60384682365285,-83.01467836334689
42.60383921831503,-83.0146715501822
42.60383197167698,-83.01466505835694
42.603824028071,-83.01465794216233
42.60381711969849,-83.01465175337236
42.60380917609109,-83.01464463718061
42.60380192945051,-83.01463814536072
42.603793985841676,-83.0146310291719
42.60378707746669,-83.014624840387
42.60377913385648,-83.01461772420109
42.603771887213355,-83.01461123238651
42.603764281868635,-83.01460441923561
42.60375703522425,-83.0145979274237
42.60374978857925,-83.01459143561306
42.603742040196835,-83.0145839276719
42.60373510414576,-83.01457681260551
42.60372816809395,-83.0145696975404
42.603720878078825,-83.01456221937869
42.60371394202555,-83.01455510431624
42.60370700597155,-83.0145479892551
42.60370006991681,-83.01454087419525
42.603692496958935,-83.01453310579741
42.60368520693995,-83.01452562764277
42.603678270882945,-83.01451851258696
42.60367133482521,-83.01451139753246
42.60366439876675,-83.01450428247924
42.60365746270757,-83.01449716742731
42.60365052664765,-83.0144900523767
42.60364259972115,-83.01448192089184
42.6036353096968,-83.01447444274706
42.60362801967169,-83.01446696460376
42.603620446705435,-83.01445919622044
42.603613156678726,-83.01445171808008
42.60360522974779,-83.0144435866032
42.60359793971944,-83.01443610846587
42.60359101134973,-83.01442898058744
42.603583851488864,-83.01442125401333
42.6035770501079,-83.01441391429549
42.60356989024541,-83.01440618772416
42.603563088862884,-83.01439884800898
42.6035562874796,-83.01439150829505
42.60354912761469,-83.0143837817279
42.60354232622982,-83.01437644201661
42.60353516636328,-83.01436871545226
42.60352836497685,-83.0143613757436
42.603522176735495,-83.0143546977116
42.60351501686663,-83.01434697115131
42.60350821547794,-83.01433963144648
42.60350105560745,-83.01433190488899
42.60349425421719,-83.01432456518677
42.603487094345084,-83.0143168386321
42.60348090609961,-83.0143101606073
42.60347410470709,-83.01430282090888
42.60346773970715,-83.01429435914477
42.60346124169633,-83.01428566651418
42.60345488343458,-83.01427716083373
42.603448893156056,-83.01426914742031
42.6034420271581,-83.01425996252799
42.60343603687777,-83.01425194911707
42.60342917087773,-83.01424276422757
42.60342318059558,-83.01423475081913
42.60341682232827,-83.01422624514666
42.60341032430948,-83.01421755252652
42.60340396604027,-83.0142090468567
42.60339797575458,-83.01420103345318
42.60339110974837,-83.01419184857208
42.60338511946088,-83.01418383517104
42.60337876118799,-83.01417532950654
42.60337226316327,-83.0141666368942
42.603365904888484,-83.01415813123239
42.60335991459745,-83.01415011783622
42.603353048585085,-83.01414093296356
42.603347058292236,-83.01413291956989
42.603340700013774,-83.01412441391336
42.603334201983095,-83.01411572130884
42.60332784370275,-83.01410721565502
42.60332185340637,-83.01409920226624
42.60331498738782,-83.01409001740197
42.60330899708962,-83.01408200401566
42.603302769567044,-83.01407329906215
42.60329659793805,-83.014064521807
42.60329079395228,-83.01405626741438
42.60328462232139,-83.01404749016174
42.60327881833379,-83.01403923577143
42.603272646700994,-83.0140304585213
42.60326599792804,-83.01402100268903
42.60326019393761,-83.01401274830232
42.60325402230182,-83.01400397105608
42.603248218309545,-83.01399571667166
42.60324204667186,-83.01398693942794
42.60323587503319,-83.01397816218551
42.60323023444716,-83.01396972233995
42.60322436241407,-83.01396057078635
42.603218557580405,-83.01395152396574
42.60321268554526,-83.01394237241463
42.603206813509054,-83.01393322086473
42.603200941471805,-83.01392406931606
42.60319506943349,-83.01391491776859
42.60318919739412,-83.01390576622232
42.603183325353704,-83.0138966146773
42.603177520513135,-83.0138875678657
42.60317164847066,-83.01387841632315
42.603165776427126,-83.01386926478179
42.603159969406725,-83.01386003367817
42.60315399104622,-83.01385000985667
42.60314837271797,-83.01384058969859
42.60314279069306,-83.01383123041268
42.60313681232905,-83.01382120659503
42.60313119399746,-83.01381178644048
42.60312521563105,-83.0138017626254
42.60311923726342,-83.01379173881166
42.60311361892838,-83.01378231866072
42.60310803689702,-83.01377295938238
42.60310205852589,-83.0137629355725
42.60309608015354,-83.01375291176396
42.603090461813984,-83.01374349161777
42.60308448343924,-83.01373346781179
42.60307850506327,-83.01372344400714
42.603073283059594,-83.01371468839722
42.60306730468135,-83.0137046645951
42.60306132630188,-83.01369464079431
42.60305570795551,-83.01368522065523
42.603049729573655,-83.01367519685702
42.60304414753048,-83.01366583759271
42.60303852918076,-83.01365641745711
42.60303255079541,-83.01364639366281
42.60302732878363,-83.01363763806202
42.603021710430625,-83.01362821792989
42.60301612838227,-83.0136188586717
42.60301051002706,-83.01360943854188
42.603004927976656,-83.01360007928618
42.602999309619285,-83.01359065915867
42.60299408760167,-83.01358190356456
42.60298810920726,-83.01357187978024
42.602982887187686,-83.0135631241884
42.60297690879101,-83.0135531004066
42.60297168226214,-83.01354329456483
42.60296666674632,-83.0135333089491
42.6029609908248,-83.01352200850604
42.60295597530653,-83.01351202289256
42.602950959787115,-83.01350203728015
42.602945944266565,-83.01349205166878
42.60294058604566,-83.01348138376451
42.60293525281661,-83.01347076562135
42.602930237292476,-83.01346078001328
42.60292487906779,-83.01345011211265
42.6029198635413,-83.01344012650681
42.60291499215032,-83.01342900633622
42.602910716252175,-83.01341922904012
42.6029058562185,-83.01340811605988
42.60290131941048,-83.01339774217303
42.602896720281926,-83.01338722578747
42.60289186024432,-83.01337611281032
42.602887323432576,-83.01336573892624
42.60288272430044,-83.0133552225439
42.60287786425891,-83.01334410956983
42.602873327443454,-83.01333373568849
42.60286872830772,-83.01332321930936
42.602864191489836,-83.01331284542982
42.602859331443085,-83.01330173245981
42.602854732303776,-83.0132912160839
42.602850195482176,-83.01328084220714
42.6028453354315,-83.0132697292402
42.602840736288584,-83.0132592128675
42.602836016056024,-83.01324798776533
42.60283191835711,-83.01323806221184
42.60282726730431,-83.01322679631421
42.60282285555484,-83.01321611006719
42.60281820449935,-83.0132048441715
42.602813792747405,-83.01319415792652
42.60280914168919,-83.01318289203279
42.602804729934775,-83.01317220578986
42.60280007887388,-83.01316093989806
42.602795667116965,-83.01315025365716
42.60279101605336,-83.01313898776732
42.60278681138212,-83.01312813113252
42.602782697780434,-83.01311721011172
42.60277807815164,-83.01310494566673
42.602773964547275,-83.01309402464776
42.6027698509417,-83.01308310362968
42.602765438834595,-83.01307139013869
42.60276111770019,-83.01305991817135
42.602757004090684,-83.01304899715602
42.60275289047995,-83.01303807614161
42.60274847836741,-83.01302636265468
42.60274415722743,-83.01301489069073
42.60274004361279,-83.01300396967906
42.602735948390304,-83.01299303077856
42.60273205125847,-83.01298096943088
42.602728586594054,-83.0129702465438
42.602724960366835,-83.01295902363613
42.60272133413831,-83.0129478007291
42.60271786947034,-83.01293707784433
42.60271397233168,-83.01292501650065
42.6027105076613,-83.01291429361754
42.602706881427665,-83.01290307071336
42.6027032551927,-83.01289184780985
42.60269979051879,-83.01288112492907
42.602696164281326,-83.01286990202695
42.60269226713442,-83.01285784068799
42.602688802456896,-83.0128471178096
42.60268517621551,-83.01283589490959
42.60268171153566,-83.01282517203278
42.60267808529176,-83.01281394913416
42.60267418813802,-83.01280188779921
42.602670723454544,-83.01279116492482
42.60266709720674,-83.01277994202832
42.602663632520944,-83.01276921915549
42.6026600062706,-83.01275799626038
42.60265638001896,-83.0127467733659
42.60265264442062,-83.012735212059
42.60264901816638,-83.01272398916602
42.602645391910826,-83.01271276627368
42.60264192721787,-83.01270204340557
42.602638300959796,-83.0126908205146
42.60263483626453,-83.01268009764806
42.60263093909444,-83.0126680363227
42.602627312832446,-83.01265681343386
42.60262384813355,-83.01264609056972
42.60262022186905,-83.01263486768228
42.60261607684875,-83.01262295064426
42.60261221775236,-83.01261186014955
42.60260835865469,-83.0126007696556
42.60260421514979,-83.01258886182096
42.60260035604948,-83.01257777132867
42.602596212541755,-83.01256586349588
42.602592353438816,-83.01255477300522
42.6025884943346,-83.01254368251534
42.60258453348177,-83.01253229961978
42.602580674375005,-83.01252120913165
42.602576815266964,-83.01251011864424
42.602572867005534,-83.01249808024163
42.6025692046344,-83.01248687653468
42.60256570699877,-83.01247617678113
42.60256177158632,-83.01246413781251
42.60255810921129,-83.01245293410777
42.60255444683493,-83.01244173040367
42.60255067615547,-83.01243019539054
42.60254701377652,-83.01241899168798
42.602543351396285,-83.01240778798606
42.60253958071297,-83.01239625297569
42.602535918330126,-83.0123850492753
42.60253225594599,-83.01237384557558
42.60252832052102,-83.01236180661434
42.6025248228721,-83.01235110686976
42.60252116048406,-83.01233990317223
42.60251722505494,-83.01232786421346
42.60251372740242,-83.01231716447136
42.60251006501049,-83.012305960776
42.60250612957722,-83.01229392181973
42.6025026319211,-83.01228322208007
42.60249896952528,-83.01227201838692
42.602495034087866,-83.0122599794331
42.60249137168933,-83.01224877574137
42.60248787402841,-83.01223807600492
42.602484211627385,-83.0122268723146
42.60248027618445,-83.01221483336406
42.60247677851992,-83.01220413363009
42.60247311611499,-83.01219292994196
42.60246918066791,-83.01218089099387
42.602465682999785,-83.01217019126237
42.60246202059096,-83.01215898757643
42.6024582,-83.0121473
42.60245431166428,-83.01213580540961
42.6024507163651,-83.01212517709004
42.60244694668854,-83.01211403328551
42.60244317701067,-83.0121028894817
42.60243940733152,-83.01209174567862
42.602435812027664,-83.01208111736237
42.602431763057346,-83.01206914793754
42.602427993374334,-83.0120580041368
42.602424223690036,-83.0120468603368
42.60242062838145,-83.01203623202397
42.602416858694674,-83.0120250882255
42.602413089006596,-83.01201394442776
42.60240931931724,-83.01200280063074
42.60240572400397,-83.01199217232123
42.602401675022804,-83.01198020290323
42.602397905329596,-83.01196905910858
42.60239413563508,-83.01195791531464
42.602390365939286,-83.01194677152141
42.602386770620086,-83.01193614321615
42.602383000921805,-83.01192499942447
42.60237923122223,-83.01191385563351
42.602375461521376,-83.01190271184326
42.60237158690754,-83.01189125791963
42.60236781720412,-83.011880114131
42.60236404749939,-83.01186897034312
42.60236027779339,-83.01185782655597
42.60235668246478,-83.01184719825744
42.602352912756295,-83.01183605447181
42.6023491430465,-83.01182491068693
42.60234509404491,-83.01181294128173
42.60234149871156,-83.01180231298663
42.60233772899792,-83.01179116920409
42.60233395928299,-83.01178002542227
42.60233018956678,-83.01176888164116
42.60232641984926,-83.0117577378608
42.60232282451005,-83.01174710956981
42.602319054790044,-83.01173596579098
42.602315005777605,-83.01172399639265
42.60231123605495,-83.01171285261537
42.602307640711004,-83.01170222432782
42.602303870985864,-83.01169108055205
42.60230010125944,-83.01167993677703
42.60229633153172,-83.01166879300271
42.60229273618308,-83.01165816471848
42.60228896645289,-83.0116470209457
42.602284917429586,-83.01163505155425
42.602281147696715,-83.011623907783
42.60227755234336,-83.0116132795022
42.60227378260801,-83.01160213573252
42.602270012871365,-83.01159099196352
42.60226624313343,-83.01157984819528
42.60226247339421,-83.01156870442776
42.60225887803499,-83.01155807615108
42.60225482900084,-83.01154610676647
42.60225105925777,-83.01153496300131
42.60224728951341,-83.01152381923686
42.60224369414943,-83.0115131909636
42.60223992440259,-83.01150204720071
42.60223615465445,-83.01149090343851
42.602232384905015,-83.01147975967704
42.602228789536376,-83.01146913140713
42.60222474049139,-83.01145716202936
42.602220970738095,-83.01144601827026
42.602217200983524,-83.01143487451188
42.60221360561014,-83.01142424624537
42.60220983585308,-83.01141310248852
42.60220606609472,-83.0114019587324
42.602202296335086,-83.01139081497699
42.602198526574156,-83.01137967122231
42.60219465190119,-83.01136821734292
42.602190882137705,-83.01135707358986
42.60218711237291,-83.01134592983755
42.602183342606835,-83.01133478608594
42.60217974722285,-83.01132415782698
42.60217597745429,-83.01131301407692
42.602172207684426,-83.01130187032757
42.60216843791329,-83.01129072657896
42.60216456323028,-83.01127927270711
42.602160793456584,-83.01126812896013
42.60215702368158,-83.01125698521385
42.60215325390529,-83.01124584146832
42.6021496585119,-83.0112352132161
42.602145888733126,-83.0112240694721
42.60214211895307,-83.01121292572883
42.60213834917171,-83.01120178198627
42.602134300094065,-83.01118981262901
42.60213070469473,-83.01117918438102
42.602126934909535,-83.01116804064084
42.602123166386846,-83.01115689839996
42.60211946653257,-83.01114571512329
42.6021156595073,-83.0111342079136
42.602111959650436,-83.0111230246385
42.602108259792274,-83.01111184136406
42.6021042846969,-83.01109982615658
42.60210075290244,-83.01108915088432
42.60209705304039,-83.01107796761214
42.60209335317704,-83.01106678434061
42.602089546142835,-83.01105527713746
42.60208584627691,-83.0110440938675
42.602082146409685,-83.01103291059825
42.60207817130467,-83.01102089539665
42.602074639501836,-83.01101022013019
42.60207093963072,-83.01099903686315
42.60206696452159,-83.01098702166412
42.602063264647796,-83.01097583839858
42.60205973284018,-83.0109651631354
42.602055757726916,-83.01095314793889
42.602052057849235,-83.0109419646756
42.60204835797027,-83.01093078141298
42.60204455092065,-83.01091927422097
42.602040851039085,-83.01090809095992
42.602037151156225,-83.01089690769953
42.602033451272064,-83.01088572443986
42.60202964421734,-83.01087421725154
42.602025944330606,-83.01086303399342
42.602022179310886,-83.01085188817757
42.60201813423191,-83.01083991628984
42.602014368228566,-83.01082877036399
42.60201077626308,-83.01081813952766
42.60200701025725,-83.01080699360332
42.602003244250135,-83.01079584767974
42.601999199164325,-83.01078387579628
42.60199543315454,-83.01077272987423
42.60199184118311,-83.01076209904213
42.60198807517084,-83.0107509531216
42.60198430915729,-83.0107398072018
42.60198026406464,-83.01072783532264
42.60197649804841,-83.01071668940438
42.60197290607104,-83.0107060585765
42.60196914005234,-83.01069491265976
42.60196537403233,-83.01068376674374
42.601961328932845,-83.0106717948689
42.60195756291019,-83.01066064895441
42.601953970926886,-83.01065001813076
42.60195020490173,-83.01063887221783
42.6019464388753,-83.0106277263056
42.60194239376898,-83.01061575443504
42.60193862773988,-83.01060460852437
42.60193503575063,-83.01059397770493
42.601931269719046,-83.01058283179579
42.60192750368617,-83.01057168588736
42.601923458573,-83.01055971402108
42.60191969253746,-83.0105485681142
42.601916100542276,-83.010537937299
42.60191233450426,-83.01052679139364
42.601908568464935,-83.01051564548901
42.60190452334492,-83.01050367362704
42.60190075730294,-83.01049252772394
42.60189716530183,-83.01048189691296
42.601893399257364,-83.0104707510114
42.60188963321161,-83.01045960511057
42.60188586716456,-83.01044845921045
42.60188227515877,-83.01043782840277
42.60187850910925,-83.01042668250419
42.60187474305843,-83.01041553660633
42.60187115104916,-83.01040490580117
42.601867384995856,-83.01039375990483
42.601863339860984,-83.01038178805224
42.60185957380501,-83.01037064215745
42.601855981791,-83.01036001135571
42.60185221573255,-83.01034886546245
42.6018484496728,-83.0103377195699
42.60184468361177,-83.01032657367809
42.601841091593094,-83.01031594287964
42.601837325529566,-83.01030479698936
42.601833559464765,-83.01029365109979
42.601829967442605,-83.01028302030385
42.60182620137531,-83.01027187441582
42.601822435306715,-83.01026072852851
42.60181866923685,-83.01024958264192
42.601815077210006,-83.01023895184929
42.601811311137645,-83.01022780596423
42.60180726598253,-83.01021583412442
42.601803499907504,-83.01020468824089
42.60179990787592,-83.01019405745168
42.60179614179842,-83.01018291156969
42.60179237571961,-83.01017176568843
42.60178878368455,-83.01016113490172
42.60178501760326,-83.010149989022
42.6017812515207,-83.01013884314297
42.60177748543685,-83.01012769726468
42.6017738933971,-83.0101170664813
42.601770127310765,-83.01010592060453
42.60176636122313,-83.0100947747285
42.601762769179906,-83.01008414394762
42.60175900308979,-83.01007299807311
42.60175523699837,-83.01006185219931
42.601751191823006,-83.01004988037226
42.60174759977504,-83.0100392495948
42.601743833611906,-83.01002810403936
42.60174005921106,-83.01001696297642
42.601736284808915,-83.01000582191422
42.60173268521061,-83.0099951968321
42.601728910805974,-83.00998405577141
42.60172513640008,-83.00997291471148
42.60172108243049,-83.00996094845767
42.60171730802191,-83.0099498073993
42.60171370841766,-83.00993918232139
42.60170993400661,-83.00992804126454
42.60170615959426,-83.00991690020841
42.601702385180616,-83.00990575915301
42.60169878557172,-83.00989513407845
42.601694731592644,-83.00988316783071
42.601690957175165,-83.00987202677769
42.60168718275639,-83.00986088572537
42.60168340833632,-83.00984974467379
42.60167980872148,-83.00983911960346
42.601676034298926,-83.00982797855342
42.60167225987508,-83.0098168375041
42.60166820588645,-83.00980487126232
42.60166460626686,-83.00979424619543
42.60166083183917,-83.00978310514847
42.601657057410186,-83.00977196410226
42.6016532829799,-83.00976082305675
42.60164950854834,-83.00974968201197
42.60164562935893,-83.00973823175664
42.6016418549248,-83.00972709071351
42.60163808048938,-83.00971594967109
42.60163430605267,-83.00970480862941
42.60163070642249,-83.00969418357009
42.601626931983304,-83.00968304252994
42.601623157542825,-83.00967190149052
42.60161910353651,-83.00965993525995
42.60161550390159,-83.00964931020407
42.601611729457254,-83.009638169167
42.60160795501162,-83.00962702813067
42.60160418056471,-83.00961588709507
42.60160040611651,-83.00960474606018
42.60159680647574,-83.00959412100845
42.60159275245995,-83.00958215478393
42.6015889780079,-83.00957101375141
42.60158520355455,-83.00955987271962
42.60158160390904,-83.0095492476713
42.60157782945321,-83.00953810664107
42.601574054996085,-83.00952696561154
42.60157028053768,-83.00951582458275
42.601566226512325,-83.0095038583642
42.601562626860876,-83.00949323332011
42.60155885239861,-83.00948209229368
42.60155507793506,-83.00947095126799
42.60155130347022,-83.009459810243
42.60154770749544,-83.00944918266954
42.60154393701018,-83.00943803933724
42.60154016652362,-83.00942689600569
42.601536849818736,-83.0094170937885
42.60153307932978,-83.00940595045837
42.60152930883954,-83.00939480712898
42.60152571279459,-83.0093841793605
42.601522221638824,-83.00937386158596
42.601518625591666,-83.00936323381906
42.60151485509655,-83.00935209049264
42.60151108460014,-83.00934094716696
42.60150776788677,-83.0093311449555
42.601503997387944,-83.00932000163125
42.601500226887836,-83.0093088583077
42.6014966308338,-83.00929823054572
42.60149313966879,-83.00928791277627
42.60148904446826,-83.00927597183917
42.601485229870796,-83.00926485442747
42.60148159377556,-83.0092542572538
42.60147777917563,-83.00924313984368
42.60147396457442,-83.00923202243432
42.601470149971924,-83.00922090502571
42.60146633536814,-83.00920978761785
42.60146269926708,-83.0091991904484
42.60145888466082,-83.00918807304211
42.601455070053284,-83.00917695563658
42.601451255444466,-83.00916583823178
42.601447440834356,-83.00915472082775
42.601443804727474,-83.00914412366254
42.60143999011489,-83.00913300626007
42.60143589362868,-83.00912106736305
42.601432079013456,-83.00910994996218
42.601428264396944,-83.00909883256206
42.60142462828416,-83.0090882354012
42.60142081366516,-83.00907711800265
42.6014169990449,-83.00906600060486
42.601413184423336,-83.00905488320781
42.6014093698005,-83.00904376581151
42.60140573368188,-83.00903316865488
42.60140191905657,-83.00902205126015
42.601398104429975,-83.00901093386618
42.6013942898021,-83.00899981647296
42.60139047517294,-83.00898869908048
42.601386839048494,-83.00897810192808
42.60138302441686,-83.00896698453718
42.60137892791041,-83.00895504565324
42.60137511327613,-83.00894392826393
42.60137129864055,-83.0089328108754
42.60136766251021,-83.00892221372732
42.60136384787216,-83.00891109634034
42.60136003323284,-83.00889997895412
42.60135621859223,-83.00888886156865
42.60135240395034,-83.0088777441839
42.60134876781416,-83.00886714704008
42.60134495316979,-83.00885602965693
42.601341138524134,-83.00884491227453
42.601337271892696,-83.00883382496525
42.60133340515291,-83.00882273917705
42.60132972178275,-83.00881217910637
42.60132585504049,-83.0088010933198
42.60132198829696,-83.008790007534
42.601318121552154,-83.00877892174898
42.60131425480608,-83.00876783596475
42.601310571430126,-83.00875727589842
42.601306704681576,-83.0087461901158
42.60130283793177,-83.00873510433397
42.60129897118067,-83.00872401855291
42.6012951044283,-83.00871293277262
42.601291237674644,-83.0087018469931
42.60128755429174,-83.00869128693199
42.60128368753562,-83.0086802011541
42.60127982077824,-83.00866911537699
42.60127595401958,-83.00865802960067
42.60127208725963,-83.00864694382511
42.6012685053413,-83.00863667467782
42.601264821951496,-83.00862611462183
42.601260955187904,-83.00861502884858
42.601257088423026,-83.00860394307611
42.60125322165688,-83.00859285730442
42.601249354889454,-83.0085817715335
42.60124567149385,-83.00857121148184
42.60124180472397,-83.00856012571255
42.60123793795281,-83.00854903994404
42.601234071180365,-83.00853795417629
42.601230204406654,-83.00852686840933
42.60122633763165,-83.00851578264316
42.6012226542291,-83.00850522259671
42.60121878745164,-83.00849413683216
42.60121492067291,-83.00848305106838
42.60121105389291,-83.00847196530538
42.60120718711162,-83.00846087954314
42.60120332032905,-83.00844979378168
42.60119963691953,-83.00843923374046
42.60119577013452,-83.00842814798064
42.60119190334822,-83.00841706222158
42.60118803656064,-83.00840597646332
42.601184169771784,-83.00839489070583
42.60118048635649,-83.00838433066895
42.60117661956518,-83.00837324491309
42.60117275277259,-83.008362159158
42.60116917082363,-83.00835189002856
42.60116530402858,-83.00834080427494
42.60116143723223,-83.00832971852206
42.60115775381002,-83.0083191584903
42.60115388701123,-83.00830807273907
42.60115002021115,-83.0082969869886
42.60114615340981,-83.00828590123893
42.60114228660718,-83.00827481549003
42.60113841980326,-83.0082637297419
42.60113473637409,-83.00825316971535
42.60113086956773,-83.00824208396884
42.60112700276009,-83.00823099822311
42.60112313595117,-83.00821991247818
42.60111926914098,-83.008208826734
42.60111558570602,-83.0081982667118
42.60111171889338,-83.00818718096927
42.601107852079444,-83.00817609522751
42.60110398526423,-83.00816500948652
42.60110011844775,-83.0081539237463
42.601096251629976,-83.00814283800688
42.60109256818807,-83.00813227798987
42.60108870136784,-83.00812119225206
42.60108483454635,-83.00811010651505
42.601080971922045,-83.00809901734513
42.60107723560384,-83.00808785445594
42.60107367062348,-83.00807720347213
42.60106993430278,-83.00806604058442
42.60106619798078,-83.00805487769743
42.601062461657484,-83.00804371481117
42.60105889667244,-83.0080330638306
42.60105516034666,-83.00802190094582
42.601051146658776,-83.00800990940148
42.601047581670166,-83.0079992584235
42.60104384534051,-83.00798809554101
42.60104010900957,-83.00797693265923
42.60103637267732,-83.00796576977817
42.60103280768402,-83.00795511880345
42.601029071349295,-83.00794395592388
42.6010250576519,-83.00793196438543
42.601021492655036,-83.00792131341328
42.60101775631644,-83.007910150536
42.60101401997653,-83.00789898765944
42.60101028363535,-83.0078878247836
42.60100671863378,-83.00787717381468
42.6010029822901,-83.00786601094035
42.600999245945125,-83.0078548480667
42.60099523223685,-83.00784285653498
42.600991667230524,-83.00783220556941
42.600987930881686,-83.0078210426981
42.60098419453154,-83.00780987982745
42.60098062952172,-83.00779922886436
42.60097689316909,-83.00778806599521
42.600973156815165,-83.00777690312678
42.60096942045994,-83.00776574025907
42.60096557808279,-83.00775426064125
42.600961841724995,-83.00774309777513
42.600958105365905,-83.0077319349097
42.60095436900553,-83.00772077204499
42.60095080398626,-83.00771012108852
42.60094706762337,-83.00769895822529
42.60094333125921,-83.00768779536278
42.60093976623645,-83.00767714440877
42.60093575250651,-83.00766515289058
42.60093201613845,-83.00765399003038
42.60092827976912,-83.00764282717088
42.600924714741595,-83.00763217622023
42.60092097836977,-83.00762101336223
42.60091724199665,-83.00760985050492
42.60091367696563,-83.00759919955674
42.60090994059002,-83.00758803670094
42.60090592684918,-83.00757604518945
42.600902190470904,-83.00756488233517
42.600898625435114,-83.00755423139034
42.6008948922842,-83.00754306367011
42.600891293398064,-83.00753182657425
42.60088758439642,-83.00752024566074
42.600883985507664,-83.00750900856634
42.6008803866176,-83.00749777147254
42.60087694690197,-83.00748703138595
42.6008730787194,-83.0074749534694
42.600869639001374,-83.00746421338442
42.60086604010616,-83.00745297629344
42.600862171919424,-83.00744089837927
42.600858732197764,-83.00743015829666
42.60085513329864,-83.00741892120777
42.60085169357465,-83.0074081811267
42.600847825382445,-83.00739610321571
42.600844226479396,-83.00738486612892
42.60084078675178,-83.00737412605022
42.60083718784621,-83.00736288896476
42.60083331964843,-83.0073508110569
42.60082987991719,-83.00734007098058
42.600826281007706,-83.0073288338972
42.60082257198299,-83.00731725299964
42.60081897008382,-83.00730602087586
42.6008148442692,-83.00729510867082
42.60081101761526,-83.00728498770785
42.60080689179824,-83.00727407550453
42.60080276597998,-83.00726316330208
42.60079893932263,-83.00725304234145
42.60079481350196,-83.00724213014074
42.60079068768007,-83.00723121794094
42.60078656185692,-83.00722030574202
42.60078273519497,-83.00721018478448
42.600778400609784,-83.00719872044907
42.6007742747829,-83.00718780825272
42.60077014895477,-83.00717689605729
42.600766322288145,-83.0071667751028
42.60076219645762,-83.00715586290907
42.60075807062586,-83.00714495071627
42.60075424395581,-83.00713482976408
42.600750118121645,-83.00712391757298
42.60074599228624,-83.00711300538278
42.60074186644961,-83.0071020931935
42.60073803977497,-83.00709197224442
42.60073391393592,-83.00708106005685
42.60072978809564,-83.00707014787018
42.60072596141758,-83.00706002692341
42.600722220750036,-83.00704886416955
42.60071849679757,-83.00703769431372
42.6007149430657,-83.00702703503245
42.60071094246821,-83.00701503540009
42.60070721851188,-83.00700386554655
42.60070366477643,-83.00699320626784
42.600699940817606,-83.00698203641578
42.60069621685748,-83.00697086656442
42.60069266311853,-83.00696020728815
42.60068893915591,-83.00694903743829
42.600685215191994,-83.00693786758912
42.60068166144955,-83.00692720831528
42.60067793748314,-83.00691603846761
42.60067421351542,-83.00690486862061
42.60067065976947,-83.00689420934923
42.600666935799275,-83.00688303950375
42.60066321182778,-83.00687186965894
42.600659658078335,-83.00686121039001
42.60065593410433,-83.0068500405467
42.60065221012904,-83.00683887070409
42.60064865637611,-83.0068282114376
42.60064493239832,-83.00681704159648
42.60064120841923,-83.00680587175604
42.6006376546628,-83.006795212492
42.60063393068121,-83.00678404265307
42.60063020669835,-83.00677287281484
42.60062665293841,-83.00676221355323
42.60062292895304,-83.00675104371648
42.60061920496637,-83.00673987388045
42.60061565120294,-83.00672921462129
42.600611927213784,-83.00671804478672
42.60060820322332,-83.00670687495287
42.600604649456386,-83.00669621569617
42.60060092546343,-83.00668504586379
42.600597201469185,-83.00667387603211
42.60059347747364,-83.00666270620114
42.60058992370201,-83.00665204694766
42.60058619970397,-83.00664087711817
42.60058247570463,-83.00662970728939
42.600578921929504,-83.00661904803836
42.600575197927675,-83.00660787821106
42.60057147392455,-83.00659670838446
42.60056792014592,-83.00658604913588
42.60056391949459,-83.00657404953667
42.600560195487596,-83.00656287971235
42.600556641705396,-83.00655222046632
42.6005529176959,-83.00654105064349
42.60054919368511,-83.00652988082136
42.60054580597834,-83.00652012502877
42.60054193598509,-83.0065090412516
42.60053806599058,-83.00649795747525
42.60053419599477,-83.00648687369964
42.600530509671415,-83.00647631597116
42.600526639673156,-83.0064652321972
42.6005230547013,-83.00645496475009
42.600519184700566,-83.00644388097757
42.60051531469855,-83.00643279720586
42.60051162836948,-83.00642223948162
42.60050775836502,-83.00641115571152
42.600504173387336,-83.00640088826778
42.6005003033804,-83.00638980449914
42.600496617046794,-83.00637924677831
42.60049274703739,-83.00636816301129
42.60048887702673,-83.00635707924508
42.600485007014775,-83.0063459954796
42.60048142203008,-83.00633572803993
42.60047773569076,-83.00632517032336
42.60047386567515,-83.00631408656022
42.60046999565828,-83.00630300279786
42.60046612564012,-83.00629191903627
42.600462365074755,-83.00628174896686
42.60045828680702,-83.00627080278537
42.600454208538025,-83.00625985660476
42.600450130267795,-83.00624891042504
42.6004460519963,-83.0062379642462
42.60044197372358,-83.00622701806824
42.6004378954496,-83.00621607189119
42.600433817174384,-83.006205125715
42.600429738897915,-83.00619417953969
42.600425660620196,-83.00618323336529
42.60042158234124,-83.00617228719176
42.60041780065264,-83.00616213707585
42.60041372237127,-83.00615119090398
42.60040964408865,-83.006140244733
42.60040556580477,-83.00612929856291
42.60040178411157,-83.00611914845003
42.60039770582529,-83.00610820228158
42.60039362753775,-83.00609725611405
42.60038984584111,-83.0060871060034
42.60038576755115,-83.0060761598375
42.60038198585225,-83.00606600972836
42.600377907559874,-83.00605506356412
42.600373829266275,-83.00604411740079
42.60037004756391,-83.00603396729387
42.60036596926787,-83.0060230211322
42.60036218756324,-83.00601287102673
42.6003581092648,-83.00600192486671
42.600352849679716,-83.00599214938472
42.60034725055936,-83.00598175100005
42.600342000018465,-83.00597199998164
42.60033674947648,-83.00596224896442
42.600331150352424,-83.00595185058326
42.60032589980817,-83.00594209956834
42.60032030068159,-83.00593170118952
42.60031505013504,-83.00592195017694
42.60030979958741,-83.00591219916552
42.60030420045712,-83.00590180079021
42.600298949907206,-83.00589204978112
42.600293350774415,-83.00588165140815
42.60028810022221,-83.00587190040137
42.600283091993425,-83.00586290131356
42.60027720744802,-83.00585277745898
42.60027206498171,-83.0058439302905
42.60026692251448,-83.00583508312306
42.60026139598208,-83.00582557520787
42.60025625351288,-83.00581672804252
42.600250753026266,-83.00580726494262
42.60024522649063,-83.00579775703073
42.60024008401849,-83.00578890986861
42.600234941545445,-83.00578006270752
42.60022941500661,-83.00577055479883
42.60022326475957,-83.00576068086613
42.600217333010924,-83.00575159859778
42.600211401261234,-83.00574251633066
42.600205104080224,-83.00573287454453
42.60019917232841,-83.00572379228
42.60019324057555,-83.00571471001668
42.600186943391236,-83.00570506823469
42.60018101163626,-83.00569598597396
42.600175079880245,-83.00568690371446
42.60016878269262,-83.00567726193663
42.60016285093448,-83.0056681796797
42.60015647869465,-83.00565842299387
42.600150070299556,-83.00564890225563
42.60014405713828,-83.00564092055502
42.60013767602744,-83.00563245045103
42.600131151268926,-83.00562378967588
42.600124770156214,-83.00561531957457
42.60011824539569,-83.00560665880208
42.60011186428111,-83.00559818870347
42.60010585111451,-83.00559020701026
42.60009895840211,-83.00558105783769
42.60009285783905,-83.00557321237795
42.600086095146956,-83.00556485785746
42.60007987981809,-83.00555717954293
42.60007311712418,-83.00554882502509
42.60006690179367,-83.00554114671306
42.60006013909793,-83.00553279219788
42.60005392376579,-83.00552511388834
42.60004716106822,-83.00551675937584
42.60004094573444,-83.00550908106878
42.600034730399905,-83.00550140276293
42.600027907545154,-83.00549316335866
42.60002101839851,-83.00548596749165
42.600013145087146,-83.00547774364522
42.60000590024724,-83.00547017625338
42.59999901109824,-83.0054629803905
42.599991137784194,-83.00545475654877
42.59998389294184,-83.00544718916133
42.59997637531772,-83.00543933685007
42.59996913047376,-83.00543176946556
42.599961885628986,-83.0054242020825
42.59995401231039,-83.00541597824872
42.599947123155836,-83.00540878239558
42.59993984012253,-83.0054013098679
42.59993205386579,-83.00539389559955
42.59992426760824,-83.00538648133274
42.59991680592931,-83.00537937613986
42.59990901967019,-83.00537196187605
42.59990123341024,-83.00536454761378
42.59989411770405,-83.00535777187079
42.5998859854676,-83.00535002816612
42.59987882120577,-83.00534338826911
42.59987108561451,-83.00533681407974
42.599863019056755,-83.0053299586164
42.59985495249829,-83.00532310315461
42.599847216905005,-83.00531652896953
42.599839869070045,-83.00531028432725
42.59983213347547,-83.00530371014489
42.599824066914344,-83.00529685468894
42.59981633131843,-83.00529028050943
42.599808264755914,-83.00528342505645
42.59980091691792,-83.00527718042092
42.59979318132006,-83.00527060624559
42.599785114755534,-83.00526375079701
42.59977737915633,-83.00525717662454
42.59976988389455,-83.00525132117507
42.599761982155506,-83.00524604936206
42.59975298347762,-83.00524004570481
42.599745081737645,-83.00523477389437
42.59973717999723,-83.00522950208513
42.59972898700047,-83.0052240359598
42.59972108525916,-83.005218764153
42.599712892261486,-83.00521329803021
42.599704990519285,-83.0052080262259
42.599697088776644,-83.00520275442277
42.59968889577761,-83.0051972883038
42.599680994034074,-83.00519201650314
42.599672801034146,-83.00518655038672
42.59966409360661,-83.00518074106189
42.59965619186171,-83.00517546926503
42.59964799886036,-83.00517000315254
42.599640199999996,-83.00516480000002
42.59963195043673,-83.00516016272441
42.599624079682904,-83.00515573838783
42.59961594887028,-83.00515116786733
42.59960807811582,-83.00514674353285
42.599599947302536,-83.00514217301453
42.59959207654741,-83.00513774868215
42.59958394573347,-83.00513317816602
42.5995760749777,-83.00512875383575
42.59956794416311,-83.00512418332178
42.5995600734067,-83.00511975899363
42.5995511510712,-83.00511538992083
42.599542176214094,-83.00511128838491
42.59953297890501,-83.00510708518907
42.59952400404734,-83.0051029836554
42.59951502918939,-83.00509888212287
42.59950605433116,-83.00509478059145
42.599497079472656,-83.00509067906115
42.599488104613876,-83.00508657753197
42.59947912975482,-83.00508247600392
42.599470967517696,-83.00507916076747
42.59946203439423,-83.00507582976971
42.59945403120991,-83.00507284553005
42.599445098086086,-83.00506951453406
42.59943597707223,-83.00506611347836
42.59942797388746,-83.00506312924111
42.599419040763074,-83.0050597982478
42.59941103757797,-83.00505681401211
42.59940199369847,-83.00505403792083
42.599392955773276,-83.00505126614405
42.59938391784794,-83.00504849436804
42.59937503804019,-83.00504577108478
42.59936600011461,-83.00504299931033
42.599356962188885,-83.00504022753667
42.599347924263036,-83.0050374557638
42.59933904445478,-83.00503473248362
42.59933000652867,-83.0050319607123
42.59932102761327,-83.00502976447395
42.59931202159203,-83.0050278158318
42.59930301557074,-83.0050258671902
42.59929400954937,-83.00502391854914
42.59928500352793,-83.00502196990865
42.59927599750644,-83.00502002126873
42.599266991484875,-83.00501807262935
42.599258960723375,-83.00501633500816
42.59924995470168,-83.00501438636985
42.59924106302023,-83.00501246247195
42.59923205699841,-83.00501051383473
42.59922305097653,-83.00500856519807
42.59921404495459,-83.00500661656196
42.599205038932574,-83.00500466792641
42.5991960329105,-83.00500271929143
42.59918702688836,-83.00500077065698
42.59917802086616,-83.00499882202311
42.59916999010409,-83.00499708440682
42.599161013089685,-83.00499582365984
42.59915203020594,-83.00499459307473
42.59914198390623,-83.00499321681033
42.59913300102244,-83.00499198622597
42.59912401813863,-83.00499075564197
42.59911503525478,-83.00498952505832
42.59910597888844,-83.00498828440851
42.59909699600455,-83.00498705382556
42.59908801312063,-83.00498582324298
42.59907903023669,-83.00498459266073
42.599069973870215,-83.00498335201236
42.59906099098622,-83.00498212143083
42.59905200810221,-83.00498089084964
42.59904302521816,-83.00497966026882
42.5990339688516,-83.00497841962186
42.599024985967475,-83.00497718904175
42.59901600308335,-83.00497595846198
42.5990070201992,-83.00497472788258
42.59899796383253,-83.00497348723704
42.598988980948334,-83.00497225665835
42.59897999806408,-83.00497102608
42.59897101517983,-83.004969795502
42.59896195881306,-83.00496855485791
42.59895198599521,-83.00496718866833
42.59894300311086,-83.00496595809143
42.598934020226494,-83.00496472751489
42.598925037342106,-83.00496349693871
42.598915977801745,-83.00496224643919
42.598907021830954,-83.00496075763864
42.59889797711297,-83.0049592540856
42.59889000638919,-83.00495792906885
42.59888096167115,-83.00495642551662
42.598872005700215,-83.00495493671774
42.598862960982096,-83.00495343316638
42.598854005011084,-83.00495194436833
42.59884496029289,-83.00495044081782
42.59883600432179,-83.00494895202065
42.598826959603514,-83.004947448471
42.598818003632346,-83.00494595967469
42.598808958914,-83.0049444561259
42.59880000294274,-83.00494296733044
42.59879104697146,-83.00494147853537
42.598782002252996,-83.00493997498788
42.59877304628163,-83.0049384861937
42.598764001563076,-83.00493698264707
42.59875603083879,-83.00493565763598
42.598746986120176,-83.00493415409018
42.59873803014865,-83.00493266529764
42.59872898542996,-83.0049311617527
42.59872002945837,-83.00492967296101
42.59871098473959,-83.00492816941693
42.59870202876794,-83.0049266806261
42.59869298404908,-83.00492517708287
42.59868402807733,-83.0049236882929
42.59867498335841,-83.00492218475053
42.598666027386585,-83.0049206959614
42.598656982667585,-83.00491919241992
42.59864802669568,-83.00491770363165
42.59863898197659,-83.00491620009102
42.59863002600463,-83.0049147113036
42.59862196653266,-83.00491337154537
42.59861301056062,-83.00491188275879
42.598603965841384,-83.00491037921981
42.59859500986927,-83.00490889043407
42.59858596514995,-83.00490738689597
42.59857700917775,-83.00490589811108
42.59856796445836,-83.00490439457384
42.59855900848609,-83.00490290578979
42.59854996376662,-83.00490140225342
42.59854100779425,-83.00489991347024
42.598531963074706,-83.00489840993471
42.59852300710229,-83.00489692115238
42.59851396238266,-83.00489541761775
42.59850500641014,-83.00489392883627
42.598496050437596,-83.0048924400552
42.59848799096513,-83.0048911003027
42.598479034992515,-83.00488961152244
42.598469990272704,-83.00488810798991
42.5984610343,-83.00488661921051
42.59845198958011,-83.00488511567885
42.59844303360734,-83.0048836269003
42.59843398888737,-83.00488212336947
42.59842503291451,-83.00488063459179
42.59841598819447,-83.00487913106183
42.59840703222154,-83.004877642285
42.59839798750143,-83.0048761387559
42.59838903152841,-83.00487464997993
42.59837998680821,-83.00487314645169
42.598371030835125,-83.00487165767656
42.59836198611485,-83.00487015414919
42.598354015389035,-83.00486882915509
42.598344970668684,-83.00486732562854
42.59833601469545,-83.00486583685506
42.59832696997502,-83.00486433332937
42.598318014001705,-83.00486284455675
42.5983089692812,-83.00486134103193
42.59830001330782,-83.00485985226017
42.59829096858724,-83.0048583487362
42.598282012613765,-83.0048568599653
42.59827296789311,-83.00485535644219
42.59826401191956,-83.00485386767214
42.598254967198834,-83.0048523641499
42.59824601122521,-83.0048508753807
42.598236966504395,-83.00484937185932
42.5982289957781,-83.00484804687048
42.5982199510572,-83.00484654334993
42.598210995083434,-83.00484505458239
42.59820203910962,-83.00484356581528
42.598192994388626,-83.00484206229599
42.59818403841474,-83.00484057352975
42.59817499369366,-83.00483907001134
42.5981660377197,-83.00483758124592
42.59815699299853,-83.00483607772838
42.5981480370245,-83.00483458896383
42.59813899230327,-83.00483308544715
42.598130036329145,-83.00483159668346
42.59812099160782,-83.00483009316763
42.59811203563364,-83.00482860440478
42.59810299091225,-83.00482710088983
42.59809502018544,-83.00482577590664
42.59808597546398,-83.0048242723925
42.59807701948964,-83.00482278363131
42.598067974768085,-83.00482128011802
42.59805901879368,-83.00481979135769
42.59804997407205,-83.00481828784527
42.598041018097554,-83.0048167990858
42.59803197382193,-83.00481529572346
42.59802301485775,-83.00481383215785
42.598013968633275,-83.00481235433755
42.59800500966903,-83.00481089077277
42.59799703644965,-83.00480958824278
42.59798799022506,-83.00480811042368
42.597979031260714,-83.00480664686013
42.597969985036045,-83.0048051690419
42.59796102607163,-83.00480370547919
42.59795197984689,-83.0048022276618
42.59794302088239,-83.00480076409993
42.59793397465757,-83.00479928628339
42.597926001437926,-83.00479798375633
42.597916955213044,-83.00479650594059
42.5979079962484,-83.00479504238035
42.59789903728372,-83.00479357882053
42.597889991058715,-83.00479210100606
42.59788103209397,-83.00479063744707
42.597871985868906,-83.00478915963346
42.59786401264903,-83.00478785710897
42.59785496642388,-83.00478637929615
42.597846007458976,-83.00478491573881
42.59783696123377,-83.00478343792683
42.59782800226879,-83.00478197437032
42.5978190433038,-83.00478051081423
42.597809997078464,-83.00477903300353
42.59780103811337,-83.00477756944828
42.59779297763295,-83.00477625267172
42.597784018667795,-83.00477478911726
42.59777497244232,-83.00477331130821
42.597766013477084,-83.0047718477546
42.59775696725155,-83.00477036994639
42.59774800828624,-83.00476890639361
42.597739049320914,-83.00476744284126
42.597730988840254,-83.0047661260673
42.59772202987484,-83.00476466251573
42.5977129836491,-83.0047631847096
42.597704024683615,-83.00476172115887
42.59769497845782,-83.00476024335359
42.59768601949226,-83.00475877980371
42.59767697326637,-83.00475730199926
42.59766801430074,-83.00475583845022
42.59765995381982,-83.00475452167925
42.59765099485413,-83.00475305813099
42.59764203588838,-83.00475159458314
42.59763298966231,-83.00475011678078
42.5976240306965,-83.00474865323379
42.597614984470354,-83.00474717543227
42.59760602550446,-83.00474571188612
42.59759796502332,-83.00474439511774
42.59758900605736,-83.00474293157238
42.597579959831066,-83.00474145377251
42.597571000865045,-83.00473999022799
42.597562041898975,-83.00473852668388
42.597552995672565,-83.00473704888529
42.597544036706424,-83.00473558534202
42.59753499047995,-83.00473410754427
42.59752701725883,-83.00473280503377
42.597517971032296,-83.00473132723683
42.59750901206599,-83.00472986369519
42.59749996583937,-83.00472838589909
42.59749100687302,-83.0047269223583
42.597481959543856,-83.00472544256702
42.597473006198705,-83.00472393218982
42.597463962829266,-83.00472240662648
42.59745500948403,-83.00472089625015
42.59744695092797,-83.00471953681983
42.59743799758267,-83.00471802644431
42.59742895421308,-83.00471650088268
42.59742000086768,-83.00471499050802
42.59741095749803,-83.00471346494727
42.59740200415255,-83.00471195457348
42.597392960782805,-83.00471042901361
42.59738400743725,-83.00470891864069
42.59737496406743,-83.00470739308167
42.59736601072181,-83.00470588270963
42.5973569673519,-83.00470435715148
42.59734801400619,-83.0047028467803
42.5973389706362,-83.00470132122305
42.59733001729042,-83.00469981085271
42.597320973920354,-83.00469828529634
42.59731300538801,-83.0046969410583
42.59730396201787,-83.00469541550274
42.59729500867193,-83.0046939051341
42.5972859653017,-83.00469237957942
42.59727701195569,-83.00469086921164
42.5972679685854,-83.00468934365784
42.59725901523929,-83.00468783329093
42.59724997186891,-83.00468630773801
42.59724101852272,-83.00468479737197
42.59723197515227,-83.0046832718199
42.59722302180601,-83.00468176145472
42.597213978435484,-83.00468023590355
42.59720502508914,-83.00467872553924
42.597195981718514,-83.00467719998892
42.597187028372105,-83.00467568962547
42.59717798500141,-83.00467416407605
42.59717001646849,-83.00467281984413
42.597160973097715,-83.00467129429553
42.59715201975115,-83.00466978393376
42.597142976380304,-83.00466825838603
42.59713402303364,-83.00466674802513
42.597124979662716,-83.00466522247828
42.59711602631598,-83.00466371211824
42.59710698294497,-83.00466218657226
42.597098029598165,-83.0046606762131
42.59708898622707,-83.00465915066799
42.59708003288018,-83.0046576403097
42.59707098950901,-83.00465611476545
42.59706203616205,-83.00465460440803
42.59705299279079,-83.00465307886466
42.597044039443745,-83.00465156850811
42.5970349960724,-83.00465004296561
42.59702702753893,-83.00464869873981
42.59701798416752,-83.00464717319817
42.597009030820324,-83.00464566284327
42.596999987448854,-83.00464413730249
42.59699103410156,-83.00464262694848
42.596981990729994,-83.00464110140857
42.596973037382625,-83.00463959105541
42.59696399401099,-83.00463806551637
42.59695504066355,-83.00463655516408
42.596945997291826,-83.00463502962593
42.596937043944294,-83.0046335192745
42.59692800057249,-83.00463199373723
42.5969190472249,-83.00463048338666
42.59691000385301,-83.00462895785026
42.59690105050532,-83.00462744750057
42.59689200713337,-83.00462592196504
42.59688403859934,-83.00462457774536
42.59687499522729,-83.00462305221065
