39.064874640793384,-94.39128102030824
39.06487460677608,-94.39128002223146
39.06487494694873,-94.39129000299933
39.064875287120515,-94.39129998376734
39.064875663231696,-94.3913110190395
39.06487599795359,-94.39132090006952
39.06486700420995,-94.3913212055808
39.06485799000221,-94.39132151178717
39.064848996258576,-94.39132181729829
39.064840002514934,-94.39132212280936
39.064831008771286,-94.39132242832034
39.064821994563545,-94.39132273452637
39.064813000819896,-94.3913230400372
39.064804007076255,-94.39132334554793
39.06479499286849,-94.39132365175375
39.064785999124844,-94.39132395726433
39.064777005381195,-94.39132426277484
39.06476799117343,-94.39132456898042
39.06475899742978,-94.39132487449078
39.06475000368612,-94.39132518000105
39.064741009942466,-94.39132548551125
39.064731995734704,-94.39132579171651
39.06472300199104,-94.39132609722655
39.06471400824738,-94.39132640273651
39.064704994039616,-94.39132670894155
39.06469600029594,-94.39132701445136
39.06468700655227,-94.39132731996108
39.06467799234449,-94.39132762616588
39.06466899860082,-94.39132793167545
39.06466000485716,-94.39132823718495
39.064650990649376,-94.39132854338952
39.064641996905706,-94.39132884889885
39.06463300316202,-94.39132915440811
39.06462400941835,-94.3913294599173
39.06461499521056,-94.39132976612154
39.06460600146688,-94.39133007163058
39.06459700772319,-94.39133037713954
39.0645879935154,-94.39133068334354
39.06457899977171,-94.39133098885235
39.06457000602803,-94.39133129436107
39.06456099182023,-94.39133160056484
39.06455199807654,-94.3913319060734
39.06454300433284,-94.39133221158188
39.06453399012505,-94.39133251778544
39.06452499638135,-94.39133282329378
39.064516002637646,-94.39133312880202
39.06450700889394,-94.39133343431018
39.06449799468614,-94.39133374051343
39.064489000942444,-94.39133404602144
39.064480007198746,-94.39133435152938
39.06447099299093,-94.39133465773239
39.06446199924722,-94.39133496324017
39.0644530055035,-94.39133526874787
39.064443991295704,-94.39133557495065
39.06443499755199,-94.39133588045819
39.064426003808265,-94.39133618596566
39.06441701006454,-94.39133649147306
39.06440799585673,-94.39133679767552
39.064399002113014,-94.39133710318275
39.0643900083693,-94.3913374086899
39.06438099416146,-94.39133771489213
39.06437200041774,-94.39133802039915
39.06436300667402,-94.39133832590606
39.06435399246619,-94.39133863210805
39.06434499872247,-94.39133893761482
39.06433600497871,-94.39133924312151
39.06432699077089,-94.39133954932326
39.06431799702715,-94.39133985482981
39.06430900328343,-94.39134016033627
39.06430000953969,-94.39134046584263
39.06429099533184,-94.39134077204409
39.0642820015881,-94.39134107755031
39.06427300784436,-94.39134138305646
39.064263993636516,-94.39134168925767
39.06425499989277,-94.39134199476365
39.06424600614902,-94.39134230026957
39.06423699194117,-94.39134260647054
39.06422799819742,-94.39134291197631
39.064219004453676,-94.39134321748197
39.06420999024582,-94.39134352368272
39.06420099650206,-94.39134382918824
39.0641920027583,-94.3913441346937
39.06418300901454,-94.39134444019906
39.064173994806694,-94.39134474639948
39.064165001062925,-94.3913450519047
39.064156007319156,-94.39134535740983
39.06414699311129,-94.39134566361002
39.06413799936753,-94.39134596911501
39.06412900562376,-94.39134627461992
39.0641199914159,-94.39134658081987
39.06411099767212,-94.39134688632461
39.06410200392834,-94.39134719182928
39.06409301018458,-94.39134749733387
39.06408399492921,-94.39134780452106
39.06407500496361,-94.39134819134732
39.0640659890866,-94.3913485792884
39.06405699912099,-94.39134896611448
39.064048009155385,-94.39134935294045
39.06403899327838,-94.39134974088124
39.064030003312766,-94.39135012770701
39.06402098743574,-94.39135051564762
39.064011997470125,-94.39135090247319
39.06400300750451,-94.39135128929867
39.06399399162748,-94.39135167723897
39.06398500166185,-94.39135206406425
39.06397601169622,-94.39135245088943
39.06396699581918,-94.39135283882943
39.06395800585355,-94.39135322565441
39.06394898997651,-94.39135361359422
39.063940000010874,-94.39135400041901
39.06393101004523,-94.3913543872437
39.063921994168176,-94.39135477518322
39.06391300420253,-94.3913551620077
39.06390398832547,-94.39135554994702
39.063894998359835,-94.3913559367713
39.06388600839417,-94.39135632359552
39.0638769925171,-94.39135671153453
39.06386800255146,-94.39135709835851
39.06385901258579,-94.39135748518241
39.06384999670872,-94.39135787312114
39.06384100674305,-94.39135825994485
39.06383199086598,-94.39135864788338
39.06382300090031,-94.39135903470687
39.063814010934635,-94.39135942153027
39.06380499505756,-94.39135980946851
39.06379600509187,-94.39136019629171
39.06378698921478,-94.39136058422974
39.0637779992491,-94.39136097105276
39.063769009283405,-94.39136135787567
39.063759993406315,-94.3913617458134
39.06375100344063,-94.39136213263612
39.063741987563525,-94.39136252057367
39.063732997597825,-94.39136290739617
39.063724007632125,-94.39136329421859
39.06371499175502,-94.39136368215583
39.06370600178931,-94.39136406897805
39.06369701182361,-94.39136445580017
39.06368799594649,-94.39136484373712
39.063679005980774,-94.39136523055905
39.06366999010366,-94.39136561849578
39.06366100013795,-94.39136600531752
39.06365201017222,-94.39136639213915
39.06364299429509,-94.3913667800756
39.063634004329366,-94.39136716689703
39.063624988452226,-94.39136755483328
39.063615998486505,-94.39136794165451
39.06360700852076,-94.39136832847566
39.063597992643615,-94.39136871641162
39.06358900267789,-94.39136910323255
39.06357998680074,-94.39136949116832
39.063570996835,-94.39136987798905
39.063562006869255,-94.3913702648097
39.063552990992086,-94.39137065274517
39.06354400102634,-94.3913710395656
39.063535011060594,-94.39137142638596
39.06352599518344,-94.39137181432112
39.06351700521767,-94.39137220114127
39.06350798934049,-94.39137258907623
39.06349899937475,-94.39137297589619
39.06349000940897,-94.39137336271604
39.063479994646706,-94.39137379363068
39.063471004680935,-94.39137418045033
39.06346198880376,-94.39137456838479
39.06345299883799,-94.39137495520424
39.0634440088722,-94.3913753420236
39.06343499299501,-94.39137572995776
39.063426003029235,-94.39137611677691
39.06341701306344,-94.39137650359596
39.063407997186246,-94.39137689152983
39.06339900722046,-94.3913772783487
39.06338999134325,-94.39137766628237
39.06338100137746,-94.39137805310102
39.06337201141166,-94.39137843991959
39.063362995534455,-94.39137882785296
39.06335400556864,-94.39137921467133
39.06334498969143,-94.3913796026045
39.063335999725616,-94.39137998942267
39.0633270097598,-94.39138037624075
39.063317993882585,-94.39138076417363
39.063309003916764,-94.39138115099149
39.06329998803953,-94.3913815389242
39.06329099807371,-94.39138192574185
39.06328200746369,-94.39138231162192
39.063272992091,-94.39138266978621
39.063264000646676,-94.39138302699978
39.06325500920234,-94.39138338421324
39.063245993829646,-94.39138374237724
39.06323700238531,-94.39138409959052
39.063228010940975,-94.39138445680372
39.063218995568256,-94.39138481496745
39.06321000412391,-94.39138517218046
39.063201987800575,-94.39138549065369
39.06319299635622,-94.39138584786653
39.063184004911875,-94.39138620507929
39.063174989539164,-94.39138656324256
39.06316599809481,-94.39138692045513
39.06315700665046,-94.3913872776676
39.063147991277724,-94.39138763583063
39.06313899983336,-94.39138799304291
39.06313000838901,-94.39138835025513
39.06312099301627,-94.39138870841785
39.063112001571895,-94.39138906562988
39.063103010127534,-94.39138942284181
39.0630939947548,-94.39138978100428
39.063085003310434,-94.39139013821602
39.06307598793769,-94.39139049637829
39.063066996493305,-94.39139085358987
39.06305800504893,-94.39139121080134
39.06304898967619,-94.39139156896336
39.06303999823181,-94.39139192617465
39.06303100678741,-94.39139228338584
39.06302199141465,-94.39139264154757
39.06301299997027,-94.39139299875859
39.06300400852588,-94.39139335596953
39.06299499315312,-94.39139371413098
39.06298600170872,-94.39139407134174
39.062977010264305,-94.39139442855239
39.062967994891544,-94.39139478671358
39.06295900344715,-94.39139514392404
39.06295001200274,-94.39139550113443
39.06294099662996,-94.39139585929534
39.06293200518556,-94.39139621650554
39.06292298981277,-94.39139657466627
39.062913998368366,-94.39139693187629
39.06290500692395,-94.39139728908623
39.06289599155116,-94.39139764724668
39.06288700010674,-94.39139800445642
39.06287800866231,-94.39139836166608
39.06286899328952,-94.39139871982626
39.06286000184508,-94.39139907703573
39.062851010400664,-94.3913994342451
39.06284199502787,-94.39139979240501
39.06283300358343,-94.39140014961421
39.062824012139004,-94.39140050682333
39.062814996766186,-94.39140086498296
39.06280600532175,-94.39140122219189
39.06279798899833,-94.39140154066148
39.06278899755388,-94.39140189787022
39.06278000610943,-94.39140225507889
39.0627709907366,-94.39140261323807
39.06276199929216,-94.39140297044656
39.06275300784771,-94.39140332765496
39.062743992474886,-94.39140368581387
39.06273500103043,-94.39140404302206
39.062726009585965,-94.39140440023019
39.06271699421314,-94.39140475838882
39.06270800276868,-94.39140511559675
39.06269901132421,-94.3914054728046
39.06268999595138,-94.39140583096297
39.06268100450689,-94.39140618817063
39.06267198913406,-94.39140654632882
39.06266299768958,-94.39140690353629
39.06265400624512,-94.39140726074368
39.06264499087226,-94.39140761890158
39.062635999427776,-94.39140797610881
39.062627007983295,-94.39140833331591
39.06261799261044,-94.39140869147356
39.06260900116596,-94.39140904868049
39.062600009721464,-94.39140940588733
39.062590994348604,-94.3914097640447
39.06258200290411,-94.39141012125135
39.062573011459605,-94.39141047845793
39.062563996086745,-94.39141083661501
39.06255500464224,-94.3914111938214
39.06254598926937,-94.39141155197831
39.06253699782487,-94.39141190918451
39.062528006380354,-94.39141226639062
39.06251899100749,-94.39141262454726
39.06250999956297,-94.39141298175318
39.06250100811844,-94.39141333895903
39.06249199274558,-94.39141369711538
39.062483001301054,-94.39141405432103
39.06247401422001,-94.39141441619557
39.06246499751219,-94.39141492718578
39.06245601490495,-94.39141543624329
39.06244699819713,-94.39141594723323
39.062438015589905,-94.3914164562905
39.06242899888207,-94.39141696728016
39.0624210143423,-94.3914174197753
39.06241199763447,-94.3914179307647
39.062403015027215,-94.39141843982148
39.06239399831937,-94.39141895081065
39.0623850157121,-94.39141945986715
39.06237599900425,-94.39141997085605
39.06236701639698,-94.39142047991228
39.06235799968912,-94.39142099090093
39.06234898298125,-94.39142150188944
39.06234000037396,-94.3914220109453
39.06233098366609,-94.39142252193356
39.062322001058796,-94.39142303098915
39.06231298435092,-94.39142354197713
39.062304001743605,-94.39142405103249
39.06229498503571,-94.3914245620202
39.06228600242841,-94.39142507107529
39.0622769857205,-94.39142558206275
39.06226800311318,-94.39142609111758
39.062258986405254,-94.39142660210479
39.06225000379793,-94.39142711115935
39.06224098709002,-94.39142762214631
39.06223200448268,-94.3914281312006
39.06222298777475,-94.3914286421873
39.062214005167405,-94.39142915124133
39.062204988459456,-94.39142966222776
39.06219600585211,-94.39143017128154
39.06218698914416,-94.39143068226771
39.06217800653681,-94.39143119132123
39.062169987896326,-94.39143164574566
39.06216100528896,-94.39143215479893
39.062151988580986,-94.3914326657846
39.06214300597361,-94.39143317483762
39.06213398926563,-94.39143368582302
39.06212500665824,-94.39143419487579
39.062115989950264,-94.39143470586092
39.06210700734285,-94.39143521491341
39.062097990634875,-94.3914357258983
39.06208900802747,-94.39143623495053
39.06207999131945,-94.39143674593517
39.06207100871205,-94.39143725498714
39.06206199200404,-94.3914377659715
39.06205300939662,-94.39143827502323
39.062043992688594,-94.39143878600733
39.06203501008116,-94.39143929505879
39.062025997755505,-94.39143980192168
39.062016999671826,-94.39143997103918
39.06200800158817,-94.39144014015665
39.06199900350449,-94.39144030927407
39.061990005420824,-94.39144047839146
39.06198099600822,-94.39144064772171
39.06197199792454,-94.391440816839
39.061962999840866,-94.39144098595625
39.061954001757194,-94.39144115507345
39.061945003673515,-94.39144132419062
39.061935994260914,-94.39144149352067
39.06192599639015,-94.39144168142853
39.06191699830649,-94.39144185054555
39.0619080002228,-94.39144201966253
39.06189900213912,-94.3914421887795
39.06189000405544,-94.3914423578964
39.06188099464284,-94.39144252722618
39.06187199655916,-94.39144269634298
39.06186299847547,-94.39144286545975
39.0618540003918,-94.39144303457648
39.06184500230811,-94.39144320369317
39.06183600422444,-94.39144337280982
39.06182699481182,-94.39144354213934
39.06181799672814,-94.39144371125589
39.06180899864445,-94.39144388037239
39.06180000056077,-94.39144404948887
39.06179100247709,-94.39144421860529
39.06178100460634,-94.39144440651238
39.06177199519371,-94.39144457584165
39.06176299711003,-94.39144474495794
39.061753999026344,-94.39144491407419
39.06174500094266,-94.39144508319039
39.06173600285898,-94.39144525230655
39.061727004775285,-94.39144542142266
39.06171799536267,-94.39144559075167
39.06170899727898,-94.39144575986771
39.061699999195284,-94.3914459289837
39.0616910011116,-94.39144609809964
39.061681986371035,-94.39144658165803
39.06167300218694,-94.39144706712845
39.061663985481594,-94.39144755435609
39.061655999540164,-94.39144798588516
39.06164701535605,-94.39144847135523
39.061637998650674,-94.39144895858252
39.061629014466575,-94.39144944405234
39.06161999776119,-94.39144993127937
39.06161201181974,-94.3914503628079
39.06160299511434,-94.39145085003469
39.06159401093022,-94.39145133550403
39.06158499422483,-94.39145182273057
39.061576010040696,-94.39145230819967
39.061566993335276,-94.39145279542598
39.06155900739382,-94.39145322695384
39.0615499906884,-94.39145371417992
39.06154100650425,-94.39145419964854
39.06153198937776,-94.39145463531322
39.0615230020244,-94.39145506950217
39.06151401467102,-94.39145550369102
39.06150499823155,-94.39145593928494
39.061497009472994,-94.3914563252304
39.061487993033516,-94.3914567608241
39.06147900568013,-94.39145719501252
39.06146998924065,-94.39145763060601
39.06146100188725,-94.39145806479421
39.06145201453386,-94.3914584989823
39.061442998094385,-94.39145893457544
39.061434010740975,-94.39145936876331
39.061425992896304,-94.39145975611316
39.06141700554289,-94.39146019030082
39.061407989103394,-94.39146062589353
39.06139900174998,-94.39146106008097
39.06139001439657,-94.39146149426831
39.06138099795705,-94.39146192986068
39.06137201060362,-94.39146236404778
39.061362994164114,-94.39146279963995
39.0613550054055,-94.39146318558387
39.061345988965975,-94.39146362117582
39.06133700161255,-94.39146405536249
39.061328014259104,-94.39146448954905
39.061318997819576,-94.39146492514068
39.06131001046612,-94.39146535932701
39.06130099402658,-94.39146579491842
39.06129200667313,-94.39146622910454
39.061282990233586,-94.39146666469573
39.061275001474954,-94.39146705063875
39.0612660141215,-94.39146748482455
39.06125699771961,-94.39146792200377
39.06124801046186,-94.391468357827
39.061238994008306,-94.39146879506589
39.06123000675055,-94.39146923088889
39.061220990296995,-94.39146966812756
39.06121200303921,-94.39147010395033
39.06120298658565,-94.39147054118878
39.06119399932788,-94.39147097701134
39.0611850120701,-94.39147141283377
39.06117599561654,-94.3914718500719
39.06116700835874,-94.39147228589411
39.061157991905155,-94.39147272313203
39.06114900464737,-94.391473158954
39.06113998819378,-94.39147359619169
39.061131000935994,-94.39147403201345
39.06112201367819,-94.39147446783511
39.06111299722458,-94.39147490507246
39.06110400996678,-94.39147534089389
39.06109499351318,-94.39147577813101
39.061086006255366,-94.39147621395223
39.06107698980175,-94.39147665118912
39.06106800254393,-94.39147708701012
39.061058986090316,-94.3914775242468
39.06104999883249,-94.39147796006756
39.061041011574666,-94.39147839588821
39.061031995121034,-94.39147883312457
39.0610230078632,-94.39147926894499
39.06101399140956,-94.39147970618112
39.061005004151724,-94.39148014200134
39.06099598769808,-94.39148057923722
39.06098700044023,-94.39148101505722
39.06097801318238,-94.39148145087711
39.06096899672873,-94.39148188811266
39.060960009470875,-94.39148232393234
39.060950993017215,-94.39148276116767
39.060942005759344,-94.3914831969871
39.060932989305684,-94.39148363422223
39.06092400204782,-94.39148407004143
39.060914985594145,-94.39148450727633
39.06090599833627,-94.39148494309532
39.06089701107838,-94.39148537891421
39.06088799462471,-94.39148581614877
39.060879007366815,-94.39148625196742
39.06086999091313,-94.39148668920177
39.06086100365523,-94.3914871250202
39.06085198720154,-94.39148756225431
39.060842999943645,-94.39148799807253
39.06083401268574,-94.39148843389063
39.06082499623204,-94.39148887112442
39.06081600897413,-94.39148930694229
39.06080699252041,-94.39148974417586
39.060798005262505,-94.39149017999351
39.060788988808795,-94.39149061722686
39.06078000155087,-94.39149105304429
39.06077098509714,-94.3914914902774
39.060761997839215,-94.39149192609463
39.06075301058128,-94.39149236191173
39.060743994127556,-94.3914927991445
39.060735006869606,-94.39149323496139
39.06072599041587,-94.39149367219395
39.06071700315792,-94.3914941080106
39.06070798670418,-94.39149454524294
39.06069899944624,-94.39149498105938
39.060690012188275,-94.3914954168757
39.060680995734515,-94.3914958541077
39.06067200847655,-94.39149628992381
39.0606629920228,-94.39149672715558
39.06065400476482,-94.39149716297146
39.06064498831106,-94.39149760020302
39.06063600105308,-94.39149803601869
39.060627013795106,-94.39149847183423
39.06061799734133,-94.39149890906545
39.06060901008334,-94.39149934488078
39.060599993629566,-94.39149978211177
39.06059100637157,-94.39150021792689
39.06058198991777,-94.39150065515766
39.06057300265978,-94.39150109097254
39.060563986205985,-94.3915015282031
39.06055499894797,-94.39150196401775
39.06054601168998,-94.3915023998323
39.06053699523616,-94.39150283706252
39.06052800797816,-94.39150327287686
39.06051899152434,-94.39150371010685
39.06051000426631,-94.39150414592095
39.060500987812496,-94.39150458315072
39.060492000554476,-94.39150501896461
39.06048301329644,-94.39150545477838
39.06047399684261,-94.39150589200783
39.060465009584576,-94.39150632782138
39.060455993130745,-94.39150676505058
39.060447005872696,-94.39150720086391
39.06043798941885,-94.3915076380929
39.060429002160795,-94.39150807390601
39.06041998570696,-94.39150851113479
39.0604109984489,-94.39150894694767
39.06040201119084,-94.39150938276043
39.06039299473698,-94.39150981998887
39.06038400747891,-94.39151025580142
39.06037499102506,-94.39151069302964
39.06036600376697,-94.39151112884197
39.060356987313114,-94.39151156606997
39.06034800005502,-94.39151200188206
39.060339012796945,-94.39151243769406
39.060329996343064,-94.39151287492172
39.06032100908497,-94.3915133107335
39.06031199263109,-94.39151374796093
39.06030300537299,-94.39151418377247
39.06029398891909,-94.39151462099969
39.06028500166099,-94.39151505681102
39.0602759852071,-94.391515494038
39.060266997948986,-94.3915159298491
39.060258010690866,-94.39151636566011
39.06024899423696,-94.39151680288677
39.06024000697885,-94.39151723869753
39.06023099052493,-94.39151767592398
39.06022200326681,-94.39151811173451
39.06021298681288,-94.39151854896073
39.06020399955474,-94.39151898477107
39.0601950122966,-94.39151942058128
39.06018599584269,-94.39151985780715
39.060177008584546,-94.39152029361715
39.060167992130594,-94.3915207308428
39.060159004872446,-94.39152116665258
39.06014998841851,-94.391521603878
39.06014100116035,-94.39152203968757
39.060132013902184,-94.391522475497
39.06012299744824,-94.3915229127221
39.06011401019007,-94.39152334853132
39.06010499373611,-94.39152378575618
39.06009600533394,-94.39152419482053
39.0600869891646,-94.39152460424026
39.06007800033999,-94.39152501241817
39.06006901151538,-94.39152542059598
39.06005999534603,-94.39152583001541
39.06005100652143,-94.39152623819301
39.06004199035207,-94.39152664761222
39.06003300152744,-94.39152705578961
39.06002401270283,-94.39152746396691
39.06001499653347,-94.3915278733858
39.06000600770884,-94.3915282815629
39.059996991539464,-94.39152869098157
39.05998800271484,-94.39152909915846
39.05997898654545,-94.39152950857694
39.05996999772082,-94.3915299167536
39.059961008896174,-94.39153032493016
39.05995199272679,-94.39153073434834
39.05994300390214,-94.39153114252468
39.05993398773275,-94.39153155194263
39.0599249989081,-94.3915319601188
39.05991601008345,-94.39153236829483
39.05990699391404,-94.39153277771248
39.05989800508938,-94.39153318588832
39.05988898891999,-94.39153359530576
39.05988000009532,-94.39153400348137
39.05987101127065,-94.3915344116569
39.05986199510123,-94.39153482107402
39.059853006276555,-94.39153522924934
39.05984399010714,-94.39153563866626
39.05983500128246,-94.39153604684137
39.05982601245778,-94.39153645501638
39.05981699628835,-94.39153686443296
39.05980800746365,-94.39153727260776
39.05979899129422,-94.39153768202415
39.059790002469526,-94.39153809019875
39.05978098630009,-94.39153849961494
39.05977199747539,-94.39153890778931
39.059763008650684,-94.39153931596358
39.059753992481234,-94.39153972537946
39.05974500365652,-94.39154013355353
39.05973598748707,-94.39154054296918
39.05972699866236,-94.39154095114304
39.05971800983764,-94.3915413593168
39.05970899366818,-94.39154176873214
39.05970000484346,-94.39154217690569
39.059690988673985,-94.39154258632084
39.05968199984925,-94.39154299449419
39.05967301102452,-94.39154340266741
39.05966399485505,-94.39154381208223
39.05965500603031,-94.39154422025527
39.05964598986083,-94.39154462966988
39.05963700103609,-94.3915450378427
39.05962801221134,-94.39154544601543
39.059617997283546,-94.39154590078223
39.05960900845879,-94.39154630895473
39.05959999228929,-94.39154671836882
39.05959100346453,-94.39154712654111
39.05958201463977,-94.3915475347133
39.05957299847027,-94.39154794412707
39.059564009645506,-94.39154835229904
39.059554993476,-94.39154876171261
39.05954600465122,-94.39154916988439
39.05953698848171,-94.39154957929773
39.059527999656915,-94.39154998746929
39.05951901083215,-94.39155039564075
39.05950999466262,-94.3915508050538
39.05950100583783,-94.39155121322504
39.059491989668295,-94.39155162263788
39.05948300084351,-94.39155203080891
39.05947401201872,-94.39155243897984
39.059464995849176,-94.39155284839238
39.059456007024366,-94.3915532565631
39.05944699085482,-94.39155366597542
39.05943800203002,-94.39155407414593
39.05942901320521,-94.39155448231635
39.05941999703567,-94.39155489172836
39.059411008210844,-94.39155529989856
39.05940199204129,-94.39155570931035
39.059393003216464,-94.39155611748035
39.05938401439164,-94.39155652565024
39.05937499822207,-94.39155693506173
39.059366009397245,-94.39155734323141
39.059356993227674,-94.39155775264268
39.05934800440283,-94.39155816081217
39.05933898823326,-94.39155857022322
39.05932999940841,-94.3915589783925
39.05932101058357,-94.39155938656167
39.05931199441398,-94.39155979597243
39.05930300558913,-94.39156020414137
39.059293989419544,-94.39156061355192
39.059285000594684,-94.39156102172066
39.05927601176982,-94.39156142988931
39.059266995600225,-94.39156183929954
39.059258006775366,-94.39156224746797
39.05924899060575,-94.391562656878
39.059240001780886,-94.39156306504624
39.05923101295601,-94.39156347321436
39.05922199678639,-94.39156388262407
39.05921300796152,-94.39156429079199
39.0592039917919,-94.39156470020149
39.059195002967016,-94.39156510836919
39.05918601414213,-94.39156551653682
39.059176997972486,-94.391565925946
39.0591680091476,-94.39156633411339
39.05915899297797,-94.39156674352236
39.05915000415307,-94.39156715168957
39.05914098798342,-94.39156756109833
39.05913199915851,-94.39156796926531
39.05912301033361,-94.39156837743218
39.05911399416397,-94.39156878684064
39.059105005339056,-94.39156919500732
39.059095989169386,-94.39156960441557
39.059087000344476,-94.39157001258202
39.05907801151955,-94.39157042074838
39.05906899534989,-94.39157083015631
39.05906000652497,-94.39157123832247
39.05905099035529,-94.3915716477302
39.059042001530365,-94.39157205589613
39.059033012705434,-94.39157246406198
39.05902399653576,-94.39157287346939
39.05901500771082,-94.39157328163502
39.05900599154113,-94.39157369104223
39.058997002716175,-94.39157409920766
39.05898801389123,-94.39157450737297
39.05897899772154,-94.39157491677986
39.05897000889659,-94.39157532494497
39.05896099272688,-94.39157573435166
39.058952003901915,-94.39157614251657
39.05894298773222,-94.39157655192304
39.05893399890726,-94.39157696008772
39.05892501008229,-94.39157736825231
39.05891599391257,-94.39157777765848
39.05890700508759,-94.39157818582287
39.05889798891788,-94.39157859522881
39.058889000092904,-94.39157900339299
39.058880011267924,-94.39157941155706
39.05887099509819,-94.3915798209627
39.05886200627319,-94.39158022912657
39.05885299010346,-94.39158063853199
39.058844001278466,-94.39158104669565
39.05883501245348,-94.3915814548592
39.05882599628373,-94.39158186426432
39.058817007458714,-94.39158227242767
39.05880799128898,-94.39158268183257
39.058799002463964,-94.3915830899957
39.058790013638955,-94.39158349815874
39.0587809974692,-94.39158390756333
39.058772008644176,-94.39158431572615
39.05876299247442,-94.39158472513054
39.058754003649405,-94.39158513329315
39.058745014824375,-94.39158554145567
39.058735998654605,-94.39158595085975
39.05872700982957,-94.39158635902204
39.0587179936598,-94.39158676842591
39.05870900483476,-94.39158717658802
39.05869998866498,-94.39158758599166
39.05869099983993,-94.39158799415355
39.05868201101489,-94.39158840231535
39.05867299484508,-94.39158881171869
39.058664006020045,-94.39158921988026
39.05865498985025,-94.3915896292834
39.05864600102519,-94.39159003744477
39.05863701220013,-94.39159044560603
39.058627996030324,-94.39159085500886
39.058619007205266,-94.39159126316991
39.058609991035446,-94.39159167257252
39.05860100221038,-94.39159208073337
39.0585920133853,-94.39159248889412
39.05858299721548,-94.39159289829641
39.0585740083904,-94.39159330645694
39.05856499222058,-94.39159371585905
39.0585560033955,-94.39159412401936
39.05854701457041,-94.3915945321796
39.058537998400574,-94.39159494158137
39.05852900957548,-94.3915953497414
39.05851999340564,-94.39159575914296
39.058511004580545,-94.39159616730277
39.0585019884107,-94.39159657670412
39.05849299958559,-94.39159698486372
39.05848401076047,-94.39159739302323
39.05847499459062,-94.39159780242427
39.058466005765524,-94.39159821058357
39.058456989595655,-94.3915986199844
39.05844800077054,-94.39159902814349
39.0584390119454,-94.39159943630247
39.05842999577554,-94.391599845703
39.05842100172256,-94.39160010741136
39.058412005559724,-94.3916003466829
39.05840299336682,-94.39160058638076
39.05839399720399,-94.39160082565219
39.058385001041174,-94.39160106492356
39.058376004878355,-94.39160130419486
39.05836700871552,-94.39160154346611
39.05835799652261,-94.39160178316365
39.058349000359776,-94.39160202243478
39.05834000419695,-94.39160226170586
39.05833100803414,-94.39160250097686
39.05832199584121,-94.39160274067414
39.05831299967837,-94.39160297994503
39.058304003515545,-94.39160321921585
39.05829500735271,-94.39160345848661
39.05828599515979,-94.39160369818366
39.05827699899695,-94.3916039374543
39.05826800283412,-94.39160417672487
39.05825900667128,-94.3916044159954
39.05824999447836,-94.3916046556922
39.05824099831553,-94.3916048949626
39.058232002152685,-94.39160513423292
39.05822300598984,-94.3916053735032
39.05821299422326,-94.39160563978534
39.05820399806043,-94.39160587905548
39.05819500189757,-94.39160611832556
39.058186005734726,-94.39160635759559
39.0581769935418,-94.3916065972919
39.05816799737895,-94.39160683656179
39.05815900121611,-94.39160707583163
39.05815000505326,-94.39160731510141
39.05814099286032,-94.39160755479747
39.05813199669747,-94.39160779406713
39.05812300053462,-94.39160803333672
39.058114004371774,-94.39160827260626
39.05810500820891,-94.39160851187573
39.058095996015965,-94.39160875157148
39.05808699985312,-94.39160899084084
39.05807800369026,-94.39160923011013
39.05806900752741,-94.39160946937936
39.05805999533446,-94.39160970907488
39.05805099917159,-94.39160994834398
39.05804200300874,-94.39161018761303
39.05803300684588,-94.39161042688201
39.05802399465293,-94.3916106665773
39.058014998490066,-94.39161090584615
39.0580060023272,-94.39161114511495
39.057997006164335,-94.39161138438368
39.05798799397138,-94.39161162407872
39.05797899780851,-94.39161186334734
39.057969994562484,-94.39161208935948
39.05796098901409,-94.3916111805411
39.05795198346569,-94.39161027172297
39.05794397181393,-94.39160946320665
39.057935026744005,-94.39160856049229
39.057926021195556,-94.3916076516748
39.05791800954375,-94.39160684315908
39.05790900399528,-94.39160593434204
39.05789999844679,-94.39160502552522
39.05789198679496,-94.3916042170101
39.057882981246436,-94.39160330819372
39.057873975697916,-94.39160239937758
39.05786503062787,-94.39160149666499
39.057857018975994,-94.39160068815066
39.05784801342743,-94.39159977933518
39.057839019425366,-94.39159884257998
39.05783000039218,-94.39159699682176
39.05782098135895,-94.39159515106401
39.05781196232566,-94.39159330530671
39.05780294329232,-94.3915914595499
39.05779404461773,-94.39158963842513
39.05778502558427,-94.39158779266923
39.05777600655075,-94.39158594691379
39.05776698751716,-94.39158410115884
39.057757968483536,-94.39158225540433
39.05774894944983,-94.3915804096503
39.05773993041609,-94.39157856389673
39.05773105127977,-94.39157669275471
39.05772197010911,-94.39157417909277
39.05771304846999,-94.39157170958968
39.05770396729911,-94.391569195929
39.05769600150156,-94.39156699100327
39.057687079862156,-94.39156452150196
39.05767799869098,-94.39156200784308
39.05767003289318,-94.39155980291895
39.0576609517218,-94.39155728926126
39.05765203008197,-94.39155481976233
39.0576429489104,-94.3915523061059
39.05763498311224,-94.39155010118391
39.05762606147212,-94.39154763168678
39.05761698030023,-94.39154511803214
39.0576090145018,-94.39154291311172
39.057599933329726,-94.39154039945828
39.057590905862725,-94.39153740924553
39.05758199751072,-94.39153401082167
39.05757287768904,-94.39153053172575
39.05756396933666,-94.39152713330358
39.057555980311214,-94.3915240855936
39.05754686048896,-94.39152060650014
39.05753795213603,-94.39151720808037
39.05752883231339,-94.39151372898861
39.05751992396005,-94.3915103305705
39.05751101560655,-94.39150693215322
39.057501895783325,-94.39150345306402
39.0574939067567,-94.39150040535917
39.05748499840262,-94.39149700694429
39.05747587857884,-94.39149352785755
39.0574669702244,-94.39149012944434
39.05745785040021,-94.3914866503593
39.05744901251541,-94.39148295513775
39.05744093871288,-94.39147921968737
39.05743197922627,-94.39147507446471
39.05742390542326,-94.39147133901602
39.05741494593612,-94.39146719379526
39.057406872132646,-94.39146345834826
39.05739791264497,-94.39145931312939
39.057390085924034,-94.3914556920001
39.05738112643585,-94.39145154678306
39.057373052631426,-94.39144781133945
39.05736409314271,-94.39144366612432
39.05735601933782,-94.3914399306824
39.05734705984857,-94.39143578546914
39.05733898604322,-94.39143205002894
39.05733091223764,-94.39142831458953
39.057321914545575,-94.39142324536164
39.057314094546875,-94.39141872853159
39.05730598459671,-94.39141404422678
39.05729787464622,-94.39140935992297
39.05728976469538,-94.39140467562015
39.05728111217092,-94.39139967792843
39.05727300221936,-94.39139499362763
39.057264892267476,-94.39139030932783
39.05725678231526,-94.39138562502903
39.057248962313864,-94.3913811082066
39.05724001983632,-94.39137594304478
39.05723190988305,-94.39137125874899
39.05722379992944,-94.39136657445421
39.0572159799267,-94.39136205763565
39.057207869972416,-94.39135737334279
39.05719892749295,-94.39135220818648
39.05719091896652,-94.39134717801859
39.057182932281115,-94.39134114876839
39.05717602862604,-94.39133593711281
39.057168041939626,-94.39132990786483
39.05716005525268,-94.39132387861804
39.057152068565166,-94.39131784937243
39.057144081877134,-94.39131182012801
39.05713609518854,-94.3913057908848
39.05712885275024,-94.39130032348605
39.05712086606063,-94.3912942942451
39.05711287937048,-94.39128826500534
39.05710489267978,-94.39128223576675
39.05709690598854,-94.39127620652937
39.0570892580773,-94.39127043304207
39.057082015636155,-94.39126496564968
39.057074028943354,-94.3912589364157
39.05706604225002,-94.3912529071829
39.05705805555614,-94.39124687795129
39.05705006886171,-94.39124084872087
39.0570428264182,-94.39123538133381
39.05703483972276,-94.39122935210567
39.05702685302676,-94.39122332287872
39.05701886633024,-94.39121729365294
39.05701087963316,-94.39121126442836
39.05700323171623,-94.39120549095324
39.05699598926986,-94.39120002357254
39.05698800257124,-94.39119399435137
39.056980015872064,-94.39118796513138
39.05697202917236,-94.39118193591258
39.056964042472096,-94.39117590669498
39.0569560557713,-94.39116987747856
39.056948813322094,-94.39116441010427
39.05694082662026,-94.39115838089012
39.0569338498674,-94.39115226678176
39.05692602190375,-94.39114496107759
39.0569188495873,-94.3911382672795
39.05691204623896,-94.39113191783453
39.05690487392129,-94.39112522403865
39.05689770160299,-94.39111853024392
39.056889873635846,-94.39111122454592
39.05688307028505,-94.39110487510523
39.05687589796484,-94.39109818131392
39.05686872564401,-94.39109148752375
39.05686192229144,-94.3910851380862
39.05685409432079,-94.3910778323943
39.05684692199804,-94.39107113860756
39.056840118643606,-94.39106478917323
39.05683294631964,-94.39105809538869
39.05682577399505,-94.39105140160528
39.05681794602089,-94.39104409591957
39.05681117436048,-94.39103776803799
39.05680497239582,-94.39103003672348
39.05679825417699,-94.39102166185332
39.05679205221073,-94.39101393054095
39.05678585024373,-94.39100619922966
39.05677913202228,-94.3909978243629
39.056772930053675,-94.39099009305377
39.05676621183046,-94.3909817181893
39.056760009860255,-94.39097398688233
39.05675329163526,-94.39096561202014
39.05674708966345,-94.39095788071532
39.05674088769089,-94.39095014941158
39.05673416946328,-94.39094177455279
39.056727967489124,-94.39093404325118
39.05672124925973,-94.39092566839469
39.05671504728398,-94.39091793709525
39.05670884530747,-94.39091020579687
39.0567021372885,-94.39090083763257
39.056695910406184,-94.39089210596023
39.05669007038104,-94.39088391676223
39.0566838434969,-94.39087518509207
39.05667761661186,-94.39086645342309
39.056671319056996,-94.39085762265965
39.05666509217003,-94.39084889099291
39.05665886528213,-94.39084015932734
39.05665263839332,-94.39083142766292
39.05664679836194,-94.39082323847215
39.05664011394373,-94.39081386524165
39.05663388705209,-94.39080513358063
39.056628047017995,-94.39079694439302
39.05662182012452,-94.39078821273421
39.05661559323012,-94.39077948107655
39.05660985880292,-94.39077113840199
39.05660391545457,-94.3907610828718
39.05659871317176,-94.39075228115037
39.0565931440587,-94.39074285879299
39.05658794177402,-94.39073405707339
39.05658273948846,-94.39072525535472
39.056577170372364,-94.39071583300014
39.05657196808494,-94.39070703128331
39.05656639896679,-94.39069760893064
39.05656119667749,-94.39068880721565
39.056555620149474,-94.39067937233163
39.05655005102824,-94.39066994998183
39.056544848736145,-94.39066114826971
39.056539279612856,-94.39065172592181
39.0565340773189,-94.39064292421155
39.05652887502407,-94.3906341225022
39.05652330589774,-94.39062470015709
39.056518103601036,-94.39061589844958
39.05651290130345,-94.39060709674303
39.05650695793581,-94.39059704123162
39.0565017556363,-94.39058823952698
39.05649684520734,-94.39057913138559
39.05649176287784,-94.39056920126559
39.05648703735423,-94.3905599682943
39.05648195502262,-94.39055003817612
39.056477229497006,-94.39054080520643
39.05647245001582,-94.3905314668183
39.0564677244883,-94.39052223385023
39.056462642152546,-94.39051230373563
39.05645791662302,-94.39050307076916
39.056452834285146,-94.39049314065636
39.056448108753614,-94.3904839076915
39.05644302641363,-94.39047397758048
39.05643860373331,-94.39046533634559
39.0564335213913,-94.39045540623638
39.05642879585586,-94.39044617327473
39.056424070319444,-94.39043694031383
39.05641898797428,-94.39042701020726
39.05641426243586,-94.39041777724796
39.056409180088586,-94.3904078471432
39.056404454548165,-94.3903986141855
39.05639967505275,-94.390389275811
39.05639494951041,-94.3903800428549
39.056389867159,-94.39037011275374
39.05638565436427,-94.39036023961006
39.056381289958296,-94.39034979898798
39.05637715023197,-94.39033989585249
39.056373010504636,-94.39032999271772
39.05636887077629,-94.3903200895837
39.056364731046926,-94.3903101864504
39.056360042534735,-94.390298970513
39.05635590280318,-94.39028906738123
39.05635176307064,-94.39027916425023
39.05634762333707,-94.39026926111997
39.05634325892089,-94.39025882050416
39.05633911918522,-94.39024891737532
39.056334979448515,-94.39023901424724
39.0563308397108,-94.3902291111199
39.05632669997209,-94.3902192079933
39.05632240208061,-94.3902087853025
39.056318939794735,-94.3901980321476
39.05631547750777,-94.39018727899341
39.056312143259234,-94.39017692350433
39.056308680970076,-94.39016617035142
39.05630534671937,-94.39015581486329
39.05630188442801,-94.39014506171166
39.056298422135555,-94.39013430856076
39.05629508788152,-94.39012395307412
39.05629162558689,-94.3901131999245
39.05628829133066,-94.3901028444388
39.05628482903382,-94.39009209129047
39.05628136673589,-94.39008133814285
39.056278032476364,-94.39007098265866
39.056274570176235,-94.39006022951232
39.056271126919285,-94.39004894052688
39.05626803142882,-94.39003798527276
39.05626493593724,-94.39002703001921
39.05626184044452,-94.39001607476622
39.056258744950654,-94.39000511951379
39.05625564945566,-94.38999416426194
39.05625255395952,-94.38998320901062
39.056249341538994,-94.3899718399578
39.05624624604051,-94.38996088470752
39.05624315054087,-94.3899499294578
39.056240055040114,-94.38993897420865
39.05623695953822,-94.38992801896006
39.05623386403518,-94.38991706371205
39.05623076853101,-94.38990610846457
39.05622730658056,-94.38989385633866
39.05622421107395,-94.3898829010923
39.05622111556621,-94.38987194584651
39.05621802005732,-94.38986099060129
39.05621492454731,-94.38985003535662
39.056211829036144,-94.3898390801125
39.056209543405885,-94.3898281410059
39.0562073215488,-94.38981620952018
39.056205221401086,-94.3898049316266
39.05620299954151,-94.3897930001416
39.0562009537723,-94.38978201427612
39.056198731910285,-94.38977008279198
39.056196686138804,-94.38975909692728
39.05619464036625,-94.38974811106291
39.05619241850062,-94.38973617958005
39.0561903183446,-94.389724901688
39.05618809647646,-94.38971297020588
39.05618605069934,-94.38970198434288
39.056183828828765,-94.38969005286164
39.05618178304939,-94.38967906699939
39.05617973726892,-94.3896680811375
39.05617751539473,-94.38965614965754
39.0561754152304,-94.389644871767
39.056173193353715,-94.38963294028777
39.056171147568676,-94.38962195442724
39.05616892568955,-94.38961002294886
39.0561671994373,-94.38959895185843
39.05616561872873,-94.38958809203399
39.05616400407642,-94.389576999016
39.05616224880769,-94.38956493994094
39.05616066809592,-94.38955408011755
39.05615905344024,-94.38954298710019
39.05615747272637,-94.3895321272775
39.05615571745287,-94.38952006820352
39.05615410279383,-94.38950897518679
39.05615252207676,-94.38949811536514
39.056150907415564,-94.38948702234883
39.056149292753275,-94.38947592933266
39.056147571416915,-94.38946410345521
39.05614595675236,-94.38945301043951
39.056144342086704,-94.38944191742397
39.05614276136327,-94.38943105760438
39.05614100607894,-94.3894189985326
39.05613939140993,-94.38940790551767
39.05613781068327,-94.38939704569914
39.0561361960121,-94.38938595268465
39.056134474666464,-94.38937412681035
39.05613285999304,-94.38936303379634
39.056131245318504,-94.38935194078245
39.05612966458654,-94.38934108096568
39.05612804990986,-94.38932998795222
39.05612629461471,-94.38931792888268
39.05612471387953,-94.38930706906694
39.05612309919947,-94.38929597605411
39.05612148451831,-94.38928488304143
39.05611976316227,-94.38927305717064
39.05611814847886,-94.38926196415842
39.05611654961584,-94.38925111823102
39.05611464608133,-94.38923909290776
39.056112894524205,-94.38922802768865
39.05611114296598,-94.38921696246972
39.056109239427805,-94.38920493714731
39.05610748786729,-94.38919387192885
39.05610562422303,-94.38918209864613
39.056103872660266,-94.38917103342828
39.05610196911719,-94.38915900810714
39.05610021755215,-94.38914794288976
39.05609831400658,-94.38913591756916
39.05609656243925,-94.38912485235225
39.05609469878789,-94.38911307907222
39.05609294721832,-94.3891020138559
39.05609104366785,-94.3890899885366
39.05608929209597,-94.38907892332074
39.05608754052301,-94.38906785810512
39.056085636968874,-94.38905583278662
39.05608392529059,-94.38904501961228
39.056082021734035,-94.38903299429451
39.05608027015655,-94.38902192907993
39.056078366597504,-94.38900990376271
39.05607661501771,-94.38899883854863
39.05607471145618,-94.38898681323195
39.05607299977138,-94.38897600006001
39.05607109620744,-94.38896397474406
39.05606934462311,-94.38895290953103
39.056067593037696,-94.38894184431823
39.05606568947008,-94.38892981900308
39.056063441538015,-94.38891881527083
39.05606051225556,-94.38890720406097
39.05605771569544,-94.38889611894648
39.05605491913415,-94.38888503383242
39.05605212257169,-94.3888739487188
39.05604932600808,-94.3888628636056
39.05604662491515,-94.38885215692709
39.05604382834928,-94.38884107181484
39.05604103178224,-94.38882998670302
39.05603823521405,-94.38881890159162
39.05603521044889,-94.38880691195277
39.056032509350494,-94.38879620527713
39.05602971277878,-94.38878512016719
39.05602691620591,-94.38877403505766
39.05602411963188,-94.38876294994856
39.05602132305668,-94.38875186483988
39.05601852648032,-94.38874077973162
39.05601582537542,-94.38873007305929
39.05601280060034,-94.38871808342472
39.05601000402047,-94.38870699831791
39.05600720743944,-94.38869591321154
39.05600441085724,-94.38868482810557
39.05600170974689,-94.38867412143611
39.055998913162426,-94.38866303633112
39.0559961165768,-94.38865195122655
39.05599223801787,-94.38864085531294
39.05598851153672,-94.38863068904533
39.05598496727396,-94.38862101989362
39.05598094103021,-94.38861003584678
39.05597721454586,-94.38859986958103
39.05597348806046,-94.38858970331586
39.055969644033034,-94.38857921638667
39.055965917545514,-94.3885690501228
39.05596219105693,-94.38855888385949
39.05595816480628,-94.3885478998168
39.055954438315474,-94.38853773355471
39.05595089404386,-94.38852806440913
39.055946867789814,-94.38851708036859
39.055943141295835,-94.38850691410836
39.05593941480078,-94.3884967478487
39.05593557076385,-94.38848626092641
39.05593184426668,-94.38847609466804
39.05592811776844,-94.38846592841024
39.05592409150749,-94.38845494437388
39.05592036500706,-94.3884447781173
39.0559168207266,-94.38843510897783
39.05591279446225,-94.38842412494358
39.05590906795862,-94.38841395868886
39.05590534145393,-94.38840379243472
39.05590179716956,-94.38839412329793
39.05589777090068,-94.3883831392665
39.0558940443928,-94.38837297301419
39.05589031788385,-94.38836280676247
39.05588629161148,-94.38835182273307
39.05588192181531,-94.3883420586211
39.055877279420194,-94.38833179049698
39.055872890191,-94.38832208233237
39.055868247793654,-94.38831181420979
39.05586385856241,-94.38830210604681
39.055858878506506,-94.38829109109318
39.0558542361057,-94.38828082297304
39.055849846871304,-94.38827111481261
39.05584520446828,-94.38826084669405
39.05584081523184,-94.38825113853525
39.05583617282658,-94.38824087041826
39.05583153042016,-94.38823060230206
39.05582680352384,-94.38822014731376
39.05582216111512,-94.38820987919921
39.05581777187349,-94.3882001710446
39.05581312946254,-94.38818990293161
39.055808740218886,-94.38818019477866
39.055804097805705,-94.38816992666725
39.05579945539136,-94.3881596585566
39.0557950661446,-94.38814995040609
39.05579008607073,-94.38813893546585
39.05578569682186,-94.38812922731708
39.055781054403006,-94.38811895920968
39.05577572085427,-94.38810927054779
39.05577003957075,-94.38809995995727
39.05576435378652,-94.38809064199363
39.055758668001225,-94.38808132403096
39.05575298671474,-94.38807201344372
39.055747300927386,-94.38806269548311
39.05574161513898,-94.38805337752349
39.055736311102194,-94.38804468518688
39.055730248059064,-94.38803474898197
39.055724944020405,-94.38802605664736
39.055719258227924,-94.38801673869175
39.05571319518153,-94.38800680249017
39.05570789114005,-94.38799811015853
39.05570220534446,-94.38798879220595
39.055696142294806,-94.38797885600772
39.05569083825051,-94.38797016367906
39.0556851524518,-94.38796084572952
39.055679089398886,-94.38795090953462
39.05567378535177,-94.38794221720894
39.055668091293356,-94.38793288820871
39.05566175226491,-94.38792430335864
39.055654938393616,-94.38791507543878
39.05564898713867,-94.38790701574906
39.055642648107494,-94.38789843090251
39.05563583423317,-94.38788920298629
39.055629882975595,-94.38788114329978
39.055623543941664,-94.38787255845672
39.0556167300643,-94.38786333054414
39.055610391028495,-94.38785474570348
39.05560396492472,-94.38784604295071
39.05559762588706,-94.38783745811239
39.0555912868485,-94.38782887327521
39.05558486074181,-94.38782017052581
39.055578521701406,-94.38781158569097
39.05557257043595,-94.38780352601411
39.0555657565505,-94.38779429811126
39.055559417507354,-94.38778571327992
39.05555346623926,-94.38777765360628
39.055546652350785,-94.3877684257071
39.055540701080936,-94.38776036603558
39.05553388719042,-94.3877511381388
39.055527935918796,-94.38774307846943
39.055521596870186,-94.38773449364497
39.05551517075284,-94.38772579090781
39.0555088317024,-94.38771720608568
39.05550288042732,-94.3877091464205
39.055496066530786,-94.38769991853094
39.0554897274776,-94.38769133371233
39.055483776199885,-94.38768327405033
39.055476806510704,-94.38767528192992
39.05547017908789,-94.38766773905414
39.05546316633952,-94.38765975762954
39.055457100365274,-94.38765285375945
39.05545008761535,-94.38764487233716
39.05544307486455,-94.38763689091611
39.055437008888234,-94.38762998704911
39.05542999613585,-94.38762200563038
39.05542336870758,-94.38761446276229
39.05541691740422,-94.38760712034897
39.05541028997441,-94.38759957748302
39.055403277218794,-94.38759159606897
39.05539682591326,-94.38758425365899
39.055390198481106,-94.38757671079634
39.055383185723066,-94.38756872938586
39.055377119740484,-94.38756182552804
39.05537010698085,-94.38755384411986
39.05536347954557,-94.3875463012616
39.05535702823571,-94.38753895885819
39.05535001547366,-94.38753097745357
39.05534338803603,-94.3875234345986
39.055336936724,-94.38751609219852
39.055330309284834,-94.38750854934568
39.055323296519546,-94.38750056794579
39.055317230530704,-94.38749366409712
39.055310217763825,-94.38748568269952
39.0553032049961,-94.38747770130317
39.05529713900518,-94.3874707974576
39.05529012623587,-94.38746281606353
39.05528349879124,-94.3874552732184
39.05527648602026,-94.38744729182673
39.05527013027392,-94.38744072911078
39.05526191480979,-94.387434177143
39.05525404694162,-94.38742790239043
39.05524617907287,-94.38742162763906
39.05523796360692,-94.38741507567514
39.05523009573698,-94.38740880092622
39.055222227866444,-94.38740252617852
39.05521508278176,-94.38739682786506
39.055206867313444,-94.38739027590613
39.055198999441195,-94.38738400116196
39.05519109043513,-94.38737776907215
39.05518283924716,-94.38737241048551
39.055174103031256,-94.38736673690768
39.055166164054434,-94.38736158108377
39.055157912865155,-94.38735622250054
39.0551499738875,-94.38735106667876
39.05514123766971,-94.38734539310566
39.055132986479116,-94.38734003452585
39.05512504750018,-94.38733487870734
39.055116311280955,-94.38732920513782
39.055108372301156,-94.38732404932148
39.05510012110882,-94.38731869074617
39.055091984423356,-94.38731406077426
39.055082944051726,-94.38731021828939
39.0550741348048,-94.38730647404185
39.05506599619628,-94.38730301484071
39.05505695582394,-94.38729917235852
39.05504814657635,-94.38729542811362
39.055040007967214,-94.3872919689149
39.0550309675942,-94.38728812643541
39.05502306010963,-94.38728476547458
39.05501401973617,-94.38728092299682
39.055004979362465,-94.38727708052001
39.054997071877295,-94.38727371956153
39.054988031503136,-94.38726987708647
39.05497899112875,-94.38726603461235
39.05497108364297,-94.38726267365622
39.05496204326813,-94.38725883118384
39.05495390465696,-94.38725537199316
39.054944969196114,-94.38725214252894
39.05493601445479,-94.38724893311796
39.05492705971329,-94.38724572370776
39.0549190330808,-94.38724284693576
39.05491007833898,-94.38723963752707
39.05490092301062,-94.38723635622837
39.05489196826846,-94.38723314682127
39.054883941635374,-94.38723027005203
39.05487498689288,-94.3872270606464
39.05486603215022,-94.38722385124156
39.054857077407384,-94.3872206418375
39.05484905077371,-94.387217765071
39.05484009603056,-94.38721455566844
39.05483094070085,-94.387211274376
39.05482291406673,-94.38720839761156
39.05481395932309,-94.38720518821128
39.054805004579265,-94.38720197881177
39.05479604983529,-94.38719876941308
39.05478802320058,-94.38719589265136
39.05477906845627,-94.38719268325414
39.05477011371179,-94.38718947385772
39.05476095838072,-94.38718619257156
39.054752931745426,-94.38718331581262
39.05474397700045,-94.38718010641847
39.05473502225531,-94.3871768970251
39.05472699561957,-94.38717402026819
39.05471804087409,-94.38717081087633
39.05470908612846,-94.38716760148523
39.054699930796225,-94.38716432020455
39.054691904159895,-94.3871614434504
39.05468294941377,-94.38715823406159
39.05467399466745,-94.38715502467358
39.05466503992098,-94.38715181528636
39.05465701328404,-94.38714893853493
39.05464805853727,-94.38714572914918
39.05463910379029,-94.38714251976423
39.054630876566485,-94.3871395711246
39.05462192181919,-94.38713636174117
39.05461298050814,-94.38713317834282
39.05460404815416,-94.38713155940832
39.05459598920463,-94.38713009877337
39.054586949679205,-94.3871284604155
39.0545780173251,-94.38712684148216
39.05456897779958,-94.3871252031251
39.05456004544538,-94.38712358419258
39.05455198649566,-94.38712212355944
39.05454305414138,-94.38712050462769
39.054534014615676,-94.38711886627225
39.054524975089954,-94.3871172279172
39.054517023311426,-94.3871157867096
39.05450798378561,-94.38711414835535
39.054499051431094,-94.38711252942561
39.054490011905195,-94.38711089107217
39.054481079550584,-94.38710927214323
39.05447302060052,-94.38710781151333
39.05446398107449,-94.3871061731611
39.054455048719745,-94.38710455423335
39.054446009193626,-94.38710291588194
39.05443805741474,-94.38710147467752
39.05442901788854,-94.3870998363269
39.05442001233013,-94.38709862210942
39.054410995620245,-94.3870981342297
39.05440201148167,-94.3870976481125
39.05439299477178,-94.38709716023305
39.0543840106332,-94.3870966741161
39.0543739956857,-94.38709613222392
39.0543650115471,-94.38709564610723
39.054355994837195,-94.38709515822828
39.0543470106986,-94.38709467211183
39.05433799398869,-94.38709418423312
39.05432900985009,-94.38709369811693
39.05431999314016,-94.38709321023848
39.054311009001545,-94.38709272412252
39.05430099405401,-94.38709218223147
39.05429200991538,-94.38709169611579
39.05428299320544,-94.38709120823783
39.054274009066816,-94.3870907221224
39.05426499235688,-94.38709023424471
39.05425600821823,-94.38708974812951
39.054246991508286,-94.38708926025208
39.054238007369634,-94.38708877413713
39.05422899065968,-94.38708828625992
39.054219008283404,-94.3870877461325
39.05420999157343,-94.38708725825558
39.05420100743477,-94.38708677214113
39.054191990724796,-94.38708628426446
39.05418300658612,-94.38708579815025
39.05417398987614,-94.38708531027383
39.05416499235327,-94.38708554600639
39.054155996585315,-94.38708579726715
39.054147000817366,-94.38708604852782
39.05413800504942,-94.38708629978844
39.05412899244613,-94.3870865515192
39.05411999667818,-94.3870868027797
39.05411100091021,-94.38708705404014
39.05410200514225,-94.3870873053005
39.05409299253896,-94.38708755703101
39.05408399677101,-94.38708780829124
39.054075001003035,-94.38708805955142
39.05406600523507,-94.38708831081152
39.05405699263178,-94.38708856254179
39.054047996863815,-94.38708881380177
39.05403900109585,-94.38708906506167
39.05403000532789,-94.38708931632152
39.05402099272458,-94.38708956805152
39.05401199695661,-94.38708981931126
39.05400300118864,-94.3870900705709
39.053994005420684,-94.3870903218305
39.053984992817355,-94.38709057356026
39.05397599704939,-94.38709082481971
39.053967001281414,-94.38709107607912
39.05395800551345,-94.38709132733845
39.05394899291014,-94.38709157906794
39.05394099667193,-94.38709180240947
39.053932000903956,-94.38709205366862
39.05392300513598,-94.3870923049277
39.05391399253266,-94.38709255665697
39.05390499676468,-94.3870928079159
39.0538960009967,-94.3870930591748
39.05388700522872,-94.38709331043364
39.05387799262539,-94.38709356216263
39.0538689968574,-94.38709381342134
39.053860001089426,-94.38709406467997
39.05385100532143,-94.38709431593854
39.05384199271811,-94.38709456766729
39.05383299695011,-94.38709481892573
39.05382400118212,-94.38709507018412
39.053815005414144,-94.38709532144243
39.0538059928108,-94.38709557317091
39.05379699704282,-94.3870958244291
39.05378800127482,-94.38709607568723
39.053779005506826,-94.38709632694528
39.05376999290348,-94.3870965786735
39.05376099713549,-94.38709682993145
39.05375200136749,-94.38709708118931
39.053743005599486,-94.38709733244713
39.05373399299616,-94.3870975841751
39.053724997228166,-94.38709783543277
39.05371600146014,-94.38709808669037
39.05370700569215,-94.38709833794792
39.0536979930888,-94.38709858967563
39.0536889973208,-94.38709884093305
39.05368000155279,-94.38709909219041
39.05367100578477,-94.3870993434477
39.053661993181436,-94.38709959517516
39.05365299741342,-94.38709984643232
39.05364400164541,-94.38710009768943
39.05363500587739,-94.38710034894646
39.053625993274046,-94.38710060067366
39.053617997035815,-94.38710082401313
39.053609001267795,-94.38710107527
39.05360000549978,-94.38710132652677
39.05359099289641,-94.38710157825372
39.0535819971284,-94.38710182951039
39.053573001360384,-94.387102080767
39.05356400559236,-94.38710233202352
39.053554992989,-94.3871025837502
39.05354599722097,-94.38710283500662
39.05353700145294,-94.38710308626295
39.053528005684925,-94.38710333751924
39.05351899308156,-94.38710358924565
39.05350999731353,-94.38710384050182
39.05350100154549,-94.3871040917579
39.053492005777464,-94.38710434301392
39.05348299317411,-94.3871045947401
39.05347399740607,-94.38710484599599
39.05346500163805,-94.38710509725182
39.053456005870004,-94.38710534850757
39.053446993266625,-94.3871056002335
39.05343799749859,-94.38710585148912
39.0534290026097,-94.38710610405053
39.053420011988194,-94.38710647797761
39.05341099631173,-94.38710685294666
39.05340200569023,-94.38710722687354
39.05339299001378,-94.38710760184239
39.05338399939226,-94.38710797576908
39.05337500877074,-94.38710834969568
39.05336599309428,-94.38710872466426
39.05335700247276,-94.38710909859066
39.05334801185123,-94.38710947251698
39.05333899617477,-94.38710984748525
39.05333000555323,-94.38711022141138
39.05332098987677,-94.38711059637946
39.05331199925523,-94.3871109703054
39.05330300863369,-94.38711134423123
39.053293992957215,-94.38711171919903
39.05328500233566,-94.38711209312468
39.053276011714104,-94.38711246705023
39.053266996037635,-94.38711284201774
39.053258005416076,-94.3871132159431
39.053248989739615,-94.38711359091042
39.05323999911804,-94.38711396483559
39.05323100849648,-94.38711433876067
39.053221992819985,-94.3871147137277
39.053213002198426,-94.38711508765259
39.05320401157685,-94.38711546157738
39.053194995900355,-94.38711583654413
39.053186005278775,-94.38711621046873
39.05317698960228,-94.3871165854353
39.0531679989807,-94.38711695935969
39.05315900835912,-94.38711733328401
39.053149992682606,-94.38711770825027
39.053141002061025,-94.3871180821744
39.05313201143944,-94.38711845609843
39.05312299576293,-94.38711883106441
39.05311400514132,-94.38711920498825
39.05310498946479,-94.38711957995405
39.053095998843204,-94.38711995387769
39.0530870082216,-94.38712032780124
39.053077992545084,-94.38712070276674
39.05306900192347,-94.38712107669012
39.053060011301866,-94.38712145061338
39.053050995625334,-94.3871218255786
39.053042005003704,-94.38712219950166
39.05303298932717,-94.3871225744667
39.053023998705555,-94.38712294838959
39.05301500808393,-94.38712332231238
39.05300599240739,-94.38712369727712
39.05299700178576,-94.38712407119972
39.05298801116414,-94.38712444512223
39.05297899548757,-94.38712482008667
39.052970004865955,-94.38712519400899
39.052960989189394,-94.38712556897326
39.05295199856776,-94.38712594289537
39.05294300794612,-94.38712631681742
39.05293399226955,-94.38712669178139
39.0529250016479,-94.38712706570323
39.05291601102626,-94.38712743962496
39.05290699534968,-94.38712781458865
39.05289800472803,-94.3871281885102
39.052888989051446,-94.38712856347371
39.0528799984298,-94.38712893739506
39.05287100780815,-94.38712931131633
39.052861992131554,-94.38712968627955
39.05285300150989,-94.38713006020062
39.05284401088823,-94.3871304341216
39.05283499521163,-94.38713080908452
39.052826004589974,-94.38713118300531
39.05281698891337,-94.38713155796805
39.0528079982917,-94.38713193188865
39.052799007670025,-94.38713230580915
39.052789991993414,-94.3871326807716
39.052781001371734,-94.38713305469192
39.05277201075005,-94.38713342861215
39.05276299507343,-94.3871338035743
39.05275400445175,-94.38713417749432
39.05274498877513,-94.38713455245629
39.05273599815344,-94.38713492637612
39.052727007531736,-94.38713530029588
39.05271799185511,-94.38713567525755
39.05270900123342,-94.3871360491771
39.052700010611716,-94.38713642309658
39.05269099493508,-94.38713679805797
39.05268200431337,-94.38713717197723
39.052672988636736,-94.38713754693843
39.05266399801502,-94.38713792085751
39.05265500739331,-94.38713829477649
39.052645991716666,-94.38713866973741
39.052637001094936,-94.38713904365619
39.05262801047322,-94.3871394175749
39.052618994796575,-94.38713979253554
39.05261000417485,-94.38714016645403
39.05260098849819,-94.38714054141447
39.052591997876455,-94.3871409153328
39.052583007254725,-94.387141289251
39.05257399157806,-94.38714166421116
39.05256500095632,-94.3871420381292
39.0525563,-94.3871424
39.05254699655086,-94.38714250819365
39.05253799728482,-94.38714261284979
39.0525289980188,-94.3871427175059
39.05251999875279,-94.38714282216199
39.05251099948676,-94.38714292681806
39.05250300013918,-94.38714301984564
39.05249400087315,-94.38714312450165
39.05248500160713,-94.38714322915763
39.05247600234111,-94.38714333381358
39.05246700307509,-94.38714343846952
39.05245799679641,-94.38714354320697
39.052448997530384,-94.38714364786286
39.05243999826436,-94.3871437525187
39.05243099899833,-94.38714385717454
39.052421999732296,-94.38714396183033
39.052413000466274,-94.3871440664861
39.05240400120026,-94.38714417114184
39.05239500193423,-94.38714427579755
39.0523860026682,-94.38714438045324
39.052377003402164,-94.3871444851089
39.0523679971235,-94.3871445898461
39.05235899785748,-94.38714469450171
39.052349998591446,-94.38714479915728
39.052340999325416,-94.38714490381285
39.05233200005939,-94.38714500846838
39.05232300079336,-94.38714511312388
39.05231400152734,-94.38714521777936
39.052305002261306,-94.38714532243482
39.05229600299528,-94.38714542709023
39.052286996716596,-94.38714553182717
39.052278997369015,-94.38714562485418
39.05226999810299,-94.38714572950953
39.05226099883697,-94.38714583416484
39.05225199957094,-94.38714593882014
39.05224300030489,-94.3871460434754
39.052234001038876,-94.38714614813065
39.05222500177285,-94.38714625278587
39.05221600250682,-94.38714635744104
39.05220700324079,-94.38714646209621
39.0521979969621,-94.38714656683288
39.05218899769608,-94.387146671488
39.05217999843005,-94.38714677614308
39.052170999164005,-94.38714688079813
39.05216199989799,-94.38714698545316
39.05215300063195,-94.38714709010816
39.05214400136591,-94.38714719476313
39.05213500209989,-94.38714729941807
39.052126002833845,-94.38714740407299
39.05211699655518,-94.38714750880943
39.05210799728914,-94.38714761346431
39.052098998023105,-94.38714771811914
39.052089998757076,-94.38714782277395
39.05208099949105,-94.38714792742876
39.052072000225,-94.3871480320835
39.052063000958974,-94.38714813673825
39.05205400169294,-94.38714824139295
39.05204600234536,-94.38714833441934
39.05203700307932,-94.38714843907398
39.05202799680064,-94.38714854381017
39.05201899753461,-94.38714864846477
39.05200999826858,-94.38714875311935
39.05200099900253,-94.3871488577739
39.05199199973651,-94.38714896242841
39.05198300047046,-94.38714906708292
39.051974001204435,-94.38714917173739
39.051965001938406,-94.38714927639182
39.05195600267236,-94.38714938104624
39.05194700340632,-94.38714948570063
39.051937997127645,-94.38714959043655
39.05192899786161,-94.38714969509088
39.05191999859557,-94.38714979974519
39.05191099932953,-94.38714990439946
39.05190200006349,-94.38715000905373
39.051893000797456,-94.38715011370796
39.05188400153142,-94.38715021836217
39.05187500226538,-94.38715032301634
39.051866002999354,-94.38715042767048
39.05185699672066,-94.38715053240617
39.05184799745463,-94.38715063706026
39.051838998188586,-94.38715074171434
39.05182999892255,-94.38715084636837
39.05182099965651,-94.38715095102239
39.05181300030892,-94.38715104404815
39.051804001042875,-94.38715114870212
39.05179500177684,-94.38715125335607
39.0517860025108,-94.38715135800997
39.051777003244766,-94.38715146266385
39.05176799696608,-94.38715156739926
39.051758997700034,-94.3871516720531
39.051749998434,-94.3871517767069
39.051740999167954,-94.38715188136068
39.05173199990192,-94.38715198601443
39.05172300063587,-94.38715209066817
39.051714001369824,-94.38715219532186
39.05170500210379,-94.38715229997554
39.05169600302631,-94.38715241009234
39.05168699646004,-94.38715252030205
39.05167799727268,-94.38715263042143
39.051668998085304,-94.38715274054077
39.05165999889795,-94.38715285066009
39.05165099971058,-94.38715296077939
39.0516420005232,-94.38715307089866
39.05163300133583,-94.3871531810179
39.05162300223875,-94.38715330337257
39.05161400305139,-94.38715341349175
39.05160499648513,-94.38715352370119
39.05159599729777,-94.3871536338203
39.05158699811038,-94.38715374393941
39.05157799892302,-94.38715385405848
39.05156899973565,-94.38715396417751
39.051560000548285,-94.38715407429652
39.05155099980917,-94.38715403220635
39.051542000333065,-94.38715394378748
39.05153300085696,-94.38715385536864
39.051524001380855,-94.38715376694982
39.051516001846544,-94.38715368835533
39.051507002370435,-94.38715359993655
39.051498002894334,-94.3871535115178
39.051488997493415,-94.38715342304084
39.05147999801732,-94.38715333462213
39.05147099854121,-94.38715324620344
39.0514619990651,-94.38715315778477
39.05145299958899,-94.38715306936612
39.05144400011289,-94.3871529809475
39.051436000578576,-94.38715290235321
39.05142700110246,-94.38715281393462
39.05141800162635,-94.38715272551606
39.051409002150244,-94.38715263709753
39.05140000267415,-94.38715254867901
39.05139100319805,-94.38715246026052
39.051381997797115,-94.38715237178384
39.05137299832101,-94.38715228336541
39.051363998844906,-94.38715219494698
39.05135599931059,-94.38715211635285
39.05134699983448,-94.38715202793448
39.05133800035837,-94.3871519395161
39.05132900088227,-94.38715185109778
39.051319998487706,-94.38715187838268
39.05131100079464,-94.38715206390442
39.05130200310157,-94.38715224942612
39.05129300540848,-94.38715243494778
39.05128399528381,-94.3871526207257
39.051274997590724,-94.38715280624726
39.051265999897645,-94.38715299176877
39.05125700220457,-94.38715317729023
39.051248004511486,-94.38715336281165
39.05123899438681,-94.38715354858934
39.05122999669372,-94.38715373411065
39.05122099900064,-94.38715391963194
39.05121200130756,-94.38715410515316
39.05120300361447,-94.38715429067435
39.05119400592139,-94.38715447619548
39.0511849957967,-94.38715466197287
39.051175998103616,-94.3871548474939
39.05116700041052,-94.3871550330149
39.05115800271744,-94.38715521853584
39.05114900502436,-94.38715540405674
39.05113999489967,-94.38715558983391
39.05113199695027,-94.38715575474129
39.05112299925717,-94.38715594026205
39.05111400156408,-94.38715612578277
39.051105003870994,-94.38715631130343
39.05109599374631,-94.38715649708037
39.051086996053215,-94.38715668260093
39.051077998360114,-94.38715686812145
39.05106900066703,-94.38715705364193
39.05106000297393,-94.38715723916235
39.05105100528084,-94.38715742468274
39.05104199515615,-94.3871576104594
39.05103299746305,-94.38715779597968
39.051023999769946,-94.38715798149991
39.051015002076866,-94.3871581670201
39.05100600438376,-94.38715835254025
39.05099699425907,-94.38715853831667
39.050987996565965,-94.38715872383672
39.050978998872864,-94.38715890935671
39.05097000117976,-94.38715909487668
39.05096100348668,-94.38715928039659
39.05095200579357,-94.38715946591644
39.05094299566887,-94.38715965169258
39.050933997975775,-94.38715983721234
39.05092500028267,-94.38716002273206
39.05091600258957,-94.38716020825173
39.05090700489647,-94.38716039377135
39.05089799477176,-94.38716057954726
39.05088899707865,-94.38716076506678
39.05087999938555,-94.38716095058626
39.05087100169245,-94.38716113610569
39.05086200399934,-94.38716132162509
39.05085299387462,-94.38716150740075
39.05084399618153,-94.38716169292005
39.05083499848842,-94.38716187843929
39.05082600079531,-94.38716206395848
39.050817003102196,-94.38716224947764
39.050808005409095,-94.38716243499674
39.05079899528438,-94.38716262077212
39.05078999759128,-94.38716280629113
39.050780999898166,-94.38716299181009
39.05077200220505,-94.387163177329
39.05076400425561,-94.38716334223467
39.05075499413091,-94.38716352800981
39.05074599643779,-94.38716371352858
39.050736998744675,-94.38716389904731
39.05072800105155,-94.387164084566
39.05071900335845,-94.38716427008464
39.05071000566533,-94.38716445560323
39.050700995540616,-94.38716464137809
39.050691997847494,-94.38716482689658
39.05068300015438,-94.38716501241504
39.05067400246126,-94.38716519793343
39.050665004768135,-94.38716538345179
39.05065599464342,-94.38716556922641
39.0506469969503,-94.38716575474466
39.05063799925718,-94.38716594026288
39.05062900156407,-94.38716612578104
39.05062000387095,-94.38716631129915
39.05061099374621,-94.38716649707355
39.050601996053096,-94.38716668259157
39.05059299835997,-94.38716686810953
39.05058400066685,-94.38716705362748
39.05057500297373,-94.38716723914534
39.0505660052806,-94.38716742466319
39.05055699515587,-94.38716761043729
39.050547997462736,-94.38716779595502
39.05053899976962,-94.38716798147271
39.050530002076485,-94.38716816699036
39.05052100438336,-94.38716835250796
39.05051199425863,-94.38716853828183
39.0505029965655,-94.38716872379932
39.050493998872376,-94.38716890931677
39.050485001179254,-94.38716909483419
39.05047600348611,-94.38716928035154
39.050467005792974,-94.38716946586885
39.05045799566824,-94.38716965164244
39.05044899797512,-94.38716983715966
39.050440000281995,-94.38717002267683
39.050431003769944,-94.38717021169973
39.05042200849988,-94.38717047730843
39.05041299543124,-94.38717074344264
39.05040400016118,-94.3871710090512
39.05039500489112,-94.38717127465972
39.05038599182249,-94.3871715407937
39.050376996552416,-94.38717180640208
39.05036800128236,-94.38717207201037
39.05035900601229,-94.38717233761861
39.05034999294365,-94.38717260375232
39.05034099767358,-94.38717286936043
39.0503320024035,-94.38717313496846
39.05032300713344,-94.38717340057642
39.050313994064794,-94.38717366670987
39.05030499879473,-94.3871739323177
39.05029600352465,-94.38717419792546
39.050287008254564,-94.38717446353316
39.050277995185915,-94.38717472966633
39.050268999915836,-94.3871749952739
39.05026000464577,-94.38717526088138
39.0502509915771,-94.38717552701435
39.05024199630702,-94.38717579262172
39.050233001036936,-94.38717605822899
39.050224005766864,-94.38717632383621
39.050214992698194,-94.38717658996892
39.05020599742811,-94.387176855576
39.050197002158015,-94.38717712118302
39.050188006887936,-94.38717738678997
39.050178993819266,-94.38717765292239
39.05016999854917,-94.38717791852922
39.05016100327909,-94.38717818413595
39.05015200800899,-94.38717844974263
39.05014299494031,-94.3871787158748
39.05013399967022,-94.38717898148134
39.05012500440012,-94.38717924708781
39.050115991331445,-94.38717951321978
39.05010699606134,-94.38717977882611
39.05009800079125,-94.38718004443238
39.05008900552115,-94.38718031003859
39.05007999245247,-94.38718057617027
39.05007099718236,-94.38718084177634
39.05006200191225,-94.38718110738235
39.05005300664216,-94.38718137298828
39.05004399357347,-94.38718163911969
39.05003499830335,-94.3871819047255
39.05002600303325,-94.38718217033122
39.05001700776313,-94.38718243593688
39.05000799469445,-94.38718270206803
39.04999899942433,-94.38718296767355
39.04999000415422,-94.38718323327902
39.0499810088841,-94.38718349888441
39.049971995815405,-94.38718376501528
39.04996300054529,-94.38718403062055
39.04995400527517,-94.38718429622574
39.04994499220646,-94.3871845623564
39.04993599693635,-94.38718482796145
39.04992700166622,-94.38718509356644
39.0499180063961,-94.38718535917135
39.049908993327406,-94.38718562530175
39.04989999805726,-94.38718589090654
39.04989100278714,-94.38718615651125
39.04988200751702,-94.3871864221159
39.04987299444831,-94.38718668824603
39.04986399917817,-94.38718695385053
39.04985500390804,-94.38718721945499
39.049846008637914,-94.38718748505936
39.04983699556919,-94.3871877511892
39.04982800029906,-94.38718801679346
39.04981900502892,-94.38718828239764
39.0498099919602,-94.38718854852728
39.04980099669007,-94.38718881413132
39.049792001419924,-94.3871890797353
39.04978300614979,-94.3871893453392
39.049773993081054,-94.38718961146859
39.04976499781091,-94.38718987707234
39.04975600254077,-94.38719014267605
39.04974700727062,-94.38719040827968
39.04973799420189,-94.38719067440879
39.04972899893174,-94.38719094001229
39.0497200036616,-94.38719120561572
39.04971100839145,-94.38719147121908
39.049701995322714,-94.3871917373479
39.049693000039845,-94.3871920025699
39.04968400362613,-94.38719223386177
39.049675007212436,-94.38719246515356
39.049665995299414,-94.38719269684378
39.04965699888571,-94.38719292813546
39.049649002073515,-94.38719313372802
39.0496400056598,-94.38719336501958
39.04963099374679,-94.38719359670957
39.04962199733307,-94.38719382800102
39.049613000919365,-94.3871940592924
39.049604004505646,-94.38719429058374
39.04959499259262,-94.38719452227349
39.0495859961789,-94.3871947535647
39.04957699976518,-94.38719498485587
39.04956800335146,-94.38719521614695
39.04956000653926,-94.387195421739
39.049550994626244,-94.38719565342845
39.04954199821252,-94.38719588471939
39.04953300179879,-94.38719611601024
39.049524005385074,-94.38719634730106
39.04951499347204,-94.38719657899027
39.049505997058304,-94.38719681028097
39.049497000644585,-94.3871970415716
39.04948800423086,-94.38719727286217
39.04947900781714,-94.3871975041527
39.04946999590408,-94.38719773584162
39.04946199909189,-94.38719794143309
39.04945300267816,-94.38719817272343
39.04944400626444,-94.3871984040137
39.049434994351394,-94.3871986357024
39.04942599793765,-94.38719886699258
39.04941700152392,-94.3871990982827
39.04940800511019,-94.38719932957274
39.049398993197144,-94.3871995612612
39.04938999678341,-94.38719979255113
39.049381000369664,-94.38720002384099
39.04937300355746,-94.38720022943195
39.04936400714372,-94.3872004607217
39.049354995230665,-94.38720069240989
39.04934601366904,-94.38720131836754
39.049336998289455,-94.38720196015942
39.049327982909865,-94.38720260195115
39.04931901033421,-94.38720324069554
39.049309994954605,-94.38720388248693
39.04930102237894,-94.38720452123101
39.049293003952165,-94.38720509205054
39.04928398857255,-94.38720573384147
39.049275015996855,-94.38720637258507
39.04926600061722,-94.38720701437566
39.04925698523756,-94.3872076561661
39.049248012661856,-94.38720829490921
39.049238997282195,-94.38720893669932
39.04923097885539,-94.38720950751784
39.049222006279656,-94.3872101462605
39.04921299089999,-94.38721078805014
39.04920401832423,-94.38721142679246
39.04919500294454,-94.38721206858176
39.04918598756484,-94.3872127103709
39.049177014989084,-94.38721334911276
39.04916799960936,-94.38721399090156
39.0491599811825,-94.38721456171893
39.04915100860672,-94.3872152004603
39.04914199322699,-94.38721584224865
39.04913302065118,-94.38721648098971
39.04912400527143,-94.38721712277773
39.04911498989168,-94.38721776456558
39.04910601731586,-94.38721840330612
39.04909799888895,-94.38721897412252
39.049088983509186,-94.38721961590988
39.04908001093333,-94.38722025464999
39.04907099555354,-94.38722089643704
39.049061980173754,-94.38722153822393
39.049053007597884,-94.38722217696353
39.04904399221809,-94.38722281875009
39.049035019642204,-94.38722345748936
39.04902700121525,-94.3872240283046
39.04901798583543,-94.38722467009069
