30.40325499700439,-88.8914222629197
30.403249997876788,-88.89142218635048
30.403240999447114,-88.89142204852591
30.40323200101744,-88.89142191070134
30.403222002762245,-88.89142175756298
30.40321300433257,-88.89142161973847
30.403203994511223,-88.89142148173951
30.40319499608155,-88.89142134391506
30.403185997651875,-88.89142120609063
30.40318572987052,-88.89141099537854
30.40318586983219,-88.89139999777306
30.403185997069254,-88.89138999994987
30.403186124305563,-88.89138000212662
30.403186264264622,-88.89136900452101
30.403186391499336,-88.89135900669771
30.403186531674315,-88.89134799198801
30.403186658907416,-88.89133799416472
30.40318679886297,-88.89132699655906
30.40318692609448,-88.89131699873566
30.40318705332523,-88.89130700091224
30.40318719327818,-88.89129600330645
30.403187320507325,-88.89128600548294
30.40318746045851,-88.89127500787704
30.403187587903712,-88.89126499295033
30.4031877151305,-88.89125499512681
30.403187855079086,-88.89124399752089
30.40318798230428,-88.89123399969729
30.40318812225111,-88.89122300209127
30.403188249474702,-88.8912130042676
30.403188376697532,-88.89120300644389
30.403188516859394,-88.89119199173534
30.40318864408062,-88.89118199391163
30.403188784023094,-88.89117099630552
30.403188911242722,-88.89116099848174
30.40318905118344,-88.89115000087553
30.403189178401473,-88.89114000305166
30.403189305618728,-88.89113000522777
30.40318944555685,-88.89111900762143
30.403189572990133,-88.89110899269588
30.40318971292649,-88.89109799508955
30.403189840140563,-88.89108799726559
30.403189967353867,-88.89107799944158
30.403190107287624,-88.89106700183515
30.403190234499338,-88.89105700401105
30.40319037443134,-88.89104600640452
30.403190501859033,-88.89103599147954
30.403190629068384,-88.89102599365543
30.403190768997792,-88.89101499604885
30.403190896205533,-88.89100499822469
30.403190896345688,-88.8909940000476
30.403190892929643,-88.89098400004917
30.40319088951283,-88.89097400005075
30.40319088575346,-88.8909630000525
30.40319088233505,-88.89095300005408
30.403190878573923,-88.89094200005583
30.403190875153918,-88.89093200005742
30.40319087173315,-88.89092200005899
30.403190867969414,-88.89091100006074
30.403190864547042,-88.89090100006233
30.403190860781557,-88.89089000006408
30.40319085735759,-88.89088000006566
30.403190853932855,-88.89087000006727
30.403190850164776,-88.89085900006901
30.40319084673844,-88.8908490000706
30.403190842968595,-88.89083800007235
30.403190839540667,-88.89082800007395
30.40319083611197,-88.89081800007554
30.40319083233953,-88.8908070000773
30.40319082890923,-88.89079700007892
30.40319082513503,-88.89078600008067
30.403190821703145,-88.89077600008227
30.40319081827048,-88.89076600008387
30.403190814493684,-88.89075500008563
30.40319081105943,-88.89074500008724
30.403190807624412,-88.89073500008885
30.40319080384501,-88.89072400009061
30.403190800408403,-88.89071400009223
30.403190796627243,-88.89070300009399
30.403190793189033,-88.8906930000956
30.403190789750052,-88.89068300009721
30.4031907859663,-88.89067200009897
30.40319078252572,-88.89066200010059
30.4031907787402,-88.89065100010238
30.403190775298032,-88.890641000104
30.403190771855087,-88.89063100010561
30.40319076806697,-88.89062000010739
30.40319076462244,-88.890610000109
30.403190760832562,-88.89059900011078
30.403190757386426,-88.89058900011241
30.40319075393952,-88.89057900011403
30.40319075014705,-88.8905680001158
30.403190746698552,-88.89055800011744
30.40319074290432,-88.89054700011924
30.40319073945422,-88.89053700012084
30.40319073600336,-88.89052700012247
30.40319073220653,-88.89051600012428
30.403190728754065,-88.89050600012591
30.403190725300842,-88.89049600012754
30.403190721501424,-88.89048500012933
30.403190718046595,-88.89047500013096
30.403190714245408,-88.89046400013275
30.403190710788984,-88.8904540001344
30.403190707331802,-88.89044400013604
30.40319070352801,-88.89043300013783
30.403190700069235,-88.89042300013948
30.403190739979713,-88.89041199870621
30.40319077699207,-88.89040199889038
30.403190817704772,-88.890390999093
30.403190854715525,-88.89038099927716
30.403190891725522,-88.89037099946131
30.40319093243564,-88.89035999966386
30.40319096944403,-88.89034999984798
30.403191010152383,-88.8903390000505
30.40319104715917,-88.8903290002346
30.403191087865764,-88.8903180004371
30.403191124870958,-88.89030800062119
30.403191165575784,-88.89029700082367
30.403191202579375,-88.89028700100772
30.40319123958221,-88.89027700119176
30.403191280284442,-88.89026600139421
30.40319131728568,-88.89025600157822
30.40319135798615,-88.89024500178063
30.403191394985786,-88.89023500196463
30.403191435684498,-88.890224002167
30.403191472682533,-88.89021400235097
30.403191513397893,-88.89020299757986
30.40319155039432,-88.89019299776389
30.403191587389987,-88.89018299794792
30.40319162808435,-88.89017199815038
30.403191665078417,-88.89016199833439
30.403191705771007,-88.8901509985368
30.403191742763493,-88.89014099872078
30.403191783454318,-88.89012999892316
30.403191820445194,-88.89011999910713
30.4031918574353,-88.89010999929108
30.403191898123545,-88.89009899949342
30.403191935112048,-88.89008899967735
30.403191975798528,-88.89007799987967
30.403192012785446,-88.89006800006358
30.40319205347016,-88.89005700026586
30.40319209045547,-88.89004700044974
30.40319213113843,-88.89003600065199
30.403192168122143,-88.89002600083587
30.403192205105086,-88.89001600101972
30.403192245785455,-88.89000500122194
30.4031922827668,-88.88999500140575
30.403192323445406,-88.88998400160797
30.40319236042515,-88.88997400179176
30.40319240113793,-88.88996300205959
30.403192439330248,-88.88995300225564
30.403192477521806,-88.88994300245167
30.403192519551247,-88.88993199753337
30.403192557741203,-88.88992199772947
30.403192595930403,-88.88991199792558
30.403192637937636,-88.88990099814127
30.403192676125233,-88.88989099833736
30.40319271813071,-88.88987999855303
30.40319275631671,-88.88986999874908
30.403192794501948,-88.88985999894511
30.403192836504825,-88.88984899916076
30.403192874688465,-88.88983899935675
30.403192912871333,-88.88982899955278
30.403192954871614,-88.88981799976838
30.403192993052883,-88.88980799996435
30.4031930312334,-88.88979800016031
30.403193073231083,-88.88978700037586
30.403193111409998,-88.8897770005718
30.403193149588144,-88.88976700076775
30.403193191583235,-88.88975600098325
30.403193229759786,-88.88974600117916
30.403193271753103,-88.88973500139464
30.40319330992806,-88.88972500159052
30.403193348102253,-88.88971500178639
30.40319339009298,-88.88970400200184
30.40319342826557,-88.88969400219769
30.4031934664374,-88.88968400239352
30.40319350844511,-88.88967299747765
30.403193546615345,-88.88966299767355
30.40319358478481,-88.88965299786946
30.403193626770342,-88.88964199808494
30.403193664938215,-88.88963199828082
30.403193703105316,-88.88962199847668
30.403193745088245,-88.88961099869212
30.403193783253755,-88.88960099888796
30.403193825234926,-88.88958999910336
30.403193863398833,-88.88957999929919
30.403193901561973,-88.889569999495
30.40319394354055,-88.88955899971036
30.4031939817021,-88.88954899990614
30.403194019862884,-88.88953900010189
30.403194061838857,-88.88952800031723
30.403194099998046,-88.88951800051296
30.403194123014384,-88.8895080003806
30.403194148330112,-88.88949700045892
30.40319417134361,-88.88948700053008
30.40319419435635,-88.88947700060125
30.403194219669476,-88.88946600067955
30.40319424268061,-88.8894560007507
30.40319426569099,-88.88944600082186
30.40319429100152,-88.88943500090012
30.403194314010292,-88.88942500097126
30.40319433931906,-88.8894140010495
30.40319436232624,-88.88940400112061
30.403194385332647,-88.88939400119173
30.403194410638825,-88.88938300126993
30.403194433643645,-88.88937300134106
30.403194456647693,-88.88936300141215
30.40319448195127,-88.88935200149034
30.403194504960833,-88.88934199846925
30.40319452796253,-88.88933199854041
30.4031945532635,-88.88932099861869
30.40319457626359,-88.88931099868987
30.40319459926292,-88.88930099876102
30.4031946245613,-88.88928999883929
30.403194647559026,-88.8892799989104
30.403194670555994,-88.88926999898153
30.403194695851774,-88.88925899905978
30.40319471884714,-88.88924899913091
30.403194744141167,-88.88923799920912
30.40319476713493,-88.88922799928021
30.403194790127937,-88.88921799935132
30.403194815419365,-88.88920699942949
30.403194838410766,-88.88919699950057
30.403194861401413,-88.88918699957165
30.403194886690237,-88.88917599964982
30.403194909679282,-88.88916599972087
30.40319493266756,-88.88915599979192
30.40319495795379,-88.88914499987007
30.403194980940473,-88.8891349999411
30.403195003926392,-88.88912500001214
30.40319502921003,-88.88911400009026
30.403195052194345,-88.88910400016127
30.403195075177905,-88.88909400023226
30.403194996534396,-88.8890831975601
30.403195072526312,-88.88907299973741
30.403195042897984,-88.88906199984467
30.403195015962343,-88.88905199994221
30.403194989025945,-88.88904200003975
30.40319495939502,-88.88903100014704
30.40319493245702,-88.8890210002446
30.40319490282434,-88.88901000035192
30.403194875884743,-88.88900000044949
30.40319484894438,-88.88899000054708
30.4031948193091,-88.88897900065444
30.403194792367135,-88.88896900075203
30.40319476273009,-88.8889580008594
30.403194735786524,-88.88894800095701
30.403194708842207,-88.88893800105463
30.403194679202567,-88.88892700116203
30.40319465225664,-88.88891700125968
30.403194625309958,-88.88890700135732
30.403194595667717,-88.88889600146474
30.403194568719435,-88.88888600156241
30.403194539075447,-88.88887500166986
30.403194512125562,-88.88886500176754
30.403194485165145,-88.88885499824221
30.403194455518545,-88.88884399834957
30.40319442856631,-88.88883399844718
30.403194403206104,-88.88882300439276
30.403194484241148,-88.88881300527555
30.403194565363716,-88.88880299526491
30.403194654500552,-88.88879199623604
30.40319473553323,-88.88878199711887
30.403194816565165,-88.88877199800167
30.403194905699394,-88.8887609989727
30.403194986729726,-88.88875099985545
30.403195067759285,-88.88874100073815
30.403195156890927,-88.88873000170909
30.403195237918887,-88.88872000259178
30.40319532704877,-88.88870900356267
30.40319540807514,-88.88869900444529
30.403195489100742,-88.88868900532786
30.40319557831628,-88.88867799540657
30.403195659340287,-88.8886679962892
30.403195740363525,-88.88865799717182
30.403195829488215,-88.88864699814268
30.403195910509854,-88.88863699902522
30.403195991530733,-88.88862699990774
30.40319608065282,-88.88861600087851
30.403196161672096,-88.88860600176099
30.40319624269062,-88.88859600264347
30.403196331810104,-88.88858500361412
30.403196412827025,-88.88857500449652
30.40319650194476,-88.88856400546713
30.403196583048313,-88.88855399545864
30.403196664062875,-88.88854399634107
30.40319675317801,-88.88853299731171
30.403196834190968,-88.8885229981941
30.403196915203154,-88.88851299907644
30.403197004315693,-88.88850200004701
30.403197085326287,-88.8884920009293
30.403197166336128,-88.88848200181158
30.40319725544606,-88.88847100278205
30.40319733645429,-88.88846100366429
30.40319742556247,-88.8884500046347
30.403197506657328,-88.88843999462719
30.4031975876632,-88.88842999550943
30.403197676768787,-88.88841899647987
30.403197757773057,-88.88840899736208
30.403197838776574,-88.88839899824426
30.403197927879546,-88.88838799921461
30.403198008881468,-88.88837800009672
30.40319808988261,-88.88836800097882
30.403198178982997,-88.88835700194907
30.403198259982553,-88.88834700283113
30.403198340981337,-88.88833700371315
30.403198430079126,-88.88832600468335
30.403198511164515,-88.8883159946769
30.40319860026054,-88.88830499564713
30.403198681256132,-88.88829499652915
30.40319876225097,-88.88828499741113
30.40319885134439,-88.8882739983813
30.403198932337624,-88.88826399926324
30.40319901333008,-88.88825400014515
30.40319910837022,-88.88824300412125
30.40319939095933,-88.88823301486791
30.40319970288113,-88.8882219887008
30.40320001372735,-88.88821100052205
30.403200296314022,-88.8882010112685
30.403200608233124,-88.88818998510156
30.403200890818194,-88.88817999584796
30.403201201660895,-88.88816900766889
30.403201512502676,-88.88815801948974
30.403201796159944,-88.88814799224829
30.403202106999974,-88.88813700406902
30.403202389581015,-88.88812701481508
30.40320270149387,-88.88811598864838
30.40320301233121,-88.88810500046893
30.403203294909826,-88.8880950112148
30.403203606819993,-88.88808398504825
30.403203889396995,-88.88807399579403
30.403204200230828,-88.88806300761429
30.403204511063734,-88.88805201943445
30.403204794712867,-88.88804199219348
30.403205098945904,-88.8880309993014
30.40320504642578,-88.88802099967221
30.403204988652778,-88.88801000008013
30.403204936131065,-88.88800000045097
30.40320487835631,-88.88798900085892
30.40320482583299,-88.8879790012298
30.40320477330892,-88.8879690016007
30.40320471553155,-88.8879580020087
30.40320466300588,-88.88794800237962
30.403204605226755,-88.88793700278767
30.403204552699478,-88.88792700315864
30.4032044948815,-88.88791599650531
30.403204442352635,-88.88790599687621
30.40320438456999,-88.88789499728422
30.403204332039518,-88.88788499765515
30.40320427950828,-88.88787499802608
30.403204221723033,-88.88786399843414
30.4032041691902,-88.88785399880514
30.4032041114032,-88.88784299921322
30.403204058868763,-88.88783299958423
30.403204001080002,-88.88782199999237
30.403203948543972,-88.88781200036341
30.403203896007174,-88.88780200073447
30.40320383821582,-88.88779100114269
30.403203785677423,-88.88778100151379
30.403203727884314,-88.88777000192201
30.40320367534431,-88.88776000229313
30.403203617549433,-88.8877490027014
30.403203565007836,-88.88773900307255
30.403203507211202,-88.88772800348086
30.403203454630887,-88.88771799678862
30.403203402086938,-88.88770799715974
30.403203549683134,-88.88769699145858
30.403203690741396,-88.88768699413414
30.403203845904613,-88.88767599707721
30.40320398696128,-88.8876659997527
30.40320414212274,-88.88765500269565
30.403204283177807,-88.88764500537106
30.403204438337507,-88.88763400831394
30.403204579658517,-88.88762399202744
30.403204734816452,-88.88761299497034
30.40320487586832,-88.88760299764564
30.40320503102449,-88.88759200058843
30.40320517207477,-88.88758200326365
30.40320532722918,-88.88757100620633
30.40320546827786,-88.88756100888146
30.40320562369803,-88.88754999286304
30.403205764745106,-88.88753999553815
30.403205919896003,-88.88752899848076
30.40320606094148,-88.88751900115581
30.40320620198619,-88.88750900383079
30.40320635713449,-88.88749800677326
30.403206498445098,-88.88748799048778
30.403206653591642,-88.88747699343025
30.40320679463315,-88.88746699610518
30.403206949777935,-88.88745599904752
30.403207090817844,-88.88744600172235
30.403207245960868,-88.88743500466462
30.40320738699918,-88.88742500733936
30.40320754240793,-88.88741399132192
30.403207683444638,-88.88740399399666
30.40320783858415,-88.88739299693883
30.40320797961926,-88.8873829996135
30.40320813475701,-88.88737200255555
30.403208275790526,-88.88736200523013
30.403208430926515,-88.88735100817212
30.403208572225882,-88.88734099188773
30.403208727360113,-88.88732999482971
30.403208868390426,-88.88731999750419
30.403209023522894,-88.88730900044608
30.403209164551622,-88.88729900312048
30.40320931968232,-88.88728800606226
30.40320946070944,-88.88727800873657
30.40320960200323,-88.8872679924527
30.403209757131343,-88.88725699539447
30.403209898156103,-88.88724699806873
30.403210053282447,-88.8872360010104
30.403210194305615,-88.88722600368457
30.403210124918875,-88.88721499881066
30.403210054099567,-88.88720499948491
30.40320997619744,-88.88719400022661
30.403209905376528,-88.88718400090093
30.403209827472644,-88.8871730016427
30.40320975665013,-88.88716300231702
30.403209685826862,-88.88715300299138
30.403209607920385,-88.88714200373322
30.403209537095506,-88.88713200440763
30.403209459119825,-88.88712099562835
30.40320938829336,-88.88711099630271
30.40320931746613,-88.8871009969771
30.40320923955529,-88.88708999771893
30.403209168726452,-88.88707999839335
30.40320909081386,-88.88706899913524
30.40320901998342,-88.88705899980971
30.403208942069067,-88.88704800055164
30.40320887123704,-88.88703800122617
30.403208800404236,-88.8870280019007
30.40320872248729,-88.88701700264272
30.403208651652893,-88.8870070033173
30.403208573734176,-88.88699600405937
30.403208502898185,-88.88698600473398
30.403208424910254,-88.88697499595347
30.40320835407266,-88.88696499662802
30.403208283234303,-88.88695499730262
30.403208205311227,-88.88694399804469
30.403208134471274,-88.88693399871933
30.403208056546436,-88.88692299946146
30.40320798570489,-88.88691300013615
30.403207907778295,-88.88690200087834
30.40320783693514,-88.88689200155306
30.403207766091224,-88.88688200222781
30.403207688162038,-88.88687100297005
30.403207617316525,-88.88686100364485
30.403207539385576,-88.88685000438714
30.403207468470974,-88.88683999553797
30.403207397623095,-88.88682999621273
30.403207319689557,-88.886818996955
30.403207248840072,-88.8868089976298
30.403207170904768,-88.88679799837212
30.4032071000537,-88.88678799904697
30.403207022116625,-88.88677699978933
30.403206951263943,-88.88676700046425
30.403206880410515,-88.88675700113916
30.40320680247085,-88.88674600188159
30.40320673161581,-88.88673600255656
30.40320665367439,-88.88672500329905
30.403206582817756,-88.88671500397406
30.403206504874575,-88.88670400471659
30.403206433948835,-88.88669399586614
30.403206363089836,-88.88668399654112
30.40320628514405,-88.88667299728361
30.40320621428345,-88.88666299795864
30.40320613633591,-88.88665199870117
30.403206065473714,-88.88664199937625
30.40320598752442,-88.88663100011884
30.403205916660617,-88.88662100079397
30.40320584579606,-88.8866110014691
30.40320576784416,-88.8866000022118
30.40320569697799,-88.88659000288696
30.40320561902434,-88.88657900362969
30.40320554815659,-88.88656900430492
30.403205477220546,-88.88655899545327
30.403205399999997,-88.8865481
30.40320512445011,-88.88653699584847
30.40320487650422,-88.8865270041197
30.40320460376286,-88.88651601321814
30.403204330193454,-88.886504988985
30.403204082245125,-88.88649499725635
30.403203809501093,-88.88648400635493
30.403203561551162,-88.88647401462647
30.40320328797822,-88.88646299039314
30.4032030152315,-88.88645199949188
30.40320276727915,-88.88644200776355
30.403202493703503,-88.88643098353005
30.4032022209541,-88.88641999262893
30.403201972999312,-88.88641000090074
30.40320170024816,-88.88639900999983
30.403201564037115,-88.88638800724873
30.403201440172,-88.88637799268125
30.40320130414568,-88.88636699494293
30.40320118048458,-88.88635699699904
30.40320104445648,-88.88634599926081
30.40320092079378,-88.886336001317
30.403200784763936,-88.88632500357885
30.403200661099632,-88.88631500563513
30.403200525068026,-88.88630400789705
30.403200401196504,-88.88629399332896
30.403200265163136,-88.88628299559088
30.40320014149564,-88.8862729976472
30.4032000054605,-88.88626199990921
30.40319988179141,-88.88625200196562
30.403199745754517,-88.88624100422771
30.403199622083825,-88.88623100628419
30.403199485839526,-88.88621999192114
30.403199362167225,-88.88620999397762
30.403199226126823,-88.88619899623977
30.403199102452927,-88.88618899829632
30.403198834448958,-88.88617800547487
30.403198564062173,-88.88616701441677
30.4031983174423,-88.88615698950193
30.403198047053753,-88.8861459984439
30.403197776664296,-88.88613500738593
30.403197506273912,-88.88612401632807
30.403197259650753,-88.88611399141304
30.40319698925861,-88.88610300035523
30.403196718865548,-88.88609200929754
30.403196447658626,-88.88608098519524
30.403196201845113,-88.88607099332465
30.403195931449368,-88.88606000226709
30.40319566105271,-88.88604901120964
30.403195399081113,-88.88603799877137
30.40319537617925,-88.88602799884183
30.403195350986312,-88.88601699891935
30.403195328082838,-88.88600699898984
30.403195302888147,-88.88599599906739
30.40319527998307,-88.88598599913787
30.40319525478662,-88.88597499921543
30.40319523187994,-88.88596499928595
30.403195206681733,-88.88595399936352
30.40319518377346,-88.88594399943403
30.403195158573485,-88.88593299951162
30.403195135663612,-88.88592299958218
30.403195110461883,-88.8859119996598
30.40319508525922,-88.8859009997374
30.403195062346917,-88.88589099980796
30.403195037142495,-88.88587999988559
30.40319501422859,-88.88586999995617
30.40319498902241,-88.8858590000338
30.403194966106906,-88.8858490001044
30.40319494089897,-88.88583800018208
30.403194917981864,-88.8858280002527
30.40319489277216,-88.88581700033036
30.40319486985346,-88.88580700040099
30.403194844642,-88.88579600047868
30.403194821721698,-88.88578600054932
30.40319479650848,-88.88577500062702
30.403194773586577,-88.88576500069769
30.403194748371604,-88.88575400077542
30.403194723155703,-88.88574300085315
30.403194700231353,-88.88573300092382
30.403194625467826,-88.88572300379195
30.40319454262803,-88.8857120046307
30.40319446724207,-88.8857019952693
30.403194384400503,-88.885690996108
30.40319430908919,-88.8856809968705
30.40319423377711,-88.885670997633
30.403194150932954,-88.8856599984718
30.403194075619286,-88.88564999923435
30.403194000304843,-88.8856399999969
30.403193917458086,-88.88562900083578
30.40319384214205,-88.88561900159841
30.403193766825254,-88.88560900236106
30.403193683975896,-88.8855980032
30.4031936086575,-88.8855880039627
30.403193533338342,-88.88557800472542
30.403193450410125,-88.8855669954391
30.403193375089362,-88.88555699620177
30.403193299767835,-88.88554699696446
30.40319321691329,-88.88553599780344
30.403193141590176,-88.88552599856618
30.403193058733855,-88.88551499940522
30.40319298340914,-88.885505000168
30.403192908083657,-88.88549500093083
30.40319282522475,-88.88548400176995
30.40319274989767,-88.88547400253282
30.403192674569834,-88.88546400329567
30.40319259170832,-88.88545300413487
30.403192516378883,-88.88544300489781
30.403192440972393,-88.88543299553407
30.40319235810828,-88.88542199637324
30.403192282776473,-88.88541199713613
30.40319220744391,-88.88540199789905
30.403192124577213,-88.8853909987383
30.403192049243053,-88.88538099950127
30.403191973908115,-88.88537100026427
30.40319189103882,-88.88536000110358
30.403191815702293,-88.88535000186663
30.40319173283123,-88.885339002706
30.403191657493107,-88.8853290034691
30.40319158215422,-88.8853190042322
30.403191499280563,-88.88530800507166
30.403191423863763,-88.88529799570676
30.40319134852252,-88.88528799646983
30.403191265646264,-88.88527699730926
30.40319119030341,-88.88526699807238
30.403191114959803,-88.88525699883553
30.403191032080947,-88.88524599967504
30.403190956735738,-88.88523600043825
30.40319088138977,-88.88522600120149
30.4031908,-88.88521519999999
30.403190841708923,-88.88520499912995
30.403190886683408,-88.88519399937717
30.4031909275685,-88.88518399960189
30.40319097254121,-88.88517299984908
30.403191013424703,-88.88516300007379
30.403191054307445,-88.88515300029847
30.40319109927756,-88.88514200054563
30.403191140158686,-88.88513200077028
30.40319118512705,-88.88512100101738
30.40319122600658,-88.88511100124202
30.403191270973185,-88.8851000014891
30.403191311851117,-88.8850900017137
30.40319135272828,-88.8850800019383
30.40319139769229,-88.88506900218535
30.403191438567863,-88.88505900240992
30.40319148353011,-88.88504800265694
30.403191524426536,-88.88503799738682
30.403191569387022,-88.88502699763393
30.403191610259388,-88.88501699785856
30.403191651131,-88.88500699808317
30.40319169608889,-88.88499599833021
30.403191736958895,-88.8849859985548
30.40319178191502,-88.88497499880182
30.40319182278343,-88.88496499902637
30.403191867737796,-88.88495399927336
30.403191908604605,-88.88494399949789
30.403191949470653,-88.8849339997224
30.403191994422425,-88.88492299996938
30.403192035286875,-88.88491300019385
30.403192080236877,-88.88490200044077
30.40319212109973,-88.88489200066523
30.40319216604798,-88.88488100091213
30.403192206909228,-88.88487100113657
30.403192247769713,-88.88486100136099
30.403192292715364,-88.88485000160783
30.403192333574257,-88.88484000183223
30.40319237851815,-88.88482900207906
30.403192419375433,-88.88481900230342
30.403192464317566,-88.88480800255023
30.403192505195697,-88.88479799728239
30.403192546050615,-88.88478799750682
30.403192590990155,-88.88477699775368
30.403192631843478,-88.88476699797809
30.403192676781256,-88.88475599822492
30.40319271763298,-88.8847459984493
30.403192762568995,-88.88473499869613
30.403192803419124,-88.88472499892046
30.40319284426848,-88.8847149991448
30.403192889201893,-88.88470399939158
30.403192930049663,-88.88469399961588
30.40319297498132,-88.88468299986262
30.403193015827487,-88.88467300008692
30.40319306075739,-88.88466200033362
30.40319310160195,-88.88465200055789
30.403193142445755,-88.88464200078212
30.403193187373056,-88.8846310010288
30.403193228215258,-88.88462100125301
30.403193273140797,-88.88461000149965
30.403193313981404,-88.88460000172385
30.40319335890518,-88.88458900197045
30.40319339974419,-88.88457900219463
30.403193440582427,-88.88456900241879
30.403193485503614,-88.88455800266534
30.403193526362674,-88.88454799739985
30.4031935712821,-88.88453699764649
30.403193612117132,-88.88452699787071
30.403193657034805,-88.88451599811732
30.403193697868247,-88.88450599834151
30.40319373870093,-88.88449599856567
30.40319378361599,-88.88448499881224
30.403193824447072,-88.88447499903639
30.403193869360376,-88.88446399928293
30.403193910189863,-88.88445399950706
30.403193955101415,-88.88444299975357
30.403193995929293,-88.88443299997766
30.40319403675641,-88.88442300020174
30.40319408166536,-88.8844120004482
30.403194122490877,-88.88440200067225
30.40319416739807,-88.8843910009187
30.403194208221986,-88.88438100114274
30.403194253127417,-88.88437000138914
30.403194293949735,-88.88436000161315
30.403194334771293,-88.88435000183713
30.40319437967413,-88.88433900208351
30.40319442049408,-88.88432900230747
30.403194465395153,-88.8843180025538
30.403194506235906,-88.88430799729058
30.403194551135226,-88.884296997537
30.403194591951987,-88.88428699776101
30.403194632767985,-88.884276997985
30.4031946776647,-88.8842659982314
30.403194718479092,-88.88425599845536
30.403194763374053,-88.88424499870173
30.403194804186853,-88.88423499892566
30.403194849080037,-88.884223999172
30.403194889891235,-88.88421399939591
30.403194930701673,-88.88420399961981
30.403194975592275,-88.88419299986609
30.403195016401114,-88.88418300008996
30.40319506128995,-88.88417200033625
30.40319510209718,-88.88416200056008
30.403195146984263,-88.88415100080631
30.403195187789894,-88.88414100103013
30.40319522859477,-88.88413100125396
30.40319527347925,-88.88412000150012
30.403195314282527,-88.88411000172394
30.403195359165256,-88.88409900197009
30.403195399966926,-88.88408900219383
30.403195444847885,-88.88407800243995
30.403195485647963,-88.8840680026637
30.40319552646966,-88.8840579974028
30.403195571348014,-88.88404699764901
30.40319561214573,-88.88403699787283
30.40319565702233,-88.88402599811897
30.403195697818447,-88.88401599834276
30.403195742693296,-88.88400499858888
30.403195783487806,-88.88399499881264
30.403195828360893,-88.88398399905873
30.4031958691538,-88.88397399928245
30.403195909945953,-88.88396399950616
30.403195954816443,-88.88395299975225
30.403195995606996,-88.88394299997591
30.403196040475724,-88.88393200022196
30.403196081264674,-88.8839220004456
30.403196126131647,-88.88391100069161
30.403196166918992,-88.88390100091523
30.40319620770559,-88.88389100113886
30.40319625256995,-88.88388000138482
30.403196293354952,-88.88387000160841
30.403196338217555,-88.88385900185433
30.403196379000953,-88.88384900207791
30.4031964238618,-88.88383800232381
30.403196464643596,-88.88382800254733
30.403196505446985,-88.88381799728873
30.403196550305235,-88.8838069975347
30.403196591084658,-88.88379699775831
30.403196635941153,-88.88378599800426
30.40319667671898,-88.88377599822782
30.403196721573714,-88.88376499847374
30.40319676234994,-88.88375499869728
30.403196803125407,-88.88374499892083
30.40319684797755,-88.88373399916671
30.403196888751417,-88.88372399939021
30.403196933601787,-88.88371299963606
30.40319697437406,-88.88370299985955
30.403197019222674,-88.88369200010537
30.403197059993346,-88.88368200032882
30.403197100763254,-88.88367200055227
30.403197145609273,-88.88366100079804
30.40319718637758,-88.88365100102146
30.403197231221842,-88.8836400012672
30.403197271988542,-88.88363000149059
30.40319731683105,-88.8836190017363
30.403197357596156,-88.88360900195968
30.403197398360504,-88.88359900218303
30.40319734408871,-88.88358799756071
30.403197291355525,-88.88357799793451
30.403197233348145,-88.88356699834571
30.403197180613365,-88.88355699871954
30.403197122604226,-88.88354599913079
30.403197069867836,-88.88353599950466
30.403197017130697,-88.88352599987854
30.40319695911895,-88.88351500028983
30.403196906380206,-88.88350500066376
30.403196848366704,-88.88349400107509
30.403196795626368,-88.88348400144905
30.403196742885257,-88.88347400182303
30.403196684869158,-88.88346300223442
30.40319663212645,-88.88345300260842
30.403196574108602,-88.88344200301984
30.4031965213643,-88.88343200339388
30.403196463307275,-88.88342099671475
30.403196410561367,-88.88341099708872
30.4031963578147,-88.88340099746273
30.403196299792498,-88.88338999787413
30.403196247044225,-88.88337999824813
30.403196189020253,-88.88336899865959
30.403196136270385,-88.88335899903365
30.40319607824465,-88.88334799944512
30.403196025493184,-88.8833379998192
30.403195972740956,-88.88332800019333
30.403195914712633,-88.88331700060486
30.403195861958796,-88.88330700097899
30.40319580392871,-88.88329600139056
30.403195751173282,-88.88328600176473
30.403195693141434,-88.88327500217636
30.403195640384403,-88.88326500255054
30.403195587626616,-88.88325500292477
30.403195529592175,-88.88324400333644
30.40319547679536,-88.88323399661822
30.403195418759157,-88.88322299702979
30.40319536599817,-88.88321299740399
30.403195307960196,-88.8832019978156
30.40319525519761,-88.88319199818983
30.40319520243426,-88.88318199856407
30.40319514439369,-88.88317099897576
30.403195091628746,-88.88316099935004
30.40319503358642,-88.88314999976176
30.403194980819865,-88.88314000013607
30.403194922775782,-88.88312900054781
30.40319487000764,-88.88311900092215
30.403194817238724,-88.88310900129653
30.403194759192044,-88.88309800170833
30.40319470642153,-88.88308800208272
30.40319464837308,-88.88307700249457
30.403194595600976,-88.883067002869
30.403194542828103,-88.88305700324344
30.403194484739625,-88.88304599656091
30.403194431965158,-88.88303599693529
30.403194373912353,-88.88302499734714
30.403194321136283,-88.88301499772155
30.403194263081726,-88.8830039981334
30.40319421030405,-88.88299399850784
30.403194157525622,-88.8829839988823
30.40319410074064,-88.8829730010133
30.403194175556994,-88.88296300176582
30.403194257854096,-88.88295200259354
30.40319433266884,-88.882942003346
30.403194414964183,-88.8829310041737
30.403194489777338,-88.8829210049261
30.40319456466496,-88.8829109956215
30.403194646957704,-88.88289999644924
30.40319472176849,-88.88288999720169
30.403194804059478,-88.88287899802934
30.40319487886866,-88.88286899878175
30.40319496115788,-88.88285799960934
30.403195035965474,-88.8828480003617
30.403195110772298,-88.88283800111404
30.40319519305893,-88.88282700194159
30.403195267864156,-88.88281700269386
30.40319535014902,-88.88280600352134
30.40319542495265,-88.88279600427356
30.40319549983075,-88.88278599497006
30.403195582113018,-88.88277499579759
30.403195656914274,-88.88276499654985
30.403195739194786,-88.8827539973773
30.403195813994447,-88.88274399812953
30.403195896273196,-88.88273299895693
30.403195971071266,-88.88272299970909
30.403196045868576,-88.88271300046124
30.403196128144728,-88.88270200128856
30.403196202940432,-88.88269200204067
30.403196285214825,-88.88268100286795
30.403196360008927,-88.88267100362
30.403196442281562,-88.88266000444722
30.403196517149276,-88.88264999514492
30.40319659194101,-88.88263999589698
30.403196674211053,-88.88262899672424
30.403196749001182,-88.88261899747627
30.40319683126947,-88.88260799830348
30.40319690605801,-88.88259799905545
30.403196980845788,-88.88258799980741
30.403197063111467,-88.88257700063456
30.403197137897656,-88.88256700138645
30.40319722016157,-88.88255600221352
30.403197294946157,-88.8825460029654
30.403197377208315,-88.88253500379243
30.403197451991296,-88.88252500454422
30.403197526848704,-88.88251499524308
30.40319760910827,-88.88250399607014
30.40319768388889,-88.88249399682198
30.403197766146686,-88.88248299764898
30.403197840925706,-88.88247299840079
30.403197923181747,-88.88246199922774
30.403197997959175,-88.88245199997948
30.403198072735837,-88.88244200073122
30.40319815498928,-88.88243100155807
30.403198229764335,-88.88242100230975
30.40319831201603,-88.88241000313657
30.403198386789484,-88.88240000388821
30.403198461562187,-88.8823900046398
30.403198543886436,-88.88237899541501
30.40319861865753,-88.88236899616666
30.403198700904863,-88.88235799699348
30.403198775674362,-88.88234799774507
30.40319885791992,-88.88233699857184
30.40319893268783,-88.8823269993234
30.403199007454965,-88.88231700007493
30.403199089697942,-88.8823060009016
30.403199164463476,-88.8822960016531
30.403199246704695,-88.8822850024797
30.40319932146863,-88.88227500323116
30.403199404687534,-88.88226400515337
30.403199499402866,-88.88225400635943
30.403199594238046,-88.88224399483303
30.403199698423187,-88.88223299615977
30.40319979313615,-88.88222299736584
30.403199887848363,-88.8822129985719
30.403199992030903,-88.88220199989854
30.40320008674151,-88.88219200110453
30.403200181451357,-88.88218200231049
30.403200285631307,-88.882171003637
30.403200380339552,-88.88216100484291
30.403200475047036,-88.88215100604877
30.403200579344976,-88.88213999464385
30.403200674050854,-88.88212999584977
30.40320076875598,-88.88211999705564
30.403200872930736,-88.88210899838208
30.403200967634252,-88.8820989995879
30.40320106233702,-88.8820890007937
30.403201166509177,-88.88207800212005
30.403201261210334,-88.88206800332578
30.40320135591073,-88.88205800453147
30.403201460080297,-88.88204700585771
30.403201554899667,-88.88203699433305
30.403201649597705,-88.88202699553875
30.403201753764662,-88.88201599686502
30.403201848461098,-88.88200599807068
30.40320194315677,-88.88199599927631
30.403202047321145,-88.88198500060247
30.40320214201522,-88.88197500180803
30.403202236708534,-88.88196500301355
30.403202340870305,-88.88195400433962
30.403202435562015,-88.88194400554511
30.403202530373516,-88.8819339940213
30.40320263453269,-88.88192299534735
30.403202729222045,-88.88191299655284
30.403202823910636,-88.88190299775829
30.403202928067206,-88.88189199908426
30.4032030227542,-88.88188200028968
30.403203117440434,-88.88187200149504
30.403203221594406,-88.88186100282091
30.403203316279036,-88.88185100402622
30.403203410962902,-88.88184100523148
30.403203515234807,-88.88182999382906
30.403203609917075,-88.88181999503439
30.40320370459859,-88.88180999623968
30.403203808747364,-88.88179899756547
30.40320390342727,-88.88178899877069
30.403203998106427,-88.88177899997588
30.403203887107367,-88.88176800158661
30.403203782576348,-88.88175800305574
30.403203678044562,-88.88174800452488
30.40320356305873,-88.88173700614097
30.403203458378442,-88.8817269935577
30.403203353844294,-88.88171699502685
30.403203238855863,-88.88170599664294
30.403203134320126,-88.88169599811215
30.403203029783622,-88.88168599958139
30.403202914792594,-88.88167500119759
30.40320281025449,-88.8816650026669
30.403202695261708,-88.88165400428318
30.40320259072201,-88.88164400575256
30.40320248603462,-88.88163399316853
30.403202371039235,-88.88162299478483
30.40320226649717,-88.88161299625419
30.403202161954347,-88.88160299772359
30.403202046956363,-88.88159199933999
30.403201942411936,-88.88158200080946
30.40320183786676,-88.88157200227899
30.403201722866186,-88.88156100389547
30.403201618319386,-88.88155100536504
30.40320151377185,-88.88154100683465
30.403201398621707,-88.88152999439676
30.403201294072563,-88.88151999586633
30.403201179067622,-88.88150899748288
30.403201074516883,-88.88149899895254
30.403200969965383,-88.8814890004222
30.40320085495784,-88.88147800203888
30.403200750404732,-88.8814680035086
30.403200645850863,-88.88145800497837
30.40320053084074,-88.88144700659518
30.403200426138298,-88.88143699400955
30.403200321582066,-88.88142699547933
30.403200206569334,-88.88141599709611
30.403200102011507,-88.88140599856594
30.403199986997013,-88.88139500018279
30.40319988243759,-88.88138500165269
30.403199777877393,-88.88137500312264
30.403199662860317,-88.88136400473961
30.403199558298528,-88.8813540062096
30.40319945358898,-88.88134399362323
30.403199338569298,-88.8813329952402
30.403199234005147,-88.8813229967102
30.403199129440225,-88.88131299818023
30.403199014417947,-88.8813019997973
30.403198909851433,-88.8812920012674
30.403198805284166,-88.88128200273752
30.403198690259284,-88.88127100435472
30.403198585690415,-88.8812610058249
30.403198470516752,-88.8812499933848
30.40319836594628,-88.88123999485498
30.40319826137505,-88.88122999632517
30.403198146345805,-88.88121899794241
30.403198041772978,-88.88120899941268
30.40319793719938,-88.88119900088297
30.403197822167552,-88.88118800250034
30.403197717592352,-88.88117800397072
30.403197613016395,-88.8811680054411
30.40319750124662,-88.88115700429219
30.403197564995967,-88.88114699627509
30.403197635059357,-88.88113599687509
30.403197698752557,-88.8811259974205
30.40319776881419,-88.88111499802045
30.403197832505793,-88.88110499856585
30.40319790256567,-88.88109399916573
30.403197966255668,-88.88108399971108
30.403198036313782,-88.88107300031092
30.403198100002182,-88.88106300085622
30.403198170058538,-88.88105200145603
30.403198233745343,-88.88104200200128
30.40319829743138,-88.88103200254653
30.403198367485135,-88.88102100314627
30.403198431169578,-88.88101100369147
30.403198501221574,-88.88100000429117
30.403198564958934,-88.88098999627549
30.403198635009176,-88.88097899687524
30.403198698690414,-88.88096899742045
30.4031987687389,-88.88095799802018
30.403198832418536,-88.88094799856536
30.403198902465252,-88.88093699916503
30.403198966143297,-88.88092699971017
30.40319903618826,-88.88091600030978
30.403199099864697,-88.88090600085488
30.403199169907904,-88.88089500145446
30.403199233582743,-88.88088500199953
30.40319930362418,-88.88087400259906
30.403199367297415,-88.88086400314407
30.4031994309699,-88.88085400368907
30.403199501008746,-88.88084300428854
30.403199564734127,-88.88083299627425
30.403199634771212,-88.88082199687379
30.403199698440485,-88.88081199741882
30.403199768475808,-88.8808009980183
30.40319983214349,-88.88079099856327
30.403199902177054,-88.88077999916271
30.403199965843132,-88.88076999970764
30.403200035874946,-88.88075900030705
30.403200099539422,-88.88074900085194
30.40320016956946,-88.88073800145129
30.403200233232344,-88.88072800199615
30.403200303260633,-88.88071700259546
30.40320036692191,-88.88070700314026
30.40320043694844,-88.88069600373953
30.403200500608115,-88.88068600428429
30.403200570687364,-88.88067499632592
30.40320063434545,-88.88066499687073
30.40320069800276,-88.88065499741555
30.403200768024938,-88.88064399801482
30.403200831680646,-88.88063399855959
30.403200901701066,-88.8806229991588
30.403200965355175,-88.88061299970353
30.403201035373833,-88.88060200030269
30.403201099026344,-88.88059200084739
30.403201169043232,-88.88058100144654
30.403201232694155,-88.88057100199117
30.403201302709288,-88.88056000259026
30.403201366358605,-88.88055000313486
30.403201436371983,-88.8805390037339
30.403201500019698,-88.88052900427846
30.403201570085766,-88.88051799632144
30.40320163373189,-88.88050799686607
30.403201703741743,-88.88049699746514
30.40320176738626,-88.88048699800972
30.403201831030017,-88.88047699855429
30.40320190103727,-88.88046599915329
30.40320196467944,-88.88045599969782
30.403202034684934,-88.88044500029676
30.403202098325487,-88.88043500084125
30.403202168329223,-88.88042400144015
30.403202231968177,-88.88041400198458
30.403202301970165,-88.88040300258345
30.403202365607523,-88.88039300312784
30.40320243560773,-88.88038200372665
30.403202499243495,-88.88037200427101
30.40320256929639,-88.88036099631539
30.403202632930554,-88.88035099685982
30.403202702927246,-88.88033999745865
30.403202766559808,-88.88032999800302
30.40320283655474,-88.88031899860182
30.4032029001857,-88.88030899914615
30.403202970178874,-88.88029799974491
30.40320303380824,-88.8802880002892
30.403203097436837,-88.88027800083348
30.403203167427417,-88.88026700143216
30.403203231054416,-88.8802570019764
30.403203301043238,-88.88024600257502
30.403203364668638,-88.88023600311922
30.403203434655694,-88.88022500371781
30.4032034982795,-88.88021500426197
30.40320356831921,-88.88020399630773
30.403203631941413,-88.88019399685194
30.403203700000002,-88.8801833
30.4032037833182,-88.88017299764431
30.403203872269767,-88.88016199861137
30.403203953134014,-88.8801519994905
30.403204042083797,-88.8801410004575
30.40320412294645,-88.88013100133658
30.40320420380833,-88.88012100221565
30.403204292755525,-88.88011000318258
30.403204373615818,-88.88010000406157
30.40320446256124,-88.88008900502844
30.40320454350784,-88.88007899503758
30.403204632451505,-88.8800679960045
30.403204713308593,-88.88005799688352
30.403204802250514,-88.88004699785037
30.403204883105996,-88.88003699872932
30.403204972046154,-88.88002599969613
30.40320505290004,-88.88001600057504
30.40320514183843,-88.88000500154178
30.403205222690715,-88.87999500242061
30.403205311627364,-88.8799840033873
30.40320539247805,-88.8799740042661
30.40320547332798,-88.87996400514487
30.40320556234989,-88.87995299524299
30.403205643198216,-88.8799429961218
30.403205732130502,-88.87993199708846
30.403205812977223,-88.8799219979672
30.40320590190774,-88.87991099893384
30.403205982752866,-88.87990099981255
30.40320607168162,-88.8798900007791
30.403206152525165,-88.87988000165775
30.403206241452157,-88.87986900262425
30.40320632229409,-88.87985900350284
30.403206411219326,-88.8798480044693
30.40320649205965,-88.87983800534785
30.40320658107099,-88.87982699544702
30.403206661909724,-88.87981699632563
30.403206742747688,-88.8798069972042
30.403206831668566,-88.8797959981706
30.40320691250494,-88.87978599904913
30.40320700142406,-88.87977500001547
30.403207082258827,-88.87976500089395
30.403207171176188,-88.87975400186025
30.403207252009363,-88.87974400273866
30.40320734092497,-88.87973300370491
30.403207421756534,-88.87972300458327
30.403207510758218,-88.8797119946834
30.403207591588185,-88.87970199556185
30.403207680500266,-88.87969099652805
30.403207761328638,-88.87968099740644
30.403207850238964,-88.87966999837262
30.403207931065733,-88.87965999925092
30.403208011891735,-88.87965000012922
30.403208099999997,-88.87963909999999
30.403208072782153,-88.87962899973634
30.403208043139127,-88.87961799984372
30.403208016190128,-88.87960799994136
30.40320798654535,-88.87959700004875
30.40320795959475,-88.8795870001464
30.403207929948206,-88.8795760002538
30.403207902996012,-88.87956600035147
30.403207873347714,-88.87955500045892
30.403207846393915,-88.87954500055659
30.403207816743848,-88.87953400066405
30.403207789788457,-88.87952400076175
30.403207760136635,-88.87951300086922
30.40320773317964,-88.87950300096693
30.403207703526064,-88.87949200107442
30.403207676567458,-88.87948200117215
30.403207646912126,-88.87947100127968
30.40320761995193,-88.87946100137744
30.40320759029483,-88.87945000148497
30.403207563333034,-88.87944000158274
30.403207533674177,-88.87942900169028
30.403207504014397,-88.87941800179784
30.403207477040386,-88.87940799827079
30.40320744737885,-88.87939699837825
30.403207420413022,-88.87938699847595
30.403207390749714,-88.87937599858344
30.40320736378228,-88.87936599868118
30.40320733411722,-88.87935499878868
30.403207307148175,-88.87934499888642
30.40320727748136,-88.87933399899396
30.40320725051073,-88.87932399909171
30.403207220842145,-88.87931299919924
30.40320719386991,-88.87930299929702
30.40320716419957,-88.8792919994046
30.403207137225746,-88.8792819995024
30.403207107553644,-88.87927099960997
30.40320708057821,-88.8792609997078
30.403207050904353,-88.8792499998154
30.40320702392732,-88.87923999991322
30.403206994251697,-88.87922900002084
30.40320696727306,-88.87921900011871
30.403206937595687,-88.87920800022634
30.40320691061545,-88.87919800032421
30.403206880936317,-88.87918700043187
30.403206853954476,-88.87917700052974
30.403206824273585,-88.87916600063743
30.403206797290153,-88.87915600073532
30.4032067676075,-88.87914500084302
30.403206740622466,-88.87913500094095
30.403206710938043,-88.87912400104865
30.403206683951414,-88.87911400114659
30.40320665426524,-88.87910300125434
30.403206627277008,-88.87909300135227
30.403206597589072,-88.87908200146005
30.40320657059924,-88.87907200155801
30.40320654090954,-88.87906100166578
30.403206513918107,-88.87905100176377
30.40320648421686,-88.87903999824294
30.40320645722382,-88.87902999834084
30.40320642753061,-88.87901899844856
30.403206400535968,-88.87900899854645
30.403206361552737,-88.87899799827001
30.403206325958926,-88.8789879984403
30.40320629036436,-88.87897799861058
30.403206251209447,-88.8789669987979
30.403206215613277,-88.87895699896822
30.403206180016344,-88.87894699913855
30.40320614085884,-88.8789359993259
30.403206105260313,-88.87892599949627
30.403206069661014,-88.87891599966662
30.40320603050091,-88.87890499985403
30.403205994900024,-88.87889500002441
30.40320595573815,-88.87888400021183
30.403205920135658,-88.87887400038223
30.4032058845324,-88.87886400055265
30.40320584536795,-88.87885300074014
30.40320580976309,-88.87884300091058
30.403205774157474,-88.87883300108102
30.40320573499041,-88.87882200126852
30.4032056993832,-88.878812001439
30.403205660214383,-88.87880100162653
30.403205624605565,-88.87879100179704
30.403205588995988,-88.87878100196754
30.403205549824573,-88.87877000215511
30.40320551421339,-88.87876000232563
30.403205478584404,-88.87874999770881
30.40320543941039,-88.87873899789629
30.403205403796854,-88.87872899806676
30.403205368182544,-88.87871899823723
30.40320532900593,-88.87870799842476
30.40320529339003,-88.87869799859524
30.403205254211674,-88.87868699878283
30.40320521859416,-88.87867699895334
30.4032051829759,-88.87866699912385
30.40320514379493,-88.87865599931146
30.403205108175072,-88.878645999482
30.403205072554442,-88.87863599965257
30.40320503337088,-88.8786249998402
30.40320499774865,-88.87861500001078
30.403204962125667,-88.87860500018138
30.403204922939498,-88.87859400036905
30.403204887314914,-88.87858400053968
30.403204848126993,-88.87857300072736
30.40320481250081,-88.878563000898
30.40320477687386,-88.87855300106865
30.40320473768334,-88.87854200125638
30.40320470205479,-88.87853200142706
30.403204666425484,-88.87852200159774
30.403204627232363,-88.87851100178553
30.403204591601455,-88.87850100195624
30.403204552406574,-88.87849000214402
30.403204516774064,-88.87848000231476
30.403204481123723,-88.87846999769526
30.40320444192625,-88.87845899788299
30.40320440629138,-88.87844899805366
30.403204370655743,-88.87843899822433
30.40320433145566,-88.87842799841208
30.403204295818437,-88.87841799858278
30.403204260180445,-88.87840799875349
30.403204220977774,-88.87839699894128
30.403204185338183,-88.87838699911201
30.40320414613375,-88.87837599929985
30.403204110492553,-88.87836599947059
30.403204074850603,-88.87835599964136
30.40320403564356,-88.87834499982921
30.403204000000002,-88.87833499999999
30.403203899708767,-88.87832500135235
30.403203789387526,-88.87831400283993
30.40320368909469,-88.87830400419233
30.403203578771684,-88.87829300567999
30.403203478342007,-88.8782829935498
30.40320336801724,-88.87827199503744
30.403203267721203,-88.87826199638987
30.403203167424405,-88.87825199774231
30.40320305709705,-88.87824099923006
30.403202956798637,-88.87823100058257
30.403202846469522,-88.87822000207038
30.403202746169526,-88.87821000342296
30.40320263583865,-88.87819900491084
30.40320253553705,-88.87818900626348
30.40320242506915,-88.87817799426772
30.40320232476595,-88.87816799562033
30.403202224461992,-88.87815799697296
30.40320211412675,-88.87814699846089
30.40320201382119,-88.8781369998136
30.40320190348419,-88.87812600130162
30.40320180317703,-88.8781160026544
30.403201692838277,-88.87810500414247
30.403201592529523,-88.87809500549531
30.403201492084722,-88.87808499336352
30.40320138174336,-88.87807399485158
30.40320128143225,-88.8780639962044
30.403201171089133,-88.87805299769254
30.403201070776415,-88.87804299904545
30.403200960431544,-88.87803200053366
30.403200860117224,-88.87802200188662
30.40320075980214,-88.8780120032396
30.403200649454668,-88.87800100472793
30.403200549137992,-88.87799100608098
30.403200438653464,-88.87797999408363
30.403200338335175,-88.87796999543664
30.403200227984186,-88.877958996925
30.40320012766431,-88.87794899827807
30.403200017311562,-88.8779379997665
30.403199916990086,-88.87792800111964
30.403199816667847,-88.87791800247281
30.403199706312495,-88.87790700396135
30.403199605988654,-88.87789700531461
30.40319949549623,-88.8778859933165
30.403199395170784,-88.8778759946697
30.403199284811922,-88.87786499615825
30.403199184484883,-88.8778549975115
30.403199084157077,-88.8778449988648
30.403198973795615,-88.87783400035346
30.403198873466227,-88.87782400170684
30.403198763102996,-88.87781300319557
30.403198662771995,-88.87780300454901
30.403198552407016,-88.87779200603781
30.40319845193907,-88.87778199390353
30.403198341572335,-88.87777099539228
30.40319824123813,-88.87776099674575
30.403198140903168,-88.87775099809923
30.403198030533826,-88.87773999958809
30.403197930197265,-88.87773000094165
30.40319781982617,-88.8777190024306
30.403197719488006,-88.87770900378419
30.40319760911515,-88.87769800527322
30.4031975087754,-88.8776880066269
30.4031974082995,-88.87767799449179
30.403197297924052,-88.87766699598077
30.403197197581928,-88.87765699733444
30.40319708720471,-88.87764599882352
30.403196986860994,-88.87763600017726
30.403196876482014,-88.8776250016664
30.403196776136696,-88.87761500302021
30.40319667579061,-88.87760500437405
30.403196565409047,-88.8775940058633
30.403196464925973,-88.8775839937274
30.403196354542647,-88.8775729952166
30.40319625419336,-88.87756299657046
30.40319614380828,-88.87755199805974
30.403196043457392,-88.87754199941368
30.403195933070542,-88.87753100090302
30.403195832718062,-88.87752100225701
30.403195732364825,-88.87751100361103
30.403195621975367,-88.87750000510049
30.40319552162053,-88.87749000645456
30.40319541109391,-88.87747899445323
30.403195310737473,-88.87746899580729
30.4031952003445,-88.87745799729677
30.40319509998202,-88.87744799844546
30.403194984342687,-88.87743800024344
30.40319485713854,-88.87742700222125
30.40319474149761,-88.8774170040193
30.403194614291703,-88.8774060059972
30.403194498469368,-88.87739599224946
30.403194382826072,-88.87738599404751
30.40319425561756,-88.87737499602544
30.403194139972676,-88.87736499782355
30.403194012762416,-88.87735399980156
30.403193897115916,-88.87734400159977
30.403193781468662,-88.87733400339803
30.4031936542558,-88.87732300537614
30.403193538606953,-88.87731300717445
30.403193411212506,-88.87730199360578
30.403193295562048,-88.87729199540408
30.403193179910833,-88.8772819972024
30.403193052693613,-88.87727099918061
30.403192937040803,-88.87726100097903
30.40319282138723,-88.87725100277747
30.403192694167412,-88.87724000475579
30.403192578512236,-88.87723000655429
30.40319245111081,-88.87721899298501
30.40319233545403,-88.8772089947835
30.403192219796498,-88.87719899658202
30.403192092572326,-88.87718799856043
30.403191976913185,-88.87717800035902
30.403191849687264,-88.87716700233752
30.403191734026528,-88.87715700413618
30.403191618365028,-88.87714700593489
30.40319149095663,-88.87713599236496
30.403191375293535,-88.87712599416365
30.40319124806324,-88.87711499614224
30.403191132398554,-88.87710499794098
30.403191016733096,-88.87709499973977
30.40319088950021,-88.87708400171849
30.40319077383315,-88.87707400351734
30.403190646598507,-88.87706300549614
30.403190530929855,-88.87705300729507
30.403190415080537,-88.87704299354455
30.403190287843294,-88.87703199552334
30.403190172172284,-88.87702199732229
30.40319004493328,-88.87701099930116
30.403189929260662,-88.8770010011002
30.403189813587282,-88.87699100289925
30.403189686345687,-88.87698000487826
30.403189570670698,-88.87697000667738
30.403189454815045,-88.87695999292619
30.403189327570853,-88.8769489949052
30.403189211893515,-88.87693899670434
30.40318908464756,-88.87692799868346
30.403188968968617,-88.87691800048265
30.40318885328892,-88.87690800228191
30.403188726040366,-88.87689700426111
30.403188610359063,-88.87688700606043
30.403188482928822,-88.87687599248852
30.403188367245924,-88.87686599428781
30.40318825156226,-88.87685599608714
30.40318812430935,-88.87684499806645
30.403188008624088,-88.87683499986585
30.403187881369416,-88.87682400184525
30.40318776568256,-88.87681400364472
30.40318764999494,-88.87680400544426
30.40318752273767,-88.87679300742376
30.403187406868486,-88.87678299367118
30.40318727960947,-88.87677199565066
30.40318716391865,-88.87676199745022
30.40318704822706,-88.8767519992498
30.403186920965435,-88.8767410012294
30.40318680527225,-88.8767310030291
30.403186678008872,-88.87672000500878
30.40318656231409,-88.87671000680851
30.40318644643857,-88.87669999305528
30.403186319172594,-88.87668899503498
30.403186203475446,-88.87667899683473
30.40318608777754,-88.87666899863453
30.40318596050896,-88.87665800061434
30.40318584480946,-88.8766480024142
30.403185717539124,-88.8766370043941
30.40318560183802,-88.87662700619403
30.403185485956165,-88.87661699244013
30.403185358683228,-88.87660599442005
30.403185242979756,-88.87659599622
30.403185115705064,-88.87658499819999
30.403185000000004,-88.876575
30.403185330660506,-88.87656501471974
30.40318569585814,-88.8765539864608
30.403186026517048,-88.87654400118042
30.403186357175198,-88.87653401589996
30.403186722370215,-88.87652298764111
30.40318705302676,-88.87651300236053
30.403187383682553,-88.87650301707984
30.40318774887497,-88.87649198882106
30.403188079529155,-88.87648200354026
30.403188410182583,-88.87647201825939
30.403188775372385,-88.87646099000068
30.40318910602421,-88.87645100471968
30.40318943667528,-88.87644101943856
30.403189801862464,-88.87642999117995
30.40319013251193,-88.87642000589874
30.40319046316064,-88.87641002061741
30.403190828345217,-88.87639899235887
30.40319115899233,-88.87638900707745
30.40319149111053,-88.87637897734714
30.40319185482064,-88.87636799353746
30.40319218546539,-88.8763580082558
30.403192517581218,-88.87634797852563
30.40319288128873,-88.87633699471571
30.403193211931125,-88.87632700943384
30.403193544044573,-88.87631697970376
30.403193907749486,-88.8763059958936
30.403194238389528,-88.87629601061154
30.40319457050059,-88.87628598088155
30.403194934202922,-88.87627499707116
30.4031952648406,-88.87626501178889
30.403195596949292,-88.87625498205901
30.403195960649022,-88.87624399824838
30.403196291284353,-88.87623401296588
30.40319662339066,-88.87622398323612
30.403196987087792,-88.87621299942525
30.40319731772076,-88.87620301414255
30.40319764982468,-88.87619298441287
30.40319801351923,-88.87618200060177
30.403198344149835,-88.87617201531884
30.403198676251385,-88.87616198558928
30.403199039943342,-88.87615100177794
30.403199370571592,-88.87614101649483
30.403199702670754,-88.87613098676536
30.403200066360117,-88.8761200029538
30.403200396986,-88.87611001767044
30.40320072908279,-88.87609998794109
30.40320109276955,-88.87608900412928
30.40320142339309,-88.87607901884576
30.4032017554875,-88.87606898911648
30.403202119171677,-88.87605800530446
30.403202449792847,-88.87604802002068
30.403202781884872,-88.87603799029152
30.403203145566454,-88.87602700647926
30.40320347618528,-88.87601702119528
30.403203808274924,-88.87600699146624
30.403204171953917,-88.87599600765373
30.40320450314355,-88.87598598217924
30.403204769695865,-88.87597599173971
30.403205062902543,-88.8759650022561
30.403205329453264,-88.8759550118164
30.4032056236142,-88.87594398650035
30.403205890163328,-88.87593399606055
30.40320615671169,-88.87592400562067
30.403206449914006,-88.87591301613672
30.403206717416776,-88.87590298986483
30.403207010617336,-88.8758920003808
30.403207277162505,-88.87588200994071
30.4032075713173,-88.87587098462495
30.40320783786087,-88.87586099418476
30.40320810440367,-88.8758510037445
30.40320839759988,-88.8758400142601
30.403208665097047,-88.87582998798857
30.4032089582915,-88.87581899850412
30.403209224831105,-88.87580900806363
30.4032094923259,-88.87579898179223
30.403209785517756,-88.87578799230761
30.403210052055012,-88.87577800186695
30.403210345245107,-88.87576701238213
30.40321061273668,-88.87575698611093
30.403210905925018,-88.87574599662605
30.403211172459066,-88.87573600618515
30.40321143899237,-88.87572601574416
30.403211733134004,-88.87571499042906
30.4032119996657,-88.87570499998802
30.403212292849695,-88.87569401050277
30.403212560335675,-88.87568398423193
30.4032128535179,-88.87567299474661
30.40321312004639,-88.87566300430531
30.403213386574137,-88.87565301386394
30.403213680709626,-88.87564198854913
30.403213947235766,-88.87563199810769
30.40321424041364,-88.875621008622
30.403214507894027,-88.87561098235153
30.403214801070142,-88.87559999286579
30.40321506759308,-88.87559000242409
30.40321533411526,-88.87558001198232
30.4032156282446,-88.87556898666784
30.403215894765175,-88.875558996226
30.403216015476904,-88.87554800022245
30.40321612238493,-88.87553800175915
30.403216229292198,-88.87552800329578
30.40321634688932,-88.87551700498605
30.403216453795,-88.87550700652262
30.403216571544014,-88.87549599384162
30.403216678448086,-88.87548599537824
30.403216796041686,-88.87547499706847
30.403216902944163,-88.87546499860503
30.403217009845868,-88.87545500014151
30.40321712743687,-88.87544400183164
30.40321723433698,-88.87543400336807
30.403217351926223,-88.87542300505811
30.403217458824734,-88.87541300659447
30.403217576565854,-88.87540199391422
30.40321768346277,-88.87539199545063
30.403217790358916,-88.875381996987
30.403217907943805,-88.87537099867696
30.403218014838355,-88.87536100021326
30.40321813242148,-88.87535000190314
30.403218239314427,-88.87534000343938
30.4032183568958,-88.87532900512919
30.403218463787148,-88.87531900666535
30.403218570831363,-88.87530899383222
30.403218688410128,-88.87529799552203
30.403218795299118,-88.8752879970582
30.403218912876124,-88.87527699874792
30.40321901976351,-88.87526700028401
30.403219137338766,-88.87525600197368
30.403219244224555,-88.87524600350972
30.403219351109584,-88.87523600504569
30.403219468682234,-88.87522500673526
30.403219575719262,-88.87521499390287
30.403219693290158,-88.87520399559246
30.403219800171986,-88.87519399712842
30.40321991774111,-88.87518299881793
30.40322002462135,-88.87517300035381
30.40322013150081,-88.87516300188967
30.403220249067356,-88.87515200357906
30.40322035594522,-88.87514200511485
30.403220473510004,-88.87513100680418
30.40322058053985,-88.87512099397253
30.403220698102867,-88.87510999566192
30.403220804977533,-88.87509999719767
30.40322091185144,-88.87508999873339
30.40322102941186,-88.87507900042262
30.403221136284166,-88.87506900195827
30.403221253842837,-88.87505800364744
30.403221360713545,-88.87504800518302
30.403221478270446,-88.87503700687213
30.403221585293107,-88.87502699404124
30.403221692161463,-88.87501699557683
30.403221809715756,-88.87500599726593
30.403221916582506,-88.87499599880144
30.403222034135045,-88.87498500049045
30.4032221410002,-88.8749750020259
30.403222258550983,-88.87496400371485
30.40322236541453,-88.87495400525022
30.403222472277324,-88.87494400678555
30.40322258997904,-88.87493299410897
30.403222696840228,-88.87492299564434
30.403222658944795,-88.87491200175947
30.40322262056912,-88.8749020019575
30.403222578354992,-88.87489100217533
30.403222539977715,-88.87488100237336
30.403222501579876,-88.87487099741219
30.403222459363146,-88.87485999762995
30.403222420983507,-88.87484999782792
30.403222378765015,-88.87483899804569
30.40322234038378,-88.87482899824371
30.40322230200178,-88.87481899844173
30.4032222597807,-88.87480799865953
30.403222221397083,-88.87479799885756
30.40322217917425,-88.87478699907543
30.403222140789044,-88.8747769992735
30.403222098564445,-88.87476599949136
30.403222060177644,-88.87475599968946
30.403222021790086,-88.87474599988755
30.40322197956288,-88.87473500010547
30.403221941173715,-88.87472500030358
30.403221898944754,-88.87471400052154
30.403221860553998,-88.87470400071967
30.403221822162475,-88.87469400091786
30.403221779930917,-88.87468300113584
30.403221741537788,-88.87467300133402
30.403221699304474,-88.87466200155203
30.403221660909747,-88.87465200175023
30.40322161867467,-88.87464100196829
30.403221580278352,-88.8746310021665
30.403221541881265,-88.87462100236476
30.40322149962377,-88.87460999742096
30.403221461225083,-88.87459999761911
30.403221418985645,-88.87458899783711
30.403221380585364,-88.87457899803529
30.403221338344164,-88.87456799825333
30.403221299942285,-88.87455799845154
30.40322126153963,-88.87454799864976
30.40322121929584,-88.87453699886784
30.4032211808916,-88.87452699906609
30.403221138646046,-88.87451599928417
30.4032211002402,-88.87450599948247
30.403221061833584,-88.87449599968075
30.40322101958544,-88.87448499989888
30.403220981177228,-88.87447500009719
30.403220938927326,-88.87446400031534
30.40322090051751,-88.87445400051368
30.403220858265843,-88.87444300073187
30.40322081985444,-88.87443300093024
30.40322078144227,-88.8744230011286
30.403220739187994,-88.87441200134684
30.40322070077423,-88.87440200154525
30.40322073830345,-88.87439099875246
30.403220773764115,-88.87438099892152
30.40322081276998,-88.8743699991075
30.40322084822905,-88.87435999927654
30.40322088723316,-88.87434899946247
30.403220922690625,-88.87433899963152
30.403220961692966,-88.87432799981742
30.403220997148843,-88.87431799998642
30.403221036149425,-88.8743070001723
30.4032210716037,-88.87429700034127
30.403221110602523,-88.87428600052712
30.4032211460552,-88.87427600069609
30.40322118505226,-88.87426500088193
30.403221220503333,-88.87425500105087
30.403221259498633,-88.87424400123668
30.403221294948107,-88.87423400140558
30.403221333941644,-88.87422300159136
30.403221369389524,-88.87421300176024
30.403221408381306,-88.874202001946
30.403221443827583,-88.87419200211487
30.403221482817607,-88.8741810023006
30.403221518279178,-88.87417099770468
30.403221557267432,-88.8741599978905
30.40322159271052,-88.87414999805941
30.40322163169701,-88.87413899824521
30.403221667138485,-88.8741289984141
30.403221706123226,-88.87411799859987
30.403221741563105,-88.87410799876876
30.403221780546094,-88.87409699895451
30.40322181598437,-88.87408699912336
30.40322185496559,-88.87407599930907
30.403221890402268,-88.8740659994779
30.40322192938173,-88.8740549996636
30.403221964816808,-88.87404499983239
30.403222003794507,-88.87403400001807
30.403222039227984,-88.87402400018685
30.40322207820393,-88.87401300037251
30.40322211363581,-88.87400300054128
30.403222152609995,-88.87399200072689
30.403222188040267,-88.87398200089562
30.403222227012698,-88.87397100108122
30.403222262441368,-88.87396100124992
30.403222302980094,-88.87395000305781
30.40322237805025,-88.87394000381543
30.403222460626544,-88.87392900464879
30.403222535770865,-88.87391899531492
30.403222618345392,-88.8739079961483
30.403222693412353,-88.87389799690592
30.403222775985125,-88.87388699773926
30.40322285855698,-88.8738759985726
30.403222933621493,-88.87386599933015
30.40322301619159,-88.87385500016342
30.403223091254503,-88.8738450009209
30.403223173822834,-88.8738340017541
30.403223256390252,-88.8738230025873
30.403223331450725,-88.87381300334471
30.403223414016377,-88.87380200417783
30.403223489075256,-88.8737920049352
30.40322357171489,-88.87378099567827
30.403223646772176,-88.8737709964357
30.4032237293343,-88.87375999726883
30.40322381189551,-88.87374899810196
30.403223886950357,-88.8737389988593
30.403223969509803,-88.87372799969235
30.403224044563043,-88.87371800044964
30.40322412712074,-88.87370700128265
30.403224209677507,-88.87369600211564
30.40322428472831,-88.87368600287287
30.403224367283322,-88.87367500370578
30.403224442332522,-88.87366500446296
30.40322452496149,-88.8736539952071
30.4032246000091,-88.87364399596434
30.403224682560587,-88.87363299679727
30.403224765111162,-88.87362199763017
30.40322484015633,-88.87361199838733
30.40322492270513,-88.87360099922017
30.403224997748705,-88.8735909999773
30.40322503713576,-88.87358000017326
30.40322507184129,-88.87357000033518
30.403225106546053,-88.87356000049708
30.40322514472042,-88.87354900067515
30.403225179423583,-88.87353900083704
30.40322521759618,-88.8735280010151
30.403225252297744,-88.87351800117698
30.40322528699855,-88.8735080013388
30.40322532516856,-88.87349700151684
30.40322535986776,-88.87348700167867
30.403225394566206,-88.87347700184047
30.403225432733606,-88.87346600201845
30.40322546743045,-88.87345600218025
30.403225505612276,-88.87344499769408
30.403225540307524,-88.87343499785594
30.403225575002008,-88.8734249980178
30.403225613165056,-88.87341399819583
30.40322564785793,-88.87340399835767
30.403225686019223,-88.87339299853569
30.4032257207105,-88.87338299869752
30.40322575540102,-88.87337299885931
30.403225793559713,-88.8733619990373
30.40322582824863,-88.87335199919907
30.403225862936793,-88.87334199936083
30.403225901092885,-88.8733309995388
30.403225935779442,-88.87332099970055
30.403225973933775,-88.87330999987846
30.40322600861873,-88.87330000004019
30.403226043302933,-88.8732900002019
30.403226081454672,-88.87327900037978
30.40322611613726,-88.87326900054147
30.40322615428724,-88.87325800071935
30.403226188968237,-88.873248000881
30.403226223648474,-88.87323800104268
30.403226261795858,-88.8732270012205
30.40322629647449,-88.87321700138213
30.40322633115236,-88.87320700154375
30.403226369297148,-88.87319600172154
30.40322640397342,-88.87318600188316
30.403226442116438,-88.8731750020609
30.40322647679111,-88.87316500222248
30.403226511481186,-88.8731549977229
30.40322654962161,-88.87314399790073
30.403226584293925,-88.87313399806237
30.40322661896547,-88.87312399822403
30.403226657103296,-88.87311299840182
30.403226691773245,-88.87310299856344
30.40322672990931,-88.87309199874122
30.403226764577663,-88.8730819989028
30.40322679924525,-88.8730719990644
30.403226837378714,-88.87306099924214
30.403226872044705,-88.87305099940372
30.403226910176414,-88.87303999958142
30.403226944840807,-88.87302999974297
30.40322697950443,-88.8730199999045
30.40322701763354,-88.87300900008216
30.403227052295573,-88.87299900024368
30.403227086956832,-88.87298900040518
30.40322712508335,-88.87297800058282
30.403227159743018,-88.8729680007443
30.403227197867775,-88.87295700092191
30.40322723252584,-88.87294700108335
30.40322726718314,-88.8729370012448
30.403227305305304,-88.8729260014224
30.40322733996101,-88.87291600158382
30.403227374615945,-88.87290600174522
30.403227412735504,-88.87289500192276
30.403227447388847,-88.87288500208416
30.40322748550665,-88.87287400226167
30.403227520174532,-88.87286399776485
30.40322755482551,-88.87285399792631
30.403227592940713,-88.87284299810389
30.403227627590102,-88.87283299826534
30.403227665703533,-88.87282199844292
30.403227700000002,-88.87281209999999
30.403227855226927,-88.87280199700979
30.403228024181434,-88.87279100049946
30.40322817777563,-88.87278100367182
30.403228346728365,-88.87277000716136
30.403228515997412,-88.87275899000343
30.403228669589176,-88.87274899317573
30.403228838539235,-88.87273799666524
30.4032289921294,-88.87272799983744
30.40322916107769,-88.87271700332683
30.403229314666255,-88.87270700649896
30.40322948361279,-88.87269600998822
30.40322963751697,-88.87268599251357
30.403229806461756,-88.87267499600283
30.40322996004712,-88.87266499917484
30.40323012899014,-88.87265400266402
30.403230282573904,-88.87264400583592
30.40323045151517,-88.87263300932499
30.40323060541452,-88.8726229918508
30.40323077435402,-88.87261199533985
30.40323092793459,-88.87260199851168
30.403231096872336,-88.87259100200063
30.403231265809158,-88.87258000548952
30.403231419387293,-88.8725700086612
30.403231588639517,-88.8725589915046
30.403231742216047,-88.87254899467631
30.40323191114935,-88.87253799816509
30.403232064724286,-88.87252800133666
30.403232233655828,-88.87251700482535
30.40323238722916,-88.87250700799682
30.403232556476098,-88.87249599084066
30.403232710047828,-88.87248599401215
30.40323287897585,-88.87247499750072
30.403233032545987,-88.87246500067211
30.403233199999992,-88.8724541
30.403233225099537,-88.87244400075204
30.403233252436582,-88.87243300084336
30.403233277287647,-88.87242300092633
30.403233304622937,-88.87241200101762
30.403233329472407,-88.8724020011006
30.403233354321095,-88.87239200118358
30.4032333816538,-88.87238100127483
30.403233406500902,-88.87237100135778
30.403233433831833,-88.87236000144902
30.40323345867734,-88.87235000153196
30.403233486006517,-88.87233900162319
30.403233510858712,-88.87232899836638
30.403233535701858,-88.8723189984494
30.403233563028426,-88.87230799854073
30.40323358786997,-88.87229799862372
30.403233615194782,-88.87228699871503
30.403233640034724,-88.872276998798
30.40323366735778,-88.87226599888928
30.403233692196128,-88.87225599897225
30.403233717033707,-88.87224599905522
30.403233744354164,-88.87223499914646
30.40323376919014,-88.8722249992294
30.403233796508843,-88.87221399932062
30.403233821343225,-88.87220399940355
30.40323384866016,-88.87219299949477
30.40323387349294,-88.8721829995777
30.403233898324963,-88.8721729996606
30.4032339256393,-88.87216199975178
30.403233950469723,-88.87215199983468
30.403233977782303,-88.87214099992585
30.40323400261113,-88.87213100000871
30.403234029921947,-88.87212000009986
30.403234054749166,-88.87211000018273
30.403234079575626,-88.87210000026558
30.403234106883843,-88.87208900035671
30.403234131708704,-88.87207900043954
30.403234159015163,-88.87206800053065
30.40323418383842,-88.87205800061346
30.403234211143126,-88.87204700070455
30.403234235964785,-88.87203700078736
30.40323426078568,-88.87202700087016
30.40323428808779,-88.87201600096121
30.40323431290709,-88.872006001044
30.403234340207433,-88.87199500113503
30.403234365025135,-88.87198500121781
30.40323439232372,-88.87197400130884
30.403234417139817,-88.87196400139159
30.403234441955153,-88.87195400147434
30.403234469251142,-88.87194300156533
30.403234494064876,-88.87193300164805
30.40323452136738,-88.8719219984035
30.40323454617952,-88.8719119984863
30.403234573471984,-88.87190099857737
30.40323459828252,-88.87189099866018
30.403234623092295,-88.87188099874295
30.403234650382167,-88.87186999883401
30.403234675190348,-88.87185999891678
30.403234702478457,-88.87184899900782
30.403234727285028,-88.87183899909057
30.403234754571383,-88.87182799918159
30.40323477937635,-88.87181799926434
30.403234804180567,-88.87180799934707
30.40323483146432,-88.87179699943805
30.403234856266934,-88.87178699952076
30.40323488354893,-88.87177599961174
30.40323490834994,-88.87176599969443
30.40323493563018,-88.8717549997854
30.40323496042959,-88.8717449998681
30.40323498522825,-88.87173499995075
30.403235012505874,-88.8717240000417
30.40323503730293,-88.87171400012436
30.403235064578812,-88.87170300021526
30.40323508937426,-88.8716930002979
30.40323511664838,-88.8716820003888
30.403235141442227,-88.87167200047143
30.40323516623532,-88.87166200055405
30.403235193506834,-88.87165100064492
30.403235218298335,-88.87164100072751
30.403235245568087,-88.87163000081839
30.40323527035798,-88.87162000090096
30.40323529762598,-88.87160900099181
30.403235322414275,-88.87159900107437
30.4032353472018,-88.87158900115693
30.4032353744672,-88.87157800124774
30.40323539925313,-88.8715680013303
30.40323529993783,-88.87155699623067
30.40323520646491,-88.87154699740533
30.40323511299122,-88.87153699858001
30.403235019516778,-88.87152699975474
30.40323491669401,-88.87151600104693
30.40323482321796,-88.87150600222171
30.403234729741154,-88.8714960033965
30.403234626915786,-88.87148500468884
30.403234533437384,-88.8714750058637
30.403234439840734,-88.8714649944721
30.4032343463608,-88.87145499564691
30.403234243532005,-88.87144399693925
30.403234150050473,-88.87143399811411
30.403234056568174,-88.87142399928904
30.403233953736784,-88.87141300058147
30.40323386025289,-88.87140300175643
30.40323376676823,-88.87139300293143
30.403233673282827,-88.87138300410643
30.40323357044799,-88.871372005399
30.403233476843468,-88.87136199400656
30.403233383355694,-88.87135199518157
30.403233280518265,-88.8713409964741
30.40323318702889,-88.87133099764918
30.40323309353875,-88.87132099882427
30.403233000047855,-88.87131099999941
30.403232995941703,-88.87130030173469
30.403232931176852,-88.87128999971998
30.40323296447032,-88.87127899985543
30.4032329947363,-88.87126899997858
30.403233025001523,-88.87125900010172
30.403233058292376,-88.87124800023714
30.403233088555996,-88.87123800036028
30.403233121845098,-88.87122700049571
30.403233152107124,-88.8712170006188
30.40323318539447,-88.87120600075419
30.403233215654893,-88.87119600087726
30.40323324894047,-88.87118500101263
30.403233279199288,-88.8711750011357
30.403233309457356,-88.87116500125876
30.40323334274034,-88.87115400139409
30.403233372996798,-88.87114400151712
30.403233406278027,-88.87113300165245
30.403233436532883,-88.87112300177544
30.403233469812356,-88.87111200191075
30.403233500065614,-88.87110200203374
30.40323353335562,-88.87109099810225
30.403233563607273,-88.87108099822531
30.40323359385818,-88.87107099834839
30.403233627133282,-88.87105999848373
30.403233657382582,-88.87104999860678
30.40323369065593,-88.87103899874211
30.40323372090363,-88.87102899886513
30.403233754175215,-88.87101799900046
30.403233784421317,-88.87100799912348
30.403233817691152,-88.87099699925875
30.403233847935645,-88.87098699938174
30.403233878179385,-88.87097699950472
30.403233911446616,-88.87096599963998
30.403233941688754,-88.87095599976294
30.40323397495422,-88.87094499989819
30.40323400519477,-88.87093500002112
30.40323403845847,-88.87092400015635
30.40323406869742,-88.87091400027924
30.403234101959367,-88.87090300041446
30.4032341321967,-88.87089300053735
30.403234162433282,-88.87088300066026
30.40323419569264,-88.87087200079542
30.40323422592761,-88.87086200091828
30.403234259185208,-88.87085100105342
30.40323428941858,-88.87084100117629
30.40323432267442,-88.87083000131142
30.4032343529062,-88.87082000143423
30.40323438616027,-88.87080900156934
30.40323441639045,-88.87079900169215
30.403234446619862,-88.87078900181496
30.40323447987134,-88.87077800195003
30.403234510111442,-88.87076799800933
30.403234543361158,-88.87075699814449
30.403234573587376,-88.87074699826735
30.403234606835337,-88.87073599840248
30.40323463705995,-88.87072599852534
30.403234670306148,-88.87071499866046
30.403234700529165,-88.8707049987833
30.403234730751418,-88.8706949989061
30.403234763995016,-88.87068399904119
30.40323479421568,-88.87067399916398
30.403234827457513,-88.87066299929906
30.40323485767657,-88.87065299942184
30.403234890916647,-88.87064199955687
30.403234921134104,-88.87063199967965
30.403234954372422,-88.87062099981468
30.403234984588277,-88.87061099993738
30.403235014803375,-88.87060100006012
30.40323504803909,-88.87059000019514
30.40323507825259,-88.87058000031783
30.40323511148655,-88.8705690004528
30.40323514169845,-88.8705590005755
30.403235174930646,-88.87054800071044
30.403235205140945,-88.87053800083311
30.403235238371394,-88.87052700096804
30.40323526858008,-88.87051700109069
30.403235298788015,-88.87050700121333
30.403235308737504,-88.87049600034211
30.40323531697991,-88.87048600035122
30.403235326045667,-88.87047500036121
30.403235334286467,-88.8704650003703
30.403235342526514,-88.87045500037941
30.403235351589682,-88.87044400038941
30.40323535982812,-88.87043400039849
30.403235368889526,-88.87042300040848
30.403235377126375,-88.87041300041757
30.403235385362446,-88.87040300042663
30.403235394421262,-88.87039200043662
30.40323540265574,-88.87038200044572
30.40323541171278,-88.87037100045569
30.40323541994566,-88.87036100046477
30.403235428177776,-88.8703510004738
30.40323543723223,-88.8703400004838
30.403235445462755,-88.87033000049284
30.40323545369251,-88.87032000050192
30.403235462744362,-88.87030900051187
30.403235470972515,-88.87029900052093
30.403235480022612,-88.87028800053089
30.403235488249166,-88.87027800053993
30.403235496474966,-88.87026800054898
30.403235505523362,-88.87025699945328
30.40323551374756,-88.87024699946244
30.403235522793292,-88.8702359994725
30.40323553101589,-88.87022599948163
30.403235539237727,-88.87021599949075
30.403235548280865,-88.87020499950081
30.403235556501098,-88.87019499950995
30.403235565542474,-88.87018399951998
30.40323557376111,-88.8701739995291
30.403235581978986,-88.87016399953822
30.40323559101776,-88.87015299954825
30.40323559923403,-88.87014299955737
30.403235608271054,-88.87013199956739
30.403235616485727,-88.8701219995765
30.403235624699633,-88.87011199958562
30.40323563373406,-88.87010099959564
30.403235641946374,-88.87009099960474
30.403235650979028,-88.87007999961475
30.403235659189743,-88.87006999962385
30.40323566739969,-88.87005999963294
30.403235676429755,-88.87004899964293
30.40323568463811,-88.87003899965204
30.403235693666417,-88.87002799966203
30.40323570187317,-88.8700179996711
30.403235710079155,-88.87000799968018
30.403235719104856,-88.86999699969017
30.403235727309248,-88.86998699969925
30.403235736333194,-88.86997599970924
30.40323574453598,-88.86996599971833
30.403235752738013,-88.86995599972737
30.403235761759362,-88.86994499973736
30.40323576995978,-88.86993499974642
30.403235778159456,-88.86992499975548
30.403235787178197,-88.86991399976544
30.403235795376276,-88.86990399977451
30.403235804393255,-88.86989299978447
30.403235812589724,-88.8698829997935
30.403235820785426,-88.86987299980257
30.403235829799826,-88.86986199981251
30.40323583799392,-88.86985199982155
30.403235847006556,-88.8698409998315
30.403235855199068,-88.86983099984056
30.4032358633908,-88.86982099984957
30.40323587240085,-88.86980999985951
30.403235880590987,-88.86979999986855
30.403235889599266,-88.86978899987847
30.403235897787805,-88.8697789998875
30.403235905975578,-88.86976899989652
30.403235914981263,-88.86975799990644
30.403235923167436,-88.86974799991545
30.403235932171366,-88.86973699992537
30.403235940355945,-88.86972699993437
30.403235948539766,-88.86971699994338
30.403235957541085,-88.8697059999533
30.403235965723304,-88.8696959999623
30.403235974722875,-88.86968499997221
30.40323598290349,-88.8696749999812
30.403235991083342,-88.86966499999019
30.403236000080305,-88.86965400000008
30.403236008258567,-88.86964400000909
30.40323601725377,-88.86963300001896
30.403236025430424,-88.86962300002796
30.40323603360632,-88.86961300003694
30.403236042598937,-88.86960200004681
30.40323605077323,-88.86959200005579
30.40323605894676,-88.86958200006477
30.40323606793677,-88.86957100007463
30.4032360761087,-88.8695610000836
30.403236085096957,-88.86955000009348
30.403236093267285,-88.86954000010245
30.40323610143686,-88.8695300001114
30.40323611042251,-88.86951900012126
30.40323611859049,-88.86950900013021
30.403236127574377,-88.86949800014006
30.40323613574075,-88.86948800014902
30.403236143906362,-88.86947800015797
30.403236152887654,-88.8694670001678
30.403236161051662,-88.86945700017675
30.403236170031196,-88.86944600018658
30.403236178193612,-88.8694360001955
30.403236186355265,-88.86942600020446
30.4032361953322,-88.86941500021429
30.403236203492252,-88.86940500022322
30.403236212467426,-88.86939400023303
30.40323622062588,-88.86938400024196
30.403236228783566,-88.86937400025089
30.40323623775615,-88.86936300026069
30.40323624591224,-88.86935300026961
30.40323625488306,-88.86934200027942
30.40323626303754,-88.86933200028834
30.40323627119127,-88.86932200029725
30.40323628015949,-88.86931100030704
30.403236288311614,-88.86930100031593
30.40323629727808,-88.86929000032575
30.40323630542861,-88.86928000033464
30.403236313578375,-88.86927000034355
30.403236322542234,-88.86925900035332
30.4032363306904,-88.86924900036222
30.403236339652505,-88.86923800037198
30.403236347799076,-88.86922800038089
30.403236355944884,-88.86921800038976
30.403236364904384,-88.86920700039953
30.40323637304859,-88.8691970004084
30.40323638119203,-88.86918700041727
30.403236390148944,-88.86917600042703
30.403236398290776,-88.86916600043591
30.40323640724593,-88.86915500044569
30.403236415386175,-88.86914500045455
30.40323642352565,-88.86913500046339
30.403236432478202,-88.86912400047314
30.40323644061609,-88.86911400048201
30.403236449566876,-88.86910300049173
30.403236457703162,-88.8690930005006
30.403236465838678,-88.86908300050945
30.403236474786876,-88.86907200051918
30.4032364829208,-88.86906200052802
30.40323649186723,-88.86905100053775
30.4032365,-88.869041
30.403244998668,-88.86904112336035
30.403253997257657,-88.86904125397723
30.403262995847303,-88.86904138459413
30.403272005232875,-88.86904151536775
30.403281003822517,-88.86904164598471
30.40329000241217,-88.86904177660168
30.403299001001827,-88.86904190721867
