34.979575703898185,-89.93673400341534
34.97957578132576,-89.93674400252223
34.97957586649513,-89.93675500153985
34.97957595166352,-89.93676600055751
34.97957603683091,-89.93677699957522
34.979576121997326,-89.93678799859293
34.97957620716274,-89.93679899761068
34.97957629232715,-89.93680999662848
34.979576377490574,-89.9368209956463
34.979576462653014,-89.93683199466417
34.979576547903754,-89.93684300521402
34.979576633064205,-89.9368540042318
34.979576718223655,-89.93686500324964
34.97957680338212,-89.93687600226751
34.9795768885396,-89.93688700128541
34.97957697369609,-89.93689800030334
34.979577058851575,-89.93690899932133
34.97957714400608,-89.93691999833932
34.97957722915959,-89.93693099735736
34.97957731431211,-89.93694199637542
34.979577399463636,-89.93695299539354
34.97957748461416,-89.93696399441168
34.979577569852964,-89.93697500496017
34.97957765500152,-89.93698600397826
34.97957774014908,-89.93699700299638
34.97957782529564,-89.93700800201452
34.97957790270075,-89.93701800112193
34.97957798784542,-89.93702900014014
34.979578072989106,-89.9370399991584
34.97957815813179,-89.93705099817667
34.979578243273494,-89.93706199719499
34.97957832841419,-89.93707299621333
34.9795784135539,-89.93708399523172
34.979578498692625,-89.93709499425013
34.9795785839196,-89.9371060047973
34.97957866905634,-89.93711700381566
34.979578754192076,-89.93712800283404
34.97957883932683,-89.93713900185246
34.97957892446058,-89.93715000087091
34.97957900959336,-89.93716099988939
34.97957909472514,-89.93717199890793
34.979579179855925,-89.93718299792648
34.97957926498572,-89.93719399694507
34.97957935011451,-89.9372049959637
34.97957943524233,-89.93721599498235
34.97957952045836,-89.93722700552829
34.979579605584185,-89.93723800454688
34.97957969070902,-89.9372490035655
34.97957977583286,-89.93726000258417
34.97957986095571,-89.93727100160287
34.97957994607757,-89.9372820006216
34.97958003119844,-89.93729299964035
34.97958010858018,-89.93730299874836
34.97958019369915,-89.93731399776719
34.97958027881714,-89.93732499678605
34.979580363934126,-89.93733599580496
34.979580449050125,-89.9373469948239
34.97958053425432,-89.9373580053685
34.97958061936833,-89.93736900438738
34.97958070448135,-89.93738000340629
34.97958078959337,-89.9373910024252
34.97958087470442,-89.93740200144418
34.97958095981446,-89.93741300046318
34.97958104492352,-89.93742399948222
34.97958113003158,-89.9374349985013
34.97958121513866,-89.9374459975204
34.97958130024473,-89.93745699653954
34.97958138534981,-89.9374679955587
34.97958147045391,-89.93747899457793
34.97958155564618,-89.9374900051212
34.979581640748286,-89.93750100414034
34.97958172584941,-89.93751200315953
34.979581810949526,-89.93752300217875
34.97958189604866,-89.93753400119799
34.97958198114681,-89.93754500021727
34.97958206624396,-89.9375559992366
34.979582151340125,-89.93756699825593
34.979582236435284,-89.93757799727533
34.97958231379367,-89.9375879963839
34.97958239888695,-89.93759899540335
34.97958248397922,-89.93760999442283
34.97958256915965,-89.93762100496477
34.97958265424996,-89.93763200398418
34.979582739339264,-89.93764300300363
34.979582824427574,-89.93765400202312
34.979582909514896,-89.93766500104265
34.97958299460123,-89.93767600006221
34.97958307968656,-89.93768699908179
34.97958316477091,-89.93769799810143
34.979583249854265,-89.93770899712108
34.97958333493663,-89.93771999614077
34.979583420017995,-89.9377309951605
34.9795835051875,-89.93774200570122
34.979583590266884,-89.93775300472089
34.979583675345275,-89.93776400374058
34.97958376042268,-89.93777500276032
34.979583845499086,-89.93778600178008
34.97958393057451,-89.93779700079988
34.97958401564894,-89.9378079998197
34.97958410072238,-89.93781899883957
34.979584185794806,-89.93782999785948
34.97958427086627,-89.9378409968794
34.97958435593673,-89.9378519958994
34.9795844410062,-89.93786299491937
34.97958451843032,-89.93787300554787
34.979584603497884,-89.93788400456779
34.979584688564465,-89.93789500358777
34.97958477363006,-89.93790600260778
34.97958485869466,-89.93791700162782
34.97958494375826,-89.9379280006479
34.97958502882088,-89.93793899966799
34.97958511388249,-89.93794999868814
34.979585198943134,-89.93796099770832
34.97958528400277,-89.93797199672852
34.97958536906142,-89.93798299574877
34.97958545411908,-89.93799399476906
34.979585539264804,-89.9380050053071
34.97958562432047,-89.93801600432732
34.97958570937515,-89.93802700334756
34.97958579442884,-89.93803800236785
34.97958587948153,-89.93804900138817
34.97958596453324,-89.9380600004085
34.97958604958396,-89.9380709994289
34.97958613463367,-89.93808199844932
34.9795862196824,-89.93809299746977
34.979586304730134,-89.93810399649026
34.979586389776884,-89.93811499551077
34.97958647482263,-89.93812599453133
34.979586559956445,-89.93813700506806
34.979586645000204,-89.93814800408853
34.979586722311865,-89.93815800319811
34.97958680735374,-89.93816900221867
34.97958689239463,-89.93818000123926
34.97958697743452,-89.93819100025988
34.97958706247341,-89.93820199928054
34.97958714751133,-89.93821299830124
34.97958723254823,-89.93822399732196
34.97958731758416,-89.93823499634273
34.979587402619096,-89.93824599536352
34.97958748765304,-89.93825699438433
34.97958757277501,-89.93826800491973
34.97958765780696,-89.9382790039405
34.97958774283793,-89.9382900029613
34.979587827867896,-89.93830100198214
34.979587912896875,-89.93831200100298
34.97958799792487,-89.9383230000239
34.979588082951864,-89.93833399904481
34.97958816797787,-89.9383449980658
34.97958825300288,-89.9383559970868
34.9795883380269,-89.93836699610783
34.979588423049925,-89.93837799512892
34.979588508160965,-89.93838900566308
34.97958859318201,-89.93840000468408
34.979588678202056,-89.93841100370513
34.97958876322113,-89.9384220027262
34.97958884823919,-89.93843300174731
34.97958892552748,-89.93844300085745
34.979589010543656,-89.9384539998786
34.97958909555884,-89.9384649988998
34.979589180573036,-89.93847599792106
34.97958926558624,-89.93848699694234
34.979589350598445,-89.93849799596364
34.97958943560966,-89.93850899498499
34.97958952070886,-89.93852000551783
34.97958960571809,-89.9385310045391
34.97958969072633,-89.93854200356043
34.97958977573358,-89.93855300258177
34.97958986073984,-89.93856400160315
34.979589945745104,-89.93857500062458
34.97959003074937,-89.93858599964601
34.979590115752664,-89.93859699866752
34.979590201497665,-89.93860799528234
34.97959037433375,-89.93861899123577
34.97959054753673,-89.93863001059341
34.979590720370844,-89.93864100654685
34.97959089320395,-89.93865200250036
34.97959106603608,-89.93866299845395
34.97959123886722,-89.9386739944076
34.97959141169736,-89.93868499036132
34.97959158489436,-89.93869600971843
34.979591757722524,-89.93870700567214
34.97959193054969,-89.93871800162594
34.979592103375865,-89.9387289975798
34.97959227620105,-89.93873999353374
34.979592449025255,-89.93875098948776
34.979592622216266,-89.93876200884434
34.97959279503847,-89.93877300479835
34.9795929678597,-89.93878400075243
34.979593140679924,-89.93879499670658
34.97959331349916,-89.93880599266079
34.979593486317405,-89.9388169886151
34.979593659502456,-89.93882800797115
34.97959383231871,-89.93883900392545
34.97959400513398,-89.9388499998798
34.97959417794826,-89.93886099583425
34.97959435076155,-89.93887199178876
34.97959452394162,-89.93888301114436
34.97959469675292,-89.93889400709888
34.97959486956323,-89.93890500305346
34.97959504237255,-89.93891599900809
34.979595215180886,-89.93892699496281
34.97959538798821,-89.93893799091758
34.979595561162306,-89.93894901027268
34.97959573396766,-89.93896000622748
34.979595906772026,-89.93897100218233
34.979596079575394,-89.93898199813727
34.97959625237776,-89.93899299409226
34.97959642517916,-89.93900399004733
34.97959659834728,-89.9390150094019
34.97959677114668,-89.93902600535696
34.97959694394509,-89.93903700131212
34.97959711674251,-89.93904799726734
34.97959728953894,-89.93905899322262
34.979597462334375,-89.93906998917798
34.97959763549651,-89.93908100853203
34.979597808289974,-89.93909200448738
34.97959798108243,-89.9391030004428
34.979598153873916,-89.93911399639832
34.97959832666439,-89.93912499235387
34.97959849982154,-89.93913601170746
34.97959867261003,-89.93914700766302
34.97959884539754,-89.93915800361867
34.97959901818405,-89.93916899957439
34.97959919096958,-89.93917999553015
34.979599363754105,-89.93919099148602
34.97959953690529,-89.93920201083907
34.97959970968785,-89.93921300679493
34.979599882469394,-89.93922400275086
34.97960005524996,-89.93923499870684
34.97960022802953,-89.93924599466291
34.97960041651521,-89.93925799025143
34.97960058966032,-89.93926900960398
34.979600762436824,-89.93928000556011
34.97960093521234,-89.93929100151634
34.979601107986866,-89.93930199747263
34.9796012807604,-89.93931299342897
34.979601453532936,-89.9393239893854
34.979601626672086,-89.93933500873743
34.97960179944265,-89.93934600469383
34.9796019722122,-89.93935700065035
34.97960214498078,-89.9393679966069
34.97960231774835,-89.93937899256355
34.97960249051496,-89.93938998852026
34.97960266364812,-89.93940100787175
34.97960283641273,-89.93941200382847
34.979603009176344,-89.93942299978526
34.97960318193898,-89.9394339957421
34.979603354700615,-89.93944499169903
34.979603527828786,-89.93945601105007
34.97960370058844,-89.93946700700697
34.9796038733471,-89.93947800296398
34.97960404610476,-89.93948899892104
34.97960421886144,-89.93949999487818
34.97960439161712,-89.93951099083539
34.97960456473934,-89.9395220101859
34.979604737493034,-89.93953300614312
34.97960491024575,-89.93954400210038
34.97960508299746,-89.93955499805773
34.97960525574819,-89.93956599401517
34.97960542849792,-89.93957698997264
34.97960560161417,-89.93958800932265
34.97960577436191,-89.93959900528014
34.979605947108666,-89.9396100012377
34.979606119854424,-89.93962099719535
34.97960629259921,-89.93963199315303
34.97960646534299,-89.93964298911081
34.979606638453255,-89.93965400846028
34.979606811195055,-89.93966500441806
34.97960698393586,-89.93967600037591
34.97960715667568,-89.93968699633382
34.979607329414506,-89.9396979922918
34.97960750215234,-89.93970898824986
34.97960767525663,-89.9397200075988
34.97960784799248,-89.93973100355686
34.97960802072734,-89.93974199951501
34.97960819346121,-89.93975299547319
34.97960836619408,-89.93976399143148
34.97960853929339,-89.93977501077995
34.97960871202428,-89.93978600673823
34.979608884754185,-89.93979700269658
34.97960905748309,-89.93980799865498
34.979609230211004,-89.93981899461347
34.97960940293793,-89.93982999057202
34.97960957603127,-89.93984100992
34.97960974875621,-89.93985200587856
34.97960992148016,-89.93986300183718
34.979610094203125,-89.93987399779587
34.979610266925086,-89.93988499375466
34.979610439646066,-89.93989598971349
34.97961061273344,-89.93990700906093
34.97961078545243,-89.93991800501978
34.97961095817042,-89.93992900097868
34.979611130887434,-89.93993999693767
34.97961130360345,-89.93995099289671
34.979611476318475,-89.93996198885583
34.979611649399864,-89.93997300820277
34.9796118221129,-89.93998400416187
34.97961199482496,-89.93999500012107
34.97961216753602,-89.94000599608033
34.97961234024609,-89.94001699203966
34.97961251332249,-89.94002801138615
34.97961268603057,-89.94003900734549
34.97961285873767,-89.94005000330489
34.97961303144377,-89.94006099926436
34.979613204148876,-89.94007199522392
34.97961337685299,-89.94008299118353
34.97961354992343,-89.94009401052949
34.97961372262556,-89.94010500648909
34.97961389532671,-89.94011600244879
34.97961403214793,-89.94012699940858
34.979614167976614,-89.94013799690971
34.979614303804304,-89.94014899441092
34.97961443963101,-89.94015999191217
34.97961457568387,-89.94017100780604
34.979614711508596,-89.94018200530726
34.97961484733232,-89.94019300280854
34.97961498315505,-89.94020400030989
34.979615118976795,-89.94021499781128
34.97961525479755,-89.94022599531272
34.97961539061731,-89.94023699281422
34.97961552666321,-89.94024800870743
34.97961566248099,-89.94025900620889
34.979615785950834,-89.94026900393754
34.97961592176672,-89.94028000143913
34.97961605758161,-89.94029099894078
34.97961619339551,-89.94030199644246
34.97961632920842,-89.94031299394422
34.979616465020335,-89.94032399144601
34.979616601058375,-89.94033500733843
34.9796167368683,-89.94034600484022
34.97961687267725,-89.94035700234204
34.97961700848519,-89.94036799984393
34.97961714429215,-89.94037899734586
34.97961728009812,-89.94038999484785
34.979617415903085,-89.9404009923499
34.97961755193416,-89.94041200824162
34.97961768773715,-89.94042300574365
34.97961782353914,-89.94043400324574
34.979617946994644,-89.94044400097496
34.979618082794744,-89.94045499847714
34.979618218593856,-89.94046599597937
34.97961835439198,-89.94047699348168
34.97961849018911,-89.94048799098401
34.979618626212314,-89.94049900687499
34.97961876200746,-89.94051000437732
34.97961889780161,-89.94052100187969
34.97961903359477,-89.94053199938212
34.97961916938694,-89.9405429968846
34.97961930517812,-89.94055399438716
34.97961944096831,-89.94056499188974
34.97961957698454,-89.94057600778001
34.97961971277276,-89.94058700528258
34.97961984855996,-89.94059800278521
34.97961998434618,-89.94060900028788
34.97962010778734,-89.94061899801764
34.97962024357166,-89.94062999552044
34.979620379355005,-89.94064099302328
34.97962051536436,-89.94065200891286
34.97962065114571,-89.94066300641569
34.97962078692607,-89.94067400391856
34.979620922705436,-89.94068500142149
34.979621058483815,-89.94069599892447
34.9796211942612,-89.9407069964275
34.979621330037595,-89.94071799393059
34.97962146581299,-89.94072899143374
34.979621601814394,-89.94074000732256
34.979621737587806,-89.94075100482569
34.97962187336023,-89.94076200232885
34.97962200913166,-89.94077299983208
34.9796221449021,-89.94078399733536
34.979622268328924,-89.94079399506566
34.97962240409747,-89.94080499256904
34.97962254009199,-89.94081600845718
34.97962267585855,-89.94082700596056
34.979622811624125,-89.94083800346397
34.979622947388705,-89.94084900096743
34.9796230831523,-89.94085999847097
34.979623218914895,-89.94087099597455
34.9796233546765,-89.94088199347819
34.97962349043711,-89.9408929909819
34.97962362642369,-89.94090400686925
34.97962376218232,-89.94091500437291
34.97962389793995,-89.94092600187663
34.9796240336966,-89.94093699938041
34.97962416945226,-89.94094799688425
34.979624305206926,-89.94095899438813
34.97962444096059,-89.94096999189206
34.97962456459907,-89.94098000800565
34.979624700350854,-89.94099100550957
34.97962483610165,-89.94100200301354
34.97962497185143,-89.94101300051756
34.979625107600235,-89.94102399802163
34.97962524334805,-89.94103499552575
34.97962537909486,-89.94104599302995
34.979625515067596,-89.94105700891593
34.97962565081243,-89.9410680064201
34.97962578655628,-89.94107900392432
34.97962592229913,-89.94109000142856
34.979626058040985,-89.94110099893291
34.97962619378186,-89.94111199643729
34.97962632952173,-89.9411229939417
34.97962646526062,-89.9411339914462
34.979626601225384,-89.94114500733141
34.979626724622605,-89.94115500506274
34.979626860358614,-89.94116600256724
34.979626996093614,-89.94117700007182
34.979627131827634,-89.94118799757644
34.979627267560666,-89.94119899508112
34.979627403292696,-89.94120999258585
34.979627539250586,-89.94122100847038
34.97962767498063,-89.9412320059751
34.97962781070969,-89.94124300347985
34.97962794643776,-89.94125400098466
34.97962808216483,-89.94126499848953
34.979628217890905,-89.94127599599446
34.979628353616,-89.94128699349943
34.97962848934011,-89.94129799100448
34.979628625290026,-89.94130900688825
34.979628761012144,-89.94132000439326
34.97962888439503,-89.94133000212511
34.979629020115254,-89.94134099963023
34.97962915583449,-89.9413519971354
34.979629291552726,-89.94136299464063
34.97962942726998,-89.9413739921459
34.97962956321302,-89.94138500802897
34.979629698928285,-89.94139600553424
34.97962983464255,-89.94140700303953
34.97962997035583,-89.9414180005449
34.97963010606813,-89.94142899805033
34.97963024177942,-89.9414399955558
34.97963037748973,-89.94145099306132
34.97963051342581,-89.94146200894372
34.97963064913412,-89.94147300644921
34.97963078484146,-89.94148400395477
34.9796309205478,-89.94149500146038
34.97963105625314,-89.94150599896605
34.97963117962078,-89.9415159966985
34.979631315324234,-89.94152699420428
34.9796314510267,-89.94153799171009
34.979631586954916,-89.94154900759173
34.9796317226554,-89.94156000509754
34.97963185835488,-89.94157100260338
34.97963199405336,-89.94158200010929
34.979632129750875,-89.94159299761526
34.979632265447385,-89.94160399512127
34.97963240149775,-89.94161499005328
34.979632584784824,-89.94162601028651
34.97963276765903,-89.94163700575596
34.97963295053225,-89.9416480012255
34.97963313340446,-89.9416589966951
34.979633316275695,-89.94166999216479
34.97963349914595,-89.94168098763454
34.97963368242703,-89.94169200786727
34.979633865295284,-89.94170300333704
34.97963404816255,-89.94171399880689
34.979634231028825,-89.9417249942768
34.97963441389411,-89.94173598974679
34.97963459717022,-89.94174700997908
34.97963478003353,-89.94175800544907
34.97963496289584,-89.94176900091915
34.97963514575715,-89.94177999638929
34.97963532861747,-89.94179099185952
34.9796355118886,-89.94180201209137
34.979635694746946,-89.9418130075616
34.97963587760429,-89.94182400303193
34.97963606046065,-89.9418349985023
34.979636243316016,-89.94184599397276
34.979636426170394,-89.9418569894433
34.97963660943555,-89.94186800967466
34.979636792287934,-89.9418790051452
34.97963697513934,-89.94189000061583
34.97963715798975,-89.9419009960865
34.97963734083917,-89.94191199155728
34.97963752409934,-89.9419230117882
34.979637706946775,-89.94193400725898
34.97963788979322,-89.94194500272982
34.979638072638664,-89.94195599820075
34.979638255483124,-89.94196699367176
34.97963843832659,-89.94197798914283
34.9796386215808,-89.94198900937326
34.97963880442227,-89.94200000484433
34.97963898726277,-89.94201100031547
34.97963917010227,-89.94202199578672
34.97963935294078,-89.94203299125803
34.97963953619001,-89.94204401148802
34.97963971902652,-89.94205500695935
34.97963990186205,-89.94206600243074
34.9796400846966,-89.94207699790219
34.97964026753016,-89.94208799337373
34.979640450362716,-89.94209898884534
34.97964063360595,-89.94211000907485
34.97964081643653,-89.94212100454648
34.97964099926612,-89.94213200001818
34.97964118209471,-89.94214299548995
34.979641364922315,-89.9421539909618
34.97964154816058,-89.94216501119087
34.9796417309862,-89.94217600666272
34.97964191381082,-89.94218700213465
34.97964209663446,-89.94219799760667
34.979642279457096,-89.94220899307875
34.979642462278754,-89.9422199885509
34.97964264551104,-89.94223100877947
34.97964282833071,-89.94224200425163
34.9796430111494,-89.94225299972388
34.97964319396708,-89.94226399519619
34.97964337678377,-89.94227499066857
34.97964356001108,-89.94228601089671
34.979643742825786,-89.94229700636912
34.97964392563951,-89.94230800184157
34.97964410845224,-89.94231899731413
34.97964429126397,-89.94232999278677
34.97964447407472,-89.94234098825945
34.97964465729605,-89.94235200848708
34.979644840104804,-89.94236300395978
34.97964502291258,-89.94237399943258
34.97964520571936,-89.94238499490544
34.97964538852515,-89.94239599037836
34.97964557174149,-89.94240701060556
34.979645754545295,-89.94241800607851
34.97964593734811,-89.94242900155152
34.97964612014993,-89.94243999702461
34.9796457670705,-89.94245107878295
34.97964501394018,-89.94246200143175
34.979644253776925,-89.94247302606456
34.979643500644656,-89.94248394871288
34.97964274047941,-89.94249497334548
34.97964198031316,-89.94250599797802
34.979641227177936,-89.94251692062572
34.97964046700968,-89.94252794525806
34.97963970684042,-89.94253896989035
34.97963895370224,-89.94254989253741
34.97963819353099,-89.94256091716952
34.97963750182605,-89.94257094883369
34.979636741652875,-89.94258197346574
34.97963598851084,-89.94259289611199
34.979635228335674,-89.94260392074382
34.97963453662717,-89.94261395240781
34.97963377645006,-89.94262497703957
34.979633016271954,-89.94263600167126
34.97963233159302,-89.94264593134884
34.979631571412995,-89.94265695598035
34.97963081123197,-89.94266798061184
34.979630119518134,-89.94267801227559
34.979629359335185,-89.94268903690701
34.97962860618356,-89.9426999595514
34.97962728903194,-89.9427110653008
34.97962575625741,-89.9427211708608
34.979624109963765,-89.94273202484406
34.97962243053632,-89.94274309727093
34.97962093089189,-89.94275298438642
34.979619251462466,-89.9427640568129
34.97961757203199,-89.94277512923922
34.979615925733455,-89.94278598322094
34.97961439295245,-89.94279608877989
34.979612746652016,-89.94280694276098
34.979611067217505,-89.94281801518649
34.97960938778193,-89.94282908761186
34.97960776387415,-89.94283893286904
34.979605850528074,-89.94284895750486
34.97960393718113,-89.94285898214046
34.97960202383331,-89.94286900677585
34.97960011048462,-89.94287903141102
34.979598378175986,-89.94288810751628
34.979596326682625,-89.94289814581589
34.97959306540262,-89.94290902919269
34.979590068427036,-89.94291903054265
34.97958707145054,-89.94292903189222
34.979584074473124,-89.94293903324136
34.97958081318908,-89.9429499166162
34.979577816209755,-89.94295991796447
34.97957481922951,-89.94296991931233
34.97957182224836,-89.94297992065978
34.97956856096028,-89.94299080403266
34.979565563977225,-89.94300080537923
34.979562566993245,-89.9430108067254
34.97955886161642,-89.94302091895327
34.97955491701031,-89.94303095139564
34.97955097240321,-89.94304098383746
34.97954702779513,-89.9430510162787
34.979543083186066,-89.9430610487194
34.97953913857602,-89.94307108115953
34.979535193964985,-89.94308111359909
34.97953124935298,-89.9430911460381
34.979527304739975,-89.94310117847654
34.979523547300666,-89.94311073486831
34.97951960268578,-89.94312076730557
34.97951565806991,-89.94313079974226
34.97951171345305,-89.9431408321784
34.9795077688352,-89.94315086461398
34.97950382421638,-89.943160897049
34.979499879596574,-89.94317092948343
34.97949593497578,-89.94318096191732
34.979491990354,-89.94319099435063
34.97948772613906,-89.94320183960801
34.979483781515256,-89.94321187204014
34.97947983689046,-89.94322190447168
34.97947589226469,-89.94323193690266
34.979471947637926,-89.94324196933309
34.97946800301017,-89.94325200176297
34.97946405838144,-89.94326203419227
34.979459322094826,-89.94327125480784
34.97945447708011,-89.94328037741609
34.979449927914025,-89.94328894297308
34.979445082897605,-89.94329806557998
34.97944023788029,-89.94330718818618
34.979435392862065,-89.9433163107917
34.979430843692796,-89.94332487634595
34.97942599867287,-89.94333399895012
34.97942115365205,-89.94334312155361
34.979416308630334,-89.94335224415644
34.97941175945789,-89.94336080970791
34.979406914434456,-89.94336993230937
34.979402069410135,-89.94337905491014
34.979397224384904,-89.94338817751026
34.979391945119175,-89.94339695051534
34.979386655279335,-89.94340568917399
34.9793814039424,-89.94341436422482
34.97937611410087,-89.94342310288194
34.979370824258524,-89.94343184153826
34.979365181321704,-89.94344116349335
34.979359891477635,-89.94344990214805
34.97935460163273,-89.94345864080194
34.97934935029052,-89.94346731584848
34.979344060443935,-89.94347605450085
34.979338770596534,-89.9434847931524
34.97933305491668,-89.94349406449649
34.97932689516252,-89.94350187687441
34.97931984524076,-89.94351081824415
34.97931368548503,-89.94351863062016
34.979307044938565,-89.94352705277778
34.97929999501408,-89.9435359941443
34.979293835255966,-89.94354380651751
34.97928719470688,-89.94355222867216
34.979280625570006,-89.9435605602532
34.97927415094005,-89.94356819177351
34.97926816496242,-89.94357520958933
34.97926176963517,-89.9435827073151
34.97925578365629,-89.94358972512927
34.979249277587364,-89.94359735268252
34.97924288225809,-89.9436048504056
34.97923689627727,-89.94361186821735
34.97922998085704,-89.94361997567833
34.97922399487488,-89.94362699348838
34.979218008892104,-89.94363401129768
34.9792116135595,-89.94364150901632
34.97920510748553,-89.94364913656344
34.979199121500805,-89.94365615437026
34.97919272616617,-89.94366365208623
34.979186160677784,-89.94367023933442
34.9791791606825,-89.94367723934145
34.979172160686566,-89.94368423934755
34.97916516069,-89.94369123935267
34.9791581606928,-89.94369823935682
34.97915116069495,-89.94370523936004
34.979144759014225,-89.94371164104426
34.979137759015146,-89.94371864104563
34.97913116069754,-89.94372523936394
34.9791241606972,-89.94373223936347
34.979117160696234,-89.94373923936202
34.97911016069461,-89.94374623935964
34.979103160692354,-89.9437532393563
34.97909616068946,-89.94376023935199
34.97908916068593,-89.94376723934673
34.97908216068174,-89.94377423934053
34.97907616067764,-89.94378023933443
34.97906905607939,-89.94378711959517
34.97906091042384,-89.94379280896945
34.979053117992464,-89.94379825163129
34.979044972336006,-89.94380394100364
34.97903717990375,-89.94380938366362
34.97902903424637,-89.943815073034
34.979020888588565,-89.9438207624034
34.979013096154986,-89.94382620506059
34.97900495049625,-89.94383189442804
34.97899715806178,-89.9438373370834
34.978989012402145,-89.94384302644889
34.978981219966805,-89.94384846910238
34.97897307430627,-89.94385415846594
34.978965281870025,-89.94385960111758
34.978957136208585,-89.9438652904792
34.978948990546684,-89.94387097983982
34.97894119810912,-89.94387642248866
34.97893305244632,-89.94388211184733
34.97892526000788,-89.94388755449432
34.97891711434417,-89.94389324385105
34.97890916047249,-89.94389838419649
34.97890115291055,-89.94390336609206
34.97889314534827,-89.94390834798673
34.97888513778562,-89.94391332988056
34.97887713022259,-89.9439183117735
34.97886912265922,-89.94392329366556
34.97886111509547,-89.94392827555677
34.97885310753135,-89.9439332574471
34.978845099966875,-89.94393823933653
34.978837092402024,-89.94394322122511
34.97882908483682,-89.9439482031128
34.97882107727125,-89.94395318499961
34.97881306970531,-89.94395816688558
34.97880506213901,-89.94396314877065
34.97879705457235,-89.94396813065485
34.978789047005314,-89.94397311253817
34.97878103943791,-89.94397809442064
34.978773031870155,-89.94398307630222
34.97876502430203,-89.94398805818292
34.97875701673354,-89.94399304006275
34.97874900916469,-89.94399802194171
34.97874100159547,-89.94400300381979
34.978732994025876,-89.94400798569701
34.97872498645593,-89.94401296757334
34.97871697888562,-89.94401794944879
34.978708971314944,-89.9440229313234
34.9787009637439,-89.9440279131971
34.9786929561725,-89.94403289506995
34.978684948600716,-89.94403787694192
34.97867694102858,-89.944042858813
34.978668933456085,-89.94404784068323
34.97866092588322,-89.94405282255256
34.97865291830999,-89.94405780442104
34.97864491073639,-89.94406278628864
34.978636903162425,-89.94406776815536
34.9786288955881,-89.9440727500212
34.97862090204131,-89.94407769456893
34.97861285247166,-89.94408154001283
34.97860393576135,-89.9440857997066
34.97859588619123,-89.944089645149
34.97858696948038,-89.94409390484113
34.978578919909786,-89.94409775028205
34.97857000319842,-89.94410200997251
34.97856195362732,-89.94410585541196
34.978553036915436,-89.94411011510078
34.978544987343874,-89.94411396053873
34.97853607063144,-89.9441182202259
34.97852802105942,-89.94412206566237
34.978519104346454,-89.94412632534791
34.97851105477394,-89.94413017078288
34.97850213806045,-89.94413443046676
34.978494088487466,-89.94413827590024
34.97848517177344,-89.94414253558247
34.978477122199976,-89.94414638101448
34.97846907262629,-89.94415022644579
34.9784610502317,-89.94415512063175
34.9784530376249,-89.94416009035648
34.97844502501775,-89.9441650600803
34.978437012410225,-89.94417002980325
34.978428999802354,-89.94417499952534
34.9784209871941,-89.94417996924656
34.9784129745855,-89.9441849389669
34.978404961976544,-89.94418990868635
34.9783969493672,-89.94419487840496
34.97838893675751,-89.94419984812266
34.97838092414745,-89.94420481783952
34.978372911537036,-89.9442097875555
34.978364898926245,-89.9442147572706
34.978356886315105,-89.94421972698483
34.978348873703595,-89.94422469669819
34.978340861091716,-89.94422966641068
34.97833284847949,-89.94423463612227
34.978324835866886,-89.944239605833
34.97831682325394,-89.94424457554287
34.97830881064061,-89.94424954525186
34.978300798026936,-89.94425451495998
34.97829278541288,-89.94425948466723
34.97828510373322,-89.9442642491162
34.97827709111844,-89.94426921882174
34.978269078503324,-89.9442741885264
34.978261065887835,-89.94427915823019
34.97825305327198,-89.94428412793312
34.978245040655764,-89.94428909763516
34.97823702803919,-89.94429406733633
34.97822901542224,-89.94429903703663
34.97822100280493,-89.94430400673608
34.97821299018725,-89.94430897643463
34.97820497756922,-89.94431394613231
34.97819696495083,-89.94431891582911
34.97818895233208,-89.94432388552505
34.978180939712956,-89.9443288552201
34.978172927093475,-89.9443338249143
34.97816491447362,-89.94433879460762
34.97815690185342,-89.94434376430006
34.97814888923285,-89.94434873399162
34.9781408766119,-89.94435370368232
34.9781328639906,-89.94435867337215
34.978124851368946,-89.9443636430611
34.97811683874692,-89.94436861274919
34.978109157059485,-89.94437337717987
34.97810114443674,-89.94437834686624
34.97809313181364,-89.94438331655175
34.978085119190176,-89.94438828623636
34.97807710656633,-89.94439325592012
34.97806909394213,-89.94439822560301
34.97806108131759,-89.944403195285
34.978053068692674,-89.94440816496613
34.978045056067394,-89.94441313464641
34.978037043441745,-89.9444181043258
34.97802903081574,-89.9444230740043
34.97802101818937,-89.94442804368197
34.97801300556264,-89.94443301335872
34.978004992935546,-89.94443798303462
34.97799698030808,-89.94444295270965
34.97798896768026,-89.9444479223838
34.97798095505207,-89.94445289205707
34.977972942423534,-89.94445786172948
34.97796492979462,-89.94446283140101
34.97795691716536,-89.94446780107167
34.9779489045357,-89.94447277074147
34.97794089190571,-89.94447774041036
34.97793287927535,-89.94448271007842
34.97792519757976,-89.94448747448997
34.97791718494868,-89.94449244415631
34.97790917231723,-89.94449741382178
34.97790115968543,-89.94450238348637
34.97789314705326,-89.94450735315007
34.977885134420724,-89.94451232281293
34.97787712178783,-89.9445172924749
34.977869109154575,-89.94452226213599
34.97786109652096,-89.9445272317962
34.97785308388698,-89.94453220145556
34.977845071252624,-89.94453717111404
34.97783705861793,-89.94454214077165
34.97782904598285,-89.94454711042837
34.97782103334742,-89.94455208008424
34.977813020711615,-89.94455704973923
34.977805008075464,-89.94456201939333
34.97779699543894,-89.94456698904656
34.97778898280207,-89.94457195869892
34.97778097016481,-89.94457692835041
34.97777295752719,-89.94458189800105
34.97776494488922,-89.9445868676508
34.977756932250884,-89.94459183729967
34.977749250547504,-89.94459660169295
34.977741237908454,-89.94460157134013
34.977733225269034,-89.94460654098643
34.97772521262926,-89.94461151063183
34.97771719998911,-89.9446164802764
34.97770998209408,-89.94462095699873
34.977701969453264,-89.9446259266416
34.977693956812075,-89.94463089628363
34.97768594417051,-89.94463586592478
34.977677931528596,-89.94464083556505
34.97766991888632,-89.94464580520443
34.977661906243675,-89.94465077484296
34.977653893600674,-89.9446557444806
34.977645880957304,-89.94466071411739
34.977637868313565,-89.9446656837533
34.977629855669484,-89.94467065338833
34.97762184302503,-89.94467562302249
34.97761383038021,-89.94468059265577
34.97760581773502,-89.94468556228819
34.97759780508947,-89.94469053191972
34.97758979244357,-89.94469550155038
34.9775817797973,-89.94470047118017
34.97757409808616,-89.94470523555526
34.97756608543918,-89.94471020518334
34.97755807279181,-89.94471517481057
34.9775500601441,-89.9447201444369
34.97754204749602,-89.94472511406238
34.97753403484758,-89.94473008368696
34.97752602219878,-89.9447350533107
34.97751800954962,-89.94474002293353
34.977509996900096,-89.94474499255551
34.977501984250196,-89.94474996217662
34.97749397159994,-89.94475493179685
34.97748595894932,-89.9447599014162
34.97747980003753,-89.9447677700108
34.97747370599816,-89.94477566185027
34.977467141577044,-89.94478416283657
34.97746104753612,-89.94479205467425
34.977454953494444,-89.94479994651105
34.977448859452025,-89.944807838347
34.97744276540886,-89.94481573018207
34.97743667136495,-89.94482362201626
34.97743010693882,-89.94483212299706
34.977424012893344,-89.94484001482945
34.97741791884714,-89.94484790666098
34.97741182480017,-89.94485579849164
34.97740613972214,-89.94486316070324
34.977400045673726,-89.94487105253224
34.97739395162456,-89.94487894436035
34.977387387192636,-89.94488744533479
34.97738129314191,-89.94489533716111
34.977375199090446,-89.94490322898658
34.97736910503825,-89.94491112081117
34.97736301098529,-89.9449190126349
34.9773569169316,-89.94492690445773
34.97735082287716,-89.9449347962797
34.9773442584394,-89.94494329724769
34.9773381643834,-89.94495118906788
34.97733207032665,-89.9449590808872
34.97732597626916,-89.94496697270564
34.97731988221092,-89.9449748645232
34.97731378815195,-89.9449827563399
34.977307694092225,-89.94499064815571
34.97730112964862,-89.94499914911728
34.97729503558733,-89.94500704093132
34.97728894152531,-89.94501493274447
34.97728284746254,-89.94502282455676
34.97727675339903,-89.94503071636817
34.97727065933477,-89.94503860817869
34.97726456526978,-89.94504649998838
34.977258000820314,-89.94505500094351
34.97725238508615,-89.9450624079886
34.97724615595142,-89.94507116522642
34.97724033244189,-89.94507935221348
34.97723410330544,-89.9450881094494
34.97722827979428,-89.94509629643477
34.97722205065612,-89.94510505366884
34.97721622714331,-89.94511324065247
34.977209998003424,-89.9451219978847
34.97720417448899,-89.94513018486661
34.97719806582354,-89.94513905616398
34.977192961221604,-89.94514796691232
34.97718785661882,-89.94515687765987
34.977182752015175,-89.94516578840668
34.97717764741066,-89.94517469915276
34.97717221449028,-89.9451841830141
34.97716710988398,-89.94519309375866
34.97716200527683,-89.94520200450248
34.977156900668824,-89.94521091524553
34.97715179605996,-89.94521982598782
34.97714669145024,-89.94522873672936
34.97714125852412,-89.9452382205862
34.97713615391261,-89.94524713132625
34.97713212890834,-89.94525608557448
34.97712777630929,-89.9452658515052
34.97712376764268,-89.9452748457519
34.97711975897524,-89.9452838399981
34.977115178056636,-89.94529411820118
34.97711116938745,-89.94530311244621
34.977106816783845,-89.9453128783737
34.97710280811297,-89.94532187261761
34.97709879944127,-89.94533086686096
34.97709421851772,-89.945341145061
34.97709020984427,-89.94535013930322
34.97708585723611,-89.94535990522748
34.97708184856098,-89.94536889946855
34.97707783988502,-89.94537789370908
34.97707371395009,-89.94538885070234
34.97707013312891,-89.94539906948381
34.977066410684614,-89.94540969241925
34.97706282986141,-89.94541991119972
34.977059249037175,-89.94543012997977
34.97705552658982,-89.94544075291336
34.977051945763556,-89.94545097169241
34.977048519551055,-89.94546074923949
34.97704493872283,-89.94547096801762
34.97704151250849,-89.94548074556366
34.977037931678296,-89.94549096434086
34.977034505462136,-89.94550074188584
34.977030924629986,-89.94551096066212
34.977027498412006,-89.94552073820604
34.97702421381524,-89.94553011159668
34.97702091515919,-89.94553996225365
34.97701766292177,-89.9455508500312
34.97701467434859,-89.94556085511505
34.9770116857745,-89.9455708601985
34.97700869719949,-89.94558086528154
34.97700570862356,-89.94559087036416
34.97700272004671,-89.94560087544637
34.976999467803275,-89.94561176322102
34.976996361917294,-89.94562216102022
34.976993373337564,-89.94563216610123
34.97699038475692,-89.94564217118185
34.97698739617534,-89.94565217626206
34.97698440759285,-89.94566218134187
34.976981155343324,-89.94567306911372
34.97697816675893,-89.94568307419266
34.97697517817362,-89.94569307927118
34.97697218958739,-89.94570308434929
34.976969201000244,-89.945713089427
34.97696621241217,-89.94572309450432
34.97696296015663,-89.94573398227328
34.976959971566664,-89.94574398734972
34.976956982975764,-89.94575399242575
34.97695399438396,-89.94576399750136
34.976951005791236,-89.94577400257658
34.976948017197586,-89.9457840076514
34.97694703352172,-89.94579500407978
34.976946133694895,-89.94580601627148
34.976945233867056,-89.94581702846304
34.97694433403823,-89.94582804065453
34.97694343420837,-89.94583905284593
34.976942625132175,-89.94584895437616
34.97694172530042,-89.94585996656726
34.97694101633056,-89.94587100149417
34.97694027770967,-89.94588302540933
34.976939605762865,-89.94589396392881
34.97693892822593,-89.94590499343293
34.97693825627715,-89.945915931952
34.976937578738216,-89.945926961456
34.97693684011178,-89.94593898537074
34.97693616815996,-89.94594992388924
34.976935490617926,-89.94596095339307
34.97693481307489,-89.94597198289689
34.976934141120104,-89.94598292141484
34.97693346357505,-89.9459939509185
34.976932786028996,-89.94600498042219
34.97693210848193,-89.94601600992586
34.97693143652321,-89.9460269484431
34.97693075897414,-89.94603797794663
34.976930081424065,-89.94604900745014
34.97692940387299,-89.94606003695367
34.97692895881007,-89.9460709975162
34.976928514554615,-89.94608197072708
34.97692806786281,-89.94609300409223
34.97692762360537,-89.94610397730287
34.97692717691155,-89.94611501066805
34.97692673265214,-89.94612598387847
34.97692628595631,-89.94613701724369
34.97692588208237,-89.94614699288933
34.97692543538463,-89.94615802625461
34.976924991121344,-89.94616899946459
34.97692454685709,-89.94617997267441
34.97692448533819,-89.94619200778051
34.976924596969155,-89.94620300609286
34.976924708599114,-89.94621400440523
34.97692483037614,-89.94622600256426
34.97692494200403,-89.94623700087674
34.97692505363094,-89.94624799918927
34.97692517540462,-89.94625999734842
34.97692528702945,-89.94627099566104
34.97692539865329,-89.9462819939737
34.97692551042953,-89.9462930074006
34.976925632198785,-89.94630500555981
34.97692574381956,-89.94631600387248
34.97692585543934,-89.94632700218519
34.97692597720524,-89.94633900034457
34.97692608882295,-89.94634999865737
34.976926697631484,-89.94636202463705
34.976927296714365,-89.94637297582369
34.976927954695775,-89.9463850036914
34.976928558214134,-89.94639603599661
34.97692921175572,-89.94640798274622
34.976929815271994,-89.94641901505156
34.97693046881133,-89.94643096180154
34.97693107232551,-89.94644199410698
34.97693128627377,-89.94645299243025
34.97693148146591,-89.94646398726896
34.97693167712626,-89.94647500853748
34.97693187231641,-89.9464860033762
34.97693206750558,-89.94649699821501
34.97693226269375,-89.94650799305393
34.976932457880935,-89.94651898789289
34.976932653536295,-89.946530009161
34.976932848721496,-89.94654100400001
34.9769330439057,-89.94655199883908
34.97693323908891,-89.94656299367824
34.976933434271125,-89.94657398851747
34.97693362992153,-89.94658500978517
34.97693382510176,-89.94659600462442
34.97693402028101,-89.94660699946375
34.97693421545926,-89.94661799430318
34.97693441063653,-89.94662898914268
34.97693460628194,-89.94664001040994
34.97693480145722,-89.94665100524948
34.976934996631506,-89.94666200008908
34.97693519180481,-89.94667299492873
34.97693538697711,-89.94668398976849
34.97693558261754,-89.94669501103537
34.976935777787865,-89.94670600587514
34.9769359729572,-89.946717000715
34.97693616812553,-89.94672799555491
34.976936363292886,-89.94673899039493
34.97693655892833,-89.9467500116614
34.9769367540937,-89.94676100650142
34.976936949258075,-89.94677200134154
34.97693714442145,-89.94678299618172
34.97693733958385,-89.946793991022
34.97693753521431,-89.94680501228805
34.976937730374715,-89.94681600712835
34.97693792553414,-89.94682700196871
34.976938120692566,-89.94683799680917
34.97693831584999,-89.94684899164969
34.976938511006445,-89.94685998649031
34.97693870663093,-89.94687100775589
34.97693890178538,-89.94688200259652
34.97693909693886,-89.94689299743723
34.97693927435024,-89.94690299274703
34.97693946950181,-89.9469139875879
34.97693966512141,-89.94692500885306
34.976939860271,-89.94693600369395
34.9769400554196,-89.9469469985349
34.97694025056721,-89.94695799337595
34.97694044571383,-89.94696898821707
34.976940641328454,-89.94698000948182
34.976940836473084,-89.94699100432297
34.97694103161672,-89.94700199916419
34.97694122675937,-89.94701299400549
34.97694142190104,-89.94702398884687
34.976941617510676,-89.94703501011121
34.97694181265035,-89.94704600495263
34.976942007789035,-89.9470569997941
34.976942202926736,-89.94706799463565
34.976942398063436,-89.94707898947729
34.97694259366809,-89.94709001074123
34.97694278880281,-89.9471010055829
34.97694298393654,-89.94711200042464
34.97694317906927,-89.94712299526644
34.976943374201014,-89.94713399010834
34.976943569800696,-89.94714501137189
34.976943764930446,-89.94715600621379
34.976943960059224,-89.94716700105577
34.976944155187,-89.94717799589785
34.976944350313794,-89.94718899074002
34.976944545908474,-89.94720001200312
34.976944741033286,-89.9472110068453
34.976944936157096,-89.94722200168756
34.97694513127991,-89.9472329965299
34.97694532640175,-89.9472439913723
34.97694552199146,-89.94725501263501
34.976945717111306,-89.94726600747745
34.976945912230164,-89.94727700231996
34.97694610734803,-89.94728799716256
34.9769463024649,-89.94729899200523
34.976946497580784,-89.94730998684798
34.976946693164514,-89.94732100811022
34.97694688827841,-89.94733200295299
34.97694708339132,-89.94734299779584
34.97694726076583,-89.9473529931076
34.97694745587685,-89.9473639879506
34.97694765145569,-89.94737500921242
34.97694784656473,-89.94738600405545
34.97694804167276,-89.94739699889855
34.976948236779805,-89.94740799374173
34.976948431885866,-89.947418988585
34.976948627459734,-89.9474300098464
34.97694882256379,-89.94744100468971
34.97694901766688,-89.94745199953306
34.97694921276898,-89.9474629943765
34.97694940787008,-89.94747398922001
34.97694960343895,-89.94748501048103
34.976949798538065,-89.94749600532457
34.97694999363619,-89.94750700016819
34.976950188733326,-89.94751799501189
34.97695038382947,-89.94752898985567
34.97695057939336,-89.94754001111627
34.97695077448752,-89.94755100596007
34.976950969580685,-89.94756200080396
34.97695116467286,-89.94757299564792
34.97695135976405,-89.94758399049195
34.97695155532297,-89.94759501175213
34.97695175041217,-89.94760600659617
34.976951945500375,-89.94761700144032
34.97695214058759,-89.94762799628454
34.97695233567382,-89.94763899112884
34.97695253122776,-89.9476500123886
34.97695272631201,-89.94766100723292
34.97695292139525,-89.94767200207731
34.97695311647752,-89.94768299692181
34.97695331155879,-89.94769399176636
34.97695350663906,-89.947704986611
34.976953702187025,-89.9477160078703
34.97695389726532,-89.94772700271494
34.97695409234262,-89.94773799755968
34.97695428741894,-89.94774899240451
34.97695448249425,-89.9477599872494
34.97695467803724,-89.9477710085083
34.97695487311057,-89.94778200335321
34.97695506818292,-89.9477929981982
34.97695526325427,-89.94780399304328
34.976955440591006,-89.94781398835704
34.976955636129084,-89.94782500961551
34.97695583119756,-89.94783600446068
34.976956026265036,-89.94784699930594
34.97695622133153,-89.94785799415126
34.97695641639703,-89.94786898899666
34.97695661193014,-89.94788001025474
34.97695680699365,-89.94789100510016
34.97695700205616,-89.94790199994567
34.9769571971177,-89.94791299479127
34.976957392178235,-89.94792398963692
34.97695758770636,-89.94793501089458
34.97695778276491,-89.94794600574025
34.97695797782248,-89.94795700058603
34.97695817287905,-89.94796799543187
34.976958367934635,-89.94797899027779
34.97695856345777,-89.94799001153504
34.97695875851137,-89.94800100638098
34.97695895356398,-89.948012001227
34.97695914861559,-89.9480229960731
34.976959343666216,-89.94803399091927
34.97695953918438,-89.9480450121761
34.97695973423302,-89.9480560070223
34.97695992928066,-89.94806700186858
34.97696012432732,-89.94807799671496
34.97696031937299,-89.94808899156139
34.97696051441767,-89.94809998640791
34.97696070992984,-89.94811100766427
34.976960904972536,-89.94812200251081
34.97696110001424,-89.94813299735743
34.97696129505494,-89.94814399220414
34.97696149009467,-89.9481549870509
34.97696168560187,-89.94816600830686
34.9769618806396,-89.94817700315367
34.97696207567634,-89.94818799800053
34.9769622707121,-89.9481989928475
34.976962465746865,-89.94820998769454
34.97696266124907,-89.94822100895007
34.97696285628185,-89.94823200379713
34.976963051313646,-89.94824299864428
34.97696324634443,-89.94825399349149
34.97696342364431,-89.94826398880718
34.97696361914162,-89.94827501006233
34.97696381416954,-89.94828600490963
34.97696400919646,-89.94829699975703
34.976964204222384,-89.9483079946045
34.97696439924732,-89.94831898945205
34.97696459473967,-89.94833001070677
34.97696478976262,-89.94834100555433
34.97696498478457,-89.94835200040198
34.97696517980555,-89.94836299524971
34.976965374825525,-89.94837399009751
34.97696557031289,-89.94838501135182
34.976965765330874,-89.94839600619966
34.97696596034788,-89.94840700104754
34.976966155363904,-89.94841799589554
34.976966350378916,-89.94842899074361
34.9769665458613,-89.9484400119975
34.976966740874346,-89.94845100684559
34.97696693588639,-89.94846200169376
34.97696713089744,-89.948472996542
34.9769673259075,-89.9484839913903
34.976967520916574,-89.9484949862387
34.97696771639299,-89.94850600749214
34.97696791140008,-89.94851700234055
34.976968106406176,-89.94852799718906
34.976968301411276,-89.94853899203765
34.97696849641539,-89.9485499868863
34.976968691886825,-89.94856100813932
34.976968886888955,-89.94857200298802
34.976969081890104,-89.94858299783677
34.97696927689025,-89.9485939926856
34.9769694718894,-89.94860498753452
34.976969667355846,-89.94861600878713
34.976969862353016,-89.94862700363606
34.9769700573492,-89.94863799848507
34.9769702523444,-89.94864899333419
34.976970447338594,-89.94865998818335
34.97697064280006,-89.94867100943554
34.97697083779228,-89.94868200428475
34.976971032783496,-89.94869299913404
34.976971227773724,-89.94870399398339
34.976971422762965,-89.94871498883283
34.97697160049329,-89.94872501055282
34.97697179548064,-89.94873600540227
34.97697199046699,-89.94874700025181
34.97697218545236,-89.94875799510142
34.976972380436735,-89.94876898995109
34.976972575888325,-89.94878001120247
34.97697277087072,-89.94879100605219
34.97697296585212,-89.94880200090196
34.97697316083253,-89.94881299575184
34.976973355811936,-89.94882399060178
34.97697355125856,-89.94883501185275
34.976973746235984,-89.94884600670272
34.97697394121242,-89.94885700155275
34.97697413618788,-89.94886799640288
34.97697433116234,-89.9488789912531
34.97697452613581,-89.94888998610337
34.97697472157645,-89.94890100735387
34.97697491654793,-89.94891200220418
34.97697511151843,-89.94892299705455
34.97697530648792,-89.94893399190501
34.97697550145644,-89.94894498675554
34.97697569689209,-89.94895600800564
34.976975891858615,-89.94896700285621
34.97697608682416,-89.94897799770683
34.9769762817887,-89.94898899255756
34.976976476752256,-89.94899998740837
34.97697667218292,-89.94901100865803
34.97697686714449,-89.94902200350886
34.97697706210507,-89.94903299835974
34.976977257064654,-89.94904399321072
34.97697745202326,-89.94905498806179
34.97697764744895,-89.94906600931105
34.97697784240556,-89.94907700416213
34.97697803736118,-89.94908799901329
34.9769782323158,-89.94909899386452
34.976978427269444,-89.94910998871585
34.976978622690154,-89.94912100996468
34.97697881764181,-89.94913200481602
34.97697901259248,-89.94914299966746
34.97697920754215,-89.94915399451892
34.976979402490834,-89.9491649893705
34.97697958018408,-89.94917501108698
34.97697977513087,-89.94918600593859
34.97697997007666,-89.94919700079024
34.976980165021466,-89.949207995642
34.97698035996529,-89.94921899049382
34.976980555376116,-89.94923001174185
34.97698075031795,-89.9492410065937
34.97698094525879,-89.94925200144561
34.97698114019863,-89.94926299629762
34.976981335137495,-89.94927399114972
34.97698153054334,-89.94928501239733
34.97698172548022,-89.94929600724943
34.976981920416094,-89.94930700210163
34.97698211535099,-89.94931799695388
34.97698231028489,-89.94932899180623
34.9769825052178,-89.94933998665866
34.97698270061768,-89.94935100790579
34.976982895548595,-89.94936200275824
34.97698309047853,-89.94937299761075
34.976983285407464,-89.94938399246335
34.97698348033543,-89.94939498731604
34.97698367573032,-89.94940600856278
34.976983870656284,-89.94941700341548
34.97698406558126,-89.94942799826825
34.97698426050525,-89.94943899312112
34.97698445542824,-89.94944998797406
34.97698465081815,-89.94946100922037
34.97698484573916,-89.94947200407334
34.976985040659166,-89.94948299892638
34.9769852355782,-89.9494939937795
34.976985430496235,-89.9495049886327
34.976985625881184,-89.94951600987861
34.976985820797225,-89.94952700473183
34.97698601571228,-89.94953799958512
34.97698621062635,-89.9495489944385
34.976986405539435,-89.94955998929196
34.97698660091939,-89.94957101053747
34.976986795830484,-89.94958200539092
34.976986990740585,-89.94959300024448
34.97698718564969,-89.9496039950981
34.976987380557816,-89.94961498995184
34.97698757593278,-89.94962601119693
34.97698775312022,-89.9496360065185
34.97698794802545,-89.94964700137231
34.976988142929706,-89.9496579962262
34.97698833783295,-89.94966899108016
34.97698853320304,-89.94968001232483
34.97698872810431,-89.94969100717881
34.97698892300459,-89.9497020020329
34.97698911790387,-89.94971299688704
34.97698931280217,-89.94972399174127
34.97698950769947,-89.94973498659556
34.97698970306357,-89.94974600783978
34.976989897958894,-89.9497570026941
34.97699009285322,-89.94976799754849
34.97699028774656,-89.94977899240298
34.976990482638904,-89.94978998725755
34.97699067799803,-89.94980100850134
34.9769908728884,-89.94981200335592
34.97699106777777,-89.94982299821058
34.976991262666154,-89.94983399306531
34.97699145755354,-89.94984498792014
34.97699165290768,-89.94985600916353
34.97699184779308,-89.94986700401837
34.976992042677495,-89.9498779988733
34.976992237560914,-89.94988899372828
34.976992432443346,-89.94989998858337
34.97699206396153,-89.94991100576489
34.97699139651006,-89.9499220357377
34.97699066887317,-89.94993406028605
34.976990006844076,-89.94994500061686
34.976989339389505,-89.94995603058953
34.97698867735844,-89.94996697091993
34.976987949717085,-89.94997899546793
34.97698728225942,-89.94999002544046
34.976986620225304,-89.9500009657703
34.97698594031722,-89.9500119945166
34.97698525997834,-89.95002302388575
34.976984585273826,-89.95003396189661
34.97698384359603,-89.95004598563021
34.97698316325405,-89.95005701499917
34.976982488546504,-89.95006795300947
34.97698180820251,-89.95007898237832
34.97698112785753,-89.95009001174714
34.97698044751153,-89.95010104111597
34.97697977280003,-89.95011197912555
34.97697909245202,-89.95012300849423
34.976978412103016,-89.95013403786291
34.97697773738856,-89.95014497587195
34.97697705703755,-89.95015600524049
34.976976376685535,-89.95016703460898
34.97697570196811,-89.95017797261748
34.976975021614095,-89.95018900198586
34.97697434125907,-89.95020003135421
34.976973666538704,-89.95021096936217
34.97697292484332,-89.95022299309471
34.97697224448519,-89.95023402246294
34.976971569761766,-89.95024496047029
34.97697088940165,-89.95025598983835
34.97697020904052,-89.95026701920642
34.97696953431414,-89.95027795721323
34.97696885395101,-89.95028898658114
34.97696817358686,-89.95030001594905
34.97696749322173,-89.95031104531694
34.97696681849139,-89.95032198332306
34.97696613812425,-89.95033301269082
34.976965457756094,-89.95034404205856
34.9769647830228,-89.95035498006415
34.976964102652644,-89.95036600943173
34.976963422281486,-89.95037703879933
34.976962924912456,-89.95038799498504
34.976962430149634,-89.95039902872901
34.97696189366459,-89.95041099289801
34.976961398899675,-89.950422026642
34.97696090711969,-89.95043299379664
34.97696041235277,-89.95044402754061
34.97695992057082,-89.95045499469501
34.97695942580189,-89.950466028439
34.97695893401796,-89.9504769955931
34.976958439247035,-89.95048802933711
34.97695794746112,-89.95049899649094
34.97695745268819,-89.95051003023494
34.9769569609003,-89.95052099738854
34.97695646612537,-89.95053203113252
34.97695597433551,-89.95054299828585
34.97695547955857,-89.95055403202986
34.97695498776673,-89.95056499918294
34.976954492987794,-89.95057603292693
34.97695400119397,-89.95058700007974
34.97695350641303,-89.95059803382375
34.97695301461724,-89.95060900097631
34.97695251983429,-89.9506200347203
34.976951983327574,-89.95063199888642
34.97695148854255,-89.95064303263044
34.97695099674269,-89.95065399978245
34.97695050494187,-89.95066496693424
34.976950010153836,-89.9506760006782
34.97694951835102,-89.95068696782974
34.976949023561,-89.95069800157368
34.976948531756214,-89.95070896872498
34.976948036964174,-89.95072000246893
34.97694754515741,-89.95073096961994
34.976947050363385,-89.9507420033639
34.97694655855464,-89.95075297051466
34.976946063758604,-89.95076400425863
34.97694557194788,-89.9507749714091
34.976945077149836,-89.95078600515308
34.97694458533714,-89.95079697230331
34.9769440905371,-89.95080800604727
34.97694359872242,-89.95081897319724
34.97694310392038,-89.95083000694123
34.97694261210372,-89.95084097409092
34.976942072588926,-89.9508530048485
34.9769415807702,-89.95086397199792
34.97694108596407,-89.9508750057419
34.97694059414337,-89.95088597289106
34.97694009933522,-89.95089700663505
34.97693960751254,-89.95090797378396
34.976939112702404,-89.95091900752793
34.976938620877746,-89.95092997467657
34.97693824882345,-89.95094100917107
34.976937976866516,-89.95095199914735
34.976937729632084,-89.95096199003478
34.97693745767327,-89.95097298001086
34.97693718480219,-89.9509840068115
34.976936912841396,-89.95099499678749
34.9769366408796,-89.95100598676336
34.97693639272946,-89.95101601447548
34.97693612076577,-89.95102700445128
34.9769358488011,-89.95103799442697
34.97693557683543,-89.95104898440255
34.97693530395746,-89.95106001120362
34.97693505671419,-89.95107000209045
34.97693478474563,-89.95108099206584
34.97693451277609,-89.95109198204113
34.97693423989422,-89.95110300884244
34.976933967922704,-89.95111399881765
34.976933720675,-89.95112398970409
34.97693344779023,-89.9511350165056
34.97693317581582,-89.95114600648061
34.976932903840414,-89.95115699645552
34.97693263186403,-89.95116798643032
34.97693238370053,-89.95117801414345
34.97693211172224,-89.95118900411816
34.97693183974297,-89.95119999409279
34.97693204172047,-89.95121099840179
34.976932324353555,-89.95122198757483
34.97693260796993,-89.95123301501764
34.97693289060104,-89.95124400419076
34.97693317323116,-89.95125499336403
34.976933455860284,-89.95126598253741
34.97693373947266,-89.95127700997998
34.97693402209981,-89.95128799915344
34.976934304725965,-89.95129898832703
34.97693458833535,-89.9513100157694
34.97693487095952,-89.95132100494305
34.9769351535827,-89.95133199411683
34.97693543620489,-89.95134298329073
34.97693571981028,-89.95135401073291
34.97693600243049,-89.95136499990689
34.97693628504972,-89.951375989081
34.976936568652114,-89.95138701652299
34.97693685126935,-89.95139800569717
34.9769371338856,-89.95140899487149
34.97693741650085,-89.95141998404591
34.976937700099256,-89.95143101148767
34.976937982712535,-89.9514420006622
34.97693826532481,-89.95145298983682
34.976938548920224,-89.9514640172784
34.976938831530525,-89.95147500645312
34.97693911413983,-89.95148599562796
34.97693939674816,-89.95149698480292
34.97693968033957,-89.95150801224428
34.976939962945906,-89.95151900141931
34.976940245551255,-89.95152999059448
34.976940529139675,-89.95154101803563
34.97694081174304,-89.95155200721089
34.97694109434542,-89.95156299638626
34.9769413769468,-89.95157398556174
34.97694166053123,-89.95158501300268
34.976941943130626,-89.95159600217825
34.97694222572904,-89.95160699135396
34.97694250931048,-89.9516180187947
34.9769427919069,-89.95162900797048
34.976943062711335,-89.95163999797873
34.976943300581304,-89.95165099031193
34.97694353914725,-89.95166201485372
34.97694377701522,-89.95167300718698
34.97694401488222,-89.95168399952034
34.97694425274822,-89.95169499185378
34.976944491310185,-89.95170601639529
34.9769447291742,-89.95171700872879
34.976944967037234,-89.95172800106239
34.976945204899266,-89.95173899339609
34.97694544276032,-89.95174998572988
34.97694568131728,-89.95176101027107
34.97694591917634,-89.95177200260493
34.97694615703441,-89.95178299493887
34.9769463948915,-89.95179398727291
34.97694661182125,-89.95180401251069
34.97694684967644,-89.9518150048448
34.97694708753063,-89.95182599717897
34.97694732538383,-89.95183698951327
34.97694756393292,-89.95184801405388
34.97694780178414,-89.9518590063882
34.97694803963438,-89.95186999872266
34.976948277483615,-89.95188099105717
34.97694851602872,-89.95189201559751
34.976948753875966,-89.95190300793209
34.976948991722224,-89.95191400026677
34.976949229567516,-89.95192499260156
34.9769494674118,-89.95193598493644
34.97694970595191,-89.95194700947643
34.97694994379422,-89.95195800181138
34.97695018163552,-89.9519689941464
34.97695041947584,-89.95197998648153
34.97695065801197,-89.95199101102125
34.97695089585031,-89.95200200335641
34.97695113368765,-89.95201299569169
34.97695137152401,-89.95202398802707
34.97695161005614,-89.95203501256648
34.97695184789052,-89.95204600490192
34.97695208572388,-89.95205699723743
34.976952323556276,-89.95206798957307
34.976952562084435,-89.95207901411221
34.97695279991483,-89.95209000644789
34.976953037744245,-89.95210099878366
34.97695327557267,-89.95211199111954
34.976953514096834,-89.95212301565839
34.976953751923276,-89.95213400799433
34.97695398974873,-89.95214500033035
34.976954227573174,-89.95215599266648
34.976954465396645,-89.9521669850027
34.97695470391583,-89.95217800954121
34.97695494173731,-89.95218900187749
34.9769551795578,-89.95219999421387
34.976955417377305,-89.95221098655033
34.97695563427267,-89.95222101178524
34.97695587209027,-89.95223200412177
34.976956109906894,-89.95224299645837
34.97695634772252,-89.95225398879508
34.97695658623382,-89.95226501333303
34.97695682404747,-89.95227600566979
34.97695706186011,-89.95228699800666
34.97695729967177,-89.95229799034362
34.97695753817908,-89.95230901488128
34.97695777598875,-89.9523200072183
34.97695801379744,-89.95233099955541
34.97695825160514,-89.95234199189261
34.97695849010846,-89.95235301643
34.97695872791416,-89.95236400876726
34.976958965718886,-89.95237500110463
34.97695920352262,-89.95238599344208
34.97695944132537,-89.95239698577961
34.9769596798237,-89.95240801031669
34.976959917624455,-89.9524190026543
34.976960155424216,-89.95242999499199
34.976960393222996,-89.95244098732978
34.97696063171733,-89.95245201186654
34.97696086951412,-89.9524630042044
34.97696110730993,-89.95247399654235
34.97696134510473,-89.9524849888804
34.976961583595084,-89.95249601341689
34.976961821387924,-89.952507005755
34.97696205917975,-89.95251799809319
34.9769622969706,-89.95252899043149
34.97696253545696,-89.95254001496768
34.97696277324582,-89.95255100730604
34.976963011033696,-89.9525619996445
34.976963248820574,-89.95257299198305
34.976963486606465,-89.95258398432169
34.97696372508784,-89.95259500885756
34.97696396287175,-89.95260600119626
34.97696420065467,-89.95261699353506
34.9769644168201,-89.95262698657041
34.97696465529758,-89.95263801110599
34.97696489307761,-89.95264900344492
34.97696513085664,-89.95265999578396
34.9769653686347,-89.95267098812307
34.9769656071082,-89.95268201265839
34.97696584488426,-89.95269300499758
34.97696608265933,-89.95270399733685
34.97696632043342,-89.95271498967624
34.97696655890293,-89.95272601421127
34.97696679667502,-89.95273700655069
34.97696703444613,-89.95274799889023
34.97696727221625,-89.95275899122984
34.976967510681774,-89.95277001576459
34.97696774844991,-89.95278100810428
34.97696798621705,-89.95279200044405
34.9769682239832,-89.95280299278393
34.97696846174837,-89.95281398512391
34.97696870031406,-89.9528250118401
34.97696899178788,-89.95283600032445
34.976969283260715,-89.95284698880893
34.97696957577941,-89.9528580167601
34.97696986725026,-89.95286900524466
34.976970158720114,-89.95287999372933
34.97697045018898,-89.95289098221413
34.9769707427037,-89.95290201016512
34.976971034170575,-89.95291299865
34.97697132563648,-89.95292398713502
34.976971618148184,-89.95293501508583
34.97697188311542,-89.95294500461775
34.97697217457843,-89.95295599310296
34.97697246604046,-89.95296698158832
34.97697275854827,-89.95297800953891
34.976973050008304,-89.95298899802435
34.97697334146735,-89.95299998650991
34.976973633972165,-89.95301101446033
34.97697392542923,-89.953022002946
34.9769742168853,-89.95303299143177
34.976974509387134,-89.953044019382
34.97697480084123,-89.95305500786789
34.976975092294325,-89.95306599635389
34.97697538374644,-89.95307698483998
34.97697567624427,-89.95308801279002
34.97697596769439,-89.95309900127621
34.97697625914354,-89.95310998976255
34.97697655163837,-89.95312101771242
34.97697684308553,-89.95313200619884
34.976977134531694,-89.9531429946854
34.97697742597686,-89.95315398317204
34.97697769197283,-89.95316401216837
34.97697798341611,-89.95317500065514
34.9769782748584,-89.95318598914201
34.97697856734636,-89.95319701709148
34.97697885878666,-89.95320800557846
34.97697915022598,-89.95321899406555
34.976979441664305,-89.95322998255276
34.97697973414826,-89.95324101050203
34.976980025584595,-89.95325199898933
34.97698031701995,-89.95326298747676
34.976980609500906,-89.95327401542583
34.97698090093429,-89.95328500391335
34.97698119236667,-89.95329599240101
34.976981484844636,-89.95330702034991
34.976981776275025,-89.95331800883766
34.976982067704434,-89.95332899732551
34.976982359132855,-89.95333998581351
34.97698265160683,-89.9533510137622
34.97698294303326,-89.9533620022503
34.976983234458714,-89.9533729907385
34.976983500436596,-89.95338301973354
34.97698379186015,-89.95339400822182
34.97698408328271,-89.95340499671023
34.976984374704294,-89.95341598519876
34.97698466717136,-89.95342701314706
34.97698495859096,-89.9534380016357
34.97698525000955,-89.95344899012444
34.976985542473635,-89.95346001807258
34.97698583389025,-89.95347100656141
34.97698612530588,-89.95348199505037
34.976986416720514,-89.95349298353945
34.97698670918059,-89.9535040114874
34.976987000593255,-89.95351499997656
34.97698729200493,-89.95352598846586
34.976987584462016,-89.9535370164136
34.97698787587169,-89.95354800490301
34.97698816728038,-89.95355899339253
34.976988459734486,-89.9535700213401
34.97698875114119,-89.9535810098297
34.97698904254691,-89.95359199831945
34.976989307460336,-89.95360198785568
34.97698959991054,-89.95361301580303
34.976989891313366,-89.95362400429298
34.97699018271521,-89.95363499278304
34.976990475162424,-89.95364602073022
34.976990766562274,-89.9536570092204
34.97699105796115,-89.95366799771064
34.976991349359025,-89.95367898620103
34.97699164180224,-89.95369001414802
34.97699193319814,-89.95370100263851
34.97699222459305,-89.95371199112913
34.97699251703327,-89.95372301907594
34.97699280842619,-89.95373400756664
34.97699309981812,-89.95374499605748
34.97699339120907,-89.95375598454841
34.9769936836453,-89.95376701249502
34.976993975034254,-89.95377800098606
34.97699426642223,-89.95378898947722
34.976994558855466,-89.95380001742366
34.97699485024145,-89.95381100591493
34.97699514162645,-89.9538219944063
34.97699540756727,-89.95383202339877
34.976995698950375,-89.95384301189024
34.9769959903325,-89.95385400038184
34.976996281713625,-89.95386498887352
34.97699657413996,-89.95387601681958
34.976996865519105,-89.95388700531136
34.97699715689725,-89.9538979938033
34.97699744932059,-89.95390902174915
34.97699774069675,-89.95392001024118
34.97699803207194,-89.95393099873333
34.97699832344613,-89.95394198722559
34.976998615865476,-89.95395301517124
34.97699890723768,-89.9539640036636
34.976999198608894,-89.95397499215608
34.97699949102525,-89.95398602010155
34.976999782394486,-89.95399700859413
34.97700007376274,-89.95400799708682
34.97700036512998,-89.95401898557964
34.97700065754235,-89.95403001352491
34.977000948907616,-89.95404100201782
34.977001213784284,-89.95405099155694
34.97700150619374,-89.95406201950202
34.97700179755612,-89.95407300799513
34.97700208891752,-89.95408399648836
34.97700238132398,-89.95409502443329
34.9770026726834,-89.95410601292662
34.97700296404182,-89.95411700142007
34.977003255399254,-89.95412798991366
34.97700354780173,-89.95413901785835
34.97700383915718,-89.95415000635204
34.977004130511645,-89.95416099484582
34.97700442291112,-89.95417202279035
34.9770047142636,-89.95418301128424
34.977005005615084,-89.95419399977825
34.97700529696557,-89.95420498827238
34.97700558936107,-89.9542160162167
34.977005880709584,-89.95422700471092
34.9770061720571,-89.95423799320528
34.977006464449595,-89.95424902114942
34.97700675579513,-89.95426000964386
34.97700702065386,-89.95426999918436
34.97700731199751,-89.95428098767904
34.97700760438611,-89.95429201562298
34.97700789572777,-89.95430300411775
34.977008187068456,-89.95431399261263
34.97700847945405,-89.95432502055638
34.97700877079274,-89.95433600905137
34.97700906213045,-89.95434699754648
34.977009354513044,-89.95435802549005
34.97700964584877,-89.95436901398526
34.97701014541648,-89.95437996094249
34.97701195778699,-89.95439001133802
34.97701377015664,-89.95440006173374
34.97701575452286,-89.95441106593277
34.97701752069386,-89.95442086014673
34.977019333060845,-89.95443091054317
34.97702114542695,-89.95444096093979
34.97702312978933,-89.95445196513992
34.97702494215361,-89.95446201553696
34.97702675451701,-89.95447206593417
34.97702856687954,-89.95448211633159
34.97702862323391,-89.95449300121837
34.97702864711537,-89.95450400114109
34.977028670995836,-89.95451500106384
34.977028694875315,-89.95452600098658
34.9770287187538,-89.95453700090934
34.97702874263129,-89.9545480008321
34.97702876650779,-89.95455900075487
34.9770287903833,-89.95457000067766
34.977028814257814,-89.95458100060046
34.97702883813135,-89.95459200052326
34.97702886200388,-89.95460300044607
34.97702888587542,-89.95461400036888
34.97702890974597,-89.95462500029171
34.97702893144561,-89.95463500022157
34.97702895531427,-89.95464600014442
34.97702897918193,-89.95465700006727
34.97702900304859,-89.95466799999015
34.97702902691428,-89.95467899991304
34.977029050778974,-89.95468999983592
34.977029074642665,-89.95470099975881
34.977029098505376,-89.9547119996817
34.977029122367085,-89.95472299960464
34.9770291462278,-89.95473399952756
34.977029170087526,-89.9547449994505
34.97702919394627,-89.95475599937345
34.97702921780401,-89.95476699929641
34.97702924166076,-89.95477799921937
34.97702926551652,-89.95478899914235
34.977029289371295,-89.95479999906534
34.977029313225074,-89.95481099898832
34.97702933707786,-89.95482199891131
34.97702935876135,-89.95483199884134
34.97702938261224,-89.95484299876435
34.97702940646214,-89.9548539986874
34.97702943031104,-89.95486499861043
34.97702945415895,-89.95487599853348
34.97702947800588,-89.95488699845654
34.97702950185182,-89.95489799837962
34.97702952570375,-89.95490900153135
34.9770295495477,-89.95492000145431
34.977029573390645,-89.95493100137728
34.97702959723262,-89.95494200130025
34.977029621073584,-89.95495300122323
34.977029644913564,-89.95496400114622
34.97702966875256,-89.95497500106923
34.977029692590555,-89.95498600099224
34.97702971642756,-89.95499700091527
34.97702974026357,-89.9550080008383
34.97702976193181,-89.95501800076833
34.97702978576593,-89.95502900069138
34.97702980959905,-89.95504000061445
34.97702983343118,-89.95505100053751
34.97702985726233,-89.95506200046059
34.977029881092484,-89.95507300038368
34.977029904921636,-89.95508400030677
34.9770299287498,-89.95509500022987
34.97702995257698,-89.955106000153
34.97702997640316,-89.95511700007614
34.97703000022835,-89.95512799999926
34.977030024052546,-89.95513899992241
34.97703004787575,-89.95514999984557
34.97703007169797,-89.95516099976874
34.97703009551919,-89.95517199969191
34.977030119339425,-89.95518299961509
34.97703014315866,-89.9551939995383
34.9770301669769,-89.9552049994615
34.977030188629,-89.95521499939169
34.97703021244535,-89.9552259993149
34.977030236260724,-89.95523699923814
34.97703026007508,-89.95524799916139
34.97703028388847,-89.95525899908462
34.97703030770084,-89.95526999900788
34.97703033151224,-89.95528099893116
34.97703035532264,-89.95529199885443
34.97703037913205,-89.95530299877773
34.977030402940464,-89.95531399870102
34.9770304267479,-89.95532499862433
34.97703045055433,-89.95533599854767
34.97703047435977,-89.95534699847099
34.977030498164225,-89.95535799839432
34.977030521974655,-89.95536900154072
34.97703054577712,-89.95538000146394
34.977030569578595,-89.95539100138717
34.97703059121543,-89.95540100131737
34.977030615015025,-89.95541200124063
34.9770306388136,-89.9554230011639
34.9770306626112,-89.95543400108716
34.9770306864078,-89.95544500101043
34.97703071020342,-89.95545600093372
34.97703073399804,-89.95546700085703
34.97703075779167,-89.95547800078033
34.977030781584304,-89.95548900070365
34.977030805375946,-89.95550000062698
34.977030829166594,-89.95551100055032
34.97703085295626,-89.95552200047366
34.97703087674493,-89.95553300039701
34.977030900532604,-89.95554400032037
34.97703092431929,-89.95555500024376
34.97703094810498,-89.95556600016714
34.97703097188969,-89.95557700009054
34.977030995673395,-89.95558800001395
34.97703101729408,-89.9555979999443
34.977031041075904,-89.95560899986772
34.977031064856725,-89.95561999979117
34.97703108863656,-89.9556309997146
34.977031112415396,-89.95564199963805
34.97703113619325,-89.95565299956152
34.9770311599701,-89.95566399948497
34.977031183745964,-89.95567499940847
34.97703120752083,-89.95568599933196
34.977031231294724,-89.95569699925544
34.97703125506761,-89.95570799917895
34.9770312788395,-89.95571899910249
34.977031302610406,-89.955729999026
34.97703132638032,-89.95574099894955
34.97703135014923,-89.9557519988731
34.97703137391717,-89.95576299879664
34.97703139768411,-89.95577399872022
34.97703141928955,-89.95578399865073
34.9770314430546,-89.9557949985743
34.977031466818644,-89.9558059984979
34.9770314905817,-89.95581699842151
34.97703151435071,-89.95582800156255
34.97703153811179,-89.95583900148604
34.977031561871875,-89.95585000140954
34.97703158563096,-89.95586100133305
34.977031609389066,-89.95587200125657
34.97703163314617,-89.9558830011801
34.97703165690229,-89.95589400110363
34.97703168065741,-89.95590500102718
34.97703170441154,-89.95591600095074
34.97703172816467,-89.95592700087428
34.977031751916826,-89.95593800079787
34.97703177566799,-89.95594900072145
34.97703179941814,-89.95596000064505
34.97703182316731,-89.95597100056865
34.97703184475661,-89.9559810004992
34.97703186850389,-89.95599200042281
34.977031892250174,-89.95600300034646
34.97703191599546,-89.95601400027009
34.97703193973976,-89.95602500019373
34.97703196348308,-89.95603600011741
34.977031987225395,-89.95604700004107
34.97703201096672,-89.95605799996474
34.97703203470706,-89.95606899988844
34.9770320584464,-89.95607999981213
34.97703208218474,-89.95609099973584
34.977032105922106,-89.95610199965957
34.977032129658475,-89.95611299958328
34.97703215339384,-89.95612399950701
34.97703217712823,-89.95613499943076
34.97703220194102,-89.95614599853506
