38.58391483517772,-90.22391403783254
38.583916060719595,-90.22392598996167
38.58391717011501,-90.22393697187611
38.583918378870045,-90.22394893736421
38.583919504689824,-90.22396008188592
38.583920614082,-90.22397106380089
38.58392182283351,-90.22398302928956
38.583922932223516,-90.22399401120495
38.583924140972655,-90.22400597669414
38.58392525036049,-90.22401695860998
38.58392635974728,-90.22402794052603
38.58392758491924,-90.22404006862173
38.58392869430383,-90.22405105053807
38.58392980368739,-90.22406203245461
38.58393101242951,-90.22407399794514
38.58393212181089,-90.22408497986213
38.58393333055065,-90.22409694535318
38.583934439929855,-90.22410792727061
38.58393556573412,-90.22411907179296
38.58393677447035,-90.22413103728458
38.583937883846325,-90.22414201920253
38.58393909258019,-90.22415398469467
38.583940201953986,-90.22416496661305
38.58394131132675,-90.22417594853161
38.58394253648303,-90.22418807662831
38.58394364585359,-90.22419905854719
38.583944755223094,-90.22421004046628
38.58394596394994,-90.22422200595975
38.58394707331729,-90.22423298787926
38.583948282041774,-90.22424495337327
38.58394939140695,-90.22425593529323
38.58395051719677,-90.22426707981617
38.58395172591772,-90.22427904531075
38.58395283527966,-90.22429002723122
38.583954043998254,-90.22430199272631
38.583955153358005,-90.22431297464722
38.58395626271673,-90.22432395656834
38.58395747143183,-90.22433592206418
38.583958597213844,-90.22434706658744
38.58395970656933,-90.22435804850906
38.5839609152809,-90.2243700140055
38.58396202463421,-90.22438099592755
38.583963233343425,-90.2243929614245
38.583964342694564,-90.224403943347
38.58396546846994,-90.22441508787051
38.583967536288,-90.22442614383134
38.58396979542354,-90.22443806345424
38.58397187555059,-90.22444903860092
38.583973955676534,-90.22446001374796
38.5839759751162,-90.22447080520205
38.583977368253215,-90.22448192588541
38.58397885666534,-90.2244940288475
38.58398020091456,-90.22450495956403
38.583981569315625,-90.22451608667927
38.583983033571286,-90.22452799324347
38.5839843778173,-90.22453892396085
38.583985746215035,-90.22455005107649
38.5839872104672,-90.22456195764165
38.58398857886268,-90.22457308475751
38.58398992310442,-90.22458401547587
38.583991387353095,-90.22459592204198
38.58399275574524,-90.22460704915825
38.583994219991524,-90.22461895572496
38.58399558838141,-90.22463008284146
38.58399693261776,-90.22464101356118
38.58399839686055,-90.22465292012885
38.58399976524712,-90.22466404724575
38.58400110948025,-90.22467497796633
38.58400259787185,-90.22468708093112
38.58400394210279,-90.22469801165222
38.58400540633973,-90.22470991822142
38.584006774720706,-90.22472104533894
38.58400811894843,-90.22473197606088
38.58400960733397,-90.22474407902648
38.58401095155952,-90.22475500974895
38.58401229578404,-90.22476594047173
38.58401378416596,-90.22477804343784
38.5840151283883,-90.22478897416114
38.58401649676153,-90.22480010127948
38.584017960987936,-90.22481200785138
38.58401930520706,-90.22482293857553
38.58402079358293,-90.22483504154245
38.58402213779988,-90.22484597226712
38.584023506167505,-90.22485709938609
38.58402497038806,-90.22486900595953
38.58402631460178,-90.22487993668504
38.58402768296609,-90.22489106380439
38.584029147183124,-90.2249029703788
38.58403051554518,-90.22491409749838
38.58403197975985,-90.2249260040734
38.58403332396818,-90.22493693480025
38.5840346923269,-90.22494806192024
38.584036156538076,-90.22495996849621
38.58403752489453,-90.22497109561641
38.58403886909859,-90.22498202634428
38.58404033330628,-90.2249939329212
38.58404170165941,-90.22500506004181
38.58404304586025,-90.22501599077052
38.58404453421559,-90.22502809374015
38.58404587841425,-90.22503902446938
38.58404719569676,-90.2250509647279
38.58404840305378,-90.22506192735425
38.584049629873704,-90.22507306671089
38.58405094521865,-90.2250850098737
38.584052152572426,-90.22509597250067
38.58405335992515,-90.22510693512791
38.58405458674068,-90.22511807448484
38.58405590208098,-90.22513001764867
38.58405710943048,-90.22514098027655
38.58405831677896,-90.22515194290469
38.58405965157946,-90.22516406279826
38.58406085892573,-90.22517502542675
38.584062066270974,-90.22518598805554
38.58406338160429,-90.225197931221
38.5840646084109,-90.22520907057859
38.58406581575291,-90.22522003320798
38.584067131082705,-90.22523197637419
38.584068338422554,-90.22524293900415
38.584069565224766,-90.22525407836201
38.584070880551046,-90.22526602152895
38.58407208788767,-90.22527698415955
38.58407329522325,-90.22528794679037
38.58407463000931,-90.22530006668529
38.584075837342695,-90.22531102931653
38.58407704467504,-90.22532199194802
38.58407835999432,-90.2253339351166
38.58407958678764,-90.22534507447509
38.58408079411677,-90.22535603710722
38.58408210943252,-90.22536798027653
38.58408331675949,-90.2253789429092
38.5840845435484,-90.22539008226799
38.584085858860654,-90.22540202543806
38.58408706618438,-90.22541298807135
38.58408827350707,-90.22542395070492
38.584089608278695,-90.22543607060116
38.5840908155992,-90.22544703323511
38.584092022918654,-90.22545799586932
38.58409333822391,-90.225469939041
38.58409456500393,-90.22548107840043
38.584095772320154,-90.22549204103528
38.5840970876219,-90.22550398420772
38.58409829493596,-90.22551494684308
38.584099521711586,-90.22552608620283
38.5841008370098,-90.225538029376
38.58410204432063,-90.22554899201204
38.58410325163045,-90.22555995464829
38.58410458638764,-90.22557207454587
38.58410579369524,-90.22558303718253
38.58410700100182,-90.22559399981945
38.58410831629303,-90.22560594299426
38.58410954305975,-90.22561708235462
38.584110750363095,-90.22562804499218
38.58411206565081,-90.22563998816774
38.58411327295198,-90.22565095080583
38.58411449971429,-90.22566209016648
38.5841158149985,-90.22567403334278
38.58411702229645,-90.22568499598152
38.58411822959335,-90.2256959586205
38.58411943688923,-90.22570692125974
38.58412077163083,-90.2257190411588
38.58412197892449,-90.22573000379842
38.58412318621714,-90.2257409664383
38.584124501493214,-90.2257529096165
38.584125728245574,-90.22576404897791
38.58412693553498,-90.22577501161842
38.584128250807545,-90.22578695479739
38.58412945809479,-90.22579791743844
38.58413068484274,-90.22580905680014
38.58413200011178,-90.22582099997985
38.5841332073958,-90.22583196262154
38.584134414678786,-90.22584292526349
38.584135749405945,-90.22585504516388
38.584136956686734,-90.22586600780623
38.58413816396649,-90.22587697044881
38.584139479228526,-90.22588891363016
38.58414070596759,-90.22590005299247
38.5841419132441,-90.2259110156357
38.58414323258495,-90.22592295048392
38.584144678886624,-90.22593406836324
38.5841460982386,-90.22594497908555
38.58414767112008,-90.22595707001658
38.584149090469886,-90.22596798073951
38.58415053676713,-90.22597909861939
38.58415208269654,-90.22599098239444
38.58415352899153,-90.22600210027461
38.584155074918584,-90.22601398405034
38.584156494263,-90.22602489477481
38.58415794055467,-90.22603601265548
38.58415948647824,-90.22604789643229
38.58416093276766,-90.22605901431328
38.58416235210782,-90.2260699250389
38.58416392497601,-90.22608201597204
38.584165344313995,-90.22609292669824
38.584166790598985,-90.22610404457983
38.58416833651555,-90.22611592835858
38.58416978279828,-90.22612704624045
38.584171328712486,-90.22613893001991
38.58417277499296,-90.22615004790205
38.584174194324504,-90.22616095863003
38.58417576718301,-90.22617304956466
38.58417718651239,-90.22618396029321
38.58417863278843,-90.22619507817595
38.58418017869563,-90.22620696195739
38.58418162496943,-90.22621807984042
38.58418304429454,-90.22622899057014
38.5841846171458,-90.22624108150588
38.58418603646873,-90.22625199223617
38.584187482738116,-90.22626311011979
38.584189028638306,-90.2262749939032
38.584190447958036,-90.22628590463445
38.58419202080326,-90.22629799557122
38.584193440120806,-90.22630890630305
38.5841948863846,-90.22632002418747
38.58419643227895,-90.22633190797264
38.5841978785405,-90.22634302585735
38.584199297853786,-90.22635393659033
38.58420087069177,-90.22636602752823
38.58420229000288,-90.22637693826181
38.58420373626001,-90.2263880561471
38.584205282147344,-90.22639993993424
38.584206728402215,-90.22641105781985
38.58420814770906,-90.22642196855456
38.5842097205398,-90.22643405949356
38.584211139844484,-90.22644497022888
38.584212712672766,-90.22645706116826
38.584214131975266,-90.22646797190419
38.58421557822345,-90.22647908979066
38.58421712410143,-90.22649097358047
38.58421857034736,-90.22650209146722
38.5842199896456,-90.22651300220431
38.58422156246663,-90.22652509314479
38.5842229817627,-90.22653600388247
38.58422440105774,-90.22654691462047
38.584225973875185,-90.22655900556158
38.58422739316805,-90.2265699163002
38.58422897379759,-90.22658200625094
38.584230590622575,-90.22659309766263
38.58423217383916,-90.2266039585283
38.584233927920664,-90.2266160152977
38.58423534301899,-90.22662692719977
38.58423691111236,-90.22663901886496
38.5842383262085,-90.22664993076764
38.58423989429942,-90.22666202243319
38.584241309393384,-90.22667293433648
38.584242751272186,-90.22668405278826
38.58424429257366,-90.22669593790626
38.58424573445019,-90.22670705635835
38.5842472757493,-90.22671894147703
38.58424871762359,-90.22673005992942
38.58425025892032,-90.22674194504877
38.58425170079234,-90.22675306350146
38.584253115877694,-90.22676397540707
38.58425468395649,-90.22677606707447
38.584256099039656,-90.22678697898066
38.58425766711599,-90.22679907064844
38.584259082196986,-90.22680998255524
38.58426065027088,-90.22682207422338
38.5842620653497,-90.22683298613077
38.584263633421145,-90.22684507779931
38.58426504849778,-90.22685598970729
38.584266490358615,-90.22686710816143
38.58426803164124,-90.22687899328477
38.584269473499816,-90.2268901117392
38.584271014780086,-90.22690199686322
38.584272429851346,-90.22691290877273
38.584273997914295,-90.22692500044265
38.58427541298339,-90.22693591235274
38.584276981043885,-90.22694800402304
38.5842783961108,-90.22695891593372
38.58427983796153,-90.22697003438927
38.58428137923359,-90.22698191951571
38.58428282108206,-90.22699303797151
38.584284362351745,-90.22700492309863
38.58428580419797,-90.22701604155475
38.58428734546528,-90.22702792668252
38.584288787309255,-90.22703904513895
38.58429020236755,-90.22704995705197
38.5842917704159,-90.22706204872412
38.58429318547203,-90.22707296063773
38.58429475351793,-90.22708505231024
38.58429616857189,-90.22709596422445
38.58429773661534,-90.22710805589736
38.58429915166712,-90.22711896781216
38.58430071970813,-90.22713105948544
38.584302134757706,-90.22714197140083
38.58430357659049,-90.22715308985872
38.584305117843705,-90.22716497499047
38.584306559674225,-90.22717609344866
38.584308100925064,-90.22718797858107
38.58430954275331,-90.22719909703957
38.5843110840018,-90.22721098217266
38.58431252582779,-90.22722210063144
38.58431394086876,-90.22723301254915
38.58431548211375,-90.2272448976833
38.584316923936434,-90.22725601614259
38.58431846517906,-90.22726790127744
38.58431990699949,-90.22727901973701
38.58432144823974,-90.22729090487252
38.58432289005791,-90.22730202333238
38.58432393375499,-90.22731301027223
38.58432497539885,-90.22732400381476
38.584326110420086,-90.22733598287783
38.584327152061746,-90.22734697642073
38.5843281937024,-90.22735796996382
38.58432923534198,-90.22736896350708
38.584330276980545,-90.2273799570505
38.58432200059183,-90.22737996569259
38.58431300497289,-90.22737971172995
38.58430399211155,-90.22737945728059
38.5842949964926,-90.22737920331807
38.58428698314447,-90.22737897708689
38.58427798752552,-90.22737872312449
38.58426899190658,-90.22737846916216
38.584260882054686,-90.22737753300696
38.58425100935854,-90.2273739577078
38.58424206247207,-90.22737071768232
38.58423291071954,-90.22736740346753
38.58422396383273,-90.22736416344364
38.5842144,-90.22736069999999
38.5842049821943,-90.2273617347942
38.58419598145365,-90.22736272376257
38.58418698071298,-90.22736371273069
38.584177979972296,-90.22736470169856
38.584168979231585,-90.22736569066619
38.58415997849085,-90.22736667963358
38.58415097775013,-90.2273676686007
38.58414197700937,-90.22736865756758
38.584132976268606,-90.22736964653423
38.58412397552781,-90.22737063550062
38.584114974787,-90.22737162446676
38.58410597404619,-90.22737261343265
38.58409697330535,-90.2273736023983
38.58408797256449,-90.22737459136371
38.58407897182363,-90.22737558032887
38.58406997108274,-90.22737656929377
38.58406097034183,-90.22737755825844
38.58405203624844,-90.22737853989989
38.5840430355075,-90.22737952886406
38.584034034766546,-90.22738051782798
38.58402503402557,-90.22738150679167
38.58401603328459,-90.2273824957551
38.58400703254359,-90.22738348471829
38.583998031802565,-90.22738447368121
38.58398903106153,-90.22738546264391
38.583981022997534,-90.2273863425353
38.583972024616465,-90.22738819067499
38.58396301223952,-90.22739009480523
38.58395399986251,-90.227391998935
38.58394498748543,-90.2273939030643
38.583935975108304,-90.22739580719312
38.58392793617886,-90.22739750565218
38.58391904947538,-90.22739938322786
38.583910037098065,-90.22740128735533
38.583901024720696,-90.22740319148232
38.583892012343256,-90.22740509560886
38.58388397341355,-90.22740679406587
38.58387496103601,-90.2274086981915
38.5838659486584,-90.22741060231665
38.583857061954504,-90.22741247988914
38.58384804957678,-90.22741438401337
38.5838400106468,-90.22741608246832
38.583830998268965,-90.22741798659165
38.583821985891056,-90.22741989071451
38.5838129735131,-90.2274217948369
38.583803961135075,-90.22742369895882
38.58379507443076,-90.2274255765281
38.58378703550046,-90.2274272749806
38.583778023122264,-90.22742917910115
38.583769010744,-90.22743108322125
38.583759998365686,-90.22743298734086
38.5837509859873,-90.22743489146
38.58374294705673,-90.22743658991043
38.58373393467824,-90.22743849402869
38.583725047973466,-90.22744037159435
38.58371603559485,-90.22744227571167
38.58370702321617,-90.22744417982851
38.58369898428534,-90.2274458782769
38.583689971906544,-90.22744778239284
38.5836809595277,-90.22744968650832
38.58367194714878,-90.22745159062333
38.58366306044359,-90.22745346818581
38.583655021512484,-90.22745516663214
38.583646009133396,-90.22745707074579
38.58363699675425,-90.22745897485896
38.58362798437504,-90.22746087897167
38.58361897199576,-90.22746278308391
38.58360995961643,-90.22746468719568
38.583602046358806,-90.2274663590875
38.58359303397936,-90.22746826319839
38.583584021599854,-90.2274701673088
38.58357500922029,-90.22747207141873
38.58356599684064,-90.2274739755282
38.583557957908965,-90.22747567396999
38.58354894552923,-90.22747757807856
38.58354005882321,-90.22747945563471
38.58353104644334,-90.22748135974234
38.583522034063414,-90.22748326384949
38.58351399513148,-90.22748496228924
38.583504982751435,-90.22748686639552
38.58349597037133,-90.22748877050132
38.58348695799117,-90.22749067460666
38.58347807128472,-90.22749255215957
38.58347003235253,-90.22749425059726
38.58346101997218,-90.22749615470124
38.58345200759179,-90.22749805880474
38.583442995211335,-90.22749996290777
38.58343398282864,-90.22750186702827
38.58342497050737,-90.22750377161461
38.58341693162066,-90.22750547048327
38.58340804500411,-90.22750734850335
38.58339903268266,-90.22750925308833
38.58339002036114,-90.22751115767284
38.58338100803957,-90.22751306225688
38.58337199571793,-90.22751496684045
38.58336298339623,-90.22751687142353
38.58335397107448,-90.22751877600616
38.58334495875266,-90.22752068058831
38.58333607213562,-90.22752255860468
38.58332803324838,-90.22752425746918
38.583319020926396,-90.22752616204998
38.583310008604315,-90.2275280666303
38.58330099628222,-90.22752997121016
38.58329198396004,-90.22753187578952
38.5832829716378,-90.22753378036845
38.583273959315505,-90.22753568494687
38.58326494699314,-90.22753758952484
38.58325606037556,-90.22753946753708
38.58324704805309,-90.22754137211412
38.58323900916531,-90.22754307097446
38.58322999684272,-90.22754497555059
38.583220984520054,-90.22754688012625
38.58321197219734,-90.22754878470145
38.58320295987456,-90.22755068927617
38.583193947551734,-90.2275525938504
38.58318506093367,-90.227554471859
38.58317604861072,-90.2275563764323
38.5831670362877,-90.22755828100514
38.583158023964614,-90.22756018557752
38.58314998507631,-90.22756188443371
38.583140972753114,-90.22756378900517
38.58313196042985,-90.22756569357618
38.58312294810653,-90.2275675981467
38.58311406148801,-90.22756947615163
38.58310504916457,-90.22757138072123
38.58309603684106,-90.22757328529036
38.5830870245175,-90.227575189859
38.58307801219389,-90.22757709442718
38.58306997330509,-90.22757879327963
38.583060960981356,-90.22758069784692
38.58305194865757,-90.22758260241373
38.583042936333705,-90.22758450698008
38.583034049714634,-90.22758638498087
38.583025037390655,-90.22758828954629
38.58301602506662,-90.22759019411122
38.58300701274251,-90.22759209867569
38.58299800041835,-90.22759400323967
38.58298898809413,-90.22759590780319
38.582980949204796,-90.2275976066515
38.582971936880476,-90.22759951121412
38.58296305026093,-90.22760138921124
38.58295403793647,-90.22760329377294
38.58294502561195,-90.22760519833416
38.58293601328737,-90.22760710289492
38.58292700096273,-90.22760900745519
38.58291798863802,-90.227610912015
38.58290897631326,-90.22761281657434
38.58289996398844,-90.2276147211332
38.582892050803444,-90.22761639341236
38.582883038478506,-90.22761829797034
38.58287402615349,-90.22762020252785
38.58286501382844,-90.22762210708487
38.58285600150332,-90.22762401164144
38.58284698917814,-90.22762591619752
38.58283797685291,-90.22762782075313
38.58282896452758,-90.22762972530828
38.58281995220223,-90.22763162986296
38.582812039016744,-90.22763330213844
38.58280302669127,-90.22763520669224
38.58279401436573,-90.22763711124556
38.58278500204013,-90.2276390157984
38.58277598971447,-90.22764092035078
38.582766977388744,-90.22764282490269
38.58275796506297,-90.2276447294541
38.58274895273713,-90.22764663400507
38.582740066116095,-90.22764851199068
38.58273105379012,-90.2276504165407
38.58272301489925,-90.22765211537697
38.58271400257317,-90.22765401992609
38.58270499024703,-90.22765592447476
38.582695977920814,-90.22765782902293
38.58268696559456,-90.22765973357065
38.58267795326824,-90.2276616381179
38.58266906664673,-90.22766351609985
38.58266005432027,-90.22766542064616
38.58265104199378,-90.22766732519199
38.58264202966721,-90.22766922973736
38.58263399077579,-90.22767092856947
38.58262497844912,-90.22767283311393
38.582615966122376,-90.22767473765794
38.58260695379557,-90.22767664220144
38.5825979414687,-90.22767854674451
38.58258905484666,-90.22768042472234
38.582580042519666,-90.22768232926445
38.582571030192625,-90.22768423380612
38.58256201786553,-90.22768613834728
38.58255300553835,-90.22768804288799
38.5825449666464,-90.22768974171593
38.58253595431912,-90.22769164625575
38.58252694184101,-90.22769354924145
38.58251805492188,-90.2276954256695
38.58250904239977,-90.22769732861748
38.58250002987761,-90.227699231565
38.58249101735538,-90.22770113451206
38.58248200483308,-90.22770303745864
38.58247396579035,-90.22770473485973
38.58246495326796,-90.22770663780541
38.58245594074549,-90.22770854075064
38.58244705382588,-90.22771041717502
38.5824380413033,-90.2277123201193
38.58242902878064,-90.2277142230631
38.58242001625794,-90.22771612600644
38.58241100373518,-90.2277180289493
38.58240199121235,-90.22771993189171
38.58239395216914,-90.22772162928906
38.5823849396462,-90.22772353223056
38.582376052726104,-90.22772540865128
38.58236704020304,-90.22772731159186
38.582358027679916,-90.22772921453195
38.58234901515673,-90.22773111747158
38.582340002633494,-90.22773302041072
38.58233099011019,-90.2277349233494
38.58232197758681,-90.22773682628763
38.582313938543116,-90.22773852368125
38.582305051622555,-90.22774040009831
38.58229603909901,-90.22774230303517
38.582287026575415,-90.22774420597155
38.58227801405175,-90.22774610890747
38.58226900152802,-90.2277480118429
38.58225998900424,-90.22774991477787
38.582250976480395,-90.22775181771237
38.58224196395649,-90.22775372064639
38.58223405051524,-90.2277553915161
38.58222503799122,-90.22775729444923
38.58221602546713,-90.22775919738191
38.582207012942995,-90.22776110031411
38.58219800041879,-90.22776300324583
38.58218898789453,-90.22776490617709
38.582179975370195,-90.22776680910788
38.582170962845815,-90.22776871203818
38.582163049404144,-90.22777038290462
38.58215403687965,-90.22777228583405
38.582145024355086,-90.22777418876301
38.58213601183046,-90.2277760916915
38.582126999305785,-90.22777799461952
38.58211798678104,-90.22777989754705
38.58210897425624,-90.22778180047413
38.58209996173137,-90.22778370340072
38.582091074809384,-90.22778557980675
38.5820830357643,-90.22778727718962
38.582074023239265,-90.22778918011485
38.582065010714174,-90.22779108303963
38.582055998189006,-90.22779298596394
38.58204698566379,-90.22779488888777
38.5820379731385,-90.22779679181113
38.58202896061315,-90.22779869473402
38.58201994808776,-90.22780059765644
38.582011061165225,-90.22780247405834
38.582003022119665,-90.22780417143747
38.58199400959409,-90.22780607435853
38.58198499706844,-90.22780797727911
38.58197598454274,-90.22780988019923
38.581966972016986,-90.2278117831189
38.581957959491156,-90.22781368603806
38.581948946965284,-90.22781558895677
38.58194006004228,-90.22781746535502
38.5819320209963,-90.22781916273082
38.581923008470234,-90.22782106564817
38.58191399594411,-90.22782296856505
38.581904983417935,-90.22782487148146
38.58189597089169,-90.2278267743974
38.5818869583654,-90.22782867731286
38.58187794583905,-90.22783058022785
38.58186905891555,-90.22783245662244
38.58186004638907,-90.22783435953649
38.581852007342604,-90.22783605690857
38.581842994816014,-90.22783795982174
38.58183398228935,-90.22783986273443
38.58182496976264,-90.22784176564666
38.58181595723586,-90.2278436685584
38.58180694470902,-90.22784557146969
38.581798057785065,-90.22784744786061
38.581789045258105,-90.22784935077095
38.58178003273108,-90.22785125368083
38.581771993684136,-90.22785295104917
38.581762981157006,-90.22785485395815
38.581753968629805,-90.22785675686667
38.58174495610254,-90.22785865977471
38.581735943575225,-90.22786056268227
38.58172705665079,-90.22786243906954
38.58171804412336,-90.22786434197617
38.58170903159586,-90.22786624488232
38.581700992548484,-90.22786794224736
38.581691980020864,-90.22786984515264
38.5816829674932,-90.22787174805742
38.58167395496547,-90.22787365096175
38.58166494243766,-90.22787555386562
38.58165605551276,-90.22787743024922
38.58164715806291,-90.22787896738731
38.58163805062614,-90.22788136675383
38.58162905504517,-90.22788339876683
38.58162102922549,-90.22788521171991
38.58161203364439,-90.22788724373196
38.581603038063214,-90.22788927574352
38.581594042481974,-90.22789130775456
38.581585046900656,-90.22789333976512
38.581576051319274,-90.22789537177518
38.58156705573782,-90.22789740378471
38.58155806015631,-90.22789943579377
38.58154906457472,-90.22790146780231
38.5815410387545,-90.22790328075139
38.581532043172786,-90.227905312759
38.58152304759098,-90.2279073447661
38.581514052009126,-90.22790937677269
38.58150505642721,-90.2279114087788
38.581496060845204,-90.22791344078439
38.58148706526314,-90.22791547278948
38.581478069681,-90.22791750479406
38.5814700438603,-90.22791931773962
38.58146104827802,-90.22792134974327
38.581452052695695,-90.2279233817464
38.58144305711328,-90.22792541374905
38.58143406153081,-90.22792744575118
38.58142506594827,-90.22792947775281
38.58141607036566,-90.22793150975396
38.58140707478298,-90.22793354175458
38.58139807920023,-90.22793557375472
38.581390053378954,-90.2279373866963
38.58138092393168,-90.22793944893391
38.58137192834874,-90.22794148093259
38.581362932765714,-90.22794351293076
38.58135393718262,-90.22794554492845
38.581344941599454,-90.2279475769256
38.58133594601623,-90.22794960892229
38.58132695043294,-90.22795164091845
38.581317954849574,-90.22795367291413
38.58130992902776,-90.22795548585171
38.58130093344426,-90.22795751784642
38.5812919378607,-90.22795954984065
38.58128294227706,-90.22796158183436
38.58127394669335,-90.22796361382758
38.58126495110958,-90.22796564582029
38.5812563,-90.2279676
38.58124794166233,-90.22796960129652
38.58123896356467,-90.22797175098606
38.58122998546692,-90.22797390067508
38.581221007369116,-90.22797605036357
38.58121202927122,-90.22797820005152
38.58120401732508,-90.22798011840665
38.58119503922704,-90.22798226809361
38.5811859197631,-90.2279844516282
38.5811769416649,-90.2279866013141
38.58116892971849,-90.22798851966738
38.581159951620144,-90.22799066935228
38.58115097352172,-90.22799281903664
38.58114199542323,-90.22799496872048
38.58113301732466,-90.22799711840379
38.5811250053779,-90.22799903675475
38.58111602727917,-90.22800118643706
38.58110690781456,-90.22800336996694
38.581097929715675,-90.22800551964819
38.581089942775954,-90.22800771907514
38.581080006358484,-90.22801103121515
38.58107006994084,-90.22801434335426
38.58105994277589,-90.22801771907483
38.58105198279604,-90.22802093165367
38.58104405014194,-90.22802419919941
38.58103611748768,-90.22802746674445
38.58102886281891,-90.22803045501935
38.581020930164314,-90.22803372256307
38.581012994210205,-90.2280379837439
38.58100601773315,-90.22804204978969
38.58099791821408,-90.22804677036821
38.580990113632964,-90.22805131904927
38.580981831250256,-90.22805659753807
38.5809739904942,-90.228061977329
38.58096582412091,-90.2280675805348
38.580957983363945,-90.22807296032362
38.58094981698973,-90.22807856352718
38.58094175645827,-90.22808450792367
38.58093392575356,-90.22809084998498
38.58092609504825,-90.22809719204511
38.58091862489289,-90.2281032420956
38.58091079418644,-90.22810958415342
38.58090296347938,-90.22811592621005
38.580895846629744,-90.22812169011515
38.58088801592156,-90.22812803216954
38.580879831905435,-90.22813466036463
38.58087271505422,-90.22814042426654
38.580864884344294,-90.22814676631744
38.58085705363377,-90.22815310836715
38.58084993678102,-90.22815887226594
38.58084175276194,-90.22816550045498
38.580833922049685,-90.22817184250121
38.58082680519536,-90.22817760639678
38.58081897448197,-90.22818394844076
38.58081114376797,-90.22819029048357
38.58080367360461,-90.22819634051727
38.58079584288948,-90.22820268255776
38.58078801217373,-90.22820902459706
38.58078089531631,-90.22821478848633
38.58077306459944,-90.22822113052338
38.58076525785452,-90.22822794516213
38.58075804687627,-90.22823507246
38.58075120443989,-90.22824231601739
38.58074397803629,-90.22824996604912
38.58073713559844,-90.22825720960425
38.58073029315987,-90.22826445315829
38.58072366027879,-90.22827147486846
38.580716817838834,-90.22827871842033
38.58070997539814,-90.22828596197111
38.58070274899006,-90.2282936119958
38.58069590654791,-90.22830085554433
38.58068906410502,-90.22830809909178
38.580681837694684,-90.22831574911288
38.58067499525032,-90.22832299265808
38.580668152805245,-90.22833023620218
38.58066092639263,-90.2283378862197
38.580654083946065,-90.22834512976158
38.58064724149879,-90.22835237330236
38.58064001508391,-90.2283600233163
38.58063317263515,-90.22836726685483
38.58062633018568,-90.22837451039227
38.58061910376851,-90.22838216040263
38.58061226131757,-90.22838940393783
38.580605628425026,-90.22839642562914
38.58059878597269,-90.22840366916218
38.58059194351963,-90.22841091269409
38.58058471709874,-90.22841856269856
38.580577874644206,-90.22842580622824
38.58057103218894,-90.22843304975683
38.580563803924115,-90.22844070422107
38.58055703276623,-90.22844804942761
38.58054987599412,-90.2284558129381
38.58054310483472,-90.22846315814239
38.580535948061055,-90.22847092165048
38.580529176900136,-90.22847826685255
38.58052202012489,-90.22848603035824
38.580515248962456,-90.22849337555809
38.580508092185646,-90.2285011390614
38.58050132102171,-90.228508484259
38.58049474593893,-90.22851561675061
38.580487974773554,-90.22852296194606
38.580480817993674,-90.22853072544468
38.58047404682679,-90.2285380706379
38.58046689004535,-90.22854583413412
38.58046011887694,-90.2285531793251
38.580452962093936,-90.22856094281894
38.580445805310134,-90.22856870631152
38.58043903413944,-90.22857605149913
38.58043187735407,-90.22858381498934
38.58042510618186,-90.2285911601747
38.58041794939491,-90.22859892366252
38.5804111782212,-90.22860626884567
38.580404021432685,-90.2286140323311
38.58039725025745,-90.228621377512
38.58039067516418,-90.2286285099869
38.5803838214576,-90.22863572213363
38.58037695955642,-90.22864293705746
38.580369714182375,-90.22865055518061
38.58036285227972,-90.2286577701022
38.58035599037636,-90.22866498502269
38.58034874500006,-90.22867260314226
38.580341883095244,-90.2286798180605
38.580335021189704,-90.22868703297765
38.58032777581114,-90.22869465109363
38.58032091390414,-90.22870186600854
38.58031405199643,-90.22870908092234
38.5803068066156,-90.22871669903475
38.58029994470643,-90.2287239139463
38.580293082796544,-90.22873112885674
38.580285837413456,-90.22873874696558
38.58027897550211,-90.22874596187378
38.580272113590034,-90.2287531767809
38.58026486820471,-90.22876079488616
38.580258006291174,-90.22876800979101
38.58025114437693,-90.22877522469477
38.580243898989345,-90.22878284279643
38.58023703707363,-90.22879005769795
38.580230175157205,-90.22879727259837
38.580222929767366,-90.22880489069647
38.58021606784948,-90.22881210559463
38.58020920593088,-90.2288193204917
38.58020196053878,-90.22882693858621
38.58019509861872,-90.22883415348103
38.58018823669792,-90.22884136837477
38.580180991303585,-90.22884898646569
38.580174129381334,-90.22885620135716
38.58016786426024,-90.22886278874715
38.580161002336624,-90.22887000363652
38.58015375693937,-90.22887762172277
38.580146895014295,-90.2288848366099
38.580140033088504,-90.22889205149593
38.58013278768899,-90.22889966957861
38.58012592576174,-90.22890688446239
38.58011906383379,-90.22891409934508
38.58011181843203,-90.22892171742417
38.5801049565026,-90.2289289323046
38.58009809457245,-90.22893614718394
38.580090849168435,-90.22894376525947
38.580083987236826,-90.22895098013656
38.5800771253045,-90.22895819501255
38.580069879898225,-90.2289658130845
38.580063017964456,-90.22897302795823
38.58005615602995,-90.2289802428309
38.580048910621414,-90.22898786089925
38.580042048685456,-90.22899507576965
38.58003518674878,-90.22900229063895
38.58002794133798,-90.22900990870373
38.58002107939985,-90.22901712357077
38.58001421746099,-90.22902433843673
38.580006972047954,-90.22903195649795
38.58000011010763,-90.22903917136165
38.5799932481666,-90.22904638622427
38.5799860027513,-90.22905400428189
38.57997914080882,-90.22906121914224
38.57997227886558,-90.2290684340015
38.57996503344803,-90.22907605205555
38.57995817150337,-90.22908326691258
38.57995130955798,-90.22909048176848
38.57994466094255,-90.2290974723211
38.579937798995765,-90.22910468717487
38.57993093704828,-90.22911190202751
38.579923691626306,-90.22911952007448
38.579916829677344,-90.22912673492488
38.57990996772766,-90.22913394977421
38.57990272230344,-90.22914156781758
38.5798958603523,-90.22914878266464
38.579888998400456,-90.2291559975106
38.57988175297397,-90.22916361555042
38.57987489102066,-90.22917083039411
38.57986802906662,-90.22917804523674
38.57986078363788,-90.22918566327297
38.57985392168239,-90.22919287811334
38.57984705972619,-90.22920009295261
38.57983981429519,-90.22920771098525
38.579832952337526,-90.22921492582228
38.579826090379136,-90.22922214065821
38.57981884494588,-90.22922975868728
38.57981198298604,-90.22923697352095
38.57980512102547,-90.22924418835353
38.57979825906419,-90.22925140318503
38.57979101362794,-90.22925902120936
38.5797841516652,-90.22926623603858
38.57977728970173,-90.22927345086674
38.579770047193826,-90.2292810718227
38.57976324994046,-90.229288380376
38.57975606763968,-90.22929610293856
38.57974985637457,-90.22930278142124
38.579742674072335,-90.2293105039815
38.57973587681603,-90.22931781253041
38.579729079559016,-90.22932512107825
38.57972189725445,-90.22933284363495
38.579715099995944,-90.22934015218054
38.579707917689824,-90.22934787473484
38.579701120429796,-90.2293551832782
38.57969393812213,-90.22936290583009
38.579687140860614,-90.22937021437122
38.57967995855141,-90.2293779369207
38.57967316128838,-90.2293852454596
38.57966695001533,-90.22939192392995
38.57965976770387,-90.22939964647595
38.57965297043871,-90.22940695501161
38.5796457881257,-90.22941467755523
38.579638990859024,-90.22942198608864
38.57963180854447,-90.22942970862985
38.57962501127629,-90.22943701716105
38.579618214007375,-90.22944432569113
38.57961103169051,-90.2294520482288
38.579604234420096,-90.22945935675666
38.579597052101676,-90.22946707929192
38.57959025482976,-90.22947438781753
38.57958365850145,-90.2294814802839
38.57957686122813,-90.22948878880734
38.57956967890667,-90.22949651133789
38.57956288163184,-90.22950381985912
38.57955608435627,-90.22951112837926
38.57954890203251,-90.22951885090623
38.57954210475544,-90.22952615942415
38.57953492243013,-90.22953388194874
38.57952812515156,-90.22954119046442
38.57952094282468,-90.22954891298662
38.57951414554462,-90.22955622150003
38.57950734826382,-90.22956353001238
38.57950016593464,-90.22957125253102
38.57949395464504,-90.22957793097564
38.57948677231439,-90.22958565349195
38.57947997503066,-90.2295929619999
38.57947279269845,-90.22960068451383
38.57946599541323,-90.22960799301953
38.57945881307948,-90.22961571553105
38.57945201579275,-90.22962302403454
38.579445218505285,-90.22963033253693
38.57943803616923,-90.22963805504489
38.57943123888026,-90.22964536354505
38.579424056542635,-90.22965308605062
38.579417259252175,-90.22966039454853
38.57941066290666,-90.22966748698715
38.57940386561478,-90.22967479548292
38.579396685295045,-90.22968251563378
38.57938985519974,-90.22968977713617
38.57938302510374,-90.22969703863748
38.579376195007,-90.22970430013768
38.57936898063027,-90.22971197018781
38.57936215053205,-90.22971923168578
38.57935591188227,-90.22972586437689
38.57934869750335,-90.22973353442352
38.579341867402995,-90.22974079591823
38.57933503730192,-90.22974805741187
38.57932820720011,-90.22975531890442
38.579320992818154,-90.22976298894632
38.57931416271486,-90.22977025043663
38.579307924060565,-90.2297768831206
38.5793007096764,-90.22978455315902
38.57929387957098,-90.22979181464606
38.579287049464845,-90.22979907613202
38.579279835078395,-90.22980674616687
38.57927300497077,-90.22981400765059
38.579266174862425,-90.22982126913323
38.57925934475335,-90.22982853061477
38.5792527218142,-90.22983557184028
38.57924589170373,-90.22984283331967
38.579239061592524,-90.22985009479794
38.57923184720084,-90.22985776482459
38.57922501708815,-90.22986502630063
38.579218186974735,-90.22987228777558
38.5792113568606,-90.22987954924946
38.57920473391676,-90.22988659046732
38.579197903801216,-90.22989385193901
38.579191073684946,-90.22990111340962
38.579183859288015,-90.22990878342804
38.57917702917027,-90.22991604489641
38.5791701990518,-90.2299233063637
38.57916298465259,-90.22993097637854
38.579156745984065,-90.22993760904008
38.579149915863454,-90.22994487050413
38.579143090522805,-90.22995213908364
38.57913588101937,-90.22995981719237
38.579129055916646,-90.22996708591307
38.57912184641167,-90.22997476401939
38.57911502130748,-90.22998203273787
38.579108196202554,-90.22998930145523
38.57910098669529,-90.229996979558
38.579094161588884,-90.23000424827312
38.57908695208008,-90.23001192637349
38.5790801269722,-90.23001919508636
38.57907330186359,-90.23002646379815
38.579066092352484,-90.23003414189495
38.57905926724239,-90.23004141060451
38.57905205772976,-90.23004908869889
38.57904582323234,-90.23005572840535
38.579038998120105,-90.23006299711165
38.57903178860528,-90.23007067520254
38.57902496349156,-90.23007794390661
38.57901775397519,-90.2300856219951
38.57901092886,-90.2300928906969
38.57900410374407,-90.23010015939764
38.578996894225405,-90.23010783748255
38.578990069108,-90.23011510618103
38.578982859587796,-90.23012278426356
38.57897603446891,-90.2301300529598
38.57896920934929,-90.23013732165495
38.57896199982681,-90.2301449997339
38.578955174705705,-90.2301522684268
38.57894796518168,-90.23015994650335
38.5789411400591,-90.23016721519402
38.57893431493578,-90.23017448388359
38.57892710540946,-90.23018216195658
38.57892028028467,-90.23018943064389
38.57891366137249,-90.23019647971513
38.5789068362463,-90.23020374840029
38.57889997090774,-90.23021095462444
38.57889271935491,-90.23021856227442
38.57888585111663,-90.23022576778479
38.57887898287765,-90.23023297329405
38.57887173132258,-90.23024058094045
38.578864863082124,-90.23024778644745
38.57885799484096,-90.23025499195337
38.57885112659908,-90.23026219745822
38.57884387504102,-90.23026980509985
38.57883700679767,-90.23027701060244
38.578830138553634,-90.23028421610391
38.578822886993315,-90.23029182374198
38.5788160187478,-90.23029902924121
38.57880915050157,-90.23030623473933
38.57880189893902,-90.23031384237382
38.57879503069134,-90.2303210478697
38.57878816244294,-90.23032825336449
38.57878091087813,-90.23033586099538
38.578774042628275,-90.2303430664879
38.578767174377695,-90.23035027197936
38.57876030612642,-90.2303574774697
38.57875305455861,-90.23036508509585
38.57874618630587,-90.23037229058396
38.578739318052406,-90.23037949607095
38.57873206648237,-90.23038710369352
38.578725198227446,-90.23039430917827
38.57871832997181,-90.23040151466192
38.57871167626311,-90.23040849506275
38.578704808006094,-90.23041570054423
38.57869793974837,-90.23042290602461
38.5786906881739,-90.23043051364009
38.57868381991472,-90.23043771911823
38.57867695165482,-90.23044492459528
38.57866970007811,-90.23045253220717
38.57866283181675,-90.23045973768194
38.578655963554674,-90.23046694315565
38.57864909529188,-90.23047414862825
38.5786418437122,-90.23048175623539
38.57863497544793,-90.23048896170575
38.578628107182965,-90.230496167175
38.57862085560103,-90.23050377477857
38.57861398733459,-90.23051098024558
38.57860711906746,-90.23051818571149
38.57859986748328,-90.23052579331147
38.57859299921468,-90.23053299877512
38.57858613094536,-90.23054020423768
38.57857887935893,-90.23054781183409
38.57857201108816,-90.23055501729438
38.57856514281667,-90.23056222275362
38.57855827454448,-90.23056942821174
38.57855102295505,-90.23057703580338
38.578544154681396,-90.23058424125925
38.57853728640701,-90.23059144671404
38.57853003481534,-90.23059905430209
38.57852316653951,-90.23060625975462
38.57851629826296,-90.23061346520605
38.578509046669026,-90.23062107279053
38.57850277625697,-90.23062765102395
38.57849590797832,-90.23063485647214
38.57848865638223,-90.2306424640531
38.57848178810213,-90.230649669499
38.57847491982132,-90.23065687494383
38.57846805153979,-90.23066408038756
38.57846079994071,-90.23067168796379
38.57845393165771,-90.23067889340527
38.57844706337401,-90.23068609884565
38.57843981177268,-90.2306937064183
38.57843294348753,-90.23070091185642
38.57842607520164,-90.23070811729345
38.578418823598064,-90.23071572486252
38.57841195531074,-90.2307229302973
38.57840508702269,-90.23073013573097
38.57839783541685,-90.23073774329647
38.578390967127355,-90.23074494872789
38.57838409883714,-90.23075215415822
38.578377230546195,-90.23075935958747
38.57836997893738,-90.23076696714821
38.57836311064499,-90.2307741725752
38.57835624235188,-90.2307813780011
38.578348990740814,-90.23078898555826
38.578342122446244,-90.23079619098189
38.57833525415097,-90.23080339640444
38.57832800253765,-90.23081100395802
38.57832113424091,-90.23081820937831
38.578314265943455,-90.23082541479751
38.57830701432788,-90.23083302234751
38.57830014602898,-90.23084022776446
38.57829387559761,-90.23084680596699
38.578286979489896,-90.2308539676654
38.57827969848271,-90.23086152465208
38.578272799968296,-90.23086868464608
38.578265901453186,-90.23087584463899
38.57825900293736,-90.2308830046308
38.57825172192724,-90.2308905616127
38.578244823409975,-90.23089772160225
38.57823792489198,-90.23090488159072
38.57823102637331,-90.23091204157807
38.57822374536023,-90.23091959855519
38.57821684684012,-90.23092675854029
38.57820994831929,-90.23093391852429
38.57820304979776,-90.2309410785072
38.57819615127552,-90.23094823848902
38.57818887025876,-90.23095579546022
38.578181971735084,-90.23096295543976
38.5781750732107,-90.23097011541823
38.57816817468561,-90.23097727539557
38.5781608936659,-90.23098483236203
38.57815399513937,-90.23099199233712
38.57814709661214,-90.23099915231111
38.5781401980842,-90.23100631228401
38.57813291706154,-90.2310138692457
38.578126018532146,-90.23102102921635
38.578119120002064,-90.23102818918589
38.57811222147126,-90.23103534915435
38.57810532293976,-90.2310425091217
38.57809804191342,-90.23105006607744
38.57809114338048,-90.23105722604255
38.57808424484684,-90.23106438600655
38.57807794932323,-90.23107092010693
38.578070668294025,-90.23107847705799
38.5780637697583,-90.23108563701874
38.57805687122188,-90.23109279697834
38.57804997268475,-90.23109995693689
38.57804269165259,-90.23110751388319
38.57803579311402,-90.23111467383947
38.57802889457475,-90.23112183379465
38.578021996034764,-90.23112899374871
38.57801509749407,-90.2311361537017
38.57800781645822,-90.23114371064209
38.578000917916114,-90.23115087059278
38.57799401937328,-90.23115803054242
38.577987120829725,-90.23116519049097
38.57797983979093,-90.23117274742657
38.57797294124595,-90.23117990737283
38.577966042700275,-90.23118706731802
38.57795914415388,-90.2311942272621
38.57795186311214,-90.23120178419293
38.57794496456429,-90.23120894413476
38.57793806601576,-90.23121610407547
38.57793116746652,-90.23122326401511
38.57792426891657,-90.23123042395363
38.57791698787114,-90.23123798087855
38.57791008931976,-90.23124514081482
38.57790319076766,-90.23125230074999
38.57789629221485,-90.23125946068406
38.57788901116647,-90.23126701760422
38.57788211261223,-90.23127417753604
38.577875214057286,-90.23128133746677
38.57786891851468,-90.23128787153632
38.5778620199584,-90.23129503146492
38.57785473890642,-90.23130258837924
38.5778478403487,-90.23130974830558
38.577840941790264,-90.23131690823084
38.57783404323113,-90.23132406815499
38.5778267621762,-90.23133162506454
38.577819863615616,-90.23133878498643
38.577812965054335,-90.23134594490723
38.57780606649235,-90.23135310482694
38.57779878543446,-90.23136066173173
38.57779188687104,-90.23136782164916
38.577784988306895,-90.23137498156552
38.57777808974206,-90.23138214148076
38.57777119117652,-90.23138930139493
38.577763910114946,-90.23139685829378
38.57775701154795,-90.23140401820568
38.57775011298026,-90.23141117811646
38.57774321441186,-90.23141833802617
38.57773593334735,-90.23142589492026
38.57772903477751,-90.23143305482772
38.577722136206965,-90.23144021473405
38.57771523763571,-90.23144737463932
38.57770795656825,-90.23145493152863
38.57770105799556,-90.23146209143162
38.577694159422165,-90.23146925133352
38.57768726084805,-90.23147641123431
38.57768036227325,-90.23148357113402
38.57767308120209,-90.23149112801742
38.577666182625855,-90.23149828791486
38.577659887064264,-90.23150482195358
38.57765298848667,-90.2315119818489
38.57764570741266,-90.23151953872762
38.57763880883363,-90.23152669862068
38.57763191025389,-90.23153385851266
38.577625011673454,-90.23154101840355
38.57761773059649,-90.2315485752775
38.577610832014614,-90.23155573516611
38.57760393343202,-90.23156289505363
38.57759703484873,-90.23157005494006
38.57759013626474,-90.23157721482539
38.57758285518409,-90.23158477169342
38.57757595659865,-90.23159193157647
38.5775690580125,-90.23159909145846
38.57756215942565,-90.23160625133933
38.57755487834207,-90.2316138082026
38.57754797975377,-90.2316209680812
38.577541081164775,-90.23162812795873
38.577534182575064,-90.23163528783516
38.577526901488525,-90.23164284469367
38.5775200036313,-90.23165000567289
38.57751313072641,-90.23165720422358
38.577506257820794,-90.23166440277318
38.57749900171427,-90.23167200267808
38.577492128807215,-90.23167920122542
38.57748525589944,-90.23168639977168
38.57747898163478,-90.23169297130947
38.57747172552536,-90.2317005712097
38.5774648526155,-90.23170776975269
38.57745797970492,-90.23171496829457
38.57745072359325,-90.23172256819122
38.57744385068122,-90.23172976673087
38.577436977768464,-90.23173696526939
38.577430104855,-90.23174416380685
38.577422848740355,-90.23175176369874
38.57741597582543,-90.23175896223394
38.57740910290979,-90.23176616076805
38.57740222999344,-90.23177335930106
38.57739497387582,-90.2317809591882
38.57738810095801,-90.23178815771894
38.5773812280395,-90.23179535624861
38.57737435512026,-90.23180255477718
38.577367098999645,-90.23181015465957
38.57736082472412,-90.23181672617989
38.5773539518028,-90.2318239247052
38.57734669568002,-90.23183152458408
38.577339822757246,-90.23183872310712
38.57733294983375,-90.23184592162907
38.57732607690955,-90.23185312014994
38.57731882078378,-90.23186072002409
38.57731194785812,-90.23186791854269
38.57730507493175,-90.23187511706021
38.57729820200466,-90.23188231557663
38.577290945875916,-90.23188991544602
38.57728407294736,-90.23189711396019
38.57727720001811,-90.23190431247326
38.57726994388712,-90.23191191233906
38.57726307095641,-90.23191911084987
38.577256198024976,-90.23192630935961
38.577249325092836,-90.23193350786823
38.577242667605354,-90.23194048072467
38.57723579467182,-90.23194767923111
38.577228921737586,-90.23195487773648
38.57722204880266,-90.23196207624075
38.57721479266577,-90.23196967609714
38.577207919729375,-90.23197687459916
38.57720110624562,-90.23198416246574
38.57719391008846,-90.23199186251156
38.57718709866814,-90.23199915087865
38.57718028724708,-90.23200643924464
38.57717309108764,-90.23201413928692
38.57716627966508,-90.23202142765066
38.57715967182691,-90.23202849817314
38.57715286040295,-90.23203578653472
38.57714604897824,-90.23204307489526
38.57713885281503,-90.23205077493162
38.57713204138886,-90.2320580632899
38.57712522996193,-90.2320653516471
38.57711803379642,-90.2320730516799
38.577111222368,-90.23208034003486
38.57710461452439,-90.23208741054852
38.577097803094574,-90.2320946989013
38.57709099166401,-90.232101987253
38.57708379549473,-90.23210968727994
38.57707698406269,-90.23211697562941
38.57707017262992,-90.23212426397778
38.577062976458336,-90.23213196400116
38.57705616502406,-90.23213925234731
38.57704935358907,-90.23214654069234
38.577042745739334,-90.2321536111961
38.57703593430292,-90.232160899539
38.577028738127574,-90.23216859955649
38.57702192668966,-90.23217588789714
38.57701511525103,-90.2321831762367
38.57700791907338,-90.23219087625064
38.57700110763326,-90.23219816458797
38.5769942961924,-90.2322054529242
38.576987100012445,-90.23221315293459
38.57698087689495,-90.23221981175323
38.57697368071354,-90.23222751176128
38.576966869269775,-90.23223480009312
38.57696005782528,-90.23224208842389
38.57695286164157,-90.23224978842836
38.57694605019558,-90.23225707675688
38.576939238748864,-90.2322643650843
38.576932042562845,-90.23227206508524
38.576925231114636,-90.23227935341043
38.57691900799125,-90.2322860122199
38.57691181180302,-90.23229371221734
38.57690500035266,-90.2323010005393
38.5768978041629,-90.23230870053433
38.57689099271104,-90.23231598885404
38.576884181258464,-90.23232327717265
38.576876985066384,-90.23233097716415
38.5768701736123,-90.23233826548052
38.57686336215752,-90.23234555379581
38.5768567542894,-90.23235262426981
38.576849942833185,-90.23235991258294
38.57684274663734,-90.23236761256855
38.57683593517963,-90.23237490087944
38.5768291237212,-90.23238218918924
38.576821927523056,-90.23238988917129
38.576815116063116,-90.23239717747886
38.57680830460246,-90.23240446578534
38.57680169672892,-90.23241153625051
38.57679488526684,-90.23241882455484
38.57678807380403,-90.23242611285808
38.576780877601365,-90.23243381283308
38.57677406613707,-90.23244110113406
38.57676686993286,-90.23244880110668
38.57676005846706,-90.23245608940543
38.576753247000546,-90.2324633777031
38.57674605079403,-90.23247107767216
38.57673982765363,-90.23247773645497
38.57673301618497,-90.2324850247494
38.576725819976225,-90.23249272471496
38.57671900850607,-90.23250001300714
38.57671181229579,-90.2325077129703
38.576705000824134,-90.23251500126025
38.57669818935175,-90.23252228954911
38.57669099313918,-90.23252998950872
38.57668418166531,-90.23253727779533
38.576677958519035,-90.23254393656896
38.576670762304225,-90.23255163652507
38.57666395082821,-90.23255892480846
38.57665713935146,-90.23256621309075
38.576649943134356,-90.2325739130433
38.57664313165612,-90.23258120132334
38.576635935437466,-90.23258890127352
38.57662912395772,-90.23259618955132
38.57662231247727,-90.23260347782804
38.576615704585365,-90.23261054826344
38.576608893103476,-90.23261783653801
38.57660208162088,-90.23262512481148
38.576594885397704,-90.2326328247546
38.576588073913605,-90.23264011302584
38.57658087768889,-90.23264781296655
38.57657406620331,-90.23265510123555
38.57656725471697,-90.23266238950346
38.57656005848997,-90.23267008944062
38.57655383533191,-90.2326767481958
38.57654699784441,-90.23268399667191
38.57653977442635,-90.23269165172823
38.57653293507735,-90.23269889976343
38.576526095727615,-90.23270614779754
38.57651925637717,-90.23271339583056
38.57651203295609,-90.23272105088216
38.57650519360415,-90.23272829891295
38.57649894723198,-90.23273491852942
38.57649172380871,-90.23274257357753
38.57648488445466,-90.23274982160505
38.57647804509988,-90.23275706963148
38.576470821674334,-90.23276472467603
38.57646398231809,-90.23277197270019
38.57645714296111,-90.23277922072329
38.576450303603416,-90.2327864687453
38.57644308017483,-90.2327941237851
38.576436833796855,-90.23280074339236
38.57642999443703,-90.23280799141111
38.576422771006264,-90.23281564644743
38.57641593164497,-90.23282289446394
38.57640909228294,-90.23283014247936
38.576401868849906,-90.23283779751209
38.57639502948641,-90.23284504552527
38.57638819012221,-90.23285229353733
38.57638135075726,-90.23285954154835
38.57637472030307,-90.23286656816457
38.57636788093674,-90.23287381617338
38.57636104156966,-90.23288106418111
38.576353818131416,-90.23288871920565
38.57634697876287,-90.23289596721112
38.57634013939362,-90.23290321521553
38.57633291595306,-90.2329108702365
38.57632607658234,-90.23291811823863
38.576319237210875,-90.2329253662397
38.57631299082127,-90.2329319858286
38.57630584136192,-90.23293976170157
38.57629908239101,-90.23294712376378
38.576291937524495,-90.23295490615233
38.57628517855208,-90.2329622682123
38.57627861335673,-90.23296941920312
38.57627185438286,-90.23297678126094
38.57626509540825,-90.2329841433177
38.576257950537894,-90.23299192570039
38.57625119156177,-90.23299928775492
38.57624404668983,-90.23300707013524
38.57623786738539,-90.23301380079265
38.576230722511966,-90.23302158317067
38.57622396353286,-90.2330289452208
38.576217204553025,-90.23303630726988
38.57621005967725,-90.23304408964435
38.57620388036949,-90.23305082029668
38.576196735492225,-90.23305860266885
38.57618997650942,-90.23306596471355
38.57618283163057,-90.23307374708332
38.57617607264624,-90.2330811091258
38.57616931366117,-90.23308847116719
38.57616274845406,-90.23309562213937
38.57615598946754,-90.23310298417864
38.576148844584864,-90.23311076654257
38.57614208559681,-90.23311812857959
38.57613532660802,-90.23312549061554
38.57612876139748,-90.23313264158224
38.576122002407246,-90.23314000361606
38.57611485752071,-90.23314778597413
38.57610809852896,-90.23315514800571
38.576100953640854,-90.23316293036142
38.57609419464759,-90.23317029239075
38.576088015328516,-90.2331770230258
38.57608087043815,-90.23318480537804
38.576074111442686,-90.23319216740418
38.576066966550734,-90.23319994975401
38.57606020755374,-90.23320731177792
38.57605364233559,-90.23321446273253
38.576046883337156,-90.2332218247543
38.576040124337986,-90.23322918677496
38.57603297944218,-90.23323696911896
38.576026220441484,-90.23324433113743
38.57601907554412,-90.23325211347901
38.57601289621774,-90.23325884410288
38.57600575131889,-90.23326662644217
38.57599899231523,-90.23327398845625
38.57599223331081,-90.23328135046926
38.575985088409595,-90.23328913280501
38.57597890907989,-90.2332958634238
38.57597176417719,-90.23330364575726
38.57596500516983,-90.23331100776588
38.57595786026555,-90.23331879009694
38.57595110125665,-90.23332615210336
38.57594434224699,-90.23333351410868
38.57593777701709,-90.23334066504466
38.575931018006,-90.23334802704785
38.57592387309788,-90.23335580937307
38.575917114085264,-90.23336317137402
38.57590996917557,-90.23337095369686
38.575903789838556,-90.23337768430443
38.57590518154184,-90.23338895440436
38.57590688164384,-90.23340002972606
38.57590872954979,-90.23341206792558
38.575910392527206,-90.23342290141395
38.57591209262586,-90.23343397673635
38.57591379272342,-90.23344505205897
38.57591549281989,-90.23345612738174
38.57591715579314,-90.23346696087152
38.57591900369197,-90.23347899907274
38.575920703785094,-90.23349007439626
38.57592236675515,-90.23350090788716
38.57592406684615,-90.23351198321119
38.57592576693604,-90.2335230585354
38.57592761482887,-90.23353509673794
38.57592927779471,-90.23354593023033
38.57593097788126,-90.23355700555526
38.575932677966705,-90.23356808088037
38.57593434092943,-90.23357891437384
38.57593604101273,-90.23358998969945
38.575937888898444,-90.23360202790369
38.57593958897948,-90.23361310322971
38.57594125193795,-90.23362393672465
38.57594295201684,-90.2336350120512
38.57594465209461,-90.23364608737789
38.57594646285302,-90.23365788375261
38.57594816292857,-90.23366895907986
38.57594986300303,-90.2336800344073
38.57595156307638,-90.2336911097349
38.5759532260275,-90.23370194323242
38.5759549123101,-90.2337135265752
38.575956321986446,-90.2337249391164
38.57595760880892,-90.23373607396927
38.57595898734091,-90.23374800239368
38.57596025277623,-90.2337589522033
38.57596153959536,-90.23377008705647
38.57596291812384,-90.2337820154817
38.57596418355594,-90.23379296529205
38.575965470371756,-90.2338041001455
38.57596684889671,-90.23381602857155
38.5759681143256,-90.23382697838262
38.57596949284822,-90.23383890680935
38.575970779659535,-90.23385004166325
38.57597204508519,-90.23386099147505
38.57597342360431,-90.23387291990261
38.57597471041228,-90.23388405475677
38.57597597583471,-90.2338950045693
38.575977354350336,-90.23390693299768
38.57597864115499,-90.23391806785214
38.575980019668215,-90.23392999628105
38.5759812850863,-90.23394094609462
38.57598257188762,-90.23395208094934
38.57598395039734,-90.23396400937906
38.575985215812196,-90.23397495919338
38.575986502610185,-90.23398609404839
38.575987881116404,-90.23399802247896
38.57598914652804,-90.23400897229396
38.57599041193864,-90.23401992210927
38.57599181182541,-90.23403203558065
38.57599307723382,-90.2340429853964
38.575994455734175,-90.23405491382847
38.57599574252435,-90.2340660486842
38.57599700792954,-90.23407699850065
38.57599838642639,-90.23408892693355
38.57599967321323,-90.23410006178958
38.576000938615195,-90.23411101160677
38.57600231710855,-90.2341229400405
38.576003603892055,-90.23413407489679
38.57600498238301,-90.23414600333103
38.57600624778063,-90.23415695314927
38.576007534560816,-90.23416808800584
38.57600891304827,-90.23418001644093
38.57601017844267,-90.23419096625987
38.57601144383603,-90.2342019160791
38.57601284370346,-90.23421402955265
38.57601410909463,-90.23422497937233
38.576015374484776,-90.23423592919227
38.576016774348595,-90.23424804266621
38.576018039736546,-90.2342589924866
38.57601941821464,-90.23427092092403
38.57602070498366,-90.2342820557816
38.576021970368394,-90.23429300560274
38.57602334884299,-90.23430493404098
38.576024635608675,-90.23431606889885
38.576025900990174,-90.23432701872068
38.576027279461265,-90.23433894715977
38.57602856622363,-90.23435008201791
38.57602994469234,-90.2343620104575
38.57603121006948,-90.2343729602804
38.57603249682851,-90.23438409513882
38.57603387529371,-90.23439602357924
38.57603514066765,-90.23440697340284
38.57603640604054,-90.23441792322676
38.57603780588503,-90.2344300367028
38.57603907125574,-90.23444098652715
38.57604044971509,-90.23445291496907
38.57604173646629,-90.23446404982822
38.57604300183377,-90.23447499965329
38.57604438028961,-90.23448692809603
38.57604566703749,-90.23449806295545
38.576046932401745,-90.23450901278126
38.57604831085408,-90.23452094122484
38.57604959759862,-90.23453207608455
38.576050862959654,-90.23454302591107
38.57605224140848,-90.23455495435547
38.57605352814971,-90.23456608921546
38.57605490659615,-90.23457801766038
38.57605617195283,-90.23458896748794
38.57605743730848,-90.23459991731578
38.57605883713366,-90.23461203079398
38.5760601024871,-90.23462298062225
38.57606136783954,-90.23463393045081
38.57606276766109,-90.2346460439294
38.57606403301134,-90.2346569937584
38.576065411448425,-90.23466892220567
38.57606669817849,-90.23468005706667
38.576067963525496,-90.23469100689638
38.57606934195908,-90.23470293534447
38.57607062868582,-90.23471407020574
38.576071894029596,-90.23472502003621
38.57607327245966,-90.23473694848514
38.57607455918306,-90.23474808334669
38.576075824523635,-90.23475903317785
38.576077202950195,-90.2347709616276
38.57607848967027,-90.23478209648945
38.57607986809445,-90.23479402493972
38.57608113343068,-90.23480497477193
38.57608239876586,-90.23481592460442
38.576083798568085,-90.23482803808515
38.57608506390109,-90.23483898791808
38.57608632923305,-90.23484993775129
38.576087731368354,-90.2348620542313
38.57608907992193,-90.23487298386539
38.57609057316421,-90.23488508616937
38.57609192171561,-90.23489601580401
38.57609327026598,-90.23490694543895
38.576094763504656,-90.23491904774345
38.57609611205285,-90.23492997737891
38.57609748490332,-90.23494110398703
38.576098953835064,-90.23495300931971
38.57610030238004,-90.23496393895603
38.57610179561266,-90.23497604126135
38.576103144155454,-90.23498697089819
38.576104517000324,-90.23499809750695
38.576105985926226,-90.23501000284118
38.5761073344658,-90.23502093247886
38.576108707307355,-90.23503205908804
38.576110176229754,-90.23504396442324
38.57611154906905,-90.23505509103262
38.57611301798907,-90.23506699636843
38.57611436652326,-90.23507792600748
38.576115739359224,-90.23508905261728
38.576117208275754,-90.23510095795403
38.57611858110947,-90.23511208456408
38.57612005002362,-90.23512398990144
38.57612139855241,-90.23513491954185
38.576122771382806,-90.23514604615228
38.57612424029345,-90.23515795149059
38.57612561312159,-90.23516907810128
38.5761269616461,-90.2351800077427
38.576128430553254,-90.23519191308199
38.576129803378066,-90.23520303969305
38.57613127228285,-90.23521494503294
38.576132645105396,-90.23522607164423
38.57613399362452,-90.23523700128703
38.57613546252581,-90.2352489066279
38.576136835345025,-90.23526003323958
38.57613818386094,-90.23527096288325
38.5761396770609,-90.23528306519297
38.57614102557462,-90.23529399483716
38.576142494470055,-90.23530590017957
38.5761438672837,-90.23531702679189
38.576145215794206,-90.23532795643692
38.57614670898811,-90.23534005874747
38.57614805749644,-90.23535098839302
38.576149526386,-90.235362893737
38.576150899194054,-90.23537402034997
38.57615224769917,-90.23538494999634
38.576153740887015,-90.23539705230773
38.57615508938995,-90.23540798195467
38.576156437891854,-90.2354189116019
38.576157931076104,-90.23543101391381
38.576159279575826,-90.23544194356155
38.576160772757625,-90.23545404587378
38.576162121255166,-90.23546497552206
38.57616349405319,-90.2354761021361
38.57616496292986,-90.2354880074834
38.57616631142419,-90.23549893713253
38.57616768421889,-90.23551006374697
38.57616915309207,-90.23552196909522
38.576170525884514,-90.2355330957099
38.57617199475531,-90.23554500105874
38.57617334324424,-90.23555593070925
38.57617471603337,-90.23556705732433
38.57617618490067,-90.23557896267414
38.57617755768753,-90.23559008928946
38.57617890617218,-90.23560101894097
38.57618037503599,-90.23561292429174
38.57618174781953,-90.23562405090746
38.57618321668097,-90.23563595625885
38.57618458946225,-90.23564708287478
38.57618593794151,-90.23565801252768
38.576187406799455,-90.23566991788
38.57618877957739,-90.23568104449636
38.576190248432965,-90.23569294984928
38.57619162120866,-90.23570407646586
38.57619296968252,-90.23571500612013
38.5761944385346,-90.23572691147402
38.57619581130696,-90.23573803809101
38.57619715977762,-90.2357489677461
38.57619865292677,-90.23576107006272
38.57620000139523,-90.23577199971834
38.57620147024145,-90.23578390507379
38.576202843008225,-90.23579503169142
38.57620419147349,-90.23580596134789
38.576205684616575,-90.23581806366533
38.576207033079655,-90.23582899332233
38.576208381541704,-90.23583992297965
38.57620987468118,-90.2358520252976
38.576211223141044,-90.23586295495545
38.576212716278086,-90.2358750572737
38.57621406473576,-90.23588598693208
38.57621541319241,-90.23589691659076
38.57621690632584,-90.23590901890955
38.57621825478031,-90.23591994856876
38.57621974791129,-90.23593205088787
38.57622109636357,-90.2359429805476
38.57622244481483,-90.23595391020766
38.576223937942196,-90.23596601252727
38.57622528639127,-90.23597694218785
38.57622665913913,-90.23598806880759
38.57622839161895,-90.23599990579343
38.57623002194769,-90.23601099472035
38.57623165227533,-90.23602208364741
38.57623339044342,-90.23603390607639
38.576235020768806,-90.23604499500394
38.576236651093126,-90.23605608393163
38.57623838925772,-90.23606790636181
38.57624001957977,-90.23607899528999
38.57624164990073,-90.2360900842183
38.57624324606171,-90.23610094080856
38.576245018380554,-90.23611299557848
38.57624664869817,-90.23612408450741
38.57624824485593,-90.23613494109871
38.576250017171155,-90.2361469958694
38.576251647485435,-90.23615808479899
38.57625324363999,-90.23616894139134
38.57625501595161,-90.23618099616277
38.576256646262536,-90.23619208509298
38.576258242413886,-90.2362029416864
38.57626001472186,-90.23621499645861
38.57626164502946,-90.23622608538945
38.5762632411776,-90.2362369419839
38.57626501348196,-90.23624899675687
38.57626664378621,-90.23626008568834
38.57626823993114,-90.23627094228385
38.57626987023324,-90.23628203121577
38.57627164253279,-90.23629408598968
38.57627323867451,-90.23630494258626
38.576274868973265,-90.23631603151878
38.576276641269196,-90.23632808629348
38.57627823740771,-90.2363389428911
38.576279867703136,-90.23635003182427
38.57628163999544,-90.23636208659971
38.576283236130756,-90.23637294319839
38.57628486642282,-90.23638403213218
38.57628663871151,-90.23639608690839
38.57628823484361,-90.23640694350811
38.57628986513233,-90.23641803244256
38.57629149541995,-90.23642912137711
38.57629323354629,-90.2364409438203
38.57629486383168,-90.23645203275535
38.57629649411596,-90.23646312169056
38.576298232238805,-90.23647494413493
38.57629986252085,-90.2364860330706
38.57630149280179,-90.23649712200644
38.576303230921155,-90.236508944452
38.57630486119985,-90.2365200333883
38.576306491477446,-90.23653112232476
38.576308229593316,-90.23654294477151
38.57630985986868,-90.23655403370846
38.57631149014295,-90.23656512264554
38.57631322825532,-90.23657694509347
38.576314858527326,-90.23658803403104
38.57631645464132,-90.23659889063676
38.57631808491119,-90.23660997957477
38.57631985717582,-90.23662203435609
38.5763214532866,-90.23663289096285
38.57632308355313,-90.23664397990147
38.576324855814136,-90.23665603468356
38.57632645192171,-90.23666689129138
38.576328082184894,-90.23667798023064
38.57632985444227,-90.2366900350135
38.57633145054665,-90.23670089162235
38.576333080806485,-90.23671198056226
38.57633485306024,-90.23672403534587
38.5763364491614,-90.23673489195579
38.5763380794179,-90.23674598089632
38.5763397096733,-90.23675706983698
38.576341447766,-90.23676889229165
38.57634307801915,-90.23677998123281
38.57634470827119,-90.2367910701741
38.57634644636042,-90.23680289262998
38.57634807661023,-90.23681398157176
38.576349706858934,-90.2368250705137
38.57635144494466,-90.23683689297074
38.576353075191136,-90.23684798191316
38.57635470543649,-90.2368590708557
38.57635644351873,-90.23687089331395
38.57635807376186,-90.23688198225699
38.57635970400389,-90.23689307120019
38.5763613000891,-90.2369039278153
38.57636307232242,-90.23691598260328
38.57636470256111,-90.2369270715471
38.57636629864311,-90.23693792816329
38.57636807087281,-90.23694998295201
38.57636970110815,-90.23696107189645
38.576371297186945,-90.2369719285137
38.57637306941302,-90.23698398330319
38.57637469964503,-90.23699507224825
38.5763762957206,-90.23700592886654
38.57637806794307,-90.23701798365681
38.576379698171735,-90.2370290726025
38.57638129424411,-90.23703992922185
38.576383066462945,-90.23705198401288
38.57638469668826,-90.23706307295922
38.576386292757434,-90.23707392957961
38.57638792298059,-90.23708501852637
38.57638969519462,-90.23709707331834
38.57639129126059,-90.23710792993981
38.5763929214804,-90.23711901888721
38.5763946936908,-90.23713107367992
38.57639628975357,-90.23714193030244
38.576397615656944,-90.23715307470731
38.57639903163041,-90.2371649938518
38.576400331485885,-90.237175935567
38.57640177002733,-90.2371880447012
38.576403069880605,-90.2371989864169
38.57640436973286,-90.23720992813288
38.57640580827069,-90.23722203726751
38.57640710812076,-90.23723297898398
38.576408524086006,-90.23724489813061
38.576409846504006,-90.2372560298358
38.57641114635086,-90.23726697155305
38.576412584882625,-90.23727908068838
38.57641388472728,-90.23729002240611
38.576415184570905,-90.23730096412412
38.57641662309906,-90.23731307325988
38.57641792294051,-90.23732401497838
38.57641933889637,-90.23733593412734
38.57642066130545,-90.23734706583339
38.576421961143666,-90.23735800755264
38.576423377096035,-90.2373699267025
38.576424699501786,-90.23738105840886
38.57642611545177,-90.23739297755925
38.57642741528566,-90.23740391927963
38.57642873768809,-90.23741505098634
38.576430153634576,-90.23742697013762
38.576431453465226,-90.23743791185876
38.57643289197884,-90.23745002099635
38.57643419180731,-90.23746096271796
38.57643551420415,-90.2374720944252
38.576436930144745,-90.2374840135779
38.57643822997,-90.2374949553003
38.57643955236351,-90.23750608700786
38.5764409683006,-90.23751800616145
38.57644226812264,-90.23752894788463
38.57644370662658,-90.23754105702335
38.57644500644643,-90.237551998747
38.57644630626525,-90.23756294047094
38.57644774476555,-90.23757504961011
38.57644904458219,-90.23758599133453
38.57645046051106,-90.23759791049028
38.5764517828945,-90.23760904219886
38.57645308270791,-90.23761998392406
38.57645449863328,-90.23763190308068
38.57645582101339,-90.2376430347896
38.57645723693638,-90.23765495394676
38.57645855931422,-90.23766608565586
38.576459859122224,-90.23767702738232
38.576461275041716,-90.23768894654037
38.576462597416224,-90.2377000782498
38.576463896146244,-90.23771102016886
38.57646531089919,-90.23772293962207
38.576466632163836,-90.23773407143528
38.57646793089617,-90.23774501342024
38.576469229627484,-90.23775595540549
38.576470666906935,-90.23776806468788
38.57647196563607,-90.2377790066736
38.57647326436416,-90.23778994865961
38.576474701639995,-90.23780205794245
38.57647600036589,-90.23781299992895
38.57647729909077,-90.23782394191574
38.57647862034551,-90.23783507372993
38.57648003508568,-90.23784699318628
38.57648133380734,-90.23785793517384
38.57648265505876,-90.23786906698835
38.57648406979542,-90.23788098644559
38.57648536851386,-90.23789192843392
38.57648668976195,-90.23790306024877
38.57648798847828,-90.23791400223755
38.576489403210324,-90.23792592169599
38.576490724455084,-90.23793705351117
38.57649202316821,-90.23794799550072
38.576493321880285,-90.23795893749056
38.57649475913817,-90.23797104677556
38.57649605784807,-90.23798198876588
38.576497356556935,-90.23799293075648
38.57649879381121,-90.23800504004193
38.5765000925179,-90.238015982033
38.57650139122354,-90.23802692402441
38.57650271245842,-90.23803805584053
38.57650412717767,-90.23804997530213
38.57650542588009,-90.23806091729429
38.57650674711163,-90.23807204911076
38.5765081618274,-90.23808396857325
38.57650946052661,-90.23809491056618
38.57651078175482,-90.23810604238298
38.57651208045193,-90.23811698437635
38.576513495163056,-90.23812890384004
38.57651481638794,-90.23814003565718
38.57651611508184,-90.23815097765132
38.576517413774695,-90.23816191964575
38.57651885101102,-90.23817402893336
38.57652014970169,-90.23818497092827
38.57652144839134,-90.23819591292346
38.57652288562405,-90.23820802221151
38.5765241843115,-90.23821896420719
38.576525505527556,-90.23823009602515
38.576526804212925,-90.23824103802127
38.57652821891126,-90.23825295748811
38.576529540123985,-90.2382640893064
38.576530838806136,-90.23827503130329
38.57653225606977,-90.2382869475041
38.576533649878556,-90.23829807177704
38.57653501864344,-90.23830899617798
38.5765365095637,-90.23832089553649
38.57653790336918,-90.23833201980986
38.57653927213085,-90.23834294421168
38.57654078809029,-90.23835504344261
38.57654215684978,-90.23836596784498
38.57654355065083,-90.23837709211882
38.576545041564074,-90.23838899147917
38.57654641032036,-90.23839991588238
38.576547804118086,-90.23841104015668
38.57654929502784,-90.23842293951799
38.57655068882331,-90.23843406379254
38.57655205757532,-90.23844498819683
38.5765535735239,-90.23845708742927
38.576554942273724,-90.2384680118341
38.57655631102253,-90.23847893623928
38.5765578269675,-90.23849103547225
38.576559195714125,-90.23850195987796
38.576560589501845,-90.2385130841534
38.5765620804011,-90.23852498351754
38.57656344914451,-90.23853590792412
38.576564842928896,-90.23854703219999
38.57656633382466,-90.23855893156512
38.576567727606786,-90.23857005584124
38.57656909634593,-90.23858098024887
38.57657061228005,-90.23859307948337
38.576571981017004,-90.23860400389155
38.576573349752934,-90.23861492830005
38.57657486568345,-90.23862702753509
38.57657623441721,-90.23863795194414
38.576577628191586,-90.23864907622118
38.576579119076825,-90.23866097558913
38.576580512848956,-90.2386720998664
38.576582003731836,-90.23868399923498
38.576583372460206,-90.23869492364544
38.57658476622899,-90.23870604792316
38.57658625710839,-90.23871794729271
38.57658765087493,-90.23872907157069
38.576589019599005,-90.23873999598221
38.57659051047491,-90.23875189535276
38.57659190423813,-90.23876301963115
38.57659327295901,-90.23877394404356
38.576594788872605,-90.23878604328098
38.57659615759131,-90.23879696769392
38.57659755135009,-90.23880809197279
38.57659904221897,-90.23881999134517
38.57660041093447,-90.23883091575898
38.576601804689936,-90.23884204003829
38.57660329555533,-90.23885393941165
38.576604689308525,-90.23886506369121
38.57660605801975,-90.23887598810607
38.57660757392249,-90.23888808734499
38.57660894263153,-90.23889901176041
38.576610311339536,-90.23890993617614
38.57661182723867,-90.23892203541564
38.5766131959445,-90.23893295983191
38.57661458968996,-90.23894408411239
38.576616080544845,-90.23895598348857
38.576617449247465,-90.2389669079057
38.576618842989596,-90.23897803218661
38.57662033384098,-90.23898993156378
38.57662172758086,-90.23900105584494
38.57662309627921,-90.23901198026314
38.5766246121675,-90.23902407950412
38.57662598086366,-90.23903500392287
38.57662747170919,-90.23904690330164
38.57662886544347,-90.23905802758348
38.57663023413644,-90.23906895200312
38.57663175001866,-90.23908105124498
38.57663311870944,-90.23909197566515
38.5766345124393,-90.23910309994746
38.576636003277805,-90.23911499932807
38.576637371965376,-90.23912592374911
38.57663876569192,-90.23913704803186
38.576640256526936,-90.23914894741345
38.57664165025121,-90.23916007169645
38.57664301893452,-90.23917099611855
38.57664450976604,-90.23918289550112
38.576645903487005,-90.23919401978455
38.576647272167094,-90.23920494420751
38.576648788034845,-90.23921704345143
38.57665015671276,-90.23922796787495
38.57665155042928,-90.23923909215887
38.5766530412538,-90.23925099154326
38.5766544099285,-90.23926191596765
38.57665580364171,-90.23927304025197
38.576657294462734,-90.23928493963739
38.57665868817367,-90.23929606392197
38.5766600568441,-90.23930698834741
38.576661572701,-90.23931908759283
38.57666294136924,-90.23933001201881
38.57666431003647,-90.23934093644513
38.57666582588977,-90.2393530356911
38.57666719455481,-90.23936396011796
38.57666858825801,-90.23937508440345
38.57667007906852,-90.23938698379166
38.57667144773035,-90.23939790821939
38.576672957840515,-90.2394100078564
38.576674205391875,-90.23942096172536
38.5766754529422,-90.23943191559458
38.57667672127393,-90.23944305194033
38.57667808034628,-90.23945498502756
38.57667932789338,-90.2394659388975
38.57668059622177,-90.23947707524349
38.57668195529061,-90.23948900833155
38.57668320283449,-90.23949996220216
38.57668445037733,-90.23951091607304
38.57668571870132,-90.23952205241942
38.576687077765534,-90.23953398550857
38.576688325305156,-90.23954493938017
38.576689593625794,-90.2395560757268
38.5766909526865,-90.23956800881675
38.576692200222894,-90.23957896268905
38.576693447758245,-90.23958991656161
38.57669471607451,-90.23960105290861
38.57669607513057,-90.23961298599967
38.5766973226627,-90.23962393987294
38.57669859097563,-90.23963507622021
38.57669995002819,-90.23964700931205
38.576701197557085,-90.23965796318603
38.57670244508496,-90.23966891706027
38.57670382491574,-90.23968103262621
38.57670507244142,-90.23969198650086
38.57670631996606,-90.2397029403758
38.57670758827126,-90.2397140767237
38.57670894731567,-90.23972600981747
38.57671019483709,-90.2397369636931
38.576711442357485,-90.23974791756899
38.57671282217985,-90.23976003313582
38.57671406969805,-90.23977098701216
38.57671531721521,-90.23978194088876
38.57671658551268,-90.2397930772373
38.576717944548946,-90.23980501033297
38.576719192062875,-90.23981596421028
38.57672043957578,-90.23982691808784
38.57672181938977,-90.23983903365556
38.576723066900485,-90.23984998753353
38.576724314410164,-90.2398609414118
38.576725694220535,-90.23987305697989
38.576726941728026,-90.23988401085857
38.576728189234466,-90.23989496473753
38.57672943673988,-90.23990591861677
38.576730816545485,-90.23991803418535
38.576732064048706,-90.23992898806503
38.576733311550896,-90.23993994194495
38.5767346913529,-90.23995205751389
38.576735938852885,-90.23996301139427
38.57673718635186,-90.2399739652749
38.57673845463053,-90.23998510162495
38.57673988565871,-90.23999702249834
38.57674120102018,-90.24000796044635
38.576742656972634,-90.24002006749559
38.576743972331926,-90.2400310054441
38.57674540516676,-90.24004292027772
38.576746743639035,-90.24005405044261
38.57674805899509,-90.24006498839191
38.57674949182644,-90.24007690322642
38.57675083029539,-90.24008803339167
38.57675226312435,-90.24009994822677
38.57675360159103,-90.24011107839222
38.576754916941695,-90.24012201634281
38.576756349767145,-90.2401339311788
38.576757688230515,-90.2401450613446
38.57675912105359,-90.24015697618118
38.576760436399915,-90.24016791413291
38.5767618923354,-90.24018002118433
38.576763207679534,-90.24019095913654
38.57676454613729,-90.2402020893029
38.57676597895451,-90.24021400414094
38.57676729429542,-90.24022494209396
38.576768750224836,-90.24023704914612
38.57677006556357,-90.24024798709964
38.57677138090127,-90.24025892505342
38.57677283682708,-90.24027103210607
38.57677415216259,-90.24028197006037
38.576775608085946,-90.24029407711326
38.57677692341927,-90.24030501506806
38.57677823875157,-90.24031595302317
38.576779694671316,-90.24032806007652
38.57678101000143,-90.24033899803212
38.57678244280455,-90.24035091287385
38.576783781246654,-90.24036204304186
38.57678521404738,-90.24037395788415
38.576786552487214,-90.24038508805234
38.57678786781192,-90.24039602600924
38.57678930060918,-90.24040794085242
38.576790639045676,-90.24041907102097
38.576792071840536,-90.24043098586475
38.57679338716091,-90.24044192382277
38.576794725594084,-90.24045305399167
38.57679615838546,-90.24046496883636
38.57679749681636,-90.24047609900545
38.57679892960535,-90.24048801385071
38.576800244920314,-90.24049895181001
38.57680170082062,-90.24051105886582
38.5768030161334,-90.24052199682563
38.57680433144515,-90.24053293478575
38.576805787341826,-90.24054504184201
38.5768071026514,-90.24055597980262
38.57680856182696,-90.24056809039004
