46.85991127231513,-114.00799061969343
46.85991058925643,-114.00798957363129
46.859916866363,-114.00799918663313
46.85992314346841,-114.00800879963668
46.85992989754123,-114.00801914309058
46.85993627623029,-114.0080104174398
46.859942966337336,-114.0080009491289
46.85994914005301,-114.00799221164836
46.85995583015773,-114.0079827433341
46.859962003871324,-114.00797400585034
46.85996903568187,-114.00796405392248
46.85997520939333,-114.00795531643544
46.85998189949338,-114.00794584811429
46.85998807320275,-114.00793711062406
46.85999476330046,-114.00792764229953
46.86000093700776,-114.00791890480612
46.860007968811075,-114.0079089528673
46.86001414251624,-114.00790021537055
46.86002083260928,-114.00789074703916
46.860027006312365,-114.00788200953924
46.860033180014455,-114.00787327203777
46.86003987010407,-114.00786380370134
46.86004604380406,-114.0078550661967
46.86005307559902,-114.00784511424516
46.860059249296896,-114.00783637673719
46.86006593938183,-114.00782690839388
46.86007211307762,-114.00781817088273
46.860078803160235,-114.00780870253607
46.86008497685393,-114.00779996502172
46.86009200864164,-114.00779001305922
46.860098182333225,-114.00778127554157
46.86010487241115,-114.00777180718804
46.86011104610065,-114.00776306966718
46.86011773617626,-114.00775360131026
46.86012390986367,-114.00774486378621
46.86013094164414,-114.00773491181278
46.860137115329415,-114.00772617428545
46.860143289013706,-114.00771743675654
46.86014997908353,-114.0077079683911
46.86015615276573,-114.00769923085902
46.86016284283325,-114.00768976249019
46.86016901651335,-114.00768102495492
46.86017604828546,-114.00767107296879
46.860182221963456,-114.0076623354302
46.86018891202628,-114.0076528670545
46.86019508570219,-114.00764412951274
46.86020177576269,-114.00763466113366
46.8602079494365,-114.0076259235887
46.86021498120137,-114.0076159715916
46.86022115487306,-114.00760723404333
46.860227844928886,-114.0075977656574
46.86023401859849,-114.00758902810593
46.860240192267106,-114.00758029055292
46.86024688231951,-114.00757082216195
46.860253055986036,-114.00756208460575
46.860260087742525,-114.00755213259596
46.860266261406935,-114.00754339503644
46.86027295145465,-114.00753392663862
46.86027912511697,-114.0075251890759
46.86028581516238,-114.00751572067469
46.860291988822595,-114.0075069831088
46.86029902057185,-114.00749703108805
46.860305194229966,-114.00748829351885
46.86031188427068,-114.00747882511077
46.8603180579267,-114.00747008753837
46.860324747965095,-114.0074606191269
46.86033092161902,-114.00745188155132
46.86033761165511,-114.00744241313647
46.860344127012844,-114.00743319194073
46.860350300663654,-114.00742445436028
46.86035699069628,-114.0074149859403
46.860363164345,-114.00740624835667
46.86036985437531,-114.00739677993332
46.86037602802194,-114.00738804234649
46.86038305975559,-114.00737809030208
46.86038923340012,-114.00736935271196
46.86039592342572,-114.00735988428173
46.86040209706815,-114.00735114668839
46.860408787091465,-114.0073416782548
46.86041496073178,-114.00733294065829
46.86042165075276,-114.0073234722213
46.86042816609642,-114.00731425100311
46.86043485611503,-114.00730478256261
46.86044102975116,-114.00729604495962
46.8604472033863,-114.00728730735506
46.860453893401484,-114.00727783890956
46.86046006703454,-114.0072691013018
46.860467098752586,-114.00725914923375
46.86047327238351,-114.00725041162269
46.860479962394024,-114.0072409431703
46.86048613602286,-114.00723220555606
46.86049282603105,-114.0072227371003
46.8604989996578,-114.00721399948287
46.86050568966367,-114.00720453102373
46.860512204993235,-114.0071953097831
46.860518894996744,-114.00718584132048
46.86052506861928,-114.00717710369655
46.860531758620475,-114.00716763523053
46.860537932240916,-114.00715889760342
46.86054462223979,-114.00714942913402
46.86055113756282,-114.007140207883
46.86055731118016,-114.00713147025101
46.86056400117557,-114.00712200177651
46.86057017479081,-114.00711326414132
46.8605768647839,-114.00710379566343
46.86058303839705,-114.00709505802506
46.860590070092265,-114.00708510592236
46.8605962437033,-114.00707636828069
46.860602933691695,-114.00706689979594
46.86060910730066,-114.00705816215108
46.86061579728675,-114.00704869366292
46.86062197089359,-114.00703995601486
46.86062866087736,-114.00703048752332
46.86063517618631,-114.00702126624986
46.86064186616771,-114.00701179775484
46.86064803977035,-114.00700306010032
46.860654213372,-114.00699432244419
46.86066090334999,-114.00698485394415
46.86066707694956,-114.00697611628486
46.86067410862916,-114.00696616415851
46.86068028222661,-114.0069574264959
46.860686972199915,-114.00694795798901
46.86069314579526,-114.0069392203232
46.86069983576625,-114.00692975181292
46.86070600935951,-114.00692101414393
46.86071269932817,-114.00691154563026
46.86071921462304,-114.00690232433433
46.86072590458933,-114.00689285581718
46.86073207817837,-114.0068841181417
46.86073876814237,-114.00687464962114
46.86074494172932,-114.0068659119425
46.860751631690995,-114.00685644341856
46.86075814697931,-114.00684722211226
46.86076432056317,-114.00683848442873
46.86077101052136,-114.00682901589968
46.86077718410312,-114.00682027821296
46.860783874058995,-114.00681080968053
46.86079004763869,-114.00680207199059
46.860796737592246,-114.00679260345478
46.860803252873005,-114.00678338213645
46.860809942824204,-114.00677391359713
46.86081611639966,-114.00676517590072
46.860822806348544,-114.00675570735802
46.86082897992191,-114.00674696965844
46.86083567731545,-114.00673749445028
46.86084195321414,-114.00672892670065
46.86084876347813,-114.00671962944139
46.86085503937483,-114.00671106168849
46.860861849636564,-114.0067017644258
46.86086812553126,-114.00669319666964
46.86087493579076,-114.0066838994035
46.86088174604911,-114.00667460213556
46.860888021940724,-114.00666603437448
46.86089483219682,-114.00665673710309
46.86090110808642,-114.00664816933876
46.86090791834028,-114.00663887206393
46.86091419422789,-114.00663030429634
46.860921004479515,-114.00662100701805
46.860927280365104,-114.00661243924722
46.860934090614506,-114.00660314196546
46.8609409008627,-114.00659384468194
46.860947176745235,-114.00658527690615
46.86095398699122,-114.00657597961917
46.86095992179458,-114.00656787747586
46.86096673203837,-114.00655858018554
46.860973007916904,-114.00655001240338
46.86097981815845,-114.00654071510961
46.86098609403497,-114.0065321473242
46.86099290427428,-114.00652285002695
46.86099971451241,-114.00651355272795
46.86100599038588,-114.00650498493759
46.86101280062177,-114.00649568763512
46.86101907649323,-114.00648711984154
46.861025886726885,-114.00647782253562
46.861032162596324,-114.00646925473878
46.86103897282776,-114.00645995742941
46.861045248695184,-114.00645138962929
46.86105205892438,-114.00644209231648
46.86105886915239,-114.00643279500186
46.86106514501675,-114.00642422719682
46.86107195524252,-114.00641492987877
46.861078231104884,-114.00640636207048
46.86108504132842,-114.00639706474897
46.86109131718877,-114.00638849693742
46.8610977863337,-114.00637966525053
46.86110406219206,-114.00637109743587
46.86111087241118,-114.00636180010756
46.861117682629114,-114.00635250277746
46.861123958484406,-114.00634393495787
46.8611307687001,-114.00633463762432
46.861137044553395,-114.00632606980145
46.861143854766866,-114.00631677246446
46.86115013061814,-114.00630820463833
46.86115694082936,-114.00629890729788
46.86116321667864,-114.00629033946852
46.861170026887635,-114.00628104212461
46.861176837095435,-114.00627174477891
46.861183112941646,-114.00626317694463
46.86118992314722,-114.00625387959549
46.861196198991415,-114.00624531175792
46.861203007080526,-114.00623601084571
46.86120921949598,-114.00622733621614
46.86121595503565,-114.00621793112522
46.86122269057412,-114.00620852603254
46.86122924450443,-114.00619937452305
46.861235980040554,-114.00618996942684
46.86124219245076,-114.00618129478909
46.86124892798462,-114.00617188968948
46.86125566351726,-114.0061624845881
46.86126221744214,-114.00615333306985
46.86126895297246,-114.00614392796496
46.86127516537742,-114.00613525331899
46.86128190090545,-114.00612584821069
46.861288977949926,-114.00611596622454
46.86129519035172,-114.00610729157358
46.86130192587622,-114.00609788646
46.86130813827595,-114.00608921180583
46.86131487379816,-114.00607980668886
46.861321950836626,-114.00606992469342
46.861328163233175,-114.00606125003428
46.86133489875185,-114.00605184491201
46.861341111146345,-114.00604317024964
46.86134818818004,-114.00603328824683
46.86135492369519,-114.00602388311925
46.861361136086494,-114.00601520845191
46.86136787159935,-114.00600580332096
46.8613740839886,-114.00599712865039
46.86138116101629,-114.00598724663831
46.86138789652559,-114.00597784150207
46.86139410891168,-114.00596916682653
46.86140090353423,-114.005959849457
46.86140716849354,-114.00595126294841
46.86141396586631,-114.0059419467315
46.86142076323789,-114.00593263051279
46.86142702819413,-114.0059240439993
46.86143382556346,-114.00591472777715
46.861440090517675,-114.00590614126041
46.86144688788477,-114.00589682503482
46.86145315283697,-114.00588823851483
46.86145995020182,-114.00587892228579
46.861466215152,-114.00587033576255
46.8614730125146,-114.00586101953007
46.86147927746277,-114.00585243300358
46.86148607482313,-114.00584311676765
46.861492872182296,-114.00583380052994
46.86149913712739,-114.00582521399855
46.8615059344843,-114.0058158977574
46.86151219942737,-114.00580731122274
46.86151899678205,-114.00579799497814
46.8615252617231,-114.00578940844022
46.86153205907554,-114.00578009219218
46.86153832401458,-114.00577150565104
46.86154512136477,-114.00576218939956
46.86155191871378,-114.00575287314628
46.86155818364973,-114.00574428660022
46.8615649809965,-114.0057349703435
46.86157124593043,-114.0057263837942
46.861578043274946,-114.00571706753402
46.86158430820687,-114.00570848098145
46.86159110554914,-114.00569916471785
46.86159737047904,-114.00569057816203
46.86160382665665,-114.00568172948391
46.86161062399553,-114.00567241321521
46.86161688892238,-114.00566382665458
46.86162368625902,-114.00565451038243
46.86162995118386,-114.00564592381856
46.86163674851825,-114.00563660754294
46.86164301344106,-114.00562802097583
46.861649810773216,-114.00561870469679
46.86165607569402,-114.00561011812641
46.861662873023924,-114.00560080184391
46.86166967035264,-114.00559148555965
46.86167593527036,-114.00558289898437
46.86168273259683,-114.00557358269666
46.86168899751254,-114.00556499611812
46.86169579483676,-114.00555567982695
46.86170205975045,-114.00554709324518
46.86170885707244,-114.00553777695056
46.861715121984105,-114.00552919036554
46.86172191930385,-114.00551987406747
46.8617281842135,-114.00551128747922
46.861734981530994,-114.00550197117771
46.86174177173812,-114.00549265615018
46.861747935987225,-114.00548390357226
46.86175495674435,-114.00547393484045
46.86176112099134,-114.00546518225921
46.86176780001495,-114.00545569874606
46.86177396425983,-114.00544694616165
46.861780128503725,-114.00543819357569
46.861787149254866,-114.00542822483479
46.86179331349661,-114.00541947224553
46.86179999251443,-114.00540998872388
46.8618061567541,-114.00540123613143
46.86181283576958,-114.00539175260641
46.86181934173791,-114.00538251478747
46.86182602075103,-114.00537303125897
46.86183218498647,-114.00536427866002
46.861838863997264,-114.00535479512813
46.861845028230604,-114.00534604252601
46.861852048969624,-114.00533607376688
46.86185821320083,-114.00532732116145
46.86186489220694,-114.00531783762271
46.861871056436044,-114.0053090850141
46.86187773543981,-114.00529960147199
46.86188424139721,-114.00529036363572
46.8618909203986,-114.00528088009013
46.861897084623486,-114.00527212747502
46.86190376362256,-114.00526264392606
46.86190992784536,-114.00525389130779
46.861916948572265,-114.0052439225304
46.86192311279293,-114.0052351699088
46.861929791787304,-114.00522568635297
46.861935956005865,-114.0052169337282
46.86194263499791,-114.00520745016901
46.86194914094437,-114.0051982123154
46.86195530515981,-114.0051894596858
46.86196198414838,-114.00517997612147
46.86196814836172,-114.00517122348869
46.86197482734797,-114.00516173992098
46.861981333289016,-114.00515250205878
46.86198801227288,-114.00514301848759
46.861994176482,-114.00513426584831
46.86200085546354,-114.00512478227374
46.86200701967057,-114.0051160296313
46.86201404037939,-114.00510606082652
46.862020204584276,-114.00509730818077
46.86202688356113,-114.00508782459934
46.86203304776392,-114.00507907195039
46.862039726738445,-114.00506958836561
46.862046232668554,-114.00506035048606
46.8620529116407,-114.00505086689778
46.86205907583928,-114.00504211424236
46.8620657548091,-114.00503263065069
46.86207191900557,-114.00502387799209
46.86207893970227,-114.00501390916907
46.86208510389661,-114.00500515650715
46.86209178286175,-114.00499567290865
46.86209794705399,-114.00498692024354
46.86210462601679,-114.00497743664165
46.86211113193596,-114.00496819874479
46.862117296125085,-114.00495944607484
46.86212397508441,-114.00494996246783
46.862130139271436,-114.0049412097947
46.86213681822844,-114.00493172618431
46.862143324142195,-114.00492248827882
46.862150003096815,-114.00491300466497
46.86215616727963,-114.00490425198535
46.862162846231925,-114.0048947683681
46.86216901041263,-114.0048860156853
46.86217603109123,-114.00487604683494
46.8621821952698,-114.00486729414884
46.8621888742174,-114.00485781052473
46.86219503839389,-114.00484905783544
46.86220171733917,-114.00483957420798
46.862208223241986,-114.00483033628515
46.86221490218489,-114.00482085265422
46.862221066357144,-114.00481209995843
46.86222774529772,-114.0048026163241
46.86223390946788,-114.00479386362514
46.86224093013436,-114.00478389475653
46.8622470943024,-114.00477514205426
46.86225377323827,-114.00476565841308
46.8622599374042,-114.00475690570762
46.86226661633776,-114.00474742206306
46.86227312222964,-114.00473818412293
46.86227984118327,-114.00472875106222
46.862286118259135,-114.00472018536564
46.862292929926234,-114.00471089016267
46.86229920700007,-114.00470232446284
46.862306018664945,-114.00469302925643
46.862311954678994,-114.00468492896145
46.86231876634165,-114.00467563375172
46.862325043411516,-114.00466706804548
46.86233185507195,-114.00465777283227
46.862338132139804,-114.00464920712278
46.86234494379801,-114.0046399119061
46.86235175545504,-114.00463061668766
46.86235803251982,-114.00462205097324
46.86236484417461,-114.00461275575134
46.86237112123739,-114.00460419003366
46.86237793288995,-114.0045948948083
46.86238420995071,-114.00458632908737
46.862391021601034,-114.00457703385857
46.8623972986598,-114.00456846813437
46.862404110307885,-114.0045591729021
46.8624109219548,-114.00454987766805
46.86241685795328,-114.00454177734889
46.86242366959799,-114.0045324821115
46.86242994665171,-114.00452391637926
46.86243675829419,-114.00451462113841
46.8624430353459,-114.00450605540291
46.862449846986145,-114.0044967601586
46.86245612403585,-114.00448819441984
46.86246293567386,-114.00447889917208
46.86246921272155,-114.00447033343006
46.86247602435732,-114.00446103817886
46.862482835991926,-114.00445174292585
46.86248911303656,-114.00444317717891
46.86249592466892,-114.00443388192248
46.862502201711536,-114.00442531617226
46.86250901334166,-114.00441602091236
46.862515290382284,-114.0044074551589
46.862522102010175,-114.00439815989554
46.86252803799218,-114.00439005955072
46.86253484961787,-114.00438076428402
46.86254166124239,-114.00437146901555
46.86254793827797,-114.00436290325402
46.86255474990024,-114.0043536079821
46.86256102693381,-114.00434504221731
46.862567838553865,-114.00433574694192
46.862574115585424,-114.00432718117388
46.86258092720323,-114.00431788589503
46.86258720423278,-114.00430932012374
46.862594015848366,-114.00430002484144
46.862600292875904,-114.0042914590669
46.86260710448925,-114.00428216378116
46.862613916101424,-114.00427286849362
46.86262019312589,-114.00426430271413
46.862627004735835,-114.00425500742315
46.86263294070227,-114.00424690705412
46.86263975231001,-114.00423761175979
46.8626460293305,-114.00422904597391
46.86265284093601,-114.00421975067611
46.86265911795448,-114.004211184887
46.86266591701852,-114.00420187045908
46.86267271529039,-114.00419255554488
46.86267898099962,-114.00418397033886
46.8626861204181,-114.00417418798254
46.862692918686506,-114.00416487306299
46.86269918439264,-114.00415628785194
46.86270598265879,-114.00414697292895
46.86271224836291,-114.00413838771465
46.8627190466268,-114.00412907278823
46.86272584488953,-114.00411975786001
46.862732110590564,-114.00411117264079
46.862738908851036,-114.00410185770914
46.862745707110335,-114.0040925427757
46.8627519728083,-114.00408395755157
46.8627591122138,-114.00407417517474
46.86276591046964,-114.00406486023596
46.862772176164476,-114.0040562750068
46.86277897441807,-114.00404696006457
46.862785240110895,-114.00403837483215
46.86279203836223,-114.00402905988648
46.862798836612406,-114.00401974493903
46.86280510230214,-114.0040111597017
46.86281190055005,-114.00400184475082
46.862818698796794,-114.00399252979815
46.86282496448345,-114.00398394455591
46.862832103876,-114.00397416215856
46.86283890211928,-114.00396484720055
46.862845167802824,-114.00395626195328
46.86285196604384,-114.00394694699182
46.86285823172538,-114.00393836174128
46.862865029964155,-114.00392904677638
46.86287182820176,-114.00391973180969
46.86287809388021,-114.00391114655423
46.86288489211557,-114.00390183158412
46.86289169034974,-114.00389251661223
46.86289807639609,-114.00388310769418
46.862904382450864,-114.0038735391339
46.86291082846873,-114.00386375819556
46.86291713452114,-114.00385418963191
46.86292309893076,-114.00384513946081
46.86292988658652,-114.00383484012318
46.862936192635416,-114.0038252715544
46.862942157041644,-114.00381622137854
46.86294894469353,-114.00380592203557
46.862954909097496,-114.00379687185655
46.86296121514178,-114.00378730328104
46.86296800278978,-114.0037770039327
46.86297396719037,-114.00376795374893
46.862980273231145,-114.00375838516831
46.86298671923406,-114.00374860421009
46.86299302527247,-114.00373903562607
46.86299933130974,-114.00372946704032
46.86300577730891,-114.00371968607712
46.86301208334381,-114.00371011748796
46.86301804773656,-114.0037010672932
46.86302483537298,-114.0036907679289
46.86303114140436,-114.00368119933462
46.86303875006941,-114.00367436340788
46.863045785935896,-114.00366845476255
46.86305386910526,-114.00366166660125
46.86306165701566,-114.00365512639307
46.86306898813868,-114.0036489697883
46.8630767760478,-114.00364242957693
46.863084859214474,-114.00363564140874
46.86309189507749,-114.0036297327545
46.86309968298467,-114.00362319253826
46.86310701410473,-114.00361703592581
46.86311480201063,-114.00361049570634
46.86312288517402,-114.00360370752972
46.86312992103416,-114.00359779886814
46.86313800419625,-114.00359101068815
46.86314579209952,-114.0035844704621
46.86315282795792,-114.00357856179612
46.86316091111802,-114.00357177361106
46.86316883263884,-114.00356549439194
46.86317692266524,-114.00355976636705
46.86318501269111,-114.0035540383406
46.86319283455493,-114.00354850018061
46.86320092457979,-114.00354277215108
46.86320820447227,-114.00353761772287
46.86321602633467,-114.00353207955854
46.863224116358055,-114.00352635152453
46.86323220638093,-114.00352062348895
46.863240028241805,-114.00351508532016
46.86324811826368,-114.0035093572815
46.86325594012356,-114.00350381910977
46.863264030144414,-114.00349809106802
46.863272999632194,-114.00349599640445
46.863282002701844,-114.00349402641207
46.86329198387778,-114.00349184239614
46.863300986947294,-114.0034898724024
46.86330999001675,-114.003487902408
46.863318993086125,-114.00348593241293
46.86332799615544,-114.00348396241722
46.863336999224686,-114.00348199242086
46.863346002293866,-114.00348002242384
46.86335500536298,-114.00347805242617
46.863364008432015,-114.00347608242784
46.863373011501004,-114.00347411242886
46.863382014569915,-114.00347214242923
46.86339101763877,-114.00347017242895
46.8634009988138,-114.00346798840425
46.86341000188251,-114.00346601840259
46.8634189978227,-114.00346568263286
46.86342799691669,-114.00346555057216
46.8634369960107,-114.0034654185114
46.86344599510469,-114.00346528645059
46.86345500105851,-114.00346515428909
46.8634640001525,-114.0034650222282
46.86347299924648,-114.00346489016727
46.86348199834048,-114.00346475810629
46.86349099743448,-114.00346462604526
46.86349999652848,-114.0034644939842
46.86350899562247,-114.0034643619231
46.863518001576274,-114.00346422976126
46.863527000670274,-114.00346409770007
46.863535999764274,-114.00346396563883
46.86354499885826,-114.00346383357754
46.86355399795225,-114.00346370151621
46.86356299704624,-114.00346356945482
46.86357199614023,-114.00346343739342
46.86358099523423,-114.00346330533195
46.86359000118804,-114.00346317316976
46.86359900028202,-114.0034630411082
46.86360799937601,-114.00346290904662
46.86361699847001,-114.00346277698497
46.86362599756399,-114.00346264492329
46.86363499665798,-114.00346251286156
46.863643995751964,-114.00346238079977
46.863653001705785,-114.0034622486373
46.86366200079977,-114.00346211657543
46.863670999893756,-114.00346198451354
46.86367999898774,-114.00346185245158
46.86368899808173,-114.00346172038958
46.86369799717571,-114.00346158832754
46.863706996269705,-114.00346145626546
46.86371600222351,-114.00346132410266
46.863725001317505,-114.00346119204049
46.86373400041148,-114.00346105997826
46.86374299950547,-114.003460927916
46.863751998599454,-114.0034607958537
46.86376099769343,-114.00346066379134
46.86376999678742,-114.00346053172895
46.86377899588141,-114.00346039966652
46.86378800183521,-114.00346026750336
46.86379700092919,-114.00346013544085
46.863806000023175,-114.00346000337827
46.86381499911715,-114.00345987131564
46.86382399821115,-114.00345973925299
46.86383299730513,-114.0034596071903
46.86384199639911,-114.00345947512754
46.86385100235291,-114.00345934296408
46.863860001446895,-114.00345921090124
46.86386900054088,-114.00345907883835
46.86387799963486,-114.00345894677544
46.86388699872883,-114.00345881471246
46.86389599782281,-114.00345868264944
46.863904996916794,-114.00345855058639
46.863914002870594,-114.00345841842262
46.86392300196457,-114.00345828635946
46.86393200105855,-114.00345815429628
46.86394100015253,-114.00345802223305
46.86394999924651,-114.00345789016977
46.86395899834049,-114.00345775810644
46.863967997434465,-114.00345762604307
46.86397699652845,-114.00345749397965
46.863986002482235,-114.00345736181552
46.86399500157622,-114.00345722975203
46.86400400067021,-114.00345709768848
46.86401299976417,-114.00345696562489
46.86402199885814,-114.00345683356126
46.86403099795211,-114.00345670149758
46.864039034295914,-114.0034618877992
46.864047808941116,-114.0034676250585
46.86405600490534,-114.00347298395192
46.86406394611767,-114.00347817627869
46.86407214208101,-114.00348353517505
46.86408008329246,-114.00348872750467
46.86408885793517,-114.003494464772
46.864097053897126,-114.00349982367294
46.86410499510722,-114.003505016007
46.86411319106829,-114.00351037491087
46.864121965708996,-114.00351611218468
46.8641299,-114.00352129999999
46.86413900068829,-114.00352124539884
46.864148000536844,-114.00352119140267
46.86415700038539,-114.00352113740648
46.86416600023394,-114.00352108341028
46.86417500008251,-114.00352102941405
46.86418399993106,-114.00352097541781
46.864192999779604,-114.00352092142154
46.86420199962815,-114.00352086742527
46.864210999476704,-114.00352081342896
46.864219999325265,-114.00352075943265
46.86422899917382,-114.00352070543633
46.864237999022365,-114.00352065143997
46.86424699887091,-114.00352059744361
46.864255998719464,-114.00352054344721
46.86426500137276,-114.00352048943398
46.86427400122131,-114.00352043543757
46.864283001069865,-114.00352038144112
46.86429200091841,-114.00352032744466
46.86430100076696,-114.00352027344817
46.864310000615525,-114.00352021945167
46.86431900046407,-114.00352016545517
46.86432900029579,-114.00352010545902
46.86433800014434,-114.00352005146246
46.8643469999929,-114.0035199974659
46.86435599984144,-114.0035199434693
46.86436499969,-114.0035198894727
46.86437399953854,-114.00351983547607
46.86438299938709,-114.00351978147944
46.86439199923566,-114.00351972748278
46.864400999084204,-114.0035196734861
46.86440999893276,-114.0035196194894
46.864418998781304,-114.0035195654927
46.86442799862986,-114.00351951149595
46.864437001283136,-114.00351945748237
46.86444600113169,-114.0035194034856
46.86445500098024,-114.00351934948881
46.86446400082878,-114.00351929549201
46.86447300067733,-114.00351924149518
46.864482000525896,-114.00351918749834
46.86449100037444,-114.00351913350148
46.86450000022299,-114.00351907950461
46.86450900007154,-114.00351902550771
46.86451799992009,-114.0035189715108
46.86452699976865,-114.00351891751387
46.864535999617196,-114.0035188635169
46.86454499946575,-114.00351880951995
46.86455399931429,-114.00351875552295
46.86456299916286,-114.00351870152595
46.8645719990114,-114.00351864752894
46.86458099885995,-114.00351859353188
46.864589998708496,-114.00351853953484
46.864599001361775,-114.00351848552093
46.86460800121032,-114.00351843152383
46.86461700105889,-114.00351837752672
46.864626000907435,-114.00351832352959
46.864635000755975,-114.00351826953244
46.86464500058771,-114.00351820953559
46.864654000436246,-114.00351815553839
46.8646630002848,-114.00351810154118
46.86467200013334,-114.00351804754396
46.86468099998189,-114.00351799354672
46.86468999983046,-114.00351793954945
46.86469899967901,-114.00351788555218
46.864707999527546,-114.00351783155489
46.8647169993761,-114.00351777755756
46.86472599922464,-114.00351772356024
46.86473499907321,-114.00351766956288
46.86474399892176,-114.00351761556551
46.8647529987703,-114.00351756156813
46.864761998618846,-114.00351750757072
46.864771001272125,-114.00351745355647
46.86478000112068,-114.00351739955903
46.86478900096923,-114.00351734556158
46.86479800081777,-114.0035172915641
46.86480700066632,-114.0035172375666
46.86481600051487,-114.00351718356909
46.86482500036343,-114.00351712957156
46.86483400021198,-114.00351707557401
46.86484300006052,-114.00351702157643
46.864851999909064,-114.00351696757886
46.8648609997576,-114.00351691358125
46.86486999960617,-114.00351685958363
46.86487899945471,-114.00351680558599
46.864887999303264,-114.00351675158832
46.86489699915182,-114.00351669759064
46.86490599900036,-114.00351664359296
46.86491499884891,-114.00351658959524
46.86492399869747,-114.00351653559751
46.86493300135073,-114.00351648158293
46.864942001199275,-114.00351642758517
46.86495100104782,-114.00351637358737
46.86496000089638,-114.00351631958956
46.8649700007281,-114.00351625959199
46.864979000576646,-114.00351620559415
46.864988000425186,-114.0035161515963
46.864996999971744,-114.00351610024121
46.86500599997021,-114.00351610566881
46.865014999968686,-114.00351611109639
46.86502299996732,-114.00351611592089
46.86503199996579,-114.00351612134848
46.865040999964265,-114.00351612677608
46.86504999996273,-114.00351613220367
46.8650589999612,-114.00351613763125
46.86506799995967,-114.00351614305886
46.86507699995814,-114.00351614848645
46.86508599995661,-114.00351615391405
46.86509499995508,-114.00351615934163
46.86510399995355,-114.00351616476924
46.86511299995202,-114.00351617019685
46.865121999950475,-114.00351617562444
46.86513099994897,-114.00351618105205
46.865139999947424,-114.00351618647966
46.8651489999459,-114.00351619190727
46.865157999944365,-114.00351619733489
46.865166999942836,-114.00351620276248
46.865175999941314,-114.0035162081901
46.86518499993977,-114.00351621361773
46.865193999938256,-114.00351621904534
46.86520299993672,-114.00351622447297
46.86521199993519,-114.00351622990058
46.86522099993366,-114.00351623532822
46.865229999932126,-114.00351624075583
46.865238999930604,-114.00351624618347
46.86524799992907,-114.00351625161109
46.86525699992754,-114.00351625703873
46.865264999926175,-114.0035162618633
46.865273999924646,-114.00351626729093
46.86528299992311,-114.00351627271856
46.86529199992158,-114.0035162781462
46.86530099992006,-114.00351628357383
46.86530999991853,-114.00351628900148
46.865318999917,-114.00351629442913
46.86532799991546,-114.00351629985677
46.86533699991393,-114.0035163052844
46.86534599991241,-114.00351631071207
46.86535499991088,-114.00351631613972
46.865363999909356,-114.00351632156736
46.86537299990781,-114.00351632699503
46.86538199990628,-114.00351633242269
46.865390999904754,-114.00351633785033
46.86539999990323,-114.003516343278
46.8654089999017,-114.00351634870566
46.86541799990015,-114.00351635413332
46.865426999898624,-114.003516359561
46.86543599989711,-114.00351636498866
46.86544499989558,-114.00351637041632
46.86545399989404,-114.00351637584399
46.865462999892515,-114.00351638127167
46.86547199989099,-114.00351638669935
46.865480999889456,-114.00351639212703
46.865489999887934,-114.00351639755469
46.8654989998864,-114.00351640298237
46.865506999885035,-114.00351640780698
46.865515999883506,-114.00351641323466
46.86552499988197,-114.00351641866236
46.86553399988044,-114.00351642409004
46.86554299987891,-114.00351642951773
46.86555199987738,-114.00351643494542
46.865560999875854,-114.00351644037312
46.865569999874324,-114.00351644580081
46.865578999872795,-114.0035164512285
46.865587999871266,-114.00351645665621
46.86559699986972,-114.00351646208391
46.8656059998682,-114.0035164675116
46.865614999866665,-114.0035164729393
46.865623999865136,-114.00351647836702
46.865632999863614,-114.00351648379473
46.865641999862085,-114.00351648922243
46.86565099986056,-114.00351649465014
46.86566000014094,-114.00351650007804
46.86566900013941,-114.00351650550574
46.865678000137876,-114.00351651093345
46.86568700013635,-114.00351651636117
46.86569600013482,-114.00351652178891
46.86570500013328,-114.00351652721662
46.865714000131746,-114.00351653264434
46.86572300013022,-114.00351653807206
46.865732000128695,-114.00351654349979
46.86574100012717,-114.00351654892752
46.86574900012581,-114.00351655375216
46.86575800012427,-114.00351655917991
46.865767000122744,-114.00351656460765
46.86577600012121,-114.00351657003537
46.86578500011968,-114.00351657546311
46.86579400011815,-114.00351658089085
46.86580300011662,-114.0035165863186
46.86581200011509,-114.00351659174633
46.86582100011356,-114.00351659717408
46.86583000011204,-114.00351660260182
46.865839000110505,-114.00351660802959
46.865848000108976,-114.00351661345732
46.86585700010744,-114.00351661888509
46.86586600010591,-114.00351662431284
46.86587500010439,-114.0035166297406
46.86588400010285,-114.00351663516835
46.865893000101316,-114.0035166405961
46.86590200009979,-114.00351664602387
46.86591100009826,-114.00351665145163
46.865920000096736,-114.0035166568794
46.8659290000952,-114.00351666230718
46.86593800009367,-114.00351666773494
46.86594700009214,-114.00351667316271
46.86595600009062,-114.00351667859049
46.86596500008909,-114.00351668401827
46.865974000087554,-114.00351668944603
46.86598300008602,-114.00351669487381
46.865991999307674,-114.00351669755491
46.8660009992068,-114.00351665348317
46.86600999910591,-114.0035166094114
46.86601899900503,-114.00351656533962
46.86602799890413,-114.00351652126784
46.866037001092316,-114.00351647718482
46.86604600099144,-114.00351643311299
46.86605500089055,-114.00351638904115
46.86606400078967,-114.0035163449693
46.86607300068878,-114.00351630089743
46.86608200058789,-114.00351625682555
46.86609100048701,-114.00351621275364
46.866100000386126,-114.00351616868174
46.86610900028524,-114.00351612460982
46.86611900017314,-114.00351607564099
46.866128000072266,-114.00351603156902
46.86613699997138,-114.00351598749705
46.8661459998705,-114.00351594342506
46.86615499976961,-114.00351589935306
46.86616399966873,-114.00351585528104
46.866172999567844,-114.00351581120901
46.86618199946695,-114.00351576713696
46.86619099936607,-114.0035157230649
46.866199999265184,-114.00351567899283
46.8662089991643,-114.00351563492073
46.86621799906342,-114.00351559084864
46.86622699896253,-114.0035155467765
46.8662370011395,-114.00351549779626
46.866246001038604,-114.0035154537241
46.86625500093774,-114.00351540965194
46.86626400083685,-114.00351536557974
46.86627300073596,-114.00351532150756
46.86628200063508,-114.00351527743534
46.86629100053418,-114.00351523336312
46.86630000043331,-114.00351518929088
46.86630900033243,-114.00351514521861
46.86631800023154,-114.00351510114635
46.86632700013064,-114.00351505707407
46.86633600002976,-114.00351501300176
46.866344999928884,-114.00351496892944
46.86635499981678,-114.0035149199602
46.866363999715894,-114.00351487588784
46.86637299961502,-114.0035148318155
46.86638199951413,-114.00351478774311
46.86639099941324,-114.00351474367073
46.866399999312364,-114.00351469959831
46.866408999211465,-114.00351465552589
46.86641799911058,-114.00351461145347
46.866426999009704,-114.00351456738102
46.86643599890881,-114.00351452330854
46.866445001096984,-114.00351447922486
46.8664540009961,-114.00351443515237
46.866463000895216,-114.00351439107986
46.86647300078312,-114.00351434211038
46.86648200067201,-114.0035142980675
46.86649100057415,-114.00351425466002
46.86650000047628,-114.00351421125251
46.866509000378414,-114.00351416784498
46.86651800028055,-114.00351412443744
46.866527000182685,-114.00351408102989
46.86653600008482,-114.00351403762234
46.866544999986964,-114.00351399421474
46.8665539998891,-114.00351395080715
46.86656299979123,-114.00351390739954
46.866571999693356,-114.00351386399193
46.86658099959549,-114.00351382058427
46.866589999497634,-114.00351377717662
46.86659899939977,-114.00351373376895
46.8666079993019,-114.00351369036127
46.866616999204034,-114.00351364695358
46.86662599910617,-114.00351360354585
46.86663499900831,-114.00351356013815
46.86664399891045,-114.0035135167304
46.8666530010671,-114.00351347331177
46.86666300095837,-114.00351342508091
46.86667200086049,-114.00351338167312
46.86668100076264,-114.00351333826532
46.86669000066477,-114.0035132948575
46.8666990005669,-114.00351325144968
46.866708000469046,-114.00351320804182
46.86671700037117,-114.00351316463397
46.866726000273324,-114.00351312122609
46.866735000175446,-114.0035130778182
46.86674400007758,-114.00351303441032
46.86675299997972,-114.00351299100238
46.866761999881845,-114.00351294759446
46.86677099978399,-114.00351290418651
46.86677999968612,-114.00351286077856
46.86678899958825,-114.00351281737058
46.866797999490394,-114.00351277396258
46.86680699939252,-114.00351273055459
46.86681599929466,-114.00351268714657
46.86682499919679,-114.00351264373853
46.86683399909892,-114.00351260033048
46.866842999001065,-114.00351255692242
46.86685299889232,-114.00351250869122
46.86686200104898,-114.00351246527225
46.866871000951114,-114.00351242186414
46.86688000085324,-114.00351237845602
46.86688900075537,-114.00351233504787
46.866898000657514,-114.00351229163972
46.86690700055965,-114.00351224823156
46.866916000461785,-114.00351220482338
46.86692500036392,-114.00351216141519
46.86693400026605,-114.00351211800698
46.86694300016819,-114.00351207459876
46.86695200007032,-114.00351203119051
46.866960999972456,-114.00351198778226
46.866969999874584,-114.003511944374
46.86697899977673,-114.0035119009657
46.86698800011815,-114.0035119333947
46.86699700005756,-114.00351196754774
46.86700599999699,-114.00351200170076
46.8670149999364,-114.00351203585379
46.86702399987582,-114.00351207000683
46.867032999815244,-114.0035121041599
46.867041999754655,-114.00351213831296
46.86705099969407,-114.00351217246603
46.86705999963349,-114.00351220661913
46.86706899957291,-114.00351224077224
46.867078999505594,-114.00351227872015
46.86708799944502,-114.00351231287328
46.86709699938444,-114.00351234702642
46.86710599932385,-114.00351238117958
46.86711499926327,-114.00351241533274
46.86712399920268,-114.00351244948591
46.867132999142115,-114.00351248363908
46.86714200085535,-114.00351251779902
46.86715100079476,-114.00351255195223
46.86716000073418,-114.00351258610544
46.86716900067359,-114.00351262025869
46.867178000613016,-114.00351265441192
46.86718700055244,-114.00351268856518
46.86719600049185,-114.00351272271844
46.86720500043127,-114.00351275687173
46.86721400037069,-114.003512791025
46.867223000310105,-114.0035128251783
46.86723200024953,-114.00351285933164
46.86724100018893,-114.00351289348495
46.86725000012836,-114.00351292763828
46.86725900006777,-114.00351296179163
46.86726800000719,-114.00351299594499
46.867276999946604,-114.00351303009836
46.86728599988603,-114.00351306425173
46.867294999825454,-114.00351309840514
46.86730399976486,-114.00351313255852
46.86731299970428,-114.00351316671194
46.8673219996437,-114.00351320086537
46.86733099958311,-114.00351323501881
46.867339999522535,-114.00351326917226
46.86734899946195,-114.00351330332573
46.867357999401364,-114.00351333747919
46.86736699934079,-114.00351337163268
46.8673759992802,-114.00351340578618
46.867384999219624,-114.00351343993968
46.86739399915904,-114.00351347409321
46.86740400086554,-114.0035135120483
46.867413000804966,-114.00351354620184
46.867422000744384,-114.00351358035539
46.8674310006838,-114.00351361450896
46.86744000062321,-114.00351364866253
46.86744900056263,-114.00351368281613
46.86745800050205,-114.00351371696972
46.867467000441465,-114.00351375112334
46.86747600038088,-114.00351378527697
46.8674850003203,-114.0035138194306
46.86749400025972,-114.00351385358424
46.86750300019913,-114.0035138877379
46.86751200013855,-114.00351392189155
46.86752100007798,-114.00351395604524
46.86753000001739,-114.00351399019893
46.8675389999568,-114.00351402435264
46.86754799989622,-114.00351405850635
46.86755699983563,-114.00351409266008
46.86756599977505,-114.00351412681381
46.86757499971447,-114.00351416096757
46.86758399965389,-114.00351419512131
46.867592999593306,-114.00351422927508
46.867601999532724,-114.00351426342888
46.867610999472134,-114.00351429758267
46.867619999411545,-114.00351433173648
46.86762899935098,-114.0035143658903
46.867637999290395,-114.00351440004412
46.86764699922981,-114.00351443419797
46.867655999169216,-114.00351446835181
46.86766500088247,-114.0035145025124
46.86767400082188,-114.00351453666627
46.867683000761296,-114.00351457082016
46.867692000700714,-114.00351460497407
46.86770100064013,-114.00351463912799
46.86771000057954,-114.0035146732819
46.86771900051895,-114.00351470743583
46.86772900045165,-114.00351474538465
46.867738000391064,-114.0035147795386
46.86774700033048,-114.00351481369258
46.86775600026989,-114.00351484784655
46.86776500020931,-114.00351488200054
46.867774000148735,-114.00351491615454
46.86778300008815,-114.00351495030856
46.86779200002756,-114.00351498446258
46.86780099996698,-114.00351501861661
46.86780999990639,-114.00351505277067
46.86781899984581,-114.00351508692472
46.867827999785234,-114.00351512107879
46.867836999724645,-114.00351515523288
46.867845999664056,-114.00351518938697
46.86785499960347,-114.00351522354107
46.8678639995429,-114.00351525769518
46.86787299948231,-114.00351529184931
46.867881999421726,-114.00351532600345
46.86789099936114,-114.0035153601576
46.86789999930056,-114.00351539431178
46.86790899923997,-114.00351542846595
46.86791799917939,-114.00351546262013
46.8679269991188,-114.00351549677433
46.867936000832046,-114.00351553093526
46.867945000771456,-114.00351556508949
46.867954000710874,-114.00351559924371
46.86796300472288,-114.00351533218736
46.86797200083248,-114.00351505855323
46.86798099694208,-114.00351478491902
46.86798999305168,-114.0035145112847
46.86799900337265,-114.00351423721804
46.86800799948225,-114.00351396358354
46.868016995591844,-114.00351368994897
46.86802600591282,-114.00351341588203
46.86803500202241,-114.00351314224726
46.868043998131995,-114.0035128686124
46.868052994241594,-114.00351259497745
46.86806200456255,-114.00351232091015
46.86807100067213,-114.00351204727501
46.86807999678172,-114.00351177363979
46.868088992891316,-114.00351150000446
46.86809800321226,-114.00351122593678
46.868106999321846,-114.00351095230128
46.86811599543143,-114.00351067866568
46.868125005752376,-114.00351040459773
46.86813400186195,-114.00351013096196
46.868142997971525,-114.00350985732608
46.86815199408111,-114.00350958369013
46.868161004402054,-114.0035093096218
46.86817000051163,-114.00350903598566
46.8681789966212,-114.00350876234943
46.86818800694214,-114.00350848828083
46.86819700305172,-114.00350821464441
46.86820599916128,-114.00350794100791
46.868214995270854,-114.00350766737131
46.868224005591784,-114.00350739330234
46.86823300170134,-114.00350711966556
46.86824199781091,-114.00350684602867
46.86825099392048,-114.00350657239171
46.86826000424141,-114.00350629832236
46.86826900035096,-114.00350602468522
46.86827799646051,-114.00350575104798
46.86828700678146,-114.00350547697836
46.868296002891,-114.00350520334094
46.86830499900056,-114.00350492970342
46.86831299554238,-114.00350468647
46.86832200586329,-114.00350441240003
46.868331001972855,-114.00350413876224
46.86833999808241,-114.00350386512436
46.86834899419196,-114.00350359148639
46.868358004512864,-114.00350331741606
46.868367000622406,-114.00350304377791
46.86837599673196,-114.00350277013966
46.86838500705287,-114.00350249606906
46.868394003162415,-114.00350222243064
46.86840299927195,-114.00350194879213
46.868411995381486,-114.00350167515352
46.8684210057024,-114.00350140108253
46.86843000181193,-114.00350112744374
46.86843899792147,-114.00350085380487
46.868447994031,-114.00350058016588
46.868457004351896,-114.00350030609452
46.86846600046143,-114.00350003245536
46.86847499657096,-114.00349975881613
46.86848400689186,-114.0034994847445
46.86849300300139,-114.00349921110507
46.868501999110926,-114.00349893746554
46.86851099522044,-114.00349866382592
46.86852000554134,-114.00349838975393
46.868529001650856,-114.00349811611412
46.86853799776037,-114.00349784247423
46.86854699386989,-114.00349756883423
46.86855600419078,-114.00349729476189
46.8685650003003,-114.00349702112173
46.86857399640982,-114.00349674748146
46.8685830067307,-114.00349647340883
46.86859200284022,-114.00349619976839
46.868600998949724,-114.00349592612784
46.86860999505924,-114.00349565248723
46.868619005380104,-114.00349537841423
46.86862800148962,-114.0034951047734
46.86863699759913,-114.0034948311325
46.86864599370862,-114.0034945574915
46.868655004029506,-114.00349428341815
46.868664000139006,-114.00349400977697
46.868672996248506,-114.0034937361357
46.86868200656937,-114.00349346206205
46.86869100267887,-114.0034931884206
46.86869999878837,-114.00349291477905
46.868708994897865,-114.00349264113743
46.86871800521874,-114.00349236706342
46.868727001328224,-114.0034920934216
46.86873599743772,-114.00349181977967
46.868744993547196,-114.00349154613767
46.86875400386806,-114.0034912720633
46.868762999977555,-114.0034909984211
46.868771996087034,-114.00349072477883
46.86878100640789,-114.00349045070416
46.86879000251737,-114.0034901770617
46.86879899862685,-114.00348990341915
46.86880799473634,-114.00348962977651
46.86881600548948,-114.00348938610625
46.86882500159894,-114.00348911246343
46.868833997708435,-114.0034888388205
46.8688429938179,-114.0034885651775
46.86885200413875,-114.00348829110213
46.86886100024823,-114.00348801745893
46.8688699963577,-114.00348774381565
46.868879006678526,-114.00348746974001
46.868888002788,-114.00348719609654
46.868896998897476,-114.00348692245299
46.86890599500694,-114.00348664880936
46.86891500532778,-114.00348637473333
46.86892400143724,-114.00348610108949
46.86893299754669,-114.00348582744557
46.86894199365616,-114.00348555380157
46.868951003976996,-114.00348527972517
46.868960000086446,-114.00348500608098
46.86896899038216,-114.00348384358452
46.868977979159425,-114.00348266106884
46.868986967936685,-114.00348147855277
46.868995025733874,-114.00348041851119
46.869004014511084,-114.00347923599438
46.86901300328826,-114.00347805347717
46.86902199206543,-114.00347687095957
46.86902998886684,-114.0034758189409
46.869038977643946,-114.00347463642255
46.86904802741673,-114.00347344587951
46.86905701619379,-114.00347226336036
46.86906600497082,-114.00347108084084
46.86907400177214,-114.00347002882044
46.869082990549146,-114.00346884630017
46.8690919793261,-114.0034676637795
46.869100968103055,-114.00346648125843
46.86911001787566,-114.00346529071265
46.869118014676864,-114.00346423869054
46.869127003453734,-114.00346305616833
46.86913599223059,-114.00346187364572
46.869144981007416,-114.00346069112273
46.86915297780853,-114.00345963909925
46.86916202758102,-114.00345844855117
46.869171016357775,-114.00345726602704
46.86918000513449,-114.0034560835025
46.86918899472522,-114.00345395591285
46.86919795945645,-114.00345166113276
46.86920606999285,-114.00344958500766
46.869215034723915,-114.00344729022613
46.86922399945488,-114.00344499544384
46.8692330802747,-114.00344267094447
46.869242045005485,-114.00344037616067
46.86925100973619,-114.0034380813761
46.8692599744668,-114.0034357865908
46.86926808500262,-114.00343371046097
46.86927704973306,-114.00343141567423
46.86928601446342,-114.00342912088671
46.86929497919367,-114.00342682609843
46.86930406001276,-114.003424501593
46.86931302474284,-114.00342220680322
46.86932101918924,-114.0034201603858
46.869330100008085,-114.00341783587814
46.86933904287895,-114.00341525946106
46.869348014429384,-114.00341208731236
46.869356985979636,-114.00340891516262
46.86936595752972,-114.00340574301185
46.86937492907965,-114.00340257086006
46.86938405676737,-114.0033993435001
46.86939302831695,-114.00339617134622
46.86940199986636,-114.00339299919133
46.86941002662279,-114.0033901610948
46.86941899817187,-114.00338698893795
46.869427969720775,-114.00338381678006
46.869436996384614,-114.00338097531166
46.86944506548245,-114.00337844715946
46.86945395069439,-114.00337566330732
46.869462019792024,-114.00337313515357
46.869471045020425,-114.00337030743061
46.8694789741011,-114.00336782314439
46.869487999329245,-114.00336499541967
46.86949606842641,-114.00336246726279
46.86950509365431,-114.00335963953631
46.86951302273452,-114.003357155247
46.86952204796218,-114.0033543275188
46.86953011261648,-114.00335152922713
46.86953889970095,-114.0033475286571
46.86954696910839,-114.00334385482871
46.86955595019178,-114.00333976593244
46.869564019598734,-114.00333609210183
46.8695730006816,-114.00333200320307
46.86958107008809,-114.00332832937023
46.86959005117043,-114.00332424046898
46.86959812057645,-114.00332056663392
46.86960710165824,-114.0033164777302
46.86961588874034,-114.0033124771492
46.86962395814565,-114.00330880331073
46.869632939226655,-114.00330471440324
46.86964100863149,-114.00330104056255
46.869649989711945,-114.0032969516526
46.86965805911631,-114.00329327780968
46.86966704019625,-114.00328918889721
46.869675109600145,-114.00328551505206
46.86968389668015,-114.00328151446138
46.86969196608357,-114.00327784061403
46.869700947162464,-114.00327375169664
46.86970909776506,-114.00326938633161
46.86971790349142,-114.00326461863355
46.86972605228656,-114.00326020661727
46.869733978516145,-114.00325591510368
46.869743006806665,-114.00325102689747
46.8697509330356,-114.00324673538134
46.86975908182947,-114.00324232335994
46.869767887553685,-114.00323755565354
46.86977603634689,-114.00323314362952
46.86978396257456,-114.00322885210844
46.86979299086292,-114.00322396389366
46.869800917089954,-114.00321967237001
46.869809065881874,-114.00321526034091
46.86981787160396,-114.00321049262615
46.86982602039523,-114.00320608059442
46.869833946620986,-114.00320178906583
46.86984297490721,-114.0031969008425
46.86985090113231,-114.00319260931134
46.8698599294178,-114.00318772108511
46.869867973474626,-114.00318290817319
46.86987598712812,-114.00317795543948
46.8698840007812,-114.00317300270441
46.869892014433894,-114.00316804996795
46.86990002808619,-114.00316309723016
46.869908041738086,-114.00315814449098
46.86991690390551,-114.00315266733533
46.869924917556574,-114.00314771459327
46.86993317631203,-114.00314261036567
46.8699411899623,-114.00313765762084
46.86994920361217,-114.00313270487464
46.86995721726166,-114.00312775212709
46.86996523091074,-114.00312279937815
46.86997409307504,-114.00311732221172
46.86998210672329,-114.0031123694599
46.86999012037115,-114.00310741670671
46.86999813401862,-114.00310246395217
46.87000614766569,-114.00309751119627
46.870014161312376,-114.003092558439
46.870023023473976,-114.00308708126333
46.870030872723014,-114.00308164917341
46.87003881335344,-114.00307548552699
46.87004597371165,-114.00306992753876
46.87005391434096,-114.00306376388924
46.87006213804577,-114.0030573805096
46.87007007867387,-114.00305121685679
46.87007801930139,-114.00304505320237
46.8700859599283,-114.00303888954632
46.87009312028341,-114.00303333154936
46.8701010609092,-114.00302716789022
46.870109001534416,-114.00302100422947
46.87011694215902,-114.00301484056709
46.870124882783045,-114.00300867690308
46.87013282340647,-114.00300251323746
46.87013998375848,-114.00299695523185
46.87014792438078,-114.00299079156314
46.87015609675093,-114.00298322175286
46.87016395166243,-114.00297588921043
46.870171095985505,-114.00296921999846
46.87017895089546,-114.00296188745254
46.87018609521714,-114.00295521823739
46.87019395012556,-114.00294788568796
46.870201805033155,-114.00294055313672
46.870208949352744,-114.00293388391668
46.87021711428862,-114.00292626194906
46.870224969193835,-114.00291892939242
46.87023211351131,-114.00291226016743
46.87023996841499,-114.00290492760729
46.87024711273107,-114.0028982583791
46.87025496763322,-114.00289092581548
46.87026282253454,-114.00288359325
46.870269966848525,-114.00287692401696
46.87027813177798,-114.00286930203447
46.87028598667694,-114.00286196946361
46.87029313098879,-114.0028553002256
46.87030098588621,-114.00284796765125
46.8703088407828,-114.00284063507507
46.87031598509255,-114.00283396583221
46.87032383998762,-114.00282663325254
46.870330984295975,-114.00281996400646
46.87033914921902,-114.00281234200911
46.870347004111714,-114.00280500942402
46.87035414841795,-114.00279834017303
46.870362003309104,-114.00279100758443
46.87036985819943,-114.00278367499405
46.870377002503574,-114.00277700573818
46.87038485739236,-114.00276967314427
46.87039200169512,-114.0027630038852
46.87040016661176,-114.00275538187296
46.87040802149817,-114.00274804927368
46.87041516579881,-114.00274138000964
46.87042302068369,-114.00273404740685
46.870430875567756,-114.00272671480224
46.87043801986628,-114.00272004553334
46.870445874748796,-114.00271271292523
46.87045301904595,-114.00270604365315
46.87046087392692,-114.00269871104155
46.870467873802305,-114.00268979001005
46.87047487351552,-114.00268078953285
46.87048097012729,-114.00267295029253
46.87048796983844,-114.0026639498119
46.870494969548474,-114.00265494932941
46.87050106615752,-114.00264711008448
46.8705080658655,-114.00263810959856
46.87051472656785,-114.00262954501572
46.87052116217868,-114.00262126986127
46.870528161883506,-114.00261226937006
46.87053482258278,-114.00260370478227
46.87054182228543,-114.0025947042875
46.870548257892445,-114.00258642912637
46.87055491858866,-114.00257786453363
46.87056191828814,-114.0025688640336
46.87056801488804,-114.00256102477333
46.87057501458547,-114.00255202426983
46.87058201428179,-114.00254302376452
46.87058867497285,-114.00253445916347
46.870595110573205,-114.00252618399087
46.87060211026637,-114.00251718348026
46.870608770954355,-114.00250861887427
46.870615206551896,-114.00250034369671
46.87062186723789,-114.0024917790875
46.870628866926815,-114.0024827785699
46.87063530252152,-114.00247450338739
46.87064196320444,-114.00246593877321
46.87064896289021,-114.00245693825035
46.870655962574865,-114.00244793772565
46.87066205916192,-114.00244009844377
46.870669058844534,-114.00243109791562
46.87067571952231,-114.00242253329316
46.87068215511037,-114.00241425809915
46.87068860026954,-114.00240479680062
46.870694371888256,-114.00239549364618
46.87070048372467,-114.00238564209826
46.870707047167706,-114.0023750626106
46.87071281878286,-114.00236575945164
46.87071893061556,-114.00235590789883
46.87072504244705,-114.00234605634438
46.87073081405875,-114.00233675318094
46.87073692588786,-114.0023269016233
46.87074303771576,-114.00231705006402
46.87074880932402,-114.00230774689612
46.87075492114953,-114.00229789533365
46.870761032973846,-114.00228804376955
46.870766804578636,-114.0022787405972
46.87077291640057,-114.0022688890299
46.870779028221286,-114.00225903746097
46.87078514004077,-114.0022491858904
46.87079091164095,-114.00223988271206
46.87079702345809,-114.00223003113828
46.87080313527399,-114.00222017956287
46.87080890687071,-114.00221087638006
46.87081501868425,-114.00220102480148
46.87082113049656,-114.00219117322123
46.87082663838028,-114.00218155786634
46.870832058890564,-114.00217207200244
46.87083789069965,-114.00216186636416
46.87084372250741,-114.00215166072435
46.87084914301428,-114.00214217485605
46.870854974819586,-114.00213196921324
46.87086039532424,-114.002122483342
46.87086622712707,-114.00211227769618
46.87087172252796,-114.00210266074974
46.870877143029254,-114.00209317487422
46.870882974828355,-114.00208296922399
46.870888806626155,-114.00207276357222
46.87089422712405,-114.00206327769229
46.870900058919375,-114.00205307203754
46.8709058907134,-114.00204286638125
46.87091097480762,-114.00203396919864
46.87091680659922,-114.00202376353947
46.870922227091526,-114.00201427765234
46.87092805888066,-114.00200407199014
46.870933853691156,-114.00199383694886
46.870938985620526,-114.00198398397505
46.87094481437628,-114.00197279313521
46.870949946303185,-114.00196294015862
46.870955775056125,-114.0019517493157
46.87096123653837,-114.00194126360552
46.87096673573069,-114.00193070549032
46.870972197210364,-114.0019202197771
46.870977696399954,-114.0019096616591
46.87098315787706,-114.00189917594285
46.870988657063954,-114.00188861782203
46.87099411853849,-114.00187813210275
46.87099959420539,-114.00186759702429
46.87100466630846,-114.00185666862656
46.871009738410166,-114.00184574022744
46.87101481051052,-114.00183481182695
46.87101988260952,-114.00182388342509
46.87102495470715,-114.00181295502183
46.87103002680343,-114.0018020266172
46.871035098898346,-114.0017910982112
46.87104017099191,-114.00178016980382
46.87104524308412,-114.00176924139505
46.87105063066289,-114.00175763322929
46.871055702752244,-114.00174670481776
46.87106077484023,-114.0017357764049
46.87106584692688,-114.00172484799063
46.871070919012155,-114.00171391957498
46.87107599109607,-114.00170299115797
46.87108106317863,-114.00169206273955
46.87108613525983,-114.00168113431977
46.871091207339674,-114.0016702058986
46.87109627941817,-114.00165927747607
46.871101666981914,-114.00164766929663
46.87110673905755,-114.00163674087135
46.87111181113183,-114.00162581244469
46.871116883204756,-114.00161488401665
46.87112195527632,-114.00160395558721
46.87112702734652,-114.00159302715642
46.87113209941536,-114.00158209872423
46.87113717148284,-114.00157117029067
46.87114192585466,-114.00156092637015
46.871146997919496,-114.00154999793394
46.8711523854683,-114.00153838974099
46.87115745753029,-114.00152746130205
46.87116252959091,-114.00151653286174
46.871167919344174,-114.001504919905
46.871172991402005,-114.0014939914618
46.8711780634585,-114.00148306301722
46.87118313551362,-114.00147213457127
46.871188207567386,-114.00146120612393
46.87119359510408,-114.00144959791989
46.87119866715501,-114.00143866946982
46.871203739204574,-114.00142774101836
46.87120881125277,-114.00141681256552
46.87121388329962,-114.0014058841113
46.87121863765177,-114.00139564017206
46.87122370969597,-114.00138471171522
46.87122878173879,-114.001373783257
46.87123353608714,-114.00136353931411
46.87123860812732,-114.00135261085327
46.87124368016613,-114.00134168239104
46.871248752203606,-114.00133075392742
46.87125350654682,-114.00132050997969
46.87125857858163,-114.00130958151345
46.871263650615084,-114.00129865304584
46.871268722647166,-114.00128772457684
46.87127316150304,-114.00127816037936
46.87127823353261,-114.00126723190773
46.871283305560816,-114.00125630343472
46.871288377587675,-114.00124537496033
46.87129313192078,-114.0012351310028
46.871298203944974,-114.0012242025258
46.87130327596782,-114.00121327404742
46.8713083479893,-114.00120234556763
46.8713131023173,-114.00119210160527
46.871318174336125,-114.00118117312286
46.871323246353604,-114.00117024463908
46.87132800067779,-114.00116000067307
46.87133307269261,-114.00114907218665
46.87133814470606,-114.00113814369888
46.87134321671817,-114.0011272152097
46.87134797103723,-114.00111697123883
46.87135304304667,-114.00110604274703
46.87135811505476,-114.00109511425387
46.87136318706149,-114.00108418575931
46.871367941375446,-114.00107394178355
46.87137294726263,-114.00106294864803
46.87137795136822,-114.00105195264577
46.871382955472434,-114.00104095664219
46.87138795957528,-114.00102996063724
46.87139296367673,-114.00101896463097
46.87139796777682,-114.00100796862336
46.87140297187554,-114.0009969726144
46.87140797597288,-114.0009859766041
46.87141298006885,-114.00097498059246
46.87141829950823,-114.00096329163969
46.87142330360136,-114.00095229562524
46.871428307693144,-114.00094129960945
46.871433311783534,-114.00093030359231
46.871438315872545,-114.00091930757384
46.871443319960186,-114.00090831155401
46.871448324046455,-114.00089731553285
46.871453328131345,-114.00088631951037
46.87145833221486,-114.00087532348651
46.87146333629699,-114.00086432746134
46.87146834037775,-114.00085333143483
46.871473344457144,-114.00084233540694
46.87147834853515,-114.00083133937775
46.87148335261178,-114.0008203433472
46.87148835668705,-114.00080934731533
46.87149336076093,-114.00079835128209
46.87149836483344,-114.00078735524751
46.87150336890457,-114.00077635921163
46.87150837297433,-114.00076536317437
46.87151337704271,-114.00075436713576
46.871518381109716,-114.00074337109584
46.87152338517536,-114.00073237505454
46.87152838923961,-114.00072137901192
46.871533393302485,-114.00071038296797
46.87153839736399,-114.00069938692266
46.87154340142412,-114.00068839087604
46.87154840548287,-114.00067739482806
46.87155371692745,-114.00066572398144
46.87155841816242,-114.00065540774199
46.87156342704599,-114.0006444164041
46.87156812041603,-114.00063411741527
46.87157312929692,-114.00062312607483
46.87157813817643,-114.00061213473303
46.871583147054565,-114.00060114338989
46.871588155931335,-114.00059015204539
46.87159316480671,-114.00057916069957
46.871598173680724,-114.0005681693524
46.871603182553365,-114.00055717800387
46.87160819142463,-114.00054618665402
46.871613200294526,-114.00053519530282
46.87161789365154,-114.00052489630195
46.87162290251876,-114.00051390494819
46.871627911384586,-114.0005029135931
46.871632920249034,-114.00049192223663
46.87163792911211,-114.00048093087885
46.871642937973824,-114.00046993951972
46.87164794683416,-114.00045894815922
46.87165295569312,-114.0004479567974
46.87165796455071,-114.00043696543423
46.87166297340691,-114.00042597406971
46.87166766675092,-114.00041567505684
46.871672675604444,-114.00040468368977
46.8716776844566,-114.00039369232135
46.87168269330738,-114.00038270095159
46.87168770215678,-114.00037170958049
46.87169271100481,-114.00036071820803
46.87169771985146,-114.00034972683423
46.87170242105062,-114.00033941055572
46.87170742989466,-114.00032841917923
46.87171243873732,-114.0003174278014
46.871717132068426,-114.00030712877648
46.8717221409084,-114.00029613739609
46.87172714974701,-114.00028514601435
46.87173215858423,-114.00027415463126
46.87173716742008,-114.00026316324683
46.87174217625457,-114.00025217186105
46.87174718508766,-114.00024118047394
46.871752193919406,-114.00023018908549
46.87175720274975,-114.00021919769567
46.87176189606916,-114.00020889865992
46.87176690489683,-114.00019790726758
46.87177191372312,-114.00018691587385
46.87177692254806,-114.00017592447881
46.87178193137159,-114.00016493308242
46.87178694019377,-114.00015394168467
46.871791949014565,-114.0001429502856
46.871796957834,-114.00013195888516
46.871801651142995,-114.00012165983983
46.87180665995974,-114.00011066843685
46.8718116687751,-114.00009967703252
46.8718166775891,-114.00008868562685
46.87182168640171,-114.00007769421983
46.87182669521296,-114.00006670281147
46.87183170402283,-114.00005571140177
46.871836712831325,-114.00004471999073
46.87184172163845,-114.00003372857833
46.87184673044419,-114.00002273716458
46.87185173924856,-114.00001174574952
46.871856748051556,-114.00000075433307
46.871861756853185,-113.99998976291532
46.87186676565343,-113.9999787714962
46.87187208996044,-113.99996708771751
46.871877098757864,-113.99995609629556
46.87188210755392,-113.99994510487228
46.8718871163486,-113.9999341134477
46.871892125141926,-113.99992312202173
46.87189713393385,-113.99991213059442
46.871902142724416,-113.99990113916579
46.8719071515136,-113.99989014773578
46.8719121603014,-113.99987915630446
46.871917169087844,-113.99986816487177
46.871922177872904,-113.99985717343775
46.87192718665659,-113.99984618200237
46.87193219558106,-113.99983519929867
46.87193703557991,-113.9998250362562
46.871942196212494,-113.99981419994204
46.87194735684375,-113.99980336362644
46.871952196838826,-113.99979320058021
46.87195735746749,-113.99978236426189
46.87196252418906,-113.99977151514538
46.87196768481497,-113.99976067882433
46.87197284543954,-113.9997498425019
46.871977685428256,-113.99973967944942
46.87198284605022,-113.99972884312425
46.871988006670854,-113.99971800679764
46.87199284665582,-113.9997078437414
46.87199800727383,-113.99969700741208
46.872003167890526,-113.99968617108132
46.87200800787173,-113.99967600802134
46.87201316848581,-113.99966517168785
46.87201832909854,-113.99965433535297
46.87202316907599,-113.99964417228918
46.87202832968612,-113.99963333595157
46.8720338170221,-113.99962181354478
46.87203865699566,-113.99961165047725
46.872043817601714,-113.99960081413546
46.872048978206436,-113.99958997779228
46.87205381817625,-113.999579814721
46.87205897877835,-113.99956897837508
46.87206381874567,-113.99955881530131
46.87206897934519,-113.99954797895268
46.87207413994335,-113.99953714260263
46.8720789799069,-113.9995269795251
46.872084140502466,-113.99951614317231
46.87208930109669,-113.99950530681811
46.87209414105649,-113.99949514373681
46.872100110874136,-113.99948514326842
46.87210613275155,-113.99947517153775
46.87211215462773,-113.99946519980548
46.87211817650266,-113.99945522807162
46.8721238591737,-113.99944581802836
46.872129881046185,-113.99943584629138
46.872135902917435,-113.99942587455278
46.87214192478744,-113.99941590281259
46.87214794665621,-113.99940593107074
46.87215396852373,-113.99939595932732
46.872159651187665,-113.99938654927524
46.87216567305275,-113.99937657752871
46.87217169491658,-113.99936660578057
46.872177278472535,-113.99935735983365
46.87218330033402,-113.99934738808233
46.87218932219427,-113.99933741632938
46.872195004851186,-113.99932800626857
46.872201026709,-113.99931803451254
46.872207048565556,-113.99930806275486
46.87221307042088,-113.99929809099561
46.87221915643786,-113.99928826230823
46.87222584053429,-113.99927973261485
46.87223286328275,-113.9992707707585
46.87223931819158,-113.99926253352967
46.87224600228497,-113.99925400383133
46.87225302503029,-113.99924504196967
46.872260047774496,-113.99923608010617
46.87226707051764,-113.99922711824085
46.872273754606816,-113.99921858853568
46.87228020950993,-113.99921035129685
46.87228723224992,-113.99920138942622
46.87229391633606,-113.9991928597161
46.872300939073895,-113.99918389784189
46.872307961810655,-113.99917493596583
46.872314645893645,-113.99916640625062
46.87232110079103,-113.99915816900177
46.87232812352464,-113.99914920712044
46.87233514625716,-113.99914024523724
46.87234183033605,-113.99913171551535
46.87234885306641,-113.99912275362858
46.872355307959026,-113.99911451637134
46.87236199203488,-113.99910598664445
46.8723690147621,-113.99909702475242
46.872376037488245,-113.99908806285852
46.87238272156094,-113.99907953312656
46.87238974428492,-113.9990705712291
46.87239619917182,-113.99906233396182
46.8724032198086,-113.9990533751665
46.87240995778433,-113.99904492794683
46.8724170335443,-113.99903605725297
46.87242377151798,-113.99902761002991
46.8724302707486,-113.99901946211007
46.87243700872035,-113.99901101488378
46.872444084476214,-113.99900214418284
46.872450822445906,-113.99899369695314
46.87245789819966,-113.99898482624862
46.872464059640606,-113.99897710179373
46.87247113539236,-113.99896823108574
46.872477873358065,-113.9989597838494
46.87248494910771,-113.9989509131378
46.87249168707137,-113.99894246589807
46.872498186292745,-113.99893431796166
46.87250492425446,-113.99892587071867
46.872512,-113.99891700000002
46.87251890210557,-113.99890882318432
46.872525200310335,-113.99890136179799
46.872532102414134,-113.9988931849791
46.87253972957907,-113.99888710899164
46.87254768005314,-113.99888194580898
46.87255588405639,-113.99887661797808
46.872563834529586,-113.99887145479258
46.87257287388504,-113.9988655844646
46.87258082435733,-113.99886042127609
46.8725887748292,-113.99885525808617
46.8725969788302,-113.99884993024779
46.8726049293012,-113.99884476705502
46.87261313330132,-113.99883943921365
46.87262108377148,-113.99883427601803
46.8726298815889,-113.99882859136675
46.87263789131791,-113.99882362494125
46.8726461466852,-113.99881850620628
46.87265500410522,-113.99881301416698
46.872663013832984,-113.99880804773719
46.87267102356034,-113.99880308130604
46.87267903328732,-113.99879811487352
46.872687890705514,-113.99879262282802
46.8726961460703,-113.99878750408419
46.87270415579601,-113.99878253764736
46.87271301321284,-113.99877704559712
46.872721022937725,-113.99877207915742
46.872729032662214,-113.99876711271635
46.872737890077666,-113.9987616206614
46.87274589980132,-113.99875665421744
46.87275415516318,-113.99875153546337
46.872763012577245,-113.99874604340368
46.87277102229966,-113.99874107695543
46.872779032021676,-113.99873611050579
46.87278704174329,-113.99873114405479
46.872795899155534,-113.99872565198889
46.87280390887632,-113.99872068553502
46.872812164235256,-113.9987155667707
46.87282102164611,-113.99871007470006
46.87282903136566,-113.99870510824188
46.8728370410848,-113.99870014178234
46.87284589849429,-113.99869464970699
46.87285390821258,-113.99868968324456
46.872862163569,-113.99868456447142
46.87287102097711,-113.99867907239134
46.872879030694165,-113.99867410592461
46.87288704041084,-113.99866913945651
46.872895050127106,-113.99866417298703
46.87290390753339,-113.99865868090075
46.87291191724883,-113.9986537144284
46.87292017260233,-113.998648595645
46.872929030007235,-113.99864310355396
46.87293703972142,-113.99863813707731
46.87294504943521,-113.99863317059929
46.87295390683873,-113.99862767850355
46.87296191655169,-113.99862271202265
46.872969926264254,-113.9986177455404
46.87297902930482,-113.99861210112994
46.872987039016536,-113.99860713464474
46.87299504872786,-113.99860216815819
46.87300305843877,-113.99859720167025
46.8730119158391,-113.99859170956356
46.87301992554917,-113.99858674307274
46.873028180897236,-113.99858162427024
46.87303703829617,-113.99857613215882
46.87304504800501,-113.9985711656637
46.87305305771347,-113.99856619916721
46.87306191511103,-113.99856070705107
46.873069924818644,-113.99855574055171
46.873077934525845,-113.99855077405097
46.87308703756036,-113.99854512961952
46.87309504726673,-113.99854016311585
46.8731030569727,-113.99853519661082
46.87311106667827,-113.99853023010441
46.873119924072626,-113.99852473797732
46.873127933777376,-113.99851977146803
46.87313618912,-113.99851465264645
46.87314504651297,-113.99850916051463
46.873153056216466,-113.99850419400103
46.87316106591956,-113.99849922748608
46.873169923311174,-113.99849373534956
46.87317793301342,-113.99848876883172
46.87318594271528,-113.99848380231252
46.87319504574375,-113.99847815786005
46.873203055444755,-113.99847319133791
46.87321106514539,-113.9984682248144
46.873219922534226,-113.99846273266844
46.87322793223402,-113.99845776614204
46.873235941933395,-113.99845279961427
46.87324395163239,-113.99844783308514
46.8732530546576,-113.9984421886214
46.873261064355745,-113.99843722208934
46.87326907405351,-113.99843225555591
46.87327793143914,-113.998426763399
46.873285941136054,-113.99842179686269
46.87329395083256,-113.998416830325
46.87330305385497,-113.99841118585152
46.87331106355065,-113.99840621931091
46.87331907324592,-113.99840125276893
46.8733279306288,-113.99839576060258
46.87333594032324,-113.99839079405771
46.87334395001727,-113.99838582751148
46.87335195971092,-113.99838086096389
46.873361062730076,-113.99837521647912
46.87336907242286,-113.9983702499286
46.873377082115276,-113.9983652833767
46.87338593949495,-113.99835979119938
46.87339394918651,-113.99835482464461
46.87340195887768,-113.99834985808845
46.87341080983968,-113.99834436544032
46.87341902853017,-113.99833909520439
46.87342699585167,-113.99833398615715
46.87343605335106,-113.998328178031
46.87344402067168,-113.9983230689808
46.873451987991864,-113.99831795992918
46.87346104548976,-113.99831215179805
46.87346901280906,-113.99830704274346
46.87347698012794,-113.99830193368749
46.87348603762436,-113.99829612555139
46.873494004942344,-113.99829101649243
46.8735019722599,-113.99828590743206
46.87351102975483,-113.998280099291
46.87351899707149,-113.99827499022766
46.87352696438774,-113.99826988116294
46.873536021881186,-113.99826407301688
46.87354398919654,-113.99825896394917
46.87355195651147,-113.99825385488006
46.87356101400343,-113.99824804672906
46.87356898131748,-113.99824293765697
46.87357694863108,-113.99823782858348
46.87358600612157,-113.99823202042748
46.873593973434296,-113.99822691135103
46.873602192114994,-113.99822164108195
46.87361099823558,-113.9982159941122
46.873618965546996,-113.99821088503137
46.87362718422636,-113.99820561475775
46.873635990345484,-113.9981999677832
46.87364395765559,-113.99819485869799
46.87365217633361,-113.99818958841986
46.873660982451284,-113.99818394144046
46.87366894976007,-113.99817883235089
46.87367800724507,-113.99817302417657
46.873685974552956,-113.99816791508401
46.873693941860424,-113.99816280599006
46.873702999343934,-113.99815699781075
46.87371096665052,-113.99815188871383
46.87371893395667,-113.99814677961551
46.8737279914387,-113.99814097143124
46.87373595737141,-113.99813586206041
46.87374388285895,-113.99813062094954
46.873752064944156,-113.99812521014933
46.87375999043082,-113.9981199690356
46.873767915917036,-113.99811472792045
46.87377609800088,-113.99810931711579
46.873784023486216,-113.99810407599777
46.8737919489711,-113.99809883487833
46.8738001310536,-113.99809342406922
46.873808886849275,-113.99808763386172
46.87381706893082,-113.99808222304947
46.873824994413866,-113.99807698192414
46.87383291989648,-113.99807174079739
46.873841101976666,-113.9980663299807
46.87384902745838,-113.99806108885107
46.87385695293965,-113.99805584772002
46.873865135018484,-113.99805043689888
46.87387306049888,-113.99804519576496
46.873880985978815,-113.99803995462963
46.873889168056294,-113.99803454380405
46.87389709353535,-113.99802930266583
46.873905913273326,-113.99802370703897
46.873913896367746,-113.99801864993226
46.873922128747694,-113.99801343490721
46.87393011184129,-113.99800837779767
46.8739389370174,-113.998002787246
46.87394692011012,-113.99799773013356
46.87395490320244,-113.99799267301974
46.87396313558023,-113.99798745798732
46.87397196075445,-113.9979818674293
46.87397994384547,-113.99797681031113
46.87398792693609,-113.99797175319158
46.873996159312156,-113.99796653815324
46.87400498448448,-113.9979609475889
46.87401296757381,-113.997955890465
46.874020950662725,-113.99795083333971
46.87402893375124,-113.99794577621304
46.8740380082075,-113.99794002772477
46.87404599129514,-113.99793497059514
46.874053974382356,-113.99792991346413
46.874061957469166,-113.99792485633174
46.8740710319235,-113.99791910783694
46.87407901500944,-113.99791405070155
46.87408699809496,-113.99790899356482
46.87409498118007,-113.9979039364267
46.87410405563249,-113.99789818792539
46.874112038716724,-113.99789313078428
46.87412002180056,-113.9978880736418
46.874128004883964,-113.99788301649794
46.874136830048734,-113.99787742590834
46.874145062417,-113.99787221084327
46.87415304549914,-113.99786715369505
46.87416102858084,-113.99786209654546
46.874169853743716,-113.99785650594954
46.87417808611026,-113.99785129087854
46.87418606919069,-113.9978462337246
46.87419405227072,-113.99784117656928
46.87420287743169,-113.99783558596702
46.874210860510836,-113.99783052880878
46.87421909287523,-113.99782531373044
46.874227075953556,-113.99782025656937
46.87423590111265,-113.9978146659608
46.87424388419009,-113.99780960879683
46.87425211655277,-113.99780439371254
46.87426009962939,-113.99779933654575
46.874268924786584,-113.99779374593084
46.87427690786234,-113.99778868876115
46.87428489093767,-113.99778363159005
46.87429312329821,-113.99777841649842
46.87430110637273,-113.99777335932451
46.87430993152756,-113.99776776870175
46.874317914601214,-113.99776271152491
46.874326146960016,-113.99775749642735
46.87433413003282,-113.99775243924772
46.874342955185774,-113.99774684861863
46.87435093825771,-113.99774179143607
46.87435892132925,-113.99773673425214
46.874367153685895,-113.99773151914721
46.874375978836966,-113.99772592851178
46.87438396190721,-113.99772087132351
46.87439194497704,-113.99771581413384
46.87440017733199,-113.99771059902298
46.87440900358846,-113.99770501242864
46.874417017608245,-113.9977000609861
46.87442503162764,-113.9976951095422
46.874433045646626,-113.99769015809694
46.87444190828174,-113.99768468233408
46.8744499222999,-113.99767973088592
46.874457936317654,-113.99767477943642
46.87446595033502,-113.99766982798555
46.874475057985556,-113.99766420083279
46.8744830720021,-113.99765924937898
46.87449108601823,-113.99765429792382
46.874499100033965,-113.99764934646728
46.87450796266546,-113.99764387069197
46.87451597668038,-113.99763891923256
46.87452399069488,-113.99763396777178
46.87453285332501,-113.99762849199178
46.87454086733869,-113.99762354052811
46.87454888135198,-113.9976185890631
46.874557140382045,-113.99761348621256
46.87456600301035,-113.9976080104263
46.874574017022404,-113.99760305895698
46.87458203103406,-113.99759810748631
46.87459004504532,-113.99759315601426
46.87459890767182,-113.99758768022181
46.87460692168224,-113.99758272874688
46.87461493569229,-113.99757777727059
46.87462294970194,-113.99757282579293
46.87463181232663,-113.99756734999428
46.874640071352545,-113.99756224712914
46.874648085360946,-113.99755729564718
46.87465609936898,-113.99755234416386
46.87466496199185,-113.99754686835897
46.874672975999026,-113.99754191687278
46.87468099000582,-113.99753696538521
46.87468900401221,-113.99753201389629
46.874697866633284,-113.9975265380852
46.87470588063885,-113.99752158659338
46.87471389464401,-113.99751663510021
46.87472215366583,-113.9975115322206
46.87473101628507,-113.99750605640327
46.87473903028901,-113.99750110490578
46.874747044292555,-113.99749615340696
46.8747550582957,-113.99749120190677
46.874763920913146,-113.99748572608321
46.87477193491546,-113.99748077458014
46.87477994891738,-113.9974758230757
46.87478796291891,-113.9974708715699
46.874796825534546,-113.99746539574015
46.87480508455221,-113.99746029284593
46.8748130985525,-113.99745534133584
46.8748211125524,-113.99745038982437
46.87482997516622,-113.99744491398837
46.87483798916528,-113.99743996247403
46.874846003163945,-113.99743501095833
46.87485401716223,-113.99743005944124
46.87486287977424,-113.99742458359906
46.874870893771686,-113.9974196320791
46.87487890776874,-113.99741468055778
46.87488801857849,-113.99740906450205
46.87489603546762,-113.99740412313886
46.87490405235636,-113.9973991817743
46.87491206924471,-113.99739424040837
46.874920935365964,-113.99738877559925
46.87492895225348,-113.99738383423045
46.87493696914059,-113.9973788928603
46.87494583526049,-113.99737342804649
46.874954096751026,-113.99736833590657
46.87496211363691,-113.99736339453212
46.874970979755446,-113.9973579297136
46.87497899664051,-113.99735298833627
46.87498701352517,-113.99734804695758
46.874995879642334,-113.99734258213438
46.87500389652617,-113.99733764075282
46.87501191340963,-113.99733269936988
46.87502102412961,-113.99732708377474
46.87502904101222,-113.9973221423889
46.87503705789444,-113.99731720100168
46.875045074776274,-113.9973122596131
46.87505394089026,-113.99730679477896
46.87506195777126,-113.99730185338751
46.875069974651865,-113.9972969119947
46.875078840764495,-113.9972914471559
46.8750871022484,-113.99728635499257
46.87509511912778,-113.99728141359546
46.87510398523903,-113.99727594875192
46.87511200211758,-113.99727100735194
46.87512001899574,-113.99726606595061
46.87512888510563,-113.99726060110238
46.875136901982955,-113.99725565969817
46.87514491885988,-113.99725071829258
46.8751540295725,-113.99724510267167
46.87516204644859,-113.99724016126316
46.87517006332428,-113.9972352198533
46.87517892943146,-113.99722975499566
46.87518694630633,-113.99722481358293
46.87519496318082,-113.99721987216883
46.87520298005491,-113.99721493075336
46.87521184616027,-113.99720946588954
46.87522010763755,-113.99720437370279
46.87522812451041,-113.99719943228304
46.875236990614404,-113.99719396741449
46.87524500748643,-113.99718902599186
46.87525302435806,-113.99718408456786
46.875261890460706,-113.99717861969462
46.87526990733151,-113.99717367826777
46.875277924201924,-113.99716873683953
46.87528703490715,-113.99716312119284
46.87529505177674,-113.9971581797617
46.875303068645934,-113.99715323832918
46.87531193474584,-113.99714777344653
46.87531995161419,-113.99714283201114
46.87532796848215,-113.99713789057438
46.875335985349714,-113.99713294913626
46.87534485144782,-113.99712748424741
46.87535311614089,-113.99712238970591
46.8753493356196,-113.99710978566753
46.87534584757677,-113.99709809734013
46.875342199461414,-113.99708587262042
46.87533871141582,-113.99707418429504
46.87533506329747,-113.9970619595771
46.875331415177584,-113.99704973485996
46.87532792712779,-113.99703804653755
46.875324279004914,-113.9970258218222
