42.987563040227684,-71.43335756771911
42.98755999642954,-71.43335703836767
42.98755104818917,-71.43335548216623
42.98754299244541,-71.43335408118055
42.98753404420495,-71.43335252497995
42.98752500438741,-71.43335095285354
42.98751596456983,-71.43334938072758
42.98750701632924,-71.43334782452835
42.9874989605853,-71.43334642354466
42.987490012344644,-71.43334486734629
42.98748097535759,-71.43334329616826
42.98748000624516,-71.43335600091318
42.98747906663942,-71.43336800974417
42.98747812703243,-71.433380018575
42.98747718742417,-71.43339202740565
42.98747624781463,-71.43340403623614
42.9874752308455,-71.43341703375494
42.98747429123331,-71.43342904258506
42.987473351619855,-71.43344105141504
42.987472412005125,-71.43345306024487
42.987471472389124,-71.43346506907451
42.98747045541301,-71.4334780665923
42.98746952710611,-71.43348993085148
42.98746858748623,-71.43350193968043
42.987467647865074,-71.43351394850922
42.98746670824264,-71.43352595733785
42.98746569125957,-71.43353895485443
42.98746475163449,-71.4335509636827
42.98746381200814,-71.43356297251083
42.987462872380526,-71.43357498133878
42.98746193275163,-71.43358699016656
42.987460915761574,-71.43359998768216
42.98745997613003,-71.43361199650957
42.98745903649723,-71.43362400533685
42.98745809686315,-71.43363601416398
42.98745715722781,-71.43364802299091
42.987456140230755,-71.43366102050553
42.98745520059276,-71.43367302933213
42.98745426095349,-71.43368503815854
42.98745332131295,-71.4336970469848
42.98745238167115,-71.43370905581091
42.98745136466711,-71.43372205332454
42.98745042502265,-71.43373406215028
42.98744948537692,-71.43374607097586
42.98744855704235,-71.43375793522694
42.98744761739412,-71.43376994405202
42.987446600383116,-71.43378294156444
42.98744566073223,-71.43379495038917
42.987444721080074,-71.43380695921373
42.98744378142665,-71.43381896803812
42.987442841771944,-71.43383097686237
42.98744182475397,-71.43384397437377
42.98744088509663,-71.43385598319766
42.987439945438005,-71.43386799202138
42.98743900577812,-71.43388000084494
42.98743806611696,-71.43389200966833
42.987437049092,-71.43390500717877
42.98743610942819,-71.43391701600179
42.98743516976311,-71.43392902482469
42.98743423009676,-71.4339410336474
42.987433290429145,-71.43395304246995
42.987432299999995,-71.4339657
42.987431298847184,-71.43397804529141
42.98743032536883,-71.43399004931094
42.9874293518892,-71.43400205333027
42.9874282982966,-71.43401504520816
42.987427324814334,-71.4340270492271
42.98742635133079,-71.43403905324585
42.98742537784599,-71.43405105726444
42.98742432424778,-71.43406404914144
42.98742335076033,-71.43407605315961
42.9874223772716,-71.43408805717762
42.987421403781596,-71.43410006119542
42.98742043029033,-71.43411206521306
42.98741937668515,-71.43412505708896
42.987418403191235,-71.43413706110621
42.987417429696066,-71.43414906512326
42.98741645619961,-71.43416106914012
42.98741540258882,-71.43417406101514
42.987414429089725,-71.43418606503161
42.98741345558936,-71.43419806904791
42.98741248208771,-71.43421007306402
42.987411428471326,-71.43422306493815
42.98741045496705,-71.43423506895388
42.9874094814615,-71.4342470729694
42.987408507954676,-71.43425907698476
42.98740754658852,-71.43427093128163
42.98740649296519,-71.43428392315444
42.98740551945448,-71.43429592716902
42.987404545942496,-71.43430793118344
42.987403572429265,-71.43431993519766
42.987402518800316,-71.43433292706958
42.98740154528441,-71.43434493108342
42.98740057176726,-71.43435693509709
42.987399598248835,-71.43436893911054
42.98739854461428,-71.43438193098157
42.987397571093204,-71.43439393499466
42.98739659757086,-71.43440593900755
42.98739562404724,-71.43441794302025
42.987394650522354,-71.43442994703278
42.98739359688082,-71.43444293890272
42.98739262335328,-71.43445494291485
42.98739164982449,-71.4344669469268
42.98739067629442,-71.43447895093855
42.98738962264728,-71.43449194280764
42.98738864911456,-71.43450394681899
42.98738767558057,-71.43451595083017
42.98738670204531,-71.43452795484117
42.987385728508784,-71.434539958852
42.98738467485467,-71.43455295071995
42.9873837013155,-71.43456495473039
42.98738272777505,-71.43457695874064
42.98738175423335,-71.4345889627507
42.98738070057362,-71.43460195461776
42.987379727029264,-71.43461395862744
42.98737875348364,-71.43462596263691
42.98737777993674,-71.43463796664622
42.98737672627141,-71.4346509585124
42.98737575272187,-71.43466296252132
42.98737477917105,-71.43467496653003
42.98737380561897,-71.43468697053856
42.98737283206561,-71.43469897454693
42.9873718,-71.4347117
42.98737175138482,-71.43472399816334
42.98737169999532,-71.43473699778362
42.98737165255755,-71.43474899743309
42.98737160511852,-71.43476099708252
42.98737155372482,-71.43477399670275
42.98737150628319,-71.43478599635212
42.98737145485746,-71.43479900336087
42.987371407413214,-71.43481100301038
42.9873713599677,-71.43482300265988
42.98737130856699,-71.43483600228015
42.98737126111889,-71.43484800192957
42.98737120971534,-71.43486100154975
42.98737116226462,-71.43487300119915
42.98737111481264,-71.4348850008485
42.98737106340492,-71.43489800046858
42.98737101595032,-71.4349100001179
42.98737096453977,-71.43492299973792
42.987370917082565,-71.43493499938714
42.98737086962411,-71.43494699903636
42.98737081820937,-71.43495999865631
42.987370770748306,-71.43497199830546
42.98737071933074,-71.43498499792533
42.98737067186706,-71.43499699757442
42.98737062440214,-71.43500899722348
42.98737057298037,-71.43502199684328
42.98737052551283,-71.43503399649228
42.987370474059,-71.43504700350466
42.98737042658884,-71.4350590031538
42.987370379117436,-71.4350710028029
42.98737032768866,-71.43508400242277
42.98737028021464,-71.43509600207182
42.987370228783035,-71.43510900169159
42.9873701813064,-71.43512100134058
42.98737012987197,-71.43513400096032
42.98737008239273,-71.43514600060925
42.98737003491224,-71.43515800025816
42.98736998347362,-71.43517099987778
42.98736993599051,-71.43518299952665
42.98736988454906,-71.43519599914622
42.98736983706334,-71.43520799879501
42.98736978957637,-71.43521999844377
42.98736973813074,-71.43523299806324
42.98736969064115,-71.43524499771196
42.98736963919269,-71.43525799733138
42.98736958231921,-71.43526999340737
42.987369480847335,-71.43528200758976
42.98736937106246,-71.43529500585697
42.98736926972127,-71.43530700425742
42.98736916837883,-71.43531900265782
42.98736905858977,-71.43533200092484
42.987368957244705,-71.4353439993251
42.98736884745283,-71.43535699759198
42.987368746105155,-71.43536899599212
42.98736864475624,-71.43538099439222
42.98736853496017,-71.4353939926589
42.987368433475304,-71.43540600684291
42.98736833212252,-71.435418005243
42.98736822232226,-71.4354310035097
42.98736812096687,-71.43544300190968
42.98736801116377,-71.43545600017625
42.987367909805776,-71.43546799857609
42.98736780844652,-71.43547999697587
42.98736769863923,-71.43549299524224
42.98736759727736,-71.43550499364191
42.98736749578088,-71.43551700782736
42.98736738596942,-71.43553000609376
42.987367284603685,-71.43554200449343
42.98736717478939,-71.43555500275967
42.987367073421055,-71.43556700115924
42.98736697205145,-71.43557899955873
42.98736686223297,-71.43559199782476
42.987366760860766,-71.43560399622415
42.9873666594873,-71.43561599462345
42.987366549531245,-71.43562900867697
42.987366448155164,-71.43564100707636
42.98736633832967,-71.43565400534229
42.98736623695099,-71.43566600374153
42.98736613557105,-71.43567800214073
42.987366025741366,-71.43569100040648
42.98736592435881,-71.43570299880555
42.987365822975015,-71.43571499720457
42.987365713141145,-71.4357279954701
42.98736561162131,-71.43574000965846
42.98736550178461,-71.43575300792409
42.98736540039558,-71.43576500632305
42.9873652990053,-71.43577700472194
42.987365189164414,-71.43579000298736
42.98736508777153,-71.43580200138614
42.98736498637738,-71.43581399978486
42.98736487653231,-71.43582699805009
42.98736477513557,-71.43583899644868
42.98736466528765,-71.43585199471374
42.98736456375484,-71.4358640089037
42.987364462354215,-71.43587600730234
42.98736435250212,-71.43588900556742
42.987364251098896,-71.4359010039659
42.98736414969441,-71.43591300236434
42.98736403983814,-71.43592600062922
42.98736393843104,-71.43593799902752
42.987363828571944,-71.4359509972923
42.98736372716224,-71.43596299569047
42.9873636256178,-71.43597500988187
42.9873635157545,-71.43598800814665
42.98736341434093,-71.43600000654484
42.98736331292611,-71.43601200494298
42.987363203058635,-71.43602500320756
42.9873631016412,-71.43603700160556
42.98736300022251,-71.4360490000035
42.987362890350845,-71.4360619982679
42.98736278892955,-71.43607399666573
42.987362678921535,-71.43608701072507
42.98736257749763,-71.43609900912298
42.98736247607246,-71.43611100752082
42.987362366193786,-71.43612400578508
42.987362264766006,-71.43613600418279
42.987362163336975,-71.43614800258044
42.98736205345411,-71.43616100084448
42.987361952022475,-71.43617299924203
42.98736185058958,-71.4361849976395
42.98736174070254,-71.43619799590336
42.987361639133475,-71.43621001009782
42.987361537696714,-71.4362220084953
42.987361427805475,-71.43623500675918
42.98736132636611,-71.43624700515652
42.987361224925486,-71.43625900355384
42.98736111503007,-71.4362720018175
42.98736101358682,-71.43628400021467
42.98736091214234,-71.43629599861178
42.987360802242726,-71.43630899687527
42.98736070079563,-71.43632099527227
42.98736059921371,-71.43633300946831
42.9873604893099,-71.4363460077318
42.987360387858935,-71.4363580061288
42.98736028640672,-71.43637000452574
42.98736017649873,-71.43638300278904
42.98736007504391,-71.43639500118587
42.98735997358783,-71.43640699958262
42.987359863675664,-71.43641999784572
42.98735976221697,-71.43643199624235
42.98735966075703,-71.43644399463892
42.98735955070705,-71.43645700870297
42.98735944924449,-71.43646900709962
42.987359347780675,-71.4364810054962
42.987359237860126,-71.43649400375911
42.98735913639371,-71.43650600215557
42.987359026470344,-71.43651900041836
42.9873589250013,-71.43653099881469
42.98735882353102,-71.43654299721098
42.98735871360347,-71.43655599547353
42.98735861213057,-71.43656799386972
42.987358510522775,-71.43658000806894
42.987358400591035,-71.43659300633152
42.98735829959917,-71.43660500219602
42.98735825253401,-71.43661700185108
42.987358205467594,-71.43662900150612
42.98735815447756,-71.4366420011324
42.987358107408525,-71.43665400078737
42.987358060338245,-71.43666600044233
42.98735800934403,-71.4366790000685
42.98735796227113,-71.43669099972341
42.98735791519698,-71.43670299937828
42.98735786419857,-71.43671599900436
42.98735781712182,-71.43672799865918
42.98735777004381,-71.43673999831397
42.98735772296454,-71.43675199796873
42.98735767196059,-71.43676499759468
42.98735762487871,-71.43677699724941
42.98735757779557,-71.43678899690408
42.98735752678745,-71.43680199652994
42.98735747967292,-71.43681400351753
42.98735743258593,-71.43682600317231
42.9873573815736,-71.43683900279831
42.987357334483995,-71.43685100245304
42.98735728739313,-71.43686300210776
42.987357240301016,-71.43687500176242
42.987357189283145,-71.43688800138827
42.98735714218842,-71.43690000104289
42.98735709509244,-71.43691200069749
42.98735704407038,-71.43692500032326
42.98735699697179,-71.43693699997779
42.98735694987195,-71.43694899963229
42.98735690277085,-71.43696099928677
42.98735685174324,-71.43697399891242
42.98735680463953,-71.43698599856684
42.98735675753456,-71.43699799822124
42.98735670650279,-71.43701099784678
42.98735665939521,-71.43702299750112
42.98735661228638,-71.43703499715542
42.9873565612504,-71.4370479967809
42.98735651413896,-71.43705999643514
42.987356466997475,-71.43707200342654
42.98735641988352,-71.43708400308093
42.98735636884199,-71.43709700270648
42.987356321725436,-71.43710900236081
42.98735627460762,-71.43712100201513
42.98735622356192,-71.43713400164059
42.987356176441494,-71.43714600129482
42.987356129319814,-71.43715800094904
42.98735608219689,-71.43717000060325
42.98735603114563,-71.43718300022859
42.9873559840201,-71.4371949998827
42.987355936893294,-71.43720699953681
42.98735588583786,-71.43721999916207
42.98735583870845,-71.43723199881612
42.9873557915778,-71.43724399847014
42.98735574051816,-71.4372569980953
42.98735569338489,-71.43726899774926
42.987355646250364,-71.43728099740319
42.98735559911459,-71.4372929970571
42.98735554804942,-71.43730599668216
42.98735550088219,-71.43731800367716
42.98735545374254,-71.43733000333118
42.98735540267318,-71.43734300295635
42.98735535553093,-71.4373550026103
42.98735530838742,-71.43736700226422
42.98735525731387,-71.43738000188931
42.98735521016775,-71.43739200154319
42.98735516302038,-71.43740400119702
42.98735511587176,-71.43741600085085
42.987355064792666,-71.43742900047579
42.98735501764143,-71.43744100012955
42.98735497048894,-71.43745299978329
42.987354919405654,-71.43746599940813
42.98735487225054,-71.43747799906181
42.987354825094194,-71.43748999871546
42.98735477793659,-71.43750199836907
42.98735472684776,-71.43751499799382
42.98735467968754,-71.43752699764737
42.98735463252606,-71.4375389973009
42.98735458143305,-71.43755199692555
42.987354534268974,-71.43756399657902
42.987354487074754,-71.43757600357785
42.98735443597756,-71.4375890032026
42.98735438880961,-71.43760100285618
42.9873543416404,-71.43761300250975
42.987354294469945,-71.43762500216329
42.98735424336719,-71.43763800178793
42.98735419619413,-71.43765000144141
42.9873541490198,-71.43766200109485
42.98735409791287,-71.43767500071938
42.98735405073594,-71.43768700037278
42.98735400355775,-71.43769900002614
42.98735395637831,-71.43771099967947
42.987353905265834,-71.4377239993039
42.987353858083786,-71.43773599895718
42.98735381090047,-71.43774799861042
42.98735375978381,-71.43776099823475
42.987353712597894,-71.43777299788795
42.987353665410716,-71.43778499754112
42.98735361428988,-71.43779799716535
42.98735356710009,-71.43780999681846
42.98735351990906,-71.43782199647153
42.987353472687865,-71.43783400347415
42.98735342156147,-71.43784700309848
42.98735337436656,-71.43785900275167
42.9873533271704,-71.43787100240483
42.98735327603982,-71.43788400202905
42.98735322884106,-71.43789600168215
42.98735318164105,-71.43790800133523
42.987353134439765,-71.43792000098829
42.98735308330364,-71.4379330006124
42.987353036099755,-71.43794500026539
42.98735298889462,-71.43795699991834
42.9873529377543,-71.43796999954237
42.98735289054655,-71.43798199919529
42.987352843337554,-71.43799399884816
42.98735279219304,-71.43800699847208
42.98735274498143,-71.43801899812492
42.987352697768564,-71.43803099777769
42.98735265055444,-71.43804299743046
42.9873525994044,-71.43805599705426
42.987352552187666,-71.43806799670698
42.98735250496968,-71.43807999635965
42.98735245378651,-71.43809300333714
42.987352406565904,-71.43810500298996
42.98735235934405,-71.43811700264276
42.987352308185635,-71.43813000226659
42.98735226096117,-71.43814200191932
42.987352213735456,-71.43815400157202
42.98735216650848,-71.4381660012247
42.98735211534452,-71.43817900084842
42.987352068114944,-71.43819100050104
42.9873520208841,-71.43820300015362
42.98735196971595,-71.43821599977724
42.9873519224825,-71.43822799942977
42.9873518752478,-71.43823999908227
42.98735182801185,-71.43825199873476
42.987351776838146,-71.43826499835825
42.98735172959959,-71.43827699801066
42.98735168235977,-71.43828899766305
42.98735163118189,-71.43830199728646
42.98735158393945,-71.4383139969388
42.987351536695776,-71.43832599659112
42.987351485484744,-71.4383390035722
42.987351438238434,-71.43835100322464
42.987351390990895,-71.43836300287707
42.987351343742084,-71.43837500252945
42.98735129255447,-71.43838800215286
42.98735124530305,-71.43840000180519
42.98735119805039,-71.43841200145748
42.987351146858586,-71.43842500108079
42.98735109958504,-71.43843700076637
42.98735105017063,-71.43844900038611
42.98735099663693,-71.43846199997412
42.98735094721989,-71.4384739995938
42.98735089780161,-71.43848599921344
42.98735084426372,-71.43849899880134
42.987350794842826,-71.43851099842094
42.98735074542068,-71.4385229980405
42.9873506918786,-71.43853599762829
42.987350642453826,-71.43854799724778
42.98735059302782,-71.43855999686726
42.987350539481554,-71.43857299645498
42.98735049002122,-71.43858500377223
42.98735044059135,-71.4385970033918
42.9873503870409,-71.43861000297963
42.98735033760839,-71.43862200259915
42.98735028817465,-71.43863400221862
42.98735023873966,-71.4386460018381
42.98735018518366,-71.43865900142579
42.98735013574604,-71.43867100104518
42.98735008630718,-71.43868300066454
42.987350032747,-71.43869600025214
42.987349983305535,-71.43870799987145
42.987349933862795,-71.43871999949073
42.98734988029843,-71.43873299907824
42.98734983085309,-71.43874499869744
42.98734978140649,-71.43875699831662
42.987349727837945,-71.43876999790406
42.98734967838874,-71.43878199752318
42.98734962893828,-71.43879399714227
42.987349575365535,-71.43880699672958
42.98734952591247,-71.43881899634862
42.987349476426395,-71.43883100366948
42.98734942284946,-71.43884400325692
42.98734937339253,-71.43885600287607
42.98734932393434,-71.43886800249517
42.98734927035322,-71.4388810020825
42.98734922089242,-71.43889300170156
42.98734917143037,-71.43890500132058
42.98734911784506,-71.43891800090782
42.987349068380404,-71.4389300005268
42.98734901891448,-71.43894200014572
42.98734896532499,-71.43895499973287
42.98734891585646,-71.43896699935173
42.987348866386675,-71.43897899897057
42.987348812792995,-71.43899199855763
42.9873487633206,-71.43900399817642
42.987348713846956,-71.43901599779517
42.98734866024909,-71.43902899738212
42.987348610772834,-71.43904099700082
42.98734856129532,-71.43905299661948
42.98734850769327,-71.43906599620631
42.98734845818137,-71.4390780035308
42.987348408699994,-71.43909000314956
42.98734835509375,-71.43910300273653
42.987348305609764,-71.43911500235525
42.98734825612452,-71.43912700197393
42.987348202514085,-71.43914000156079
42.98734815302623,-71.43915200117941
42.98734810353712,-71.43916400079803
42.98734804992252,-71.43917700038479
42.98734800043079,-71.43918900000331
42.98734795093782,-71.43920099962182
42.98734789731902,-71.4392139992085
42.98734784782343,-71.43922599882696
42.9873477983266,-71.43923799844535
42.9873477447036,-71.43925099803194
42.98734769520416,-71.43926299765029
42.98734764570346,-71.43927499726861
42.98734759207628,-71.43928799685511
42.98734754257297,-71.43929999647337
42.98734749303659,-71.43931200380128
42.98734743940523,-71.43932500338788
42.98734738989805,-71.43933700300623
42.98734734038962,-71.43934900262458
42.98734728675406,-71.43936200221108
42.98734723724302,-71.43937400182936
42.98734718773073,-71.4393860014476
42.98734713409099,-71.43939900103402
42.98734708457607,-71.43941100065223
42.98734703505991,-71.43942300027038
42.98734698141599,-71.43943599985668
42.98734693189722,-71.4394479994748
42.987346882377196,-71.43945999909285
42.98734682872908,-71.43947299867908
42.98734677920644,-71.43948499829709
42.98734672968255,-71.43949699791507
42.98734667603025,-71.43950999750119
42.987346626503744,-71.4395219971191
42.987346576975995,-71.439533996737
42.98734652744698,-71.43954599635487
42.9873464737573,-71.43955900365454
42.98734642422568,-71.43957100327255
42.9873463746928,-71.4395830028905
42.98734632103078,-71.43959600247659
42.987346271495284,-71.43960800209452
42.98734622195854,-71.4396200017124
42.987346168292326,-71.4396330012984
42.98734611875297,-71.43964500091622
42.98734606921237,-71.439657000534
42.987346015541966,-71.43967000011992
42.987345965998735,-71.43968199973766
42.987345916454274,-71.43969399935536
42.987345862779684,-71.43970699894115
42.9873458132326,-71.43971899855879
42.98734576368426,-71.43973099817642
42.98734571000549,-71.43974399776214
42.987345660454544,-71.43975599737968
42.987345610902345,-71.4397679969972
42.98734555721937,-71.43978099658283
42.98734550766457,-71.43979299620027
42.98734545807663,-71.43980500353541
42.98734540438948,-71.43981800312115
42.98734535483081,-71.4398300027387
42.98734530527087,-71.43984200235624
42.98734525157953,-71.43985500194188
42.98734520201698,-71.43986700155935
42.98734515245319,-71.4398790011768
42.98734511082722,-71.4398919923289
42.98734555670079,-71.43990403068366
42.987346036958925,-71.43991699744184
42.98734648027282,-71.43992896675736
42.98734696308515,-71.4399420025551
42.98734740639643,-71.43995397187096
42.98734788920593,-71.43996700766867
42.98734833251461,-71.43997897698488
42.98734881532124,-71.43999201278258
42.98734929556944,-71.44000497954218
42.9873497414311,-71.44001701789679
42.987350221676465,-71.44002998465676
42.9873506675355,-71.44004202301133
42.98735114777805,-71.44005498977167
42.987351593634436,-71.44006702812617
42.98735153192556,-71.4400799953461
42.98735146803176,-71.44009200465358
42.987351404189596,-71.44010400401888
42.98735134034618,-71.44011600338416
42.98735127118106,-71.44012900269647
42.98735120733504,-71.44014100206165
42.98735114348776,-71.44015300142681
42.98735107431846,-71.44016600073904
42.98735101046856,-71.44017800010411
42.98735094661742,-71.44018999946914
42.98735087744393,-71.44020299878122
42.987350813590176,-71.44021499814616
42.987350749735164,-71.44022699751109
42.98735068055749,-71.44023999682307
42.98735061669987,-71.4402519961879
42.987350552840994,-71.4402639955527
42.9873504836062,-71.44027700480989
42.98735041974472,-71.44028900417482
42.98735035588198,-71.4403010035397
42.98735029201798,-71.44031300290455
42.98735022283057,-71.44032600221642
42.98735015896396,-71.4403380015812
42.987350095096104,-71.44035000094591
42.98735002590452,-71.44036300025768
42.987349962034045,-71.44037499962234
42.98734989816232,-71.44038699898695
42.987349828966536,-71.44039999829859
42.98734976509221,-71.44041199766312
42.98734970121662,-71.44042399702761
42.98734963201665,-71.44043699633913
42.987349568138455,-71.44044899570355
42.987349504206044,-71.44046100501627
42.98734943500189,-71.44047400432787
42.98734937111983,-71.44048600369238
42.9873493072365,-71.44049800305685
42.98734924335193,-71.44051000242126
42.98734917414223,-71.4405230017327
42.98734911025505,-71.44053500109705
42.98734904636662,-71.44054700046135
42.98734897715272,-71.44055999977267
42.98734891326168,-71.4405719991369
42.98734884936937,-71.44058399850111
42.987348780151315,-71.44059699781226
42.98734871625639,-71.4406089971764
42.98734865236023,-71.44062099654047
42.987348583137965,-71.44063399585154
42.98734851923919,-71.44064599521553
42.98734845528617,-71.44065800453104
42.987348386059715,-71.44067100384217
42.98734832215707,-71.44068300320626
42.98734825825318,-71.44069500257031
42.98734818902254,-71.44070800188132
42.987348125116036,-71.4407200012453
42.98734806120827,-71.44073200060922
42.98734799729927,-71.44074399997312
42.98734792806307,-71.44075699928396
42.98734786415146,-71.44076899864778
42.98734780023858,-71.44078099801156
42.98734773099821,-71.44079399732227
42.987347667082716,-71.44080599668597
42.98734760316598,-71.44081799604965
42.98734753392143,-71.44083099536024
42.98734746994904,-71.44084300467837
42.98734740602844,-71.44085500404212
42.9873473367797,-71.44086800335279
42.987347272856475,-71.44088000271648
42.987347208932,-71.44089200208012
42.98734713967907,-71.44090500139065
42.98734707575199,-71.44091700075421
42.98734701182365,-71.44092900011772
42.98734694789406,-71.4409409994812
42.98734687863559,-71.4409539987916
42.987346814703386,-71.44096599815498
42.98734675076993,-71.44097799751836
42.987346681507276,-71.44099099682862
42.987346617571205,-71.44100299619188
42.987346553633884,-71.44101499555512
42.987346484313974,-71.44102800482284
42.987346420374045,-71.4410400041862
42.98734635643285,-71.44105200354952
42.98734628716183,-71.44106500285974
42.98734622321803,-71.44107700222301
42.98734615927298,-71.44108900158622
42.98734608999776,-71.44110200089632
42.98734602605009,-71.44111400025945
42.98734596210117,-71.44112599962254
42.987345898151005,-71.44113799898558
42.98734582887024,-71.44115099829553
42.987345764917464,-71.44116299765851
42.987345700963424,-71.44117499702145
42.98734563167847,-71.44118799633125
42.98734556772183,-71.44119999569412
42.98734550371084,-71.44121200501749
42.987345434421705,-71.4412250043274
42.9873453704612,-71.44123700369035
42.987345306499435,-71.44124900305324
42.9873452372061,-71.44126200236302
42.98734517324172,-71.44127400172587
42.98734510927609,-71.44128600108864
42.987345039978585,-71.44129900039829
42.98734497601034,-71.441310999761
42.987344912040854,-71.44132299912367
42.98734484273915,-71.4413359984332
42.98734477876705,-71.4413479977958
42.98734471479369,-71.44135999715836
42.987344650819075,-71.44137199652087
42.98734458151184,-71.44138499583023
42.98734451753461,-71.44139699519266
42.987344453503006,-71.44140900451883
42.98734438419158,-71.4414220038283
42.98734432021048,-71.4414340031908
42.987344256228134,-71.44144600255329
42.98734418691252,-71.4414590018626
42.98734412292757,-71.44147100122503
42.98734405894137,-71.4414830005874
42.987343989621564,-71.44149599989656
42.98734392563274,-71.44150799925887
42.987343861642664,-71.44151999862112
42.987343792318676,-71.44153299793018
42.987343728325996,-71.44154499729237
42.98734366433206,-71.44155699665451
42.987343600336864,-71.4415689960166
42.98734353100733,-71.44158199532549
42.98734346695638,-71.44159400465429
42.987343402957315,-71.44160600401646
42.987343333623606,-71.44161900332546
42.987343269621924,-71.44163100268756
42.98734320561902,-71.44164300204963
42.9873431362811,-71.44165600135848
42.987343072275564,-71.44166800072048
42.98734300826877,-71.44168000008244
42.98734293892669,-71.44169299939117
42.98734287491729,-71.44170499875304
42.98734281090664,-71.44171699811487
42.98734274156036,-71.4417299974235
42.9873426775471,-71.44174199678524
42.98734261353259,-71.44175399614696
42.98734254951682,-71.44176599550865
42.9873424801118,-71.44177900478685
42.98734241609341,-71.44179100414866
42.98734235207378,-71.4418030035104
42.98734228271777,-71.44181600281895
42.987342218695524,-71.44182800218063
42.98734215467202,-71.44184000154227
42.987342085311816,-71.44185300085068
42.98734202128571,-71.44186500021226
42.987341957258344,-71.44187699957378
42.98734188789396,-71.44188999888208
42.987341823863986,-71.44190199824352
42.98734175983276,-71.44191399760493
42.98734169046418,-71.4419269969131
42.98734162643034,-71.44193899627443
42.98734156239526,-71.44195099563572
42.987341492969264,-71.44196400491654
42.987341428931565,-71.44197600427795
42.9873413648926,-71.44198800363932
42.987341300852385,-71.44200000300067
42.98734123147408,-71.44201300230876
42.98734116743127,-71.44202500167
42.98734110338719,-71.44203700103124
42.987341034004686,-71.44205000033918
42.987340969958005,-71.44206199970034
42.98734090591006,-71.44207399906145
42.98734083652337,-71.44208699836928
42.987340772472834,-71.44209899773031
42.98734070842102,-71.44211099709129
42.98734063903016,-71.44212399639902
42.98734057497574,-71.44213599575993
42.98734051092007,-71.44214799512079
42.98734044147176,-71.44216100440434
42.98734037741348,-71.44217300376535
42.98734031335394,-71.4421850031263
42.987340249293155,-71.44219700248722
42.98734017989255,-71.44221000179485
42.98734011582915,-71.44222200115568
42.9873400517645,-71.44223400051648
42.98733998235971,-71.442246999824
42.98733991829245,-71.44225899918472
42.98733985422393,-71.44227099854541
42.98733978481495,-71.44228399785278
42.98733972074382,-71.44229599721339
42.98733965667144,-71.44230799657396
42.98733958725828,-71.4423209958812
42.987339523183294,-71.44233299524171
42.98733945905375,-71.44234500458114
42.987339389636396,-71.44235800388846
42.98733932555754,-71.44237000324904
42.98733926147743,-71.44238200260956
42.98733919739607,-71.44239400197007
42.987339127973165,-71.44240700127725
42.98733906388918,-71.44241900063767
42.98733899980396,-71.44243099999804
42.98733893037687,-71.44244399930507
42.987338866289036,-71.4424559986654
42.98733880219994,-71.44246799802568
42.98733873276867,-71.44248099733257
42.98733866867697,-71.44249299669275
42.987338604584004,-71.4425049960529
42.98733853514854,-71.44251799535971
42.98733847099967,-71.44253000470177
42.98733840690283,-71.442542004062
42.987338337463186,-71.44255500336887
42.987338273363754,-71.44256700272902
42.987338209263065,-71.44257900208913
42.98733813981923,-71.4425920013959
42.98733807571593,-71.44260400075594
42.98733801161138,-71.44261600011592
42.987337947505566,-71.4426279994759
42.98733787805619,-71.44264099878247
42.987337813947775,-71.44265299814235
42.9873377498381,-71.4426649975022
42.98733768038454,-71.44267799680865
42.98733761627226,-71.44268999616844
42.98733755215872,-71.44270199552815
42.987337482647625,-71.4427150048195
42.987337418531474,-71.44272700417935
42.98733735441407,-71.44273900353916
42.987337284952126,-71.44275200284557
42.98733722083211,-71.44276400220531
42.98733715671085,-71.442776001565
42.987337087244725,-71.4427890008713
42.987337023120844,-71.44280100023092
42.987336958995705,-71.44281299959049
42.98733689486933,-71.44282499895002
42.987336825397655,-71.44283799825615
42.987336761268665,-71.44284999761562
42.98733669713841,-71.44286199697504
42.98733662766256,-71.44287499628105
42.987336563529695,-71.4428869956404
42.98733649934219,-71.4428990049877
42.987336429862154,-71.44291200429379
42.987336365725426,-71.44292400365322
42.98733630158745,-71.4429360030126
42.9873362120809,-71.44294900274319
42.98733612903181,-71.44296100166902
42.98733604598148,-71.44297300059478
42.98733596292989,-71.44298499952048
42.987335872955924,-71.44299799835663
42.987335789901714,-71.44300999728225
42.98733570684625,-71.4430219962078
42.98733562378955,-71.44303399513332
42.98733553381004,-71.44304699396926
42.98733545066117,-71.44305900582997
42.9873353676006,-71.44307100475552
42.98733528453878,-71.44308300368104
42.9873351945537,-71.44309600251695
42.987335111489266,-71.44310800144237
42.98733502842358,-71.44312000036773
42.98733493843434,-71.4431329992035
42.98733485536603,-71.44314499812876
42.98733477229647,-71.44315699705396
42.98733468922567,-71.44316899597912
42.98733459923088,-71.44318199481467
42.98733451615745,-71.44319399373973
42.98733443299321,-71.44320600560243
42.987334349917276,-71.4432180045276
42.987334259916935,-71.44323100336312
42.98733417683839,-71.44324300228818
42.987334093758605,-71.44325500121319
42.98733401067756,-71.44326700013816
42.987333920671674,-71.44327999897348
42.98733383758801,-71.44329199789836
42.9873337545031,-71.44330399682316
42.98733366449304,-71.44331699565832
42.98733358140552,-71.44332899458304
42.98733349822714,-71.44334100644758
42.98733341513711,-71.44335300537239
42.98733332512149,-71.44336600420755
42.987333242028846,-71.44337800313225
42.98733315893496,-71.4433900020569
42.98733307583981,-71.44340200098154
42.98733298581865,-71.44341499981645
42.98733290272089,-71.44342699874097
42.987332819621884,-71.44343899766542
42.987332736521616,-71.44345099658983
42.98733264649491,-71.44346399542457
42.98733256339203,-71.44347599434889
42.98733248019827,-71.44348800621542
42.98733239709289,-71.44350000513984
42.98733230706063,-71.44351300397454
42.98733222395264,-71.44352500289884
42.98733214084339,-71.44353700182312
42.987332050806955,-71.44355000065768
42.9873319676951,-71.44356199958182
42.987331884581984,-71.44357399850593
42.98733180146762,-71.44358599743
42.98733171142564,-71.44359899626434
42.98733162830867,-71.4436109951883
42.987331545190436,-71.4436229941122
42.98733146198128,-71.44363500598074
42.987331371933756,-71.44364800481506
42.98733128881166,-71.44366000373901
42.98733120568831,-71.44367200266294
42.9873311225637,-71.44368400158679
42.98733103251064,-71.44369700042091
42.98733094938343,-71.44370899934466
42.98733086625496,-71.44372099826838
42.98733078312523,-71.44373299719203
42.98733069306662,-71.44374599602595
42.98733060993429,-71.44375799494951
42.98733052680071,-71.443769993873
42.98733043664821,-71.44378300565383
42.987330353512014,-71.44379500457742
42.98733027037456,-71.44380700350099
42.98733018723585,-71.44381900242449
42.9873300971675,-71.44383200125823
42.98733001402619,-71.44384400018164
42.987329930883625,-71.44385599910498
42.987329847739794,-71.44386799802828
42.98732975766591,-71.44388099686182
42.98732967451948,-71.44389299578502
42.9873295913718,-71.44390499470819
42.98732950822286,-71.44391699363129
42.98732941805368,-71.44393000541406
42.98732933490212,-71.44394200433727
42.98732925174933,-71.44395400326042
42.9873291616657,-71.44396700209379
42.98732907851029,-71.44397900101683
42.987328995353614,-71.44399099993983
42.987328912195686,-71.44400299886277
42.98732882210653,-71.44401599769593
42.98732873894599,-71.44402799661877
42.987328655784204,-71.44403999554157
42.987328572621166,-71.44405199446433
42.98732848243669,-71.44406500624892
42.98732840029307,-71.44407699775728
42.9873284362678,-71.44408899755581
42.98732847224129,-71.44410099735437
42.987328508230306,-71.44411300275495
42.98732854420128,-71.44412500255335
42.98732858316841,-71.44413800233497
42.987328619136775,-71.44415000213341
42.98732865510389,-71.44416200193187
42.98732869106974,-71.44417400173036
42.987328727034345,-71.44418600152886
42.987328762997684,-71.4441980013274
42.98732879895978,-71.44421000112592
42.9873288379173,-71.44422300090771
42.98732887387678,-71.44423500070633
42.987328909835014,-71.44424700050493
42.98732894579198,-71.44425900030356
42.98732898174771,-71.4442710001022
42.98732901770218,-71.44428299990088
42.987329053655394,-71.44429499969957
42.98732908960736,-71.44430699949828
42.9873291285539,-71.44431999928025
42.98732916450325,-71.44433199907903
42.98732920045135,-71.4443439988778
42.98732923639819,-71.4443559986766
42.987329272343786,-71.44436799847544
42.98732930828812,-71.44437999827427
42.9873293442312,-71.44439199807314
42.987329383168124,-71.44440499785527
42.9873294191086,-71.44441699765419
42.987329455047814,-71.44442899745312
42.987329490985786,-71.44444099725204
42.98732952693925,-71.44445300264752
42.98732956287471,-71.44446500244631
42.98732959880891,-71.44447700224514
42.98732961947014,-71.44449000109876
42.98732963801014,-71.44450200104514
42.98732965654889,-71.44451400099155
42.98732967663111,-71.4445270009335
42.987329695167254,-71.44453900087996
42.98732971370214,-71.44455100082638
42.98732973378018,-71.44456400076837
42.987329752312455,-71.44457600071483
42.98732977238767,-71.44458900065685
42.98732979091733,-71.44460100060334
42.98732980944574,-71.44461300054984
42.987329829516774,-71.44462600049188
42.98732984804257,-71.4446380004384
42.98732986656711,-71.44465000038494
42.987329886633944,-71.44466300032703
42.98732990515588,-71.44467500027358
42.987329923676555,-71.44468700022014
42.987329943739205,-71.44470000016226
42.98732996225728,-71.44471200010884
42.987329980774085,-71.44472400005544
42.98733000083255,-71.4447369999976
42.98733001934676,-71.44474899994424
42.9873300378597,-71.44476099989086
42.98733005791398,-71.44477399983305
42.98733007642431,-71.4447859997797
42.987330094933405,-71.44479799972638
42.98733011498349,-71.4448109996686
42.98733013348996,-71.44482299961527
42.98733015199518,-71.44483499956198
42.98733017204109,-71.44484799950423
42.987330190543695,-71.44485999945097
42.98733020904504,-71.4448719993977
42.987330229086766,-71.44488499933999
42.987330247585504,-71.44489699928675
42.987330266083,-71.4449089992335
42.987330286120525,-71.44492199917586
42.98733030461539,-71.44493399912264
42.9873303246501,-71.44494699906501
42.98733034314237,-71.44495899901182
42.987330361633376,-71.44497099895864
42.98733038166389,-71.44498399890105
42.9873304,-71.4449959
42.98732985702863,-71.44500798799844
42.98732927152742,-71.44502102279313
42.987328734530976,-71.44503297771539
42.987328193776776,-71.44504501626649
42.98732765677783,-71.44505697118832
42.987327071271025,-71.44507000598284
42.987326534269485,-71.4450819609042
42.98732599351012,-71.44509399945521
42.987325407999094,-71.44510703424969
42.987324870993696,-71.44511898917048
42.98732433023042,-71.44513102772149
42.98732374847181,-71.4451439788852
42.98732320770589,-71.44515601743613
42.98732267069539,-71.44516797235603
42.98732208517592,-71.44518100715025
42.98732154816281,-71.44519296206968
42.98732100739174,-71.44520500062052
42.98732042186804,-71.44521803541468
42.987319884851075,-71.44522999033353
42.98731934407609,-71.4452420288844
42.987318762304966,-71.445254980046
42.98731822152734,-71.4452670185968
42.987317684505285,-71.44527897351476
42.98731709897315,-71.44529200830863
42.98731656194849,-71.44530396322614
42.9873160211657,-71.44531600177685
42.987315480381646,-71.44532804032761
42.98731489860081,-71.4453409914876
42.98731435781411,-71.4453530300383
42.9873138207831,-71.4453649849548
42.98731323524114,-71.44537801974847
42.98731269820753,-71.44538997466451
42.987312157415666,-71.4454020132151
42.9873115756265,-71.44541496437363
42.987311034832,-71.44542700292416
42.987310494036215,-71.44543904147477
42.98730991224287,-71.4454519926327
42.98730937144447,-71.44546403118323
42.987308834401915,-71.44547598609778
42.98730824884726,-71.44548902089115
42.98730771180211,-71.44550097580523
42.98730717099853,-71.44551301435568
42.987306589196855,-71.44552596551213
42.98730604839063,-71.44553800406253
42.98730550758314,-71.44555004261296
42.98730497053164,-71.44556199752604
42.98730438496715,-71.44557503231918
42.98730384791304,-71.4455869872318
42.98730330710038,-71.44559902578214
42.98730272528901,-71.445611976937
42.98730218447372,-71.44562401548728
42.987301647414526,-71.445635970399
42.987301061841606,-71.44564900519187
42.9873005247798,-71.44566096010313
42.98729998395933,-71.4456729986533
42.987299398382184,-71.44568603344614
42.987298861316525,-71.44569798835681
42.98729832049215,-71.44571002690701
42.98729773866825,-71.44572297805976
42.98729719784126,-71.4457350166099
42.9872966607705,-71.44574697151968
42.9872960751849,-71.44576000631224
42.98729553811155,-71.44577196122155
42.98729499727937,-71.44578399977159
42.98729441168955,-71.44579703456411
42.98729387461234,-71.44580898947284
42.98729333377625,-71.44582102802289
42.98729279669654,-71.4458329829312
42.98729221110112,-71.44584601772354
42.98729167401881,-71.44585797263137
42.98729113317756,-71.44587001118131
42.98729055133564,-71.44588296233098
42.98729001049175,-71.44589500088087
42.987289469646576,-71.44590703943084
42.98728888780049,-71.44591999057988
42.98728834695269,-71.44593202912978
42.98728780986142,-71.44594398403613
42.98728722425333,-71.44595701882817
42.987286687159475,-71.44596897373407
42.9872861463065,-71.44598101228385
42.98728556445206,-71.44599396343143
42.98728502359646,-71.44600600198116
42.98728448273959,-71.44601804053097
42.987283900880975,-71.44603099167792
42.98728336002146,-71.44604303022766
42.987282822918644,-71.4460549851321
42.98728228205661,-71.44606702368179
42.98728170019246,-71.44607997482775
42.987281159327786,-71.4460920133774
42.98728062221988,-71.44610396828094
42.987280036593525,-71.44611700307246
42.987279495724934,-71.4461290416221
42.98727895861317,-71.44614099652507
42.98727837298258,-71.44615403131657
42.98727783586821,-71.44616598621906
42.98727729499445,-71.4461780247686
42.987276713117794,-71.44619097591246
42.9872761722414,-71.44620301446196
42.98727563512195,-71.44621496936354
42.9872750494829,-71.44622800415478
42.987274512360855,-71.4462399590559
42.98727397147929,-71.44625199760529
42.98727338583601,-71.44626503239645
42.987272848710106,-71.44627698729701
42.98727230782463,-71.4462890258464
42.98727228998807,-71.44630100045983
42.98727227980563,-71.44631300044375
42.987272269621926,-71.44632500042763
42.98727225943696,-71.44633700041153
42.987272248401844,-71.44635000039406
42.987272238214274,-71.44636200037796
42.987272228025454,-71.44637400036186
42.987272217835375,-71.44638600034573
42.987272207644054,-71.44639800032958
42.98727225815804,-71.44640999061791
42.987272492060676,-71.44642201845964
42.987272744688696,-71.44643500927853
42.98727297788249,-71.4464470008038
42.98727321107502,-71.44645899232918
42.98727346369886,-71.44647198314853
42.98727369759498,-71.44648401098976
42.98727393078366,-71.44649600251539
42.9872741834033,-71.44650899333499
42.98727441658938,-71.4465209848609
42.98727465048035,-71.44653301270169
42.98727490309582,-71.44654600352152
42.98727513627803,-71.44655799504766
42.98727536945898,-71.44656998657393
42.987275622776394,-71.44658301370816
42.98727585595473,-71.44659500523453
42.98727608913182,-71.44660699676102
42.98727634173893,-71.44661998758156
42.987276575619504,-71.44663201542147
42.98727682822377,-71.44664500624211
42.98727706139563,-71.44665699776898
42.987277294566255,-71.446668989296
42.98727754787242,-71.4466820164294
42.98727778104041,-71.4466940079565
42.98727801420716,-71.44670599948375
42.98727826680307,-71.44671899030507
42.98727850067326,-71.44673101814413
42.98727873383615,-71.44674300967161
42.98727898642786,-71.44675600049315
42.987279219588146,-71.44676799202092
42.987279452747174,-71.44677998354881
42.98727969934175,-71.44679299876205
42.98727967290239,-71.44680499865312
42.98727964425832,-71.4468179985351
42.987279615612806,-71.44683099841707
42.98727958916946,-71.4468429983081
42.98727956052111,-71.44685599819
42.98727953187128,-71.44686899807193
42.987279505423984,-71.4468809979629
42.98727947677132,-71.44689399784477
42.987279448117185,-71.44690699772661
42.98727942166591,-71.44691899761754
42.987279393008954,-71.44693199749938
42.98727936435053,-71.44694499738117
42.98727933789529,-71.44695699727205
42.987279309234026,-71.44696999715381
42.98727928277617,-71.44698199704467
42.98727925411209,-71.44699499692638
42.98727922765161,-71.44700699681721
42.9872792011899,-71.447018996708
42.987279172521625,-71.44703199658966
42.9872791460573,-71.44704399648045
42.98727911738619,-71.44705699636208
42.98727909091925,-71.44706899625282
42.98727906445105,-71.44708099614353
42.98727903577577,-71.44709399602513
42.98727900930496,-71.44710599591582
42.9872789828329,-71.44711799580648
42.98727895415342,-71.44713099568801
42.98727892767875,-71.44714299557866
42.98727890119372,-71.44715499959258
42.98727887251005,-71.4471679994743
42.98727884603152,-71.44717999936508
42.98727881734502,-71.44719299924675
42.987278790863876,-71.44720499913748
42.98727876438147,-71.44721699902823
42.987278735690786,-71.44722999890985
42.987278709205775,-71.44724199880055
42.98727868271951,-71.44725399869122
42.98727865402464,-71.4472669985728
42.98727862753576,-71.44727899846345
42.98727860104564,-71.44729099835409
42.987278572346575,-71.44730399823561
42.987278545853826,-71.44731599812621
42.98727851715195,-71.44732899800768
42.9872784906566,-71.44734099789825
42.98727846415999,-71.44735299778883
42.98727843545391,-71.44736599767025
42.98727840895469,-71.44737799756076
42.98727838245422,-71.44738999745128
42.98727835374395,-71.44740299733266
42.98727832724088,-71.44741499722313
42.98727830073653,-71.44742699711361
42.98727827202208,-71.44743999699493
42.98727824550602,-71.44745200101349
42.987278216788745,-71.44746500089498
42.987278190279184,-71.4474770007856
42.987278163768366,-71.44748900067616
42.9872781350469,-71.4475020005576
42.987278108533474,-71.44751400044815
42.98727808201879,-71.44752600033868
42.987278053293146,-71.44753900022009
42.987278026775854,-71.4475510001106
42.98727800025731,-71.44756300000107
42.98727797152747,-71.44757599988242
42.987277945006305,-71.44758799977286
42.98727791627365,-71.44760099965416
42.987277889749876,-71.44761299954459
42.987277863224854,-71.44762499943499
42.987277834488005,-71.44763799931624
42.98727780796037,-71.44764999920659
42.98727772717325,-71.44766199557723
42.98727761442047,-71.44767499374932
42.98727751019907,-71.44768700827099
42.98727740611701,-71.44769900658378
42.987277293360044,-71.44771200475587
42.98727718927537,-71.44772400306852
42.98727707651557,-71.44773700124048
42.9872769724283,-71.447748999553
42.98727686833977,-71.44776099786544
42.987276755575785,-71.44777399603721
42.98727665148465,-71.44778599434953
42.987276547392256,-71.44779799266182
42.987276434483434,-71.44781100704442
42.98727633038843,-71.44782300535675
42.98727621761743,-71.4478360035284
42.987276113519805,-71.4478480018406
42.98727600942094,-71.44786000015276
42.987275896645755,-71.44787299832419
42.98727579254428,-71.4478849966362
42.987275688441535,-71.44789699494817
42.987275575662174,-71.44790999311937
42.987275471416154,-71.44792200764408
42.987275358633944,-71.44793500581538
42.98727525452598,-71.44794700412727
42.987275150416785,-71.44795900243912
42.98727503763039,-71.4479720006102
42.98727493351857,-71.44798399892193
42.98727482940549,-71.44799599723359
42.98727471661492,-71.44800899540446
42.987274612499235,-71.448020993716
42.98727449956512,-71.44803400810144
42.987274395446825,-71.44804600641302
42.987274291327275,-71.44805800472456
42.987274178529674,-71.44807100289532
42.987274074407516,-71.44808300120673
42.98727397028411,-71.44809499951806
42.98727385748233,-71.44810799768864
42.9872737533563,-71.44811999599985
42.98727364055169,-71.44813299417027
42.98727353642306,-71.44814499248136
42.987273432152435,-71.44815700700906
42.98727331934364,-71.4481700051795
42.98727321521113,-71.4481820034906
42.987273111077386,-71.44819400180164
42.98727299929805,-71.44820699999539
42.98727295718023,-71.44821899971913
42.987272915061155,-71.44823099944284
42.98727286943074,-71.44824399914349
42.987272827309056,-71.44825599886714
42.98727278518611,-71.44826799859078
42.98727274306193,-71.44827999831439
42.98727269742597,-71.44829299801494
42.98727265529916,-71.44830499773849
42.9872726131711,-71.44831699746202
42.987272567530965,-71.44832999716246
42.98727252540029,-71.44834199688593
42.98727248324532,-71.44835400317088
42.987272441112154,-71.44836600289449
42.98727239546647,-71.44837900259506
42.987272353330674,-71.44839100231864
42.987272311193635,-71.44840300204218
42.987272269055346,-71.44841500176571
42.987272223404105,-71.44842800146617
42.987272181263194,-71.44844000118965
42.98727213912103,-71.4484520009131
42.98727209697762,-71.4484640006365
42.98727205132084,-71.44847700033685
42.98727200917482,-71.44848900006022
42.987271967027546,-71.44850099978356
42.98727192136657,-71.44851399948385
42.98727187921668,-71.44852599920713
42.98727183706554,-71.44853799893039
42.98727179491315,-71.44854999865365
42.98727174924663,-71.44856299835378
42.987271707091615,-71.448574998077
42.98727166493536,-71.44858699780016
42.98727162277784,-71.4485989975233
42.98727157710579,-71.44861199722335
42.98727153494567,-71.44862399694644
42.98727149276122,-71.44863600323558
42.98727144708497,-71.44864900293577
42.98727140492098,-71.44866100265897
42.987271362755735,-71.44867300238217
42.98727132058923,-71.44868500210531
42.98727127490744,-71.44869800180537
42.98727123273832,-71.44871000152851
42.98727119056796,-71.44872200125158
42.987271148396346,-71.44873400097464
42.98727110270902,-71.4487470006746
42.98727106053479,-71.4487590003976
42.9872710183593,-71.44877100012059
42.98727097266779,-71.44878399982048
42.987270930489686,-71.4487959995434
42.98727088831035,-71.44880799926631
42.98727084612973,-71.4488199989892
42.987270800432675,-71.44883299868896
42.987270758249466,-71.4488449984118
42.98727071606499,-71.44885699813462
42.98727067387928,-71.44886899785739
42.98727062817667,-71.44888199755704
42.98727058598834,-71.44889399727977
42.98727054379875,-71.44890599700247
42.98727049806886,-71.44891900327274
42.98727045587666,-71.44893100299558
42.98727041368321,-71.4489430027184
42.987270371488506,-71.4489550024412
42.987270325776166,-71.44896800214089
42.98727028357885,-71.44898000186363
42.98727024138027,-71.44899200158636
42.98727019918045,-71.44900400130905
42.987270153462575,-71.44901700100861
42.98727011126014,-71.44902900073127
42.98727006905646,-71.44904100045389
42.987270026851505,-71.4490530001765
42.98726998112808,-71.44906599987597
42.987269938920534,-71.4490779995985
42.98726989671172,-71.44908999932103
42.9872698509841,-71.4491029990204
42.98726980877269,-71.44911499874287
42.98726976656001,-71.44912699846532
42.98726972434609,-71.44913899818775
42.987269678612925,-71.449151997887
42.98726963639639,-71.44916399760938
42.987269594178606,-71.44917599733171
42.987269551959564,-71.44918799705405
42.987269506220855,-71.4492009967532
42.98726946397607,-71.44921300305091
42.98726942175316,-71.44922500277336
42.98726937601026,-71.44923800247264
42.98726933378474,-71.44925000219504
42.98726929155797,-71.4492620019174
42.98726924932994,-71.44927400163974
42.987269203581505,-71.44928700133892
42.987269161350866,-71.4492990010612
42.98726911911898,-71.44931100078347
42.98726907688582,-71.44932300050571
42.987269031131845,-71.44933600020477
42.98726898889608,-71.44934799992696
42.98726894665908,-71.44935999964912
42.9872689009009,-71.4493729993481
42.98726885866129,-71.44938499907023
42.98726881642041,-71.44939699879231
42.98726877417828,-71.44940899851436
42.98726872841457,-71.44942199821324
42.98726868616982,-71.44943399793524
42.98726864392384,-71.44944599765722
42.98726860167658,-71.4494579973792
42.98726855590733,-71.44947099707797
42.98726851365747,-71.44948299679987
42.98726847138319,-71.44949500310179
42.987268425609734,-71.44950800280068
42.98726838335601,-71.44952000252272
42.987268341101036,-71.44953200224471
42.9872682988448,-71.44954400196669
42.987268253065814,-71.44955700166548
42.98726821080697,-71.4495690013874
42.98726816854687,-71.44958100110931
42.98726812628552,-71.44959300083117
42.98726808050099,-71.44960600052985
42.987268038237026,-71.44961800025169
42.98726799597181,-71.44962999997348
42.98726795370534,-71.44964199969526
42.98726790791526,-71.44965499939383
42.98726786564618,-71.44966699911554
42.98726782337585,-71.44967899883726
42.98726777758157,-71.44969199853573
42.987267735308635,-71.44970399825738
42.98726769303443,-71.449715997979
42.98726765075899,-71.44972799770059
42.98726760495917,-71.44974099739898
42.98726756268111,-71.44975299712053
42.987267520401794,-71.44976499684205
42.98726747809803,-71.44977700314818
42.98726743229266,-71.44979000284664
42.987267390009485,-71.44980200256829
42.98726734772505,-71.44981400228993
42.9872673019155,-71.4498270019883
42.987267259628446,-71.44983900170985
42.987267217340154,-71.4498510014314
42.987267175050604,-71.44986300115292
42.98726712923551,-71.44987600085119
42.98726708694334,-71.44988800057267
42.98726704464993,-71.4499000002941
42.98726700235525,-71.44991200001553
42.98726695653461,-71.44992499971367
42.98726691423734,-71.44993699943504
42.9872668719388,-71.4499489991564
42.987266826113974,-71.44996199885448
42.98726678381283,-71.44997399857576
42.987266741510425,-71.44998599829701
42.98726669920678,-71.44999799801826
42.98726665337641,-71.45001099771623
42.98726661107013,-71.45002299743743
42.98726656876262,-71.45003499715858
42.987266526453844,-71.45004699687972
42.9872664805947,-71.45006000316681
42.987266438283314,-71.4500720028881
42.98726639597068,-71.45008400260936
42.98726635013057,-71.45009700230734
42.98726630781532,-71.45010900202855
42.98726626549881,-71.45012100174972
42.98726622318106,-71.45013300147089
42.987266177335414,-71.45014600116878
42.98726613501504,-71.45015800088987
42.98726609269342,-71.45017000061097
42.98726605037055,-71.45018200033202
42.987266004519356,-71.45019500002978
42.98726596219387,-71.4502069997508
42.98726591986712,-71.45021899947179
42.98726587753914,-71.45023099919271
42.987265831682386,-71.45024399889037
42.987265789351795,-71.4502559986113
42.98726574701993,-71.45026799833217
42.98726570115902,-71.45028099802975
42.98726565882454,-71.45029299775058
42.98726561648881,-71.45030499747138
42.987265574151834,-71.45031699719215
42.98726552828537,-71.45032999688961
42.987265485922514,-71.45034200320418
42.98726544358168,-71.45035400292507
42.987265401239576,-71.45036600264592
42.987265355367555,-71.4503790023435
42.98726531302285,-71.45039100206432
42.9872652706769,-71.4504030017851
42.987265224800694,-71.4504160014826
42.98726518245212,-71.45042800120335
42.987265140102295,-71.45044000092406
42.98726509775121,-71.45045200064474
42.98726505186947,-71.45046500034212
42.987265009515774,-71.45047700006279
42.98726496716083,-71.45048899978339
42.987264924804634,-71.45050099950397
42.987264878917344,-71.45051399920125
42.98726483655853,-71.45052599892178
42.987264794198474,-71.45053799864229
42.987264748307,-71.4505509983395
42.98726470594431,-71.45056299805997
42.9872646635804,-71.45057499778038
42.98726462121522,-71.45058699750079
42.987264575318186,-71.45059999719788
42.987264532950405,-71.45061199691824
42.98726449055806,-71.45062400323698
42.98726444818776,-71.45063600295748
42.987264402285184,-71.45064900265467
42.98726435991228,-71.45066100237511
42.98726431753811,-71.45067300209554
42.98726427163135,-71.45068600179266
42.98726422925458,-71.45069800151303
42.98726418687655,-71.45071000123339
42.98726414449727,-71.4507220009537
42.9872641032748,-71.45073499841361
42.987264201896906,-71.45074699689874
42.98726430051775,-71.45075899538392
42.987264399137345,-71.45077099386914
42.987264497881924,-71.45078300771257
42.98726460471703,-71.4507960060715
42.98726470333277,-71.4508080045567
42.98726480194725,-71.45082000304198
42.98726490056046,-71.45083200152732
42.98726500739004,-71.4508449998865
42.987265106000656,-71.45085699837195
42.98726520461002,-71.45086899685745
42.987265303218116,-71.45088099534303
42.98726540182497,-71.45089299382865
42.98726550877385,-71.45090600754429
42.98726560737809,-71.45091800602984
42.98726570598107,-71.45093000451544
42.98726580458281,-71.45094200300112
42.98726590318329,-71.45095400148685
42.98726600999907,-71.45096699984644
42.98726610859693,-71.45097899833227
42.98726620719355,-71.45099099681819
42.987266305788914,-71.45100299530415
42.98726641259913,-71.451015993664
42.987266511318055,-71.45102800750423
42.98726660258131,-71.4510400015955
42.98726662835916,-71.45105200149193
42.98726665628374,-71.45106500137975
42.98726668205897,-71.45107700127622
42.98726670783295,-71.4510890011727
42.98726673360568,-71.4511010010692
42.987266761524715,-71.45111400095712
42.987266787294836,-71.45112600085365
42.987266813063705,-71.45113800075018
42.9872668388313,-71.45115000064675
42.987266866744804,-71.4511630005347
42.9872668925098,-71.4511750004313
42.98726691827355,-71.4511870003279
42.98726694403604,-71.45119900022452
42.98726697194399,-71.45121200011256
42.98726699770387,-71.4512240000092
42.98726702346249,-71.45123599990588
42.987267049219874,-71.45124799980258
42.987267077122276,-71.45126099969066
42.987267102877034,-71.45127299958739
42.98726712863054,-71.45128499948412
42.987267154382785,-71.45129699938086
42.98726718227965,-71.45130999926901
42.9872672080293,-71.4513219991658
42.98726723377768,-71.4513339990626
42.98726726167036,-71.4513469989508
42.98726728741613,-71.45135899884762
42.987267313160665,-71.45137099874445
42.987267338903926,-71.45138299864132
42.98726736679105,-71.4513959985296
42.98726739253171,-71.45140799842648
42.98726741827112,-71.45141999832339
42.98726744400927,-71.4514319982203
42.98726747189085,-71.45144499810864
42.98726749762639,-71.4514569980056
42.987267523369276,-71.45146900191017
42.987267549102306,-71.45148100180695
42.98726757697834,-71.45149400169515
42.98726760270876,-71.45150600159195
42.987267628437934,-71.45151800148878
42.98726765416584,-71.45153000138565
42.98726768203634,-71.4515430012739
42.98726770776164,-71.45155500117077
42.98726773348569,-71.45156700106767
42.987267759208486,-71.45157900096457
42.987267787073435,-71.45159200085291
42.98726781279361,-71.45160400074985
42.987267838512544,-71.4516160006468
42.9872678663733,-71.45162900053519
42.987267892089626,-71.45164100043216
42.98726791780469,-71.45165300032916
42.9872679435185,-71.45166500022617
42.98726797137371,-71.45167800011463
42.98726799708491,-71.45169000001167
42.98726802279486,-71.45170199990872
42.987268048503566,-71.4517139998058
42.987268076353224,-71.45172699969433
42.98726810205931,-71.45173899959144
42.987268127764146,-71.45175099948855
42.98726815346772,-71.45176299938568
42.98726818131184,-71.45177599927428
42.9872682070128,-71.45178799917143
42.98726823271251,-71.45179999906863
42.98726825841097,-71.45181199896584
42.987268286249545,-71.45182499885446
42.98726831194539,-71.4518369987517
42.98726833763998,-71.45184899864894
42.98726836333333,-71.45186099854621
42.98726839116635,-71.45187399843492
42.98726841685708,-71.45188599833222
42.98726844254656,-71.45189799822953
42.98726847037541,-71.45191099811828
42.98726849606227,-71.45192299801562
42.987268521756434,-71.45193500191301
42.98726854744079,-71.4519470018102
42.98726857526409,-71.4519600016988
42.98726860094584,-71.45197200159599
42.987268626626324,-71.45198400149322
42.987268652305566,-71.45199600139047
42.98726868012332,-71.45200900127914
42.98726870579994,-71.45202100117639
42.98726873147532,-71.45203300107369
42.98726875714943,-71.45204500097098
42.987268784961636,-71.45205800085972
42.98726881063315,-71.45207000075708
42.9872688363034,-71.45208200065441
42.9872688619724,-71.45209400055177
42.98726888977906,-71.45210700044058
42.98726891544544,-71.45211900033797
42.98726894111058,-71.45213100023537
42.98726896677446,-71.4521430001328
42.98726899457559,-71.45215600002169
42.98726902023685,-71.45216799991914
42.987269045896866,-71.4521799998166
42.98726907155563,-71.45219199971407
42.9872690993512,-71.45220499960304
42.98726912500736,-71.45221699950055
42.98726915066225,-71.45222899939806
42.98726917845364,-71.45224199928707
42.98726920410592,-71.45225399918462
42.987269229756954,-71.45226599908219
42.98726925540674,-71.45227799897978
42.98726928319258,-71.45229099886886
42.98726930883974,-71.45230299876647
42.98726933448566,-71.45231499866411
42.98726936013032,-71.45232699856174
42.987269387910615,-71.45233999845091
42.98726941355267,-71.45235199834858
42.98726943919346,-71.45236399824627
42.987269464833005,-71.45237599814398
42.98726949260776,-71.45238899803317
42.987269518253214,-71.45240100192336
42.98726954388889,-71.45241300182094
42.987269569523306,-71.45242500171851
42.987269597292524,-71.45243800160758
42.98726962292433,-71.45245000150517
42.987269648554886,-71.4524620014028
42.98726967418418,-71.45247400130042
42.98726970194785,-71.45248700118957
42.98726972757455,-71.45249900108723
42.98726975319998,-71.4525110009849
42.98726978095946,-71.45252400087408
42.98726980658229,-71.45253600077179
42.987269832203864,-71.45254800066951
42.98726985782419,-71.45256000056726
42.98726988557811,-71.4525730004565
42.98726991119582,-71.45258500035428
42.987269936812275,-71.45259700025207
42.98726996242748,-71.45260900014988
42.98726999017586,-71.4526220000392
42.98727001578845,-71.45263399993704
42.98727004139978,-71.45264599983489
42.987270067009874,-71.45265799973274
42.98727009475271,-71.45267099962211
42.987270120360186,-71.45268299952001
42.987270145966406,-71.45269499941794
42.98727017157136,-71.45270699931586
42.98727019930866,-71.4527199992053
42.98727022491102,-71.45273199910326
42.987270250512104,-71.45274399900123
42.98727027611196,-71.4527559988992
42.987270303843715,-71.45276899878873
42.987270329440946,-71.45278099868675
42.98727035503693,-71.45279299858478
42.98727038276449,-71.45280599847433
42.98727040835786,-71.4528179983724
42.98727043394998,-71.45282999827049
42.98727045954084,-71.45284199816858
42.987270487262855,-71.45285499805821
42.98727051285961,-71.4528670019412
42.9872705384466,-71.45287900183914
42.98727056403235,-71.4528910017371
42.98727059174882,-71.45290400162659
42.98727061733195,-71.45291600152458
42.98727064291383,-71.45292800142259
42.98727066849446,-71.45294000132064
42.987270696205385,-71.45295300121016
42.987270721783396,-71.45296500110823
42.98727074736016,-71.4529770010063
42.987270772935666,-71.45298900090438
42.98727079508101,-71.4530019935836
42.98727059412605,-71.45301398729123
42.987270392645485,-71.45302601229463
42.98727017494151,-71.45303900547786
42.98726997398269,-71.45305099918534
42.987269756275886,-71.4530639923683
42.98726955531446,-71.45307598607553
42.98726935382738,-71.45308801107949
42.987269136116396,-71.45310100426228
42.98726893515109,-71.45311299796934
42.98726873418455,-71.45312499167629
42.98726851646938,-71.45313798485867
42.9872683149758,-71.45315000986324
42.9872680972578,-71.45316300304557
42.987267896286035,-71.45317499675224
42.98726769531301,-71.45318699045878
42.98726747706637,-71.45320001493937
42.98726727609073,-71.45321200864585
42.98726705836572,-71.45322500182775
42.98726685738748,-71.453236995534
42.98726665640798,-71.45324898924011
42.9872664381543,-71.45326201372127
42.9872662371722,-71.45327400742735
42.987266036188835,-71.45328600113332
42.98726581845546,-71.45329899431462
42.98726561746949,-71.45331098802032
42.98726539920876,-71.45332401250205
42.98726520144149,-71.45333599424188
42.98726538490782,-71.45334798899765
42.98726556880992,-71.4533600123252
42.98726575227374,-71.453372007081
42.98726593573632,-71.45338400183691
42.98726613448603,-71.4533969961559
42.987266317945995,-71.45340899091201
42.987266501841695,-71.45342101423896
42.98726668529915,-71.45343300899509
42.987266868755356,-71.45344500375134
42.98726705221031,-71.4534569985077
42.98726723566401,-71.45346899326415
42.9872674344041,-71.45348198758377
42.987267618292144,-71.45349401090998
42.98726780174198,-71.45350600566658
42.987267985190556,-71.45351800042329
42.98726816863789,-71.45352999518008
42.98726835208397,-71.45354198993702
42.98726853596571,-71.45355401326258
42.98726873469619,-71.4535670075826
42.987268918138405,-71.45357900233965
42.98726910157936,-71.45359099709682
42.987269285019075,-71.4536029918541
42.98726946845753,-71.45361498661147
42.987269652331626,-71.45362700993631
42.98726983576756,-71.4536390046937
42.98727003448843,-71.45365199901435
42.98727021792176,-71.45366399377197
42.98727040287575,-71.45367596829891
42.9872708678077,-71.45368701040181
42.987271371402585,-71.45369897077556
42.9872718363323,-71.45371001287843
42.987271895519754,-71.45372199748067
42.98727174042212,-71.45373401785392
42.987271572735224,-71.45374701381058
42.98727141794602,-71.45375901007819
42.987271263155556,-71.45377100634568
42.987271095464486,-71.45378400230203
42.98727094067141,-71.45379599856933
42.987270785877094,-71.45380799483657
42.987270630770446,-71.45382001521075
42.98727046307382,-71.45383301116692
42.987270308275626,-71.45384500743405
42.98727015347619,-71.4538570037011
42.987269985775384,-71.45386999965696
42.98726983097333,-71.45388199592382
42.987269675858926,-71.45389401629886
42.987269521054365,-71.45390601256572
42.98726935334802,-71.45391900852138
42.987269198540844,-71.45393100478807
42.987269043732425,-71.45394300105467
42.987268876021886,-71.45395599701006
42.98726872121086,-71.45396799327645
42.98726856608743,-71.45398001365243
42.987268411273895,-71.45399200991885
42.9872682435578,-71.45400500587402
42.98726808874166,-71.45401700214023
42.98726793392426,-71.4540289984064
42.9872677791056,-71.45404099467244
42.98726761107282,-71.45405401473808
42.987267456251544,-71.45406601100414
42.98726730142903,-71.4540780072701
42.98726713370321,-71.45409100322478
42.98726697887808,-71.45410299949056
42.9872668240517,-71.45411499575624
42.98726666922407,-71.45412699202184
42.987266501181516,-71.45414001208836
42.98726634635126,-71.45415200835397
42.98726619151976,-71.4541640046195
42.98726602378423,-71.45417700057368
42.98726586895012,-71.454188996839
42.98726571411475,-71.45420099310424
42.9872655589669,-71.45421301348281
42.987265391225826,-71.45422600943682
42.987265236386584,-71.45423800570198
42.987265081546106,-71.45425000196703
42.98726491380084,-71.45426299792071
42.98726475895775,-71.45427499418558
42.987264604113406,-71.45428699045036
42.98726444895654,-71.4542990108299
42.98726428120572,-71.45431200678341
42.98726412635752,-71.4543240030481
42.98726397150806,-71.4543359993127
42.98726380375305,-71.45434899526589
42.987263648900985,-71.45436099153032
42.98726349373636,-71.45437301191069
42.98726333888178,-71.4543850081751
42.98726317112124,-71.45439800412811
42.98726301626404,-71.45441000039234
42.987262861405604,-71.45442199665649
42.987262706545906,-71.45443399292057
42.98726263677494,-71.45444699656565
42.98726257606383,-71.45445899599156
42.98726251535147,-71.45447099541738
42.98726245459001,-71.45448300429848
42.9872623888155,-71.45449600367664
42.98726232809928,-71.45450800310256
42.987262267381794,-71.45452000252845
42.987262206663054,-71.45453200195432
42.987262140883004,-71.45454500133229
42.987262080161656,-71.45455700075807
42.98726201943905,-71.45456900018384
42.98726195871519,-71.45458099960956
42.987261892929595,-71.45459399898738
42.98726183220313,-71.45460599841302
42.98726177147542,-71.45461799783864
42.98726171074644,-71.45462999726419
42.98726164495529,-71.45464299664188
42.98726158422372,-71.45465499606738
42.98726152349087,-71.45466699549284
42.98726146270891,-71.45467900437671
42.987261396912224,-71.45469200375445
42.98726133617552,-71.45470400318
42.98726127543756,-71.45471600260551
42.98726121469835,-71.45472800203099
42.987261148896124,-71.45474100140854
42.9872610881543,-71.45475300083395
42.98726102741122,-71.45476500025931
42.98726096666688,-71.45477699968465
42.98726090085911,-71.45478999906206
42.98726084011218,-71.45480199848731
42.987260779363986,-71.45481399791254
42.987260718614536,-71.45482599733772
42.98726065280122,-71.45483899671498
42.987260592049154,-71.45485099614008
42.987260531295846,-71.45486299556516
42.98726047049337,-71.45487500445186
42.98726040467451,-71.45488800382915
42.98726034391733,-71.45490000325432
42.987260283158896,-71.45491200267945
42.98726022239921,-71.45492400210456
42.98726015657481,-71.4549370014817
42.9872600958125,-71.4549490009067
42.98726003504896,-71.45496100033169
42.98725997428415,-71.45497299975662
42.987259908454206,-71.45498599913363
42.98725984768679,-71.45499799855848
42.987259786918116,-71.45500999798332
42.987259726148196,-71.45502199740814
42.9872596603127,-71.45503499678495
42.987259599540174,-71.45504699620967
42.98725953876639,-71.45505899563439
42.987259477943404,-71.45507100452389
42.98725941210236,-71.45508400390075
42.98725935132471,-71.45509600332554
42.9872592905458,-71.45510800275028
42.98725922976564,-71.45512000217498
42.987259163919056,-71.4551330015517
42.98725910313629,-71.45514500097634
42.987259042352264,-71.45515700040094
42.98725898156699,-71.45516899982549
42.987258915714854,-71.45518199920205
42.98725885492697,-71.45519399862656
42.98725879413782,-71.45520599805101
42.98725873334743,-71.45521799747542
42.987258667489755,-71.45523099685181
42.98725860669675,-71.45524299627617
42.98725854590249,-71.45525499570047
42.987258485059016,-71.45526700459278
42.98725841919578,-71.45528000396925
42.98725835839766,-71.45529200339364
42.98725829759828,-71.45530400281798
42.98725823679765,-71.4553160022423
42.98725817092889,-71.45532900161862
42.987258110125644,-71.45534100104287
42.98725804932114,-71.45535300046707
42.98725798851539,-71.45536499989124
42.98725792264108,-71.4553779992674
42.987257861832724,-71.45538999869149
42.9872578010231,-71.45540199811555
42.987257822686246,-71.45541400063702
42.98725784767666,-71.45542700054722
42.98725787074341,-71.45543900046432
42.98725789380892,-71.45545100038143
42.98725791879514,-71.45546400029168
42.98725794185804,-71.45547600020883
42.98725796491968,-71.455488000126
42.987257987980065,-71.45550000004317
42.98725801296074,-71.45551299995347
42.98725803601852,-71.45552499987066
42.987258059075046,-71.4555369997879
42.98725808405152,-71.45554999969823
42.98725810710543,-71.45556199961547
42.987258130158104,-71.45557399953273
42.98725815320951,-71.45558599945001
42.98725817818045,-71.45559899936042
42.98725820122923,-71.45561099927771
42.98725822427678,-71.45562299919503
42.98725824732307,-71.45563499911235
42.98725827228846,-71.4556479990228
42.98725829533213,-71.45565999894016
42.987258318374565,-71.45567199885755
42.98725834333577,-71.45568499876805
42.98725836637558,-71.45569699868544
42.98725838941414,-71.45570899860286
42.98725841245144,-71.45572099852028
42.98725843740711,-71.45573399843084
42.987258460441794,-71.4557459983483
42.98725848347523,-71.45575799826577
42.98725850843359,-71.45577100176317
42.98725853146442,-71.45578300168046
42.987258554494,-71.45579500159776
42.98725857752232,-71.4558070015151
42.987258602468245,-71.45582000142555
42.98725862549395,-71.45583200134291
42.987258648518406,-71.45584400126027
42.9872586715416,-71.45585600117765
42.987258696481994,-71.45586900108817
42.98725871950258,-71.4558810010056
42.98725874252192,-71.45589300092301
42.98725876745812,-71.45590600083358
42.98725879047484,-71.45591800075101
42.98725881349031,-71.45593000066849
42.98725883650453,-71.45594200058596
42.98725886143518,-71.45595500049659
42.98725888444678,-71.45596700041409
42.98725890745713,-71.45597900033161
42.987258932383604,-71.45599200024228
42.98725895539135,-71.45600400015982
42.98725897839783,-71.4560160000774
42.98725900140307,-71.45602799999497
42.98725902632399,-71.45604099990571
42.9872590493266,-71.4560529998233
42.98725907232797,-71.4560649997409
42.98725909532809,-71.45607699965853
42.987259120243465,-71.45608999956933
42.98725914324097,-71.45610199948699
42.98725916623723,-71.45611399940466
42.98725919114842,-71.45612699931549
42.98725921414204,-71.45613899923319
42.98725923713444,-71.45615099915092
42.98725926012556,-71.45616299906864
42.98725928503121,-71.45617599897953
42.98725930801974,-71.45618799889728
42.98725933100699,-71.45619999881505
42.98725935399302,-71.45621199873283
42.987259378893114,-71.45622499864378
42.987259401876514,-71.4562369985616
42.98725942485866,-71.45624899847941
42.987259449754575,-71.4562619983904
42.9872594727341,-71.45627399830826
42.987259495712394,-71.45628599822614
42.98725951869626,-71.45629800172222
42.98725954358663,-71.45631100163307
42.98725956656104,-71.45632300155077
42.98725958953421,-71.45633500146849
42.987259614420395,-71.45634800137938
42.98725963739095,-71.45636000129714
42.987259660360245,-71.4563720012149
42.98725968332828,-71.45638400113268
42.987259708208924,-71.45639700104363
42.987259731174355,-71.45640900096143
42.987259754138535,-71.45642100087926
42.98725977710147,-71.45643300079709
42.987259801976556,-71.4564460007081
42.987259824936864,-71.45645800062596
42.98725984789593,-71.45647000054383
42.98725987276683,-71.4564830004549
42.98725989572328,-71.4564950003728
42.98725991867848,-71.45650700029071
42.98725994163243,-71.45651900020864
42.98725996649778,-71.45653200011975
42.98725998944911,-71.45654400003771
42.98726001239919,-71.4565559999557
42.98726003726036,-71.45656899986685
42.987260060207824,-71.45658099978485
42.98726008315404,-71.45659299970286
42.987260106099,-71.45660499962088
42.98726013095463,-71.4566179995321
42.987260153896976,-71.45662999945014
42.98726017683806,-71.45664199936823
42.98726019977791,-71.4566539992863
42.987260224627995,-71.45666699919757
42.98726024756522,-71.45667899911568
42.987260270501196,-71.45669099903381
42.987260295347085,-71.45670399894513
42.98726031828045,-71.45671599886329
42.98726034121256,-71.45672799878145
42.98726036414342,-71.45673999869962
42.98726038898378,-71.45675299861101
42.98726041191202,-71.45676499852921
42.98726043483901,-71.45677699844742
42.98726045967517,-71.45678999835884
42.987260482599545,-71.45680199827709
42.9872605055295,-71.45681400176518
42.98726052845137,-71.45682600168325
42.987260553281985,-71.45683900159453
42.98726057620125,-71.45685100151263
42.98726059911926,-71.45686300143076
42.98726062203602,-71.45687500134889
42.98726064686109,-71.45688800126022
42.987260669775225,-71.45690000117838
42.98726069268812,-71.45691200109657
42.987260717508995,-71.45692500100795
42.98726074041928,-71.45693700092613
42.98726076332831,-71.45694900084435
42.98726078623608,-71.45696100076259
42.987260811051414,-71.45697400067402
42.987260833956576,-71.45698600059228
42.98726085686049,-71.45699800051055
42.987260881671624,-71.45701100042203
42.98726090457293,-71.45702300034034
42.987260927472974,-71.45703500025864
42.98726095037175,-71.45704700017697
42.987260975177364,-71.4570600000885
42.98726099807353,-71.45707200000686
42.98726102096846,-71.45708399992523
42.987261043862134,-71.45709599984363
42.9872610686622,-71.4571089997552
42.98726109155324,-71.45712099967362
42.98726111444305,-71.45713299959205
42.987261139238925,-71.4571459995037
42.987261162126124,-71.45715799942215
42.98726118501206,-71.4571699993406
42.98726120789675,-71.45718199925909
42.987261232687075,-71.4571949991708
42.987261255569145,-71.4572069990893
42.98726127844997,-71.4572189990078
42.98726130132954,-71.45723099892635
42.98726132611432,-71.45724399883811
42.98726134899128,-71.45725599875666
42.98726137186698,-71.45726799867525
42.987261396647575,-71.45728099858704
42.98726141952067,-71.45729299850565
42.9872614423925,-71.45730499842426
42.98726146526309,-71.4573169983429
42.98726149003814,-71.45732999825475
42.987261512912895,-71.45734200173463
42.987261535779616,-71.4573540016531
42.98726156055048,-71.4573670015648
42.987261583414586,-71.4573790014833
42.987261606277436,-71.45739100140182
42.98726162913904,-71.45740300132037
42.98726165390436,-71.45741600123212
42.987261676763346,-71.45742800115066
42.98726169962108,-71.45744000106926
42.987261662489914,-71.45745199799462
42.987261621157614,-71.45746499774894
42.98726158300341,-71.45747699752215
42.98726154484795,-71.45748899729534
42.987261503511455,-71.4575019970496
42.98726146533449,-71.45751400276535
42.98726142717517,-71.45752600253867
42.987261389014584,-71.45753800231196
42.98726134767254,-71.45755100206632
42.987261309509364,-71.45756300183957
42.98726127134492,-71.45757500161281
42.987261233179225,-71.457587001386
42.987261191831635,-71.45760000114026
42.98726115366332,-71.45761200091343
42.98726111549377,-71.45762400068655
42.987261074142,-71.45763700044076
42.98726103596982,-71.45764900021383
42.9872609977964,-71.4576609999869
42.98726095962173,-71.45767299975994
42.98726091826441,-71.45768599951403
42.987260880087106,-71.45769799928702
42.987260841908565,-71.45770999906001
42.98726080372877,-71.45772199883297
42.98726076236591,-71.45773499858696
42.9872607241835,-71.45774699835985
42.98726068599984,-71.45775899813273
42.9872606446328,-71.45777199788667
42.98726060644651,-71.4577839976595
42.987260568258996,-71.45779599743231
42.98726053007021,-71.4578079972051
42.987260488678686,-71.45782100290651
42.9872604504873,-71.45783300267945
42.98726041229466,-71.45784500245239
42.98726037410075,-71.45785700222527
42.98726033272261,-71.4578700019792
42.9872602945261,-71.45788200175205
42.987260256328334,-71.45789400152488
42.98726021494601,-71.45790700127874
42.987260176745636,-71.45791900105152
42.98726013854401,-71.45793100082427
42.987260100341125,-71.457943000597
42.987260058953254,-71.45795600035076
42.987260020747755,-71.45796800012346
42.98725998254101,-71.45797999989612
42.987259944333005,-71.45799199966876
42.98725990293959,-71.45800499942241
42.98725986472898,-71.45801699919502
42.98725982651711,-71.45802899896759
42.987259785119505,-71.45804199872117
42.98725974690503,-71.45805399849371
42.9872597086893,-71.4580659982662
42.98725967047232,-71.45807799803869
42.98725962906917,-71.45809099779217
42.98725959084957,-71.45810299756461
42.98725955262872,-71.45811499733703
42.98725951440662,-71.45812699710942
42.98725947297896,-71.45814000281561
42.98725943475426,-71.45815200258814
42.98725939652828,-71.45816400236065
42.987259355115405,-71.4581770021142
42.987259316886814,-71.45818900188667
42.987259278656985,-71.45820100165909
42.9872592404259,-71.45821300143152
42.987259199007475,-71.45822600118495
42.987259160773775,-71.45823800095732
42.98725912253882,-71.45825000072969
42.98725908430262,-71.45826200050202
42.987259042878655,-71.45827500025536
42.98725900463983,-71.45828700002764
42.98725896639976,-71.4582989997999
42.987258924971606,-71.45831199955316
42.987258886728924,-71.45832399932537
42.98725884848499,-71.45833599909757
42.98725881023981,-71.45834799886974
42.9872587688061,-71.4583609986229
42.98725873055829,-71.45837299839502
42.98725869230925,-71.45838499816713
42.987258654058934,-71.45839699793919
42.987258612619684,-71.45840999769227
42.98725857436676,-71.4584219974643
42.98725853611259,-71.4584339972363
42.98725849465017,-71.45844700294708
42.987258456393384,-71.45845900271924
42.98725841813535,-71.45847100249138
42.98725837987606,-71.45848300226349
42.98725833842707,-71.45849600201659
42.98725830016517,-71.45850800178866
42.987258261902014,-71.4585200015607
42.9872582236376,-71.45853200133273
42.98725818218308,-71.45854500108572
42.98725814391606,-71.4585570008577
42.98725810564778,-71.45856900062965
42.98725806418908,-71.45858200038258
42.98725802591818,-71.45859400015449
42.987257987646046,-71.45860599992636
42.987257949372655,-71.45861799969823
42.98725790790839,-71.45863099945105
42.9872578696324,-71.45864299922286
42.98725783135513,-71.45865499899466
42.987257793076616,-71.45866699876643
42.987257751606826,-71.45867999851916
42.9872577133257,-71.45869199829089
42.98725767504333,-71.45870399806259
42.987257633569335,-71.45871699781523
42.98725759528435,-71.45872899758689
42.9872575569981,-71.45874099735853
42.987257518710614,-71.45875299713013
42.98725747721205,-71.45876600284565
42.98725743892195,-71.45877800261742
42.98725740063058,-71.45879000238915
42.98725681957955,-71.45880298469253
42.9872562730359,-71.45881502316534
42.987255730328094,-71.45882697712003
42.98725518378192,-71.45883901559279
42.987254595845705,-71.45885196570985
42.98725404929689,-71.45886400418256
42.987253502746796,-71.45887604265533
42.9872529148064,-71.45888899277178
42.98725236825368,-71.45890103124447
42.987251825536916,-71.45891298519764
42.9872512337551,-71.45892601983304
42.98725069103575,-71.45893797378575
42.98725014447785,-71.45895001225833
42.98724955652912,-71.45896296237329
42.98724900996859,-71.4589750008458
42.98724846340679,-71.45898703931839
42.98724787545389,-71.4589999894327
42.987247328889445,-71.45901202790522
42.98724678616114,-71.45902398185643
42.98724619436665,-71.45903701649146
42.98724565163574,-71.45904897044221
42.98724510506613,-71.45906100891462
42.9872445171049,-71.45907395902742
42.98724397053266,-71.45908599749974
42.987243423959136,-71.45909803597216
42.98724283599372,-71.45911098608433
42.987242289417566,-71.45912302455667
42.98724174667771,-71.45913497850593
42.98724115487054,-71.4591480131406
42.98724061212808,-71.45915996708938
42.987240065546764,-71.4591720055616
42.987239473735364,-71.45918504019625
42.98723893098905,-71.45919699414443
42.987238384403824,-71.45920903261666
42.987237796425894,-71.4592219827267
42.98723724983803,-71.45923402119885
42.98723670708662,-71.45924597514612
42.98723611526678,-71.45925900978048
42.98723557251277,-71.45927096372729
42.98723502591974,-71.45928300219931
42.98723447932544,-71.4592950406714
42.98723389893806,-71.4593079989921
42.987233834902,-71.45931999835344
42.98723377086468,-71.45933199771473
42.9872337014895,-71.45934499702277
42.98723363744958,-71.45935699638397
42.987233573408396,-71.45936899574517
42.987233509365964,-71.4593809951063
42.98723343993201,-71.45939400438807
42.987233375886966,-71.45940600374932
42.98723331184066,-71.45941800311056
42.9872332477931,-71.45943000247173
42.98723317840684,-71.45944300177965
42.98723311435668,-71.45945500114075
42.98723305030526,-71.45946700050183
42.987232986252586,-71.45947899986287
42.987232916860776,-71.4594919991706
42.9872328528055,-71.45950399853155
42.987232788748955,-71.45951599789247
42.98723272469117,-71.45952799725336
42.98723265529381,-71.45954099656093
42.98723259123341,-71.45955299592173
42.98723252717176,-71.45956499528249
42.98723246305558,-71.45957700462009
42.98723239365268,-71.4595900039277
42.98723232958716,-71.45960200328855
42.98723226552038,-71.45961400264937
42.98723220145235,-71.45962600201013
42.98723213204391,-71.45963900131758
42.987232067973274,-71.45965100067828
42.98723200390138,-71.45966300003894
42.987231939828234,-71.45967499939955
42.98723187041425,-71.45968799870683
42.987231806338485,-71.45969999806738
42.98723174226148,-71.45971199742787
42.987231678183214,-71.45972399678834
42.987231608763686,-71.45973699609547
42.98723154468281,-71.45974899545585
42.987231480547386,-71.45976100479605
42.987231416464006,-71.45977300415656
42.98723134703892,-71.45978600346373
42.987231282952926,-71.45979800282417
42.98723121886568,-71.45981000218455
42.98723115477717,-71.45982200154491
42.98723108534655,-71.4598350008519
42.98723102125545,-71.45984700021216
42.987230957163085,-71.4598589995724
42.98723089306946,-71.4598709989326
42.9872308236333,-71.45988399823945
42.98723075953706,-71.45989599759956
42.987230695439585,-71.45990799695963
42.98723063134084,-71.45991999631967
42.98723056189913,-71.45993299562636
42.98723049774445,-71.45994500496917
42.98723043364184,-71.45995700432931
42.98723036953798,-71.4599690036894
42.98723030009073,-71.45998200299611
42.98723023598426,-71.45999400235611
42.98723017187654,-71.4600060017161
42.987230107767566,-71.46001800107601
42.98723003831476,-71.46003100038257
42.987229974203174,-71.46004299974243
42.98722991009034,-71.46005499910223
42.987229845976245,-71.460066998462
42.98722977651791,-71.4600799977684
42.987229712401195,-71.4600919971281
42.98722964828324,-71.46010399648776
42.987229584164034,-71.46011599584739
42.98722951470014,-71.46012899515361
42.98722945052496,-71.46014100449919
42.98722938640187,-71.46015300385892
42.98722932227755,-71.46016500321856
42.987229252808106,-71.46017800252484
42.98722918868117,-71.46019000188443
42.98722912455297,-71.46020200124397
42.98722906042353,-71.46021400060349
42.987228990948545,-71.46022699990958
42.987228926816485,-71.46023899926904
42.98722886268318,-71.46025099862842
42.98722879854861,-71.4602629979878
42.987228729068086,-71.46027599729372
42.9872286649309,-71.46028799665301
42.98722860079248,-71.46029999601225
42.98722853665279,-71.46031199537146
42.987228467113326,-71.46032500466625
42.98722840297103,-71.46033700402558
42.987228338827485,-71.46034900338488
42.98722827468267,-71.46036100274414
42.98722820519106,-71.46037400204993
42.987228141043644,-71.4603860014091
42.98722807689497,-71.46039800076825
42.98722801274506,-71.46041000012734
42.987227943247895,-71.46042299943298
42.98722787909536,-71.46043499879201
42.987227814941576,-71.46044699815099
42.98722775078654,-71.46045899750992
42.987227681283834,-71.46047199681539
42.98722761712619,-71.46048399617426
42.98722755296728,-71.4604959955331
42.9872274887537,-71.4605080048839
42.987227419245436,-71.46052100418942
42.98722735508267,-71.46053300354833
42.98722729091866,-71.4605450029072
42.987227226753376,-71.46055700226601
42.98722715723959,-71.4605700015714
42.987227093071695,-71.46058200093015
42.98722702890255,-71.46059400028886
42.98722696473216,-71.46060599964753
42.987226895212814,-71.46061899895273
42.98722683103981,-71.46063099831133
42.987226766865554,-71.4606429976699
42.9872267,-71.4606555
