43.29921659985787,-71.02998440124537
43.29921625234742,-71.02998374695682
43.299211049245116,-71.0299739506191
43.29920584614171,-71.02996415428255
43.2992006430372,-71.02995435794718
43.29919509242069,-71.02994390732444
43.29918988931385,-71.0299341109914
43.2991850327612,-71.02992496714843
43.29917982965222,-71.02991517081765
43.29917427903078,-71.02990472019954
43.29916907591949,-71.02989492387108
43.29916387280708,-71.02988512754382
43.29915866969358,-71.02987533121774
43.299161341128396,-71.02986415990827
43.299164322730824,-71.0298521512841
43.29916730433186,-71.0298401426593
43.29917006352846,-71.02982902977973
43.299173045126814,-71.02981702115373
43.29917602672377,-71.02980501252709
43.299178785916574,-71.02979389964592
43.29918176751085,-71.02978189101808
43.29918452670115,-71.02977077813588
43.29918740403914,-71.02975918939777
43.29919038562943,-71.02974718076794
43.299193144816,-71.02973606788403
43.299196126403615,-71.02972405925301
43.299198885587685,-71.02971294636806
43.29920186717262,-71.02970093773584
43.29920536445666,-71.02968920814094
43.29920879094835,-71.0296778806108
43.2992120701332,-71.02966704005301
43.29921575455567,-71.02965485982708
43.299219033738055,-71.02964401926775
43.29922271815768,-71.02963183904032
43.299225997337594,-71.02962099847952
43.29922968175438,-71.02960881825058
43.29923296093183,-71.02959797768825
43.29923664534579,-71.02958579745784
43.299239924520776,-71.02957495689401
43.29924346162727,-71.02956326363405
43.299246888104406,-71.02955193609675
43.299250167275765,-71.02954109553066
43.299253851682735,-71.0295289152965
43.29925713085162,-71.0295180747289
43.29926081525575,-71.02950589449325
43.29926409442218,-71.02949505392414
43.29926777882348,-71.02948287368699
43.29927105798743,-71.02947203311638
43.29927474238589,-71.02945985287774
43.29927802154738,-71.0294490123056
43.299281757195054,-71.02943784364314
43.29928555379348,-71.02942671266058
43.299289170301755,-71.02941610966758
43.299292966897696,-71.02940497868343
43.29929704315046,-71.02939302778717
43.299300839743736,-71.0293818968014
43.29930463633571,-71.02937076581487
43.29930825283806,-71.02936016281747
43.29931204942755,-71.02934903182931
43.299315846015745,-71.02933790084043
43.299319642602654,-71.02932676985078
43.29932325910032,-71.02931616684991
43.29932705568474,-71.02930503585866
43.29933085226786,-71.02929390486663
43.29933464884969,-71.02928277387389
43.29933844543022,-71.02927164288035
43.299342341579205,-71.02926021996261
43.299346138157176,-71.02924908896736
43.29934993473384,-71.02923795797139
43.299353731309225,-71.02922682697462
43.29935734779628,-71.02921622396589
43.29936114436917,-71.02920509296754
43.29936494094077,-71.02919396196842
43.29936873751107,-71.02918283096854
43.299372534080085,-71.0291716999679
43.29937615056128,-71.02916109695487
43.299379947127804,-71.02914996595264
43.29938402334933,-71.02913801503594
43.299387819913186,-71.02912688403208
43.29939143638965,-71.02911628101549
43.299395232951014,-71.02910515001004
43.29939902951108,-71.02909401900382
43.299402826069866,-71.02908288799682
43.299406622627345,-71.02907175698908
43.29941023909794,-71.0290611539682
43.29941403565294,-71.02905002295886
43.29941783220663,-71.02903889194874
43.299421741763936,-71.02902782745053
43.29942565526247,-71.02901676965162
43.299429568759734,-71.02900571185187
43.29943329100385,-71.02899519444424
43.29943720449866,-71.02898413664279
43.299441117992195,-71.0289730788405
43.29944503148444,-71.02896202103743
43.29944894497543,-71.02895096323348
43.29945285846514,-71.02893990542874
43.29945677195356,-71.02892884762316
43.2994606854407,-71.02891778981676
43.299464598926576,-71.02890673200955
43.29946851241117,-71.02889567420152
43.29947223464364,-71.02888515678481
43.299476148125784,-71.02887409897504
43.29948006160664,-71.02886304116446
43.299483975086225,-71.02885198335305
43.29948788856452,-71.02884092554085
43.29949180204156,-71.02882986772778
43.299495715517295,-71.0288188099139
43.299499628991775,-71.02880775209921
43.29950354246497,-71.02879669428368
43.29950726468697,-71.0287861768588
43.299511178157715,-71.02877511904157
43.299515091627185,-71.02876406122351
43.29951900509537,-71.02875300340463
43.299522918562275,-71.0287419455849
43.29952683202791,-71.02873088776437
43.29953074549226,-71.02871982994304
43.29953465895533,-71.02870877212086
43.299538572417134,-71.02869771429786
43.29954229462867,-71.02868719686481
43.29954620808802,-71.02867613904009
43.29955012154608,-71.02866508121454
43.29955403500286,-71.02865402338819
43.29955794845839,-71.02864296556099
43.299561861912615,-71.028631907733
43.29956577536558,-71.02862084990416
43.29956968881726,-71.02860979207449
43.29957374238079,-71.0285988183472
43.299577828045585,-71.0285878787513
43.29958161808539,-71.028577730704
43.29958570374776,-71.02856679110637
43.29958978940888,-71.02855585150785
43.29959387506874,-71.0285449119084
43.29959766510391,-71.02853476385796
43.29960175076135,-71.02852382425681
43.29960583641754,-71.02851288465475
43.29960992207247,-71.02850194505176
43.29961371210302,-71.0284917969982
43.299617797755516,-71.02848085739349
43.29962188340678,-71.02846991778787
43.29962567343388,-71.02845976973201
43.29962975908271,-71.02844883012467
43.299633844730295,-71.02843789051641
43.29963792353161,-71.02842694916524
43.29964182076941,-71.0284158808509
43.299645718005934,-71.02840481253575
43.29964961524117,-71.02839374421977
43.299653322799344,-71.0283832145907
43.299657220032124,-71.02837214627301
43.299661117263625,-71.02836107795453
43.299665014493854,-71.02835000963522
43.29966891172279,-71.0283389413151
43.29967280895045,-71.02832787299415
43.299676991497286,-71.02831599434758
43.29968088872231,-71.0283049260249
43.29968478594605,-71.02829385770143
43.29968868316851,-71.02828278937712
43.29969239071494,-71.02827225973897
43.29969628793495,-71.02826119141297
43.299700185153675,-71.02825012308614
43.299704082371115,-71.02823905475852
43.29970797958728,-71.02822798643007
43.299711876802164,-71.02821691810081
43.29971577401577,-71.02820584977076
43.29971995654769,-71.0281939711139
43.29972385375866,-71.02818290278208
43.299727750968344,-71.02817183444947
43.29973145850303,-71.0281613048022
43.29973535571026,-71.0281502364679
43.29973925291622,-71.02813916813274
43.29974315012088,-71.0281280997968
43.29974704732427,-71.02811703146003
43.29975094452637,-71.02810596312246
43.2997548417272,-71.02809489478408
43.29975873892674,-71.02808382644487
43.299762921443744,-71.02807194777773
43.29976681864065,-71.02806087943681
43.299770715836274,-71.02804981109504
43.29977436928012,-71.02803923953435
43.299778188714605,-71.0280281224101
43.299782008147794,-71.02801700528508
43.299786108531634,-71.02800507039922
43.29978992796216,-71.02799395327257
43.29979374739139,-71.02798283614513
43.29979738457971,-71.02797224945805
43.29980120400648,-71.02796113232897
43.29980530438349,-71.02794919743857
43.29980912380758,-71.02793808030785
43.29981294323038,-71.02792696317637
43.299816762651886,-71.02791584604411
43.2998205820721,-71.0279047289111
43.299824500203286,-71.02789332445676
43.29982831962095,-71.02788220732201
43.29983213903731,-71.02787109018648
43.299835958452384,-71.02785997305018
43.299840058817004,-71.0278480381516
43.299843878229424,-71.02783692101366
43.299847697640544,-71.02782580387493
43.29985133481219,-71.02781521717543
43.29985515422083,-71.02780410003507
43.29985925457862,-71.02779216513196
43.29986307398461,-71.02778104798996
43.299866893389286,-71.0277699308472
43.29987071279269,-71.02775881370368
43.2998748131449,-71.02774687879695
43.299878450308185,-71.02773629209113
43.29988226970774,-71.02772517494512
43.299886089105996,-71.02771405779833
43.299889908502955,-71.02770294065074
43.29989400884834,-71.02769100573944
43.29989782824264,-71.02767988859024
43.29990164763565,-71.02766877144026
43.29990528479064,-71.02765818472828
43.299909104181175,-71.02764706757668
43.299913204519726,-71.02763513266082
43.2999170239076,-71.02762401550754
43.299920843294174,-71.02761289835352
43.29992466267945,-71.02760178119874
43.29992876301243,-71.02758984627926
43.29993240015905,-71.02757925956102
43.2999362195405,-71.02756814240371
43.29994003892064,-71.02755702524564
43.299943858299486,-71.02754590808681
43.299947958625644,-71.02753397316278
43.29995177800183,-71.02752285600229
43.29995559737673,-71.02751173884104
43.29995923451506,-71.02750115211663
43.29996305388748,-71.02749003495374
43.2999671542068,-71.02747810002515
43.29997097357655,-71.02746698286063
43.299974792945015,-71.02745586569532
43.29997861231219,-71.02744474852923
43.2999825303913,-71.02743334403418
43.299986349755905,-71.02742222686639
43.299990169119226,-71.02741110969781
43.299993988481255,-71.02739999252846
43.299997788457546,-71.02738886559275
43.3000018200058,-71.02737688563754
43.30000539815558,-71.02736625297504
43.30000915245641,-71.02735509686579
43.300012906755946,-71.02734394075581
43.300016661054194,-71.02733278464508
43.300020239199256,-71.02732215197922
43.300023993494996,-71.02731099586693
43.300027747789436,-71.02729983975392
43.30003177932678,-71.02728785979173
43.30003535746709,-71.02727722712238
43.30003911175764,-71.02726607100698
43.30004286604691,-71.02725491489082
43.30004662033486,-71.02724375877393
43.300050198470466,-71.02723312610122
43.300053952755924,-71.02722196998278
43.30005798428374,-71.02720999001444
43.30006173856652,-71.02719883389443
43.300065316697356,-71.02718820121824
43.30006907097764,-71.02717704509665
43.30007282525662,-71.02716588897434
43.300076579534306,-71.02715473285127
43.30008015766044,-71.02714410017172
43.30008391193563,-71.02713294404712
43.30008794345252,-71.0271209640718
43.30009169772502,-71.02710980794562
43.30009527584639,-71.02709917526259
43.3000990301164,-71.02708801913485
43.3001027843851,-71.02707686300636
43.30010653865251,-71.02706570687717
43.30011011676918,-71.02705507419073
43.300114148276535,-71.02704309420929
43.30011790254006,-71.02703193807768
43.30012165680229,-71.02702078194534
43.300125234914184,-71.02701014925543
43.30012898917392,-71.02699899312152
43.30013274343235,-71.02698783698689
43.30013649768948,-71.02697668085152
43.30014007579669,-71.02696604815824
43.30014410729312,-71.02695406816981
43.300147861546364,-71.02694291203206
43.30015161964872,-71.02693175264193
43.30015526424044,-71.02692117184637
43.30015909184561,-71.02691005973095
43.30016291944948,-71.02689894761473
43.300167028465204,-71.02688701851207
43.300170856066416,-71.0268759063942
43.30017468366635,-71.02686479427555
43.30017832825095,-71.02685421347468
43.300182155848404,-71.0268431013544
43.30018598344457,-71.02683198923336
43.3001900924521,-71.02682006012523
43.3001939200456,-71.02680894800253
43.3001977476378,-71.02679783587905
43.300201575228726,-71.02678672375478
43.30020521980505,-71.0267761429477
43.30020904739349,-71.0267650308218
43.300213156392836,-71.02675310170822
43.30021698397861,-71.02674198958069
43.30022081156311,-71.02673087745237
43.3002246391463,-71.02671976532326
43.30022828371553,-71.02670918451085
43.30023211129625,-71.02669807238009
43.3002362202874,-71.02668614326106
43.30024004786546,-71.02667503112868
43.30024387544223,-71.02666391899551
43.30024770301772,-71.02665280686156
43.3002515305919,-71.02664169472683
43.30025517515284,-71.02663111390821
43.300259004579786,-71.02662000304518
43.300262902417,-71.02660893511512
43.30026680025294,-71.02659786718424
43.300270698087616,-71.02658679925254
43.300274406184116,-71.02657627007972
43.30027830401632,-71.0265652021463
43.3002819164942,-71.02655494447541
43.30028581432392,-71.02654387654047
43.300289522415895,-71.02653334736411
43.30029342024316,-71.02652227942745
43.300297318069155,-71.02651121149
43.300300930541184,-71.02650095381557
43.30030482836469,-71.0264898858766
43.30030853645094,-71.02647935669579
43.300312434272,-71.0264682887551
43.30031633209177,-71.0264572208136
43.300320229910255,-71.02644615287132
43.30032412772746,-71.02643508492818
43.3003280255434,-71.02642401698424
43.300331923358044,-71.0264129490395
43.30033610652339,-71.02640107082917
43.300340004335396,-71.02639000288269
43.30034390214613,-71.02637893493538
43.30034779995558,-71.02636786698729
43.30035169776375,-71.02635679903835
43.30035588092222,-71.02634492082333
43.30035977872775,-71.02633385287267
43.30036348679749,-71.0263233236791
43.30036738460057,-71.02631225572672
43.30037128240236,-71.02630118777354
43.30037546555406,-71.02628930955375
43.30037936335322,-71.02627824159885
43.3003832611511,-71.02626717364312
43.300387158947686,-71.02625610568657
43.30039105674301,-71.02624503772923
43.30039523988783,-71.02623315950473
43.3003991376805,-71.02622209154566
43.30040303547191,-71.02621102358574
43.300406933262025,-71.02619995562505
43.300410831050854,-71.02618888766351
43.3004150141888,-71.02617700943433
43.30041891197501,-71.02616594147106
43.30042280975992,-71.026154873507
43.30042670754356,-71.0261438055421
43.300430605325914,-71.0261327375764
43.30043478845699,-71.02612085934253
43.300438686236696,-71.0261097913751
43.300442584015144,-71.02609872340685
43.3004464817923,-71.02608765543779
43.30045029655399,-71.02607720586097
43.30045433188083,-71.02606623038398
43.30045836720641,-71.02605525490611
43.30046240253072,-71.02604427942737
43.300466144944664,-71.02603410061717
43.300470180266544,-71.02602312513673
43.300474215587165,-71.02601214965541
43.300478250906515,-71.02600117417323
43.30048228622462,-71.02599019869014
43.30048632154145,-71.02597922320619
43.300490356857026,-71.02596824772131
43.30049409926277,-71.02595806890574
43.30049813457591,-71.02594709341922
43.30050216988778,-71.0259361179318
43.3005062051984,-71.02592514244351
43.30051024050777,-71.02591416695432
43.30051427581586,-71.02590319146425
43.30051801821458,-71.02589301264409
43.30052205352025,-71.02588203715236
43.30052608882465,-71.02587106165973
43.30053012412779,-71.02586008616622
43.30053427312347,-71.02584920107708
43.300538720891545,-71.02583779451673
43.30054264265623,-71.02582773691894
43.30054686737915,-71.02581690236286
43.30055109210083,-71.02580606780577
43.3005553168213,-71.02579523324772
43.30055976458267,-71.02578382668293
43.300563989300585,-71.02577299212295
43.30056791105831,-71.02576293452009
43.300572135773834,-71.02575209995827
43.30057658352984,-71.02574069338993
43.30058080824281,-71.0257298588262
43.30058503295454,-71.02571902426149
43.300589257665045,-71.02570818969579
43.30059370541561,-71.02569678312382
43.300597627165125,-71.02568672551507
43.30060185187192,-71.02567589094659
43.30060607657749,-71.02566505637712
43.30061030128183,-71.02565422180666
43.30061474902568,-71.02564281523026
43.30061897372746,-71.02563198065792
43.30062289547002,-71.02562192304406
43.30062712016943,-71.02561108846983
43.3006315679079,-71.02559968188989
43.30063579260475,-71.02558884731378
43.30064001730037,-71.02557801273667
43.30064424199476,-71.0255671781586
43.30064846668792,-71.02555634357952
43.30065261146214,-71.02554571395527
43.30065683615281,-71.0255348793744
43.30066106084225,-71.02552404479255
43.300665285530485,-71.02551321020971
43.300669733256804,-71.02550180362168
43.300673957942465,-71.02549096903695
43.30067787966986,-71.0254809114121
43.30068210435315,-71.02547007682551
43.30068632903521,-71.02545924223793
43.30069077675483,-71.02544783564544
43.30069500143433,-71.02543700105593
43.300699226112584,-71.02542616646548
43.300703147833026,-71.02541610883559
43.30070759554727,-71.02540470223954
43.300711820221835,-71.0253938676463
43.30071604489515,-71.02538303305207
43.300720269567265,-71.02537219845686
43.30072471727606,-71.02536079185718
43.30072894194559,-71.02534995726008
43.30073286365783,-71.02533989962424
43.300737088324986,-71.02532906502528
43.30074131299092,-71.02531823042528
43.30074576069302,-71.0253068238212
43.3007499853564,-71.02529598921932
43.30075421001854,-71.02528515461645
43.30075813172382,-71.02527509697555
43.30076257942055,-71.02526369036792
43.300766804078975,-71.02525285576229
43.30077102873618,-71.02524202115568
43.30077525339216,-71.02523118654807
43.30077947804692,-71.02522035193947
43.30078392573685,-71.0252089453273
43.30078784743392,-71.02519888768049
43.30079207208497,-71.02518805306912
43.300796296734774,-71.02517721845675
43.30080074441934,-71.02516581184103
43.3008049690666,-71.02515497722678
43.300809193712624,-71.02514414261152
43.30081311540274,-71.02513408495965
43.30081756308192,-71.02512267834041
43.30082178772425,-71.02511184372237
43.30082601236533,-71.02510100910337
43.30083023700519,-71.02509017448338
43.30083481959473,-71.02507886169433
43.30083886566749,-71.0250688970155
43.30084322139015,-71.0250581697262
43.300847814501836,-71.02504685779002
43.30085186057117,-71.02503689310855
43.300856216290185,-71.02502616581626
43.30086080939791,-71.02501485387724
43.30086485546381,-71.0250048891931
43.30086921117917,-71.02499416189787
43.30087380428292,-71.02498284995602
43.3008781599958,-71.0249721226587
43.300882206057125,-71.02496215797099
43.300886799156906,-71.02495084602633
43.300891154866136,-71.02494011872604
43.30089551057416,-71.02492939142469
43.300899794019855,-71.02491884208816
43.300904149725426,-71.02490811478489
43.300908742818514,-71.02489680283546
43.30091309852158,-71.02488607553013
43.30091714457368,-71.02487611083532
43.30092173766279,-71.02486479888306
43.30092609336222,-71.02485407157477
43.30093044906044,-71.02484334426542
43.300935042145504,-71.02483203231021
43.30093908819182,-71.0248220676109
43.30094368127422,-71.02481075565385
43.3009480369675,-71.02480002834055
43.300952392659575,-71.02478930102619
43.30095667608881,-71.02477875167871
43.30096103177844,-71.02476802436242
43.30096538746686,-71.02475729704508
43.30096998054125,-71.02474598508226
43.30097433622716,-71.0247352577629
43.30097861965007,-71.0247247084112
43.30098297533355,-71.02471398108989
43.30098733101582,-71.02470325376753
43.3009919240835,-71.02469194179994
43.30099597011479,-71.02468197708905
43.30100032579343,-71.02467124976368
43.301004918857146,-71.02465993779329
43.30100927453325,-71.0246492104659
43.30101386759424,-71.02463789849355
43.301017913619724,-71.02462793377818
43.30102226929221,-71.02461720644781
43.30102686234922,-71.02460589447263
43.30103121801918,-71.02459516714023
43.30103526404012,-71.02458520242125
43.30103985709316,-71.02457389044325
43.30104421275947,-71.02456316310786
43.30104880580978,-71.02455185112794
43.30105316147359,-71.02454112379048
43.30105720748874,-71.02453115906704
43.30106180053507,-71.02451984708426
43.30106615619523,-71.02450911974385
43.3010705118542,-71.02449839240239
43.301074795249306,-71.02448784303218
43.301079150905835,-71.02447711568877
43.30108374394546,-71.02446580370123
43.301088099599475,-71.0244550763558
43.30109245525229,-71.02444434900931
43.30109673864105,-71.02443379963486
43.30110109429142,-71.02442307228644
43.301105449940586,-71.02441234493696
43.301110042972205,-71.02440103294367
43.30111408897232,-71.02439106820862
43.30111868200128,-71.0243797562135
43.301123037645496,-71.02436902886004
43.30112739328851,-71.02435830150557
43.30113198631342,-71.0243469895075
43.30113603230774,-71.02433702476797
43.30114062532999,-71.02432571276807
43.30114498096806,-71.02431498540962
43.30114933660491,-71.0243042580501
43.30115361997723,-71.0242937086647
43.301157975611645,-71.02428298130324
43.30116233124487,-71.02427225394077
43.30116692425911,-71.02426094193511
43.3011712798898,-71.02425021457057
43.301175563255775,-71.02423966518097
43.30117991888404,-71.0242289378145
43.301184274511094,-71.02421821044697
43.30118886751863,-71.02420689843655
43.301192913497935,-71.02419693368543
43.30119726912135,-71.02418620631492
43.30120186212492,-71.02417489430168
43.30120621774582,-71.02416416692913
43.301210810746646,-71.02415285491392
43.30121485672016,-71.02414289015832
43.30121921233742,-71.02413216278279
43.30122380533428,-71.02412085076477
43.30122816094904,-71.02411012338719
43.30123220691798,-71.02410015862802
43.30123679991087,-71.02408884660717
43.30124115552197,-71.02407811922662
43.30124574851212,-71.02406680720384
43.30125010412072,-71.02405607982122
43.30125415008387,-71.02404611505757
43.30125874307006,-71.02403480303195
43.301263098675015,-71.02402407564638
43.301267454278765,-71.02401334825976
43.30127173761694,-71.02400279885163
43.30127609321826,-71.02399207146306
43.30128068619774,-71.02398075943267
43.30128504179654,-71.02397003204209
43.301289074953274,-71.02396005646546
43.30129360510247,-71.02394870250721
43.30129790413927,-71.02393792778415
43.301302203174856,-71.02392715306003
43.30130673331997,-71.02391579909894
43.30131072557212,-71.02390579326222
43.30131502460403,-71.02389501853521
43.30131932363473,-71.0238842438072
43.30132385377453,-71.02387288984242
43.30132815280269,-71.02386211511244
43.301332145049095,-71.0238521092713
43.30133667518489,-71.02384075530382
43.30134097420939,-71.02382998057091
43.30134527323266,-71.023819205837
43.30134980336438,-71.02380785186665
43.30135379560495,-71.02379784602118
43.301358094624554,-71.02378707128437
43.30136262475227,-71.0237757173113
43.30136692376934,-71.0237649425725
43.3013712227852,-71.02375416783266
43.30137521502003,-71.02374416198283
43.30137974514243,-71.02373280800606
43.30138404415462,-71.02372203326335
43.301388343165584,-71.02371125851961
43.30139287328391,-71.02369990454001
43.301396865512885,-71.02368989868583
43.30140116452018,-71.02367912393919
43.30140569463452,-71.02366776995684
43.301409993639275,-71.02365699520823
43.301414292642825,-71.02364622045859
43.30141851597398,-71.02363563536548
43.30142281497507,-71.02362486061398
43.301427113974945,-71.02361408586145
43.30143164408119,-71.02360273187354
43.30143594307855,-71.02359195711901
43.30143993529593,-71.02358195125612
43.30144423429092,-71.02357117649969
43.30144876439184,-71.02355982250805
43.301453063384315,-71.02354904774964
43.30145736237555,-71.02353827299017
43.30146158569403,-71.0235276878889
43.30146588468282,-71.02351691312758
43.30147018367039,-71.02350613836522
43.30147471376324,-71.02349478436804
43.301479012748274,-71.0234840096037
43.301483004954086,-71.02347400373208
43.30148753504293,-71.02346264973218
43.301491834024304,-71.02345187496495
43.30149613300445,-71.02344110019669
43.301500431983385,-71.02343032542743
43.301504655289186,-71.02341974031798
43.30150895426567,-71.02340896554682
43.30151325324093,-71.02339819077467
43.301517783320385,-71.02338683676821
43.30152208229312,-71.02337606199406
43.30152607448734,-71.02336605611372
43.3015306045628,-71.02335470210453
43.30153490353186,-71.02334392732749
43.3015392024997,-71.02333315254941
43.301543732571076,-71.02332179853738
43.30154772475945,-71.02331179265269
43.30155202372362,-71.02330101787174
43.30155632268658,-71.02329024308978
43.301560852752644,-71.02327888907405
43.30156515171306,-71.02326811429009
43.301569143895705,-71.02325810840101
43.30157367395777,-71.02324675438254
43.301577972914515,-71.02323597959568
43.301582271870046,-71.02322520480782
43.30158680192804,-71.02321385078652
43.30159079410484,-71.0232038448931
43.3015950930567,-71.02319307010232
43.30159962311067,-71.0231817160783
43.30160392206,-71.02317094128556
43.30160822100812,-71.02316016649176
43.301612213179176,-71.02315016059396
43.30161674322784,-71.02313880656624
43.30162104217227,-71.02312803176957
43.30162534111551,-71.02311725697187
43.301629871160095,-71.02310590294131
43.30163386332531,-71.02309589703917
43.301638162264865,-71.02308512223858
43.30164269230545,-71.02307376820528
43.301646991242464,-71.02306299340272
43.30165129017828,-71.02305221859913
43.30165551343967,-71.02304163346106
43.30165981237301,-71.02303085865562
43.30166411130514,-71.02302008384912
43.30166864133766,-71.02300872981024
43.30167294026725,-71.02299795500177
43.30167693242089,-71.02298794909092
43.301681231348134,-71.0229771742805
43.30168576137532,-71.02296582023793
43.30169006030003,-71.02295504542555
43.30169435922354,-71.02294427061213
43.30169858247226,-71.02293368546592
43.301702881393304,-71.02292291065062
43.30170718031312,-71.02291213583433
43.301711710332235,-71.02290078178618
43.30171603831477,-71.02289002921668
43.301720067831525,-71.02288005172447
43.30172464156944,-71.02286872668127
43.301728979854836,-71.02285798463845
43.301733318139036,-71.0228472425946
43.30173758310208,-71.0228366820976
43.30174192138384,-71.02282594005183
43.30174625966438,-71.02281519800503
43.301750833394266,-71.02280387295612
43.30175486290176,-71.02279389545684
43.30175920117865,-71.0227831534071
43.30176377490455,-71.02277182835539
43.30176811317892,-71.0227610863036
43.30177245145209,-71.02275034425078
43.30177671640377,-71.02273978374626
43.30178105467449,-71.02272904169152
43.301785628393674,-71.02271771663509
43.30178996666186,-71.02270697457834
43.30179399615899,-71.02269699707107
43.30179856987419,-71.02268567201183
43.30180290813874,-71.02267492995213
43.30180724640207,-71.02266418789137
43.301811511343644,-71.02265362738022
43.30181584960454,-71.02264288531755
43.30182018786422,-71.02263214325382
43.30182476157138,-71.02262081818888
43.30182909982856,-71.02261007612316
43.30183312931529,-71.02260009860791
43.301837703018485,-71.02258877354018
43.301842041272,-71.02257803147147
43.301846379524314,-71.02256728940175
43.301850644454504,-71.02255672888307
43.30185498270438,-71.02254598681144
43.30185932095303,-71.02253524473875
43.30186389464819,-71.02252391966532
43.30186792412567,-71.02251394214301
43.30187249781816,-71.02250261706776
43.30187683606185,-71.02249187499113
43.30188117430434,-71.02248113291344
43.30188574799278,-71.0224698078353
43.30188977746445,-71.02245983030856
43.301894115703284,-71.02244908822794
43.301898689387755,-71.02243776314698
43.30190302762407,-71.02242702106435
43.301907057091164,-71.02241704353406
43.30191163077164,-71.0224057184503
43.301915969004305,-71.02239497636471
43.30192030723577,-71.02238423427806
43.301924565625626,-71.02237367805917
43.30192881185119,-71.02236286055171
43.30193305807556,-71.02235204304324
43.30193752966274,-71.02234065140519
43.30194177588454,-71.0223298338948
43.301946022105135,-71.0223190163834
43.3019502683245,-71.02230819887103
43.301954739906236,-71.02229680722928
43.30195898612305,-71.02228598971497
43.30196323233863,-71.02227517219967
43.30196717448384,-71.02226512932012
43.30197164606024,-71.02225373767477
43.30197589227212,-71.02224292015667
43.30198013848278,-71.02223210263755
43.30198461005506,-71.02222071098947
43.30198885626318,-71.02220989346844
43.301993102470064,-71.02219907594639
43.30199734867573,-71.02218825842336
43.30200182024257,-71.02217686677162
43.30200606644569,-71.02216604924665
43.30201000857917,-71.0221560063585
43.302014254779905,-71.02214518883164
43.302018726341394,-71.02213379717632
43.30202297253958,-71.02212297964755
43.302027218736555,-71.02211216211778
43.30203169029392,-71.02210077045972
43.30203593648834,-71.02208995292801
43.30204018268153,-71.02207913539533
43.3020444288735,-71.02206831786164
43.3020485963577,-71.02205770083866
43.30205284254719,-71.02204688330315
43.302057088735445,-71.02203606576666
43.302061560283384,-71.02202467410224
43.302065806469095,-71.02201385656382
43.30207005265358,-71.0220030390244
43.30207429883684,-71.02199222148397
43.30207877037933,-71.02198082981586
43.30208301656005,-71.02197001227353
43.30208726273953,-71.02195919473019
43.30209120485079,-71.02194915182574
43.30209567638792,-71.02193776015406
43.30209990798748,-71.02192693210638
43.3021041398266,-71.02191610317433
43.30210859547993,-71.02190470151544
43.30211282731647,-71.02189387258147
43.302117059151804,-71.02188304364651
43.3021212909859,-71.02187221471058
43.3021257466338,-71.02186081304802
43.30212997846533,-71.02184998411016
43.30213421029565,-71.02183915517132
43.30213844212474,-71.02182832623149
43.30214289776718,-71.02181692456529
43.30214712959373,-71.02180609562355
43.302151361419035,-71.0217952666808
43.302155817057354,-71.02178386501188
43.30215974555596,-71.02177381225307
43.30216397737756,-71.02176298330757
43.30216820919794,-71.02175215436105
43.3021726648309,-71.02174075268857
43.30217689664872,-71.02172992374015
43.3021811284653,-71.02171909479074
43.30218536028068,-71.02170826584032
43.30218981590819,-71.0216968641642
43.30219404772101,-71.02168603521189
43.30219827953258,-71.02167520625858
43.30220273515599,-71.02166380457972
43.30220696696502,-71.0216529756245
43.30221119877282,-71.0216421466683
43.302215430579395,-71.0216313177111
43.30221988619735,-71.0216199160286
43.30222411800137,-71.02160908706949
43.30222834980417,-71.02159825810938
43.302232805418015,-71.02158685642416
43.30223703721825,-71.02157602746215
43.3022409656945,-71.02156597468709
43.30224519749236,-71.02155514572323
43.302249653100844,-71.02154374403443
43.30225386350719,-71.02153290577252
43.302257880908975,-71.02152191778582
43.3022621902422,-71.0215101313332
43.30226620764138,-71.02149914334463
43.3022702250393,-71.02148815535517
43.30227424243595,-71.02147716736486
43.30227825983134,-71.02146617937368
43.302282277225466,-71.02145519138159
43.30228649615265,-71.02144365217092
43.30229080547633,-71.02143186571138
43.302294822866486,-71.02142087771664
43.30229884025539,-71.02140988972101
43.30230285764303,-71.02139890172452
43.3023068750294,-71.02138791372715
43.30231089241452,-71.02137692572887
43.30231520173009,-71.02136513926332
43.302319219112604,-71.02135415126322
43.302323236493855,-71.02134316326224
43.30232725387384,-71.02133217526035
43.30233127125257,-71.02132118725761
43.3023351641044,-71.02131010715563
43.30233900424695,-71.02129900277315
43.30234312650489,-71.02128708260416
43.3023469666448,-71.02127597822
43.3023508067834,-71.02126487383504
43.30235464692071,-71.02125376944932
43.30235830284288,-71.0212431977477
43.30236242509401,-71.02123127757409
43.302366265227484,-71.02122017318582
43.30237010535968,-71.02120906879678
43.30237394549058,-71.02119796440697
43.302377785620195,-71.02118686001634
43.30238162574852,-71.02117575562495
43.30238556377821,-71.02116436813023
43.30238940390398,-71.02115326373709
43.30239319929241,-71.0211421213453
43.30239682078306,-71.02113089087828
43.30240071181821,-71.02111882453174
43.302404169185074,-71.02110810301345
43.30240779067179,-71.02109687254423
43.302411412157184,-71.02108564207437
43.302415139066,-71.02107408467445
43.302418760548775,-71.02106285420307
43.30242238203024,-71.02105162373103
43.30242627305562,-71.02103955737878
43.302429730414026,-71.02102883585479
43.30243335189155,-71.02101760538056
43.30243697336777,-71.02100637490568
43.30244070026753,-71.02099481749939
43.30244432174111,-71.02098358702297
43.3024479432134,-71.02097235654591
43.30245167010928,-71.02096079913687
43.30245529157894,-71.0209495686583
43.30245918259178,-71.02093750229861
43.302463073603136,-71.02092543593808
43.30246680049366,-71.0209138785252
43.30247042195791,-71.02090264804359
43.30247431296501,-71.02089058168046
43.30247803985158,-71.02087902426469
43.3024819308558,-71.02086695789976
43.30248582185853,-71.02085489153392
43.30248927919724,-71.02084416999645
43.30249317019719,-71.02083210362892
43.30249655002937,-71.02082075627831
43.302499932838245,-71.02080896362258
43.30250306736485,-71.0207980364874
43.3025065846496,-71.0207857750302
43.3025097191737,-71.02077484789369
43.302512853696626,-71.02076392075651
43.302516370977166,-71.02075165929735
43.302519505497585,-71.0207407321588
43.302522640016846,-71.02072980501957
43.30252615729318,-71.02071754355845
43.30252954009016,-71.02070575089571
43.30253267460565,-71.02069482375438
43.302536191877685,-71.02068256229117
43.302539574670654,-71.02067076962602
43.30254295746228,-71.02065897696001
43.30254647472991,-71.02064671549468
43.30254985751876,-71.02063492282703
43.302552992026655,-71.02062399568135
43.30255637481293,-71.02061220301206
43.302559753344326,-71.02059988687296
43.30256267670143,-71.02058785172123
43.30256560005712,-71.0205758165689
43.30256852341144,-71.02056378141596
43.30257134652646,-71.02055215893189
43.302574269878065,-71.0205401237776
43.302577193228274,-71.0205280886227
43.30258011657708,-71.02051605346719
43.30258303992451,-71.02050401831106
43.30258596327052,-71.02049198315433
43.30258888661515,-71.02047994799699
43.30259180995838,-71.02046791283901
43.30259473330021,-71.02045587768046
43.302597656640664,-71.02044384252129
43.302600479742686,-71.02043222002962
43.30260340308043,-71.0204201848691
43.30260632641678,-71.02040814970796
43.30260906098887,-71.02039602559091
43.302611552825404,-71.0203848123659
43.3026141626383,-71.02037306824288
43.30261685774138,-71.02036094030845
43.30261946755169,-71.02034919618401
43.30262216265201,-71.02033706824851
43.3026246544822,-71.02032585502135
43.302627264288674,-71.020314110895
43.30262995938492,-71.02030198295802
43.302632569188816,-71.02029023883027
43.30263526428232,-71.02027811089218
43.30263775610617,-71.02026689766282
43.302640365906214,-71.02025515353317
43.30264306099566,-71.02024302559357
43.302645756083685,-71.02023089765352
43.30264822665485,-71.02021908004187
43.302650455849246,-71.02020716098049
43.30265274699794,-71.02019491065386
43.30265480074966,-71.02018392963598
43.302657029940164,-71.02017201057318
43.302659321084796,-71.02015976024558
43.302661550272646,-71.02014784118187
43.30266377945919,-71.02013592211756
43.302666008644444,-71.02012400305271
43.30266829978354,-71.02011175272374
43.30267052896612,-71.02009983365797
43.30267275814741,-71.02008791459166
43.3026749873274,-71.02007599552478
43.30267710302192,-71.02006468323953
43.30267933219934,-71.0200527641718
43.302681561375465,-71.02004084510352
43.3026837905503,-71.02002892603467
43.3026860816784,-71.02001667570296
43.302688310850556,-71.0200047566332
43.302690540021416,-71.01999283756285
43.30269283114536,-71.01998058723015
43.3026948848753,-71.01996960620458
43.302697114042296,-71.01995768713286
43.302699343208,-71.01994576806055
43.302701572372385,-71.01993384898773
43.302703801535486,-71.01992192991433
43.30270585525951,-71.01991094888643
43.30270808442012,-71.01989902981204
43.302710375533245,-71.0198867794765
43.30271260469118,-71.01987486040116
43.30271483384781,-71.01986294132527
43.302716887565865,-71.0198519602952
43.302719094667765,-71.01984002973438
43.30272109099816,-71.01982802858178
43.302723087327216,-71.01981602742876
43.30272508365498,-71.01980402627531
43.30272707998141,-71.01979202512146
43.30272907630653,-71.01978002396719
43.30273107263033,-71.01976802281251
43.3027330689528,-71.01975602165743
43.30273506527397,-71.01974402050193
43.30273706159382,-71.01973201934602
43.302739057912355,-71.01972001818969
43.30274105422956,-71.01970801703297
43.30274305054545,-71.01969601587581
43.30274504686003,-71.01968401471822
43.3027470431733,-71.01967201356027
43.30274903948525,-71.01966001240187
43.30275103579587,-71.01964801124309
43.30275303210518,-71.01963601008389
43.30275502841318,-71.01962400892425
43.30275702471985,-71.01961200776422
43.30275902102521,-71.01960000660375
43.302761017329246,-71.0195880054429
43.30276301363198,-71.01957600428163
43.30276500993338,-71.01956400311995
43.302767006233466,-71.01955200195785
43.302769002532244,-71.01954000079536
43.30277099882969,-71.01952799963243
43.30277299512584,-71.01951599846909
43.30277499142066,-71.01950399730534
43.30277698771417,-71.01949199614118
43.30277898226887,-71.01947999455068
43.30278093766526,-71.01946798084263
43.30278304807002,-71.01945501477337
43.30278500346368,-71.01944300106449
43.302786958856025,-71.01943098735522
43.30278891424704,-71.01941897364557
43.30279086963674,-71.01940695993552
43.30279282502512,-71.0193949462251
43.302794780412185,-71.01938293251426
43.302796735797926,-71.01937091880306
43.302798691182346,-71.01935890509145
43.302800801574215,-71.01934593901808
43.30280275695589,-71.01933392530566
43.30280471233626,-71.01932191159283
43.3028066677153,-71.01930989787962
43.302808623093014,-71.01929788416602
43.30281057846942,-71.01928587045204
43.3028125338445,-71.01927385673767
43.30281448921826,-71.01926184302292
43.30281655196054,-71.01924916963236
43.30281850733163,-71.01923715591658
43.30282046270138,-71.01922514220044
43.30282241806984,-71.01921312848387
43.30282437343696,-71.01920111476694
43.30282632880276,-71.01918910104963
43.30282828416725,-71.01917708733191
43.30283023953041,-71.01916507361382
43.30283234989941,-71.01915210753296
43.302834305259836,-71.01914009381402
43.30283626061893,-71.0191280800947
43.30283821597672,-71.01911606637499
43.30284017133319,-71.0191040526549
43.30284212668834,-71.01909203893442
43.30284408204216,-71.01908002521354
43.30284603739466,-71.01906801149228
43.30284799274584,-71.01905599777062
43.30285010310196,-71.01904303168565
43.30285205845041,-71.01903101796317
43.30285401379753,-71.0190190042403
43.30285596914334,-71.01900699051704
43.30285792448782,-71.0189949767934
43.30285987983099,-71.01898296306936
43.302861835172834,-71.01897094934493
43.302863790513356,-71.0189589356201
43.302865900858016,-71.01894596953149
43.3028678561958,-71.01893395580585
43.30286981153226,-71.0189219420798
43.302871766867405,-71.01890992835338
43.30287372220124,-71.01889791462655
43.30287567753374,-71.01888590089935
43.302877632864934,-71.01887388717176
43.302879588194784,-71.01886187344378
43.30288154352334,-71.01884985971542
43.302883653855105,-71.0188368936227
43.302885561544954,-71.01882517257398
43.3028875168695,-71.01881315884421
43.30288947219273,-71.01880114511407
43.30289142751464,-71.01878913138354
43.30289338283522,-71.0187771176526
43.30289533815449,-71.0187651039213
43.30289729347244,-71.0187530901896
43.302899403792814,-71.01874012409301
43.30290135910802,-71.01872811036048
43.302903314421904,-71.01871609662756
43.30290526973448,-71.01870408289425
43.30290722504572,-71.01869206916055
43.302909180355655,-71.01868005542647
43.30291113566427,-71.018668041692
43.302913090971565,-71.01865602795712
43.302915201280456,-71.0186430618569
43.302917156584996,-71.0186310481212
43.30291911188824,-71.01861903438511
43.30292106719014,-71.01860702064863
43.30292302249074,-71.01859500691177
43.30292497779,-71.01858299317452
43.30292693308795,-71.01857097943687
43.302928888384585,-71.01855896569883
43.302930843679896,-71.01854695196042
43.30293295397591,-71.0185339858561
43.30293490926849,-71.01852197211684
43.30293686455973,-71.01850995837721
43.30293881984966,-71.01849794463718
43.302940775138275,-71.01848593089676
43.30294273042557,-71.01847391715594
43.30294468571154,-71.01846190341475
43.30294664099618,-71.01844988967318
43.30294875128074,-71.0184369235652
43.302950706562655,-71.01842490982277
43.30295266184324,-71.01841289607997
43.302954617122516,-71.01840088233676
43.3029565429769,-71.018388865788
43.30295837144798,-71.01837710908147
43.302960243595464,-71.01836507153554
43.302962115741614,-71.01835303398929
43.30296398788646,-71.01834099644267
43.30296586002996,-71.01832895889574
43.302967732172156,-71.01831692134846
43.30296960431301,-71.01830488380085
43.30297147645255,-71.0182928462529
43.302973453645485,-71.0182801332193
43.30297532578232,-71.01826809567045
43.30297719791785,-71.01825605812125
43.30297907005205,-71.01824402057171
43.3029809421849,-71.01823198302185
43.30298281431645,-71.01821994547164
43.30298468644666,-71.01820790792107
43.30298655857556,-71.01819587037018
43.3029883870264,-71.01818411365508
43.30299025915269,-71.01817207610334
43.30299213127768,-71.01816003855126
43.30299400340133,-71.01814800099885
43.30299587552366,-71.0181359634461
43.302997747644675,-71.018123925893
43.302999619764336,-71.01811188833956
43.30300149188268,-71.01809985078579
43.303003320323455,-71.01808809406644
43.30300519243922,-71.01807605651182
43.303007213283784,-71.01806306263298
43.303009085396795,-71.01805102507763
43.30301095750848,-71.01803898752195
43.30301282961884,-71.01802694996591
43.30301470172788,-71.01801491240954
43.30301657383559,-71.01800287485284
43.30301840226619,-71.01799111812915
43.30302027437132,-71.01797908057159
43.3030221464751,-71.0179670430137
43.303024018577574,-71.01795500545546
43.303025890678725,-71.0179429678969
43.30302776277854,-71.01793093033798
43.303029634877035,-71.01791889277874
43.303031506974214,-71.01790685521914
43.30303333539474,-71.0178950984912
43.303035207489316,-71.01788306093076
43.30303707958257,-71.01787102337
43.3030389516745,-71.01785898580889
43.30304097249342,-71.0178459919225
43.3030428445826,-71.01783395436065
43.30304471667046,-71.01782191679847
43.303046588756985,-71.01780987923594
43.303048417167346,-71.0177981225037
43.30305028925129,-71.01778608494033
43.3030521613339,-71.0177740473766
43.30305403341519,-71.01776200981254
43.30305590549516,-71.01774997224817
43.30305777757379,-71.01773793468342
43.303059649651104,-71.01772589711837
43.303061521727095,-71.01771385955296
43.30306335012738,-71.01770210281644
43.30306522220078,-71.01769006525018
43.30306709427286,-71.0176780276836
43.303068966343616,-71.01766599011667
43.30307083841303,-71.0176539525494
43.303072859207724,-71.01764095865586
43.30307473127441,-71.01762892108786
43.303076603339754,-71.01761688351952
43.30307843172987,-71.01760512677869
43.303080303792626,-71.0175930892095
43.30308217585406,-71.01758105163998
43.303084047914176,-71.01756901407009
43.30308591997295,-71.01755697649988
43.30308779203041,-71.01754493892933
43.303089664086535,-71.01753290135846
43.303091536141345,-71.01752086378725
43.30309336452141,-71.01750910704217
43.30309523657362,-71.0174970694701
43.3030971086245,-71.01748503189766
43.30309898067408,-71.01747299432492
43.30310085272231,-71.01746095675185
43.30310272476923,-71.01744891917842
43.30310459681482,-71.01743688160465
43.303106617583886,-71.01742388770357
43.303108445953775,-71.01741213095416
43.30311031799534,-71.01740009337915
43.3031121900356,-71.01738805580379
43.30311406207452,-71.01737601822812
43.30311589999999,-71.0173642
43.303117814430664,-71.01735294042328
43.303119639677575,-71.01734220536729
43.30312167791052,-71.01733021764177
43.303123716142146,-71.01731822991582
43.303125754372466,-71.01730624218943
43.30312779260148,-71.0172942544626
43.30312983082917,-71.01728226673534
43.30313186905554,-71.01727027900763
43.30313390728061,-71.01725829127949
43.30313599726512,-71.01724599912197
43.30313803548749,-71.01723401139313
43.30314007370855,-71.01722202366385
43.30314211192829,-71.01721003593413
43.30314415014672,-71.01719804820397
43.30314618836384,-71.01718606047338
43.3031480653551,-71.01717502098195
43.303150103569685,-71.01716303325055
43.30315214178296,-71.01715104551872
43.303154179994905,-71.01713905778644
43.30315621820556,-71.01712707005372
43.30315825641488,-71.01711508232056
43.3031602946229,-71.01710309458697
43.303162332829594,-71.01709110685294
43.303164371034974,-71.01707911911848
43.30316640923905,-71.01706713138358
43.3031684474418,-71.01705514364826
43.30317048564324,-71.01704315591246
43.30317252384337,-71.01703116817626
43.30317456204218,-71.01701918043962
43.30317660023969,-71.01700719270252
43.303178638435874,-71.01699520496499
43.303180676630745,-71.01698321722704
43.30318276658361,-71.01697092506353
43.30318480477579,-71.01695893732484
43.30318684296665,-71.01694694958576
43.303188881156196,-71.01693496184622
43.303190919344445,-71.01692297410625
43.303192957531365,-71.01691098636583
43.303194995716964,-71.01689899862497
43.303197033901256,-71.01688701088368
43.30319907208425,-71.01687502314195
43.30320111026591,-71.0168630353998
43.30320314844626,-71.01685104765718
43.30320518662529,-71.01683905991416
43.30320722480301,-71.01682707217068
43.303209262979415,-71.01681508442677
43.30321130115451,-71.01680309668242
43.303213339328295,-71.01679110893762
43.30321537750076,-71.01677912119241
43.3032174156719,-71.01676713344676
43.30321945384175,-71.01675514570067
43.30322149201027,-71.01674315795414
43.303223530177476,-71.01673117020715
43.30322556834337,-71.01671918245975
43.303227606507946,-71.01670719471193
43.303229696429064,-71.01669490254234
43.30323173459095,-71.01668291479379
43.303233772751526,-71.01667092704481
43.303235810910785,-71.0166589392954
43.30323784906873,-71.01664695154552
43.30323988722536,-71.01663496379523
43.303241925380675,-71.01662297604449
43.30324396353468,-71.01661098829331
43.30324600168736,-71.0165990005417
43.30324803983874,-71.01658701278966
43.30325007798879,-71.01657502503718
43.30325211613754,-71.01656303728426
43.30325415428497,-71.0165510495309
43.303256192431085,-71.0165390617771
43.303258230575885,-71.01652707402286
43.303260268719384,-71.0165150862682
43.303262306861555,-71.0165030985131
43.30326434500241,-71.01649111075756
43.30326638314196,-71.01647912300157
43.3032684212802,-71.01646713524516
43.30327045941711,-71.0164551474883
43.303272497552705,-71.016443159731
43.30327453568701,-71.01643117197327
43.30327662557635,-71.01641887979767
43.30327866370796,-71.01640689203924
43.30328070183823,-71.01639490428038
43.3032827399672,-71.01638291652105
43.303284778094856,-71.01637092876132
43.3032868162212,-71.01635894100112
43.30328885434623,-71.01634695324051
43.303290892469924,-71.01633496547946
43.303292930592335,-71.01632297771796
43.3032949687134,-71.01631098995603
43.303297006833176,-71.01629900219366
43.30329904495163,-71.01628701443086
43.303301083068774,-71.01627502666761
43.303303121184605,-71.01626303890393
43.303305159299114,-71.01625105113982
43.30330719741231,-71.01623906337527
43.30330923552419,-71.01622707561029
43.303311273634755,-71.01621508784487
43.303313311744006,-71.016203100079
43.30331534985194,-71.01619111231271
43.30331738795858,-71.01617912454594
43.303319426063894,-71.01616713677876
43.303321464167894,-71.01615514901117
43.303323554025496,-71.0161428568295
43.3033255921268,-71.0161308690612
43.303327659924946,-71.01611888458952
43.303329807644175,-71.01610693472071
43.30333195536209,-71.01609498485138
43.30333410307872,-71.01608303498152
43.30333625079403,-71.01607108511118
43.30333822911309,-71.01606007775335
43.303340376825886,-71.01604812788209
43.30334258202426,-71.01603585815312
43.303344729734384,-71.01602390828101
43.3033468774432,-71.0160119584084
43.3033490251507,-71.0160000085353
43.303351172856914,-71.01598805866168
43.303353320561804,-71.01597610878756
43.30335546826541,-71.01596415891294
43.3033576734541,-71.01595188918176
43.30335982115502,-71.01593993930632
43.30336196885463,-71.01592798943035
43.303364116552935,-71.0159160395539
43.30336609485625,-71.01590503219082
43.30336824255204,-71.01589308231343
43.303370390246535,-71.01588113243552
43.30337259542566,-71.0158688627022
43.30337474311746,-71.01585691282348
43.30337689080796,-71.01584496294426
43.30337903849716,-71.01583301306451
43.30338118618505,-71.01582106318428
43.303383333871636,-71.01580911330353
43.303385481556916,-71.0157971634223
43.30338768672637,-71.01578489368677
43.30338983440896,-71.0157729438047
43.30339198209026,-71.01576099392211
43.303394129770254,-71.01574904403904
43.30339610805664,-71.01573803667024
43.30339825573411,-71.01572608678623
43.303400403410286,-71.01571413690172
43.30340260857016,-71.01570186716404
43.303404756243644,-71.0156899172787
43.30340690391585,-71.01567796739283
43.30340905158672,-71.01566601750648
43.303411199256296,-71.01565406761962
43.30341334692457,-71.01564211773227
43.30341549459153,-71.0156301678444
43.303417699741736,-71.01561789810452
43.303419847406026,-71.01560594821582
43.303421995069016,-71.01559399832661
43.30342397333965,-71.01558299095258
43.30342612100012,-71.01557104106243
43.30342826865928,-71.01555909117181
43.30343041631714,-71.01554714128065
43.30343262145777,-71.01553487153865
43.30343476911295,-71.01552292164666
43.30343691676683,-71.01551097175418
43.303439064419386,-71.01549902186122
43.30344121207065,-71.01548707196771
43.30344335972061,-71.01547512207372
43.30344550736926,-71.01546317217924
43.30344771250022,-71.01545090243503
43.303449860146195,-71.01543895253971
43.30345200779087,-71.01542700264389
43.303453986044566,-71.01541599526415
43.303456133686716,-71.01540404536739
43.303458281327565,-71.01539209547012
43.303460428967114,-71.01538014557235
43.3034626340885,-71.01536787582599
43.30346478172536,-71.01535592592738
43.30346692936092,-71.01534397602828
43.30346907699517,-71.01533202612868
43.30347122462812,-71.01532007622858
43.30347337225976,-71.01530812632798
43.3034755198901,-71.01529617642686
43.30347772500181,-71.01528390667828
43.303479872629474,-71.01527195677633
43.303481850867435,-71.01526094939133
43.30348399849258,-71.01524899948845
43.30348614611642,-71.01523704958507
43.30348829373896,-71.01522509968117
43.30349044136018,-71.0152131497768
43.303492646462324,-71.01520088002609
43.303494690380354,-71.01518890207467
43.30349669984775,-71.01517690506903
43.30349870931383,-71.01516490806297
43.303500718778594,-71.01515291105652
43.303502728242044,-71.01514091404962
43.303504737704166,-71.01512891704232
43.30350674716498,-71.01511692003459
43.30350875662447,-71.01510492302644
43.30351076608266,-71.01509292601787
43.303512775539524,-71.01508092900887
43.303514784995066,-71.01506893199948
43.30351663537976,-71.01505788468006
43.30351864483278,-71.01504588766988
43.30352065428446,-71.01503389065927
43.30352266373486,-71.01502189364825
43.30352467318392,-71.0150098966368
43.30352668263166,-71.01499789962493
43.3035286920781,-71.01498590261264
43.30353070152323,-71.01497390559993
43.30353271096702,-71.0149619085868
43.3035347204095,-71.01494991157327
43.30353672985067,-71.0149379145593
43.30353873929052,-71.01492591754491
43.30354074872906,-71.0149139205301
43.30354275816627,-71.01490192351488
43.30354476760218,-71.01488992649922
43.303546777036765,-71.01487792948316
43.30354878647003,-71.01486593246668
43.303550795901984,-71.01485393544978
43.30355280533263,-71.01484193843244
43.303554655694285,-71.01483089110631
43.30355666512239,-71.01481889408821
43.30355867454917,-71.01480689706969
43.303560683974645,-71.01479490005075
43.3035626933988,-71.01478290303137
43.303564702821646,-71.01477090601159
43.30356671224316,-71.01475890899138
43.303568721663375,-71.01474691197076
43.30357073108226,-71.01473491494971
43.30357274049984,-71.01472291792825
43.303574749916095,-71.01471092090637
43.30357675933104,-71.01469892388405
43.30357876874466,-71.01468692686133
43.30358077815696,-71.0146749298382
43.30358278756796,-71.01466293281463
43.3035847437217,-71.01465092637271
43.30358657679815,-71.01463887841662
43.303588367992695,-71.01462710572207
43.303590201066555,-71.01461505776516
43.303592034139086,-71.01460300980793
43.30359386721029,-71.0145909618504
43.30359570028016,-71.01457891389256
43.303597533348714,-71.0145668659344
43.3035994703112,-71.01455413511698
43.30360130337705,-71.01454208715795
43.303603136441566,-71.01453003919862
43.303604969504775,-71.01451799123896
43.30360680256664,-71.01450594327899
43.30360863562718,-71.01449389531872
43.303610426806515,-71.01448212261789
43.30361225986446,-71.01447007465678
43.30361409292107,-71.01445802669541
43.303616071750966,-71.01444502061338
43.30361790480483,-71.0144329726513
43.303619737857375,-71.0144209246889
43.303621570908575,-71.0144088767262
43.30362336207897,-71.01439710402171
43.303625195127594,-71.01438505605819
43.30362702817488,-71.01437300809435
43.30362886122084,-71.01436096013019
43.30363069426548,-71.01434891216573
43.303632673082454,-71.01433590608015
43.3036344642452,-71.01432413337251
43.303636297285806,-71.01431208540686
43.3036381303251,-71.0143000374409
43.30363996336304,-71.01428798947462
43.303641796399674,-71.01427594150805
43.30364362943498,-71.01426389354116
43.30364542059016,-71.01425212083039
43.30364725362286,-71.0142400728627
43.30364908665425,-71.01422802489466
43.303651065456975,-71.01421501880493
43.303652898485595,-71.01420297083624
43.303654731512886,-71.01419092286721
43.30365650721882,-71.01417886919303
43.303658169437966,-71.01416704497666
43.30365973210888,-71.0141559288894
43.30366139432564,-71.01414410467207
43.30366309251437,-71.01413202455753
43.30366479070177,-71.01411994444275
43.30366645291473,-71.01410812022402
43.30366801557969,-71.01409700413555
43.30366971376324,-71.01408492401994
43.30367137597252,-71.01407309979987
43.30367307415347,-71.01406101968362
43.303674636813646,-71.01404990359428
43.30367629901923,-71.01403807937287
43.30367799719633,-71.0140259992558
43.3036796953721,-71.01401391913848
43.303681222054855,-71.014003058943
43.303682920228106,-71.01399097882509
43.303684415423646,-71.01397909732
43.30368591864342,-71.01396698094086
43.30368754242276,-71.01395389280499
43.303689017396415,-71.0139420040754
43.30369052061211,-71.01392988769568
43.30369199558323,-71.01391799896531
43.3036934987963,-71.01390588258519
43.30369497376489,-71.01389399385403
43.303696476975325,-71.01388187747348
43.30369795194138,-71.01386998874155
43.303699455149186,-71.0138578723606
43.3037010506727,-71.01384501187083
43.30370255387777,-71.01383289548941
43.30370402883866,-71.01382100675586
43.30370553204111,-71.01380889037404
43.30370703524221,-71.0137967739921
43.30370851019927,-71.01378488525748
43.30371001339774,-71.01377276887513
43.30371148835227,-71.01376088013974
43.30371311210728,-71.01374779199955
43.30371458705918,-71.0137359032633
43.303716090252294,-71.01372378688008
43.30371756520166,-71.01371189814306
43.303719068392134,-71.01369978175941
43.30372054333896,-71.01368789302164
43.303722046526815,-71.01367577663757
43.30372352147111,-71.01366388789901
43.30372502465634,-71.01365177151455
43.30372649959809,-71.01363988277521
43.30372800278068,-71.01362776639031
43.303729477719905,-71.0136158776502
43.30373098089987,-71.01360376126489
43.30373245583656,-71.013591872524
43.3037339590139,-71.01357975613828
43.30373543394805,-71.01356786739662
43.303737057680294,-71.01355477925229
43.30373853261182,-71.01354289050978
43.30374003578379,-71.0135307741232
43.30374151071277,-71.01351888537992
43.30374301388212,-71.01350676899291
43.30374448880857,-71.01349488024887
43.30374599197529,-71.01348276386143
43.3037474668992,-71.0134708751166
43.30374897006328,-71.01345875872876
43.303750444984665,-71.01344686998316
43.30375194814612,-71.01343475359491
43.30375342306497,-71.01342286484852
43.303754926223796,-71.01341074845985
43.30375640114011,-71.01339885971268
43.30375790429632,-71.0133867433236
43.303759379210085,-71.01337485457566
43.30376088236366,-71.01336273818616
43.303762357274906,-71.01335084943746
43.303763860425846,-71.01333873304755
43.30376545589015,-71.01332587253893
43.303766959038356,-71.01331375614856
43.303768433944434,-71.01330186739825
43.30376990884927,-71.01328997864744
43.30377141199355,-71.01327786225634
43.30377288689585,-71.01326597350477
43.303774390037496,-71.01325385711328
43.303775864937265,-71.01324196836092
43.30377748863107,-71.0132288802095
43.3037789635282,-71.01321699145632
43.3037804666645,-71.01320487506396
43.303781941559095,-71.01319298630999
43.303783444692755,-71.0131808699172
43.303784919584814,-71.01316898116248
43.30378642271586,-71.01315686476927
43.30378789760538,-71.01314497601373
43.30378952128774,-71.01313188786025
43.303790996174634,-71.0131199991039
43.303792499300314,-71.01310788270985
43.303793974184664,-71.0130959939527
43.303795477307716,-71.01308387755822
43.30379695218953,-71.0130719888003
43.303798455309945,-71.0130598724054
43.30379996590921,-71.013046992529
43.30380134887445,-71.0130350764557
43.30380275664178,-71.0130229466682
43.30380413960449,-71.01301103059421
43.30380554736919,-71.01299890080642
43.303807043509025,-71.01298600953494
43.30380842646784,-71.01297409345982
43.303809834228495,-71.01296196367146
43.30381121718476,-71.01295004759565
43.303812738122055,-71.01293694260998
43.30381412107568,-71.01292502653345
43.30381552883095,-71.01291289674445
43.30381691178203,-71.01290098066727
43.30381840791071,-71.01288808939248
43.30381981566196,-71.0128759596029
43.303821198609135,-71.01286404352456
43.30382260635775,-71.01285191373466
43.30382398930239,-71.01283999765565
43.303825485424106,-71.01282710637882
43.30382689316868,-71.01281497658836
43.303828276109414,-71.01280306050822
43.30382968385136,-71.01279093071743
43.303831179967474,-71.01277803943903
43.30383258770667,-71.01276590964792
43.303833970642216,-71.01275399356638
43.3038353535765,-71.01274207748443
43.30383687448929,-71.01272897249501
43.303838257420935,-71.01271705641231
43.303839665153475,-71.01270492662033
43.30384104808257,-71.01269301053699
43.30384243101042,-71.01268109445324
43.30384401967548,-71.01266900491164
43.303845619312796,-71.01265690496807
43.30384718700122,-71.01264504668158
43.30384878663592,-71.01263294673744
43.30385035432183,-71.01262108845008
43.30385182597584,-71.01260995655802
43.30385342560668,-71.01259785661324
43.30385499328889,-71.0125859983247
43.3038565929171,-71.01257389837939
43.30385816059678,-71.01256204008993
43.303859632244816,-71.01255090819696
43.30386119992208,-71.01253904990668
43.30386279954516,-71.01252694996036
43.30386439916688,-71.01251485001386
43.30386596684034,-71.01250299172234
43.3038674384824,-71.01249185982839
43.303869006153434,-71.01248000153608
43.30387060577004,-71.01246790158856
43.30387220538529,-71.01245580164087
43.3038737730525,-71.01244394334731
43.303875372665146,-71.01243184339907
43.30387694032985,-71.01241998510463
43.30387853993986,-71.01240788515585
43.303880107602055,-71.01239602686051
43.30388170720944,-71.01238392691123
43.3038833068155,-71.01237182696178
43.30388487447387,-71.0123599686652
43.30388660205315,-71.01234690066151
43.30388816970891,-71.01233504236397
43.30388976930963,-71.0123229424134
43.30389133696285,-71.01231108411501
43.30389293656094,-71.01229898416392
43.303894536157685,-71.01228688421266
43.30389610380712,-71.01227502591298
43.303897703401255,-71.01226292596121
43.30389927104816,-71.01225106766066
43.303900870639666,-71.01223896770831
43.30390243828405,-71.01222710940691
43.30390403787293,-71.01221500945405
43.30390563746048,-71.01220290950103
43.30390720510107,-71.01219105119834
43.30390880468599,-71.01217895124478
43.30391037232405,-71.01216709294123
43.30391197190635,-71.01215499298713
43.30391357148733,-71.01214289303289
43.30391507411813,-71.01213101484018
43.30391634087707,-71.01211906825148
43.303917628424045,-71.01210692560197
43.30391889518044,-71.01209497901274
43.30392016193557,-71.01208303242315
43.30392155330893,-71.01206991056247
43.30392282006141,-71.01205796397231
43.30392408681263,-71.01204601738179
43.30392535356258,-71.0120340707909
43.303926641100276,-71.01202192814056
43.30392790784767,-71.01200998154916
43.30392917459381,-71.01199803495737
43.30393046212756,-71.01198589230668
43.30393183270066,-71.0119729665032
43.30393309944289,-71.0119610199105
43.30393436618385,-71.01194907331745
43.303935653712266,-71.01193693066624
43.303936920450674,-71.01192498407265
43.303938187187825,-71.01191303747869
43.303939474712294,-71.01190089482715
43.303940741446894,-71.01188894823267
43.30394200818023,-71.01187700163784
43.30394339952933,-71.01186387977441
43.30394466626001,-71.011851933179
43.30394593298943,-71.01183998658324
43.30394719971759,-71.01182803998712
43.30394848723277,-71.01181589733471
43.303949753958385,-71.01180395073804
43.30395102068273,-71.01179200414104
43.30395230819398,-71.01177986148831
43.30395367874352,-71.01176693567889
43.30395494546394,-71.01175498908094
43.303956212183124,-71.01174304248264
43.30395749968901,-71.01173089982937
43.30395876640564,-71.01171895323054
43.303960033120994,-71.01170700663137
43.30396132062295,-71.01169486397777
43.303962587335754,-71.01168291737805
43.303963854047296,-71.01167097077797
43.30396522458441,-71.01165804496529
43.303966512081026,-71.01164590231114
43.303967778788646,-71.01163395571015
43.303969045495016,-71.01162200910878
43.303970332987696,-71.01160986645431
43.30397159969151,-71.01159791985242
43.30397286639406,-71.01158597325018
43.303974153882805,-71.01157383059537
43.30397542058279,-71.0115618839926
43.30397679110742,-71.01154895817685
43.3039780578048,-71.01153701157331
43.3039793452882,-71.01152486891796
43.303980611983015,-71.0115129223139
43.303981878676574,-71.01150097570947
43.30398324919425,-71.01148804989187
43.3039845366723,-71.011475907236
43.303985803361954,-71.01146396063065
43.30398707005034,-71.01145201402493
43.30398833673746,-71.01144006741886
43.30398972803514,-71.01142694554946
43.303990994719605,-71.0114149989428
43.30399226140282,-71.01140305233581
43.30399352808477,-71.01139110572846
43.30399491937668,-71.01137798385832
43.30399618605597,-71.0113660372504
43.30399755655822,-71.01135311142882
43.30399884402156,-71.01134096877152
43.30400021452095,-71.01132804294926
43.30400148119496,-71.01131609634
43.30400276865425,-71.01130395368233
43.3040041391494,-71.01129102785903
43.30400540581949,-71.01127908124884
43.30400679709822,-71.01126595937723
43.30400806376566,-71.01125401276643
43.3040094342551,-71.01124108694162
43.304010721706206,-71.01122894428322
43.30401209219277,-71.01121601845776
43.30401335885493,-71.01120407184567
43.30401475012482,-71.01119094997303
43.304016016784324,-71.01117900336035
43.304017387265205,-71.01116607753337
43.304018674708104,-71.0111539348742
43.3040199413637,-71.0111419882606
43.30402131184034,-71.01112906243256
43.30402259927919,-71.01111691977304
43.30402396975297,-71.01110399394435
43.30402523640327,-71.0110920473294
43.304026627659965,-71.0110789254553
43.30402794037376,-71.01106698754944
43.3040292599794,-71.01105505428622
43.304030710239374,-71.01104193949523
43.30403202984236,-71.01103000623138
43.30403334944409,-71.01101807296712
43.30403479969973,-71.01100495817552
43.30403611929881,-71.01099302491063
43.304037438896614,-71.01098109164533
43.304038889147904,-71.01096797685318
43.30404020874307,-71.01095604358724
43.30404155090604,-71.01094390622563
43.30404287049866,-71.01093197295913
43.304044298175164,-71.01091906226121
43.3040456403341,-71.01090692489915
43.30404695992281,-71.01089499163162
43.30404838759508,-71.0108820809325
43.304049729749984,-71.01086994356999
43.304051049334774,-71.01085801030143
43.304052477002834,-71.01084509960118
43.304053819153694,-71.0108329622382
43.30405513873458,-71.0108210289686
43.304056588967,-71.010807914174
43.30405790854524,-71.01079598090375
43.30405922812221,-71.01078404763312
43.30406067835028,-71.01077093283793
43.30406199792461,-71.01075899956663
43.30406331749768,-71.01074706629498
43.30406476772139,-71.0107339514992
43.30406608729181,-71.0107220182269
43.30406740686097,-71.01071008495423
43.30406874899708,-71.01069794758963
43.30407017664683,-71.0106850368845
43.304071518780205,-71.01067289951965
43.304072838344155,-71.01066096624574
43.30407410714945,-71.01064902127368
43.30407546652322,-71.0106360926244
43.30407674335006,-71.0106239490443
43.30407799972699,-71.01061199994581
43.30407925610267,-71.01060005084696
43.304080532925575,-71.01058790726654
43.304081789298685,-71.01057595816717
43.30408304567053,-71.01056400906745
43.30408430204112,-71.01055205996741
43.304085578858796,-71.0105399163865
43.304086835226826,-71.01052796728591
43.3040880915936,-71.01051601818499
43.304089450952176,-71.01050308953191
43.30409072776449,-71.01049094595051
43.304091984127346,-71.01047899684866
43.304093240488946,-71.01046704774646
43.30409451729734,-71.01045490416473
43.30409577365638,-71.01044295506203
43.304097030014155,-71.01043100595896
43.30409828637068,-71.01041905685554
43.30409956317382,-71.01040691327336
43.30410081952779,-71.01039496416944
43.304102075880486,-71.01038301506516
43.30410343522386,-71.01037008640826
43.30410471202166,-71.01035794282555
43.304105968370436,-71.01034599372036
43.304107224717974,-71.01033404461482
43.304108501511834,-71.0103219010318
43.30410975785681,-71.01030995192573
43.30411115956728,-71.01029803592533
43.30411260522124,-71.01028591111871
43.30411402473174,-71.01027400556815
43.30411558649693,-71.01026090690327
43.304117006004795,-71.01024900135192
43.30411842551141,-71.01023709580015
43.304119871158704,-71.01022497099255
43.30412129066278,-71.01021306544004
43.30412267379463,-71.01020093714047
43.304123994143374,-71.01018799887144
43.304125214409034,-71.01017604131638
43.30412643467343,-71.01016408376098
43.304127674222094,-71.0101519372231
43.30412899456525,-71.01013899895273
43.304130214825726,-71.0101270413965
43.30413143508493,-71.01011508383992
43.30413267462827,-71.01010293730164
43.304133994965795,-71.01008999902993
43.30413521522108,-71.0100780414725
43.30413643547512,-71.01006608391475
43.30413767501309,-71.01005393737604
43.30413899534503,-71.01004099910301
43.30414021559513,-71.01002904154443
43.30414143584398,-71.01001708398549
43.30414267537661,-71.01000493744637
43.304143995702944,-71.00999199917197
43.30414521594786,-71.0099800416122
43.30414643619153,-71.0099680840521
43.30414767571881,-71.00995593751256
43.30414899603954,-71.00994299923686
43.304150216279275,-71.00993104167588
43.304151436517756,-71.00991908411463
43.30415267603969,-71.00990693757466
43.30415399635482,-71.00989399929759
43.304155216589365,-71.00988204173547
43.30415643682266,-71.00987008417303
43.30415765705469,-71.00985812661024
43.30415899664877,-71.00984499935424
43.30416021687814,-71.00983304179096
43.304161437106245,-71.00982108422733
43.304162657333094,-71.00980912666337
43.30416399692141,-71.00979599940676
43.304165217145595,-71.00978404184231
43.304166437368515,-71.0097720842775
43.30416765759017,-71.00976012671238
43.30416899717273,-71.00974699945522
43.30417021739172,-71.00973504188957
43.304171437609455,-71.00972308432357
43.30417265782593,-71.00971112675727
43.30417399740273,-71.00969799949954
43.304175217616546,-71.00968604193271
43.30417643782909,-71.00967408436556
43.30417765804038,-71.00966212679806
43.30417889753429,-71.00964998025587
43.30418011774302,-71.0096380226879
43.3041814380274,-71.0096250844034
43.30418267751727,-71.00961293786094
43.30418389772206,-71.00960098029213
43.304185117925606,-71.00958902272299
43.3041863381279,-71.00957706515351
43.30418757761251,-71.00956491861065
43.30418889788852,-71.00955198032428
43.30419011810025,-71.00954002277624
43.304191339328625,-71.00952806544116
43.30419257987189,-71.00951591897635
43.30419380109769,-71.00950396164082
43.30419502232222,-71.00949200430495
43.304196243545505,-71.00948004696875
43.30419746476751,-71.0094680896322
43.30419870530424,-71.00945594316684
43.30419982636512,-71.00944496651391
43.30420104758341,-71.00943300917662
43.30420226880044,-71.009421051839
43.304203509332034,-71.00940890537328
43.30420473054651,-71.00939694803517
43.30420595175971,-71.00938499069674
43.30420717297167,-71.00937303335799
43.30420839418236,-71.0093610760189
43.304209634707405,-71.00934892955264
43.304210855915535,-71.00933697221308
43.30421207712241,-71.00932501487317
43.304213298328015,-71.00931305753295
43.30421453884782,-71.00930091106629
43.30421578291737,-71.00928895444142
43.30421710900932,-71.00927702287748
43.30421843510002,-71.00926509131317
43.30421978398266,-71.00925295466511
43.30422121867866,-71.00924004589336
43.30422254476545,-71.00922811432798
43.30422389364406,-71.00921597767946
43.30422521972829,-71.00920404611351
43.30422654581127,-71.00919211454715
43.30422789468595,-71.0091799778982
43.30422932937361,-71.00916706912415
43.304230655452685,-71.00915513755675
43.30423200432333,-71.0091430009073
43.304233330399846,-71.0091310693393
43.30423465647512,-71.00911913777092
43.30423600534182,-71.00910700112107
43.30423744002114,-71.00909409234471
43.30423876609251,-71.00908216077529
43.30424011495517,-71.00907002412492
43.30424144102398,-71.00905809255491
43.30424276709153,-71.0090461609845
43.30424411595026,-71.00903402433369
43.30424555062125,-71.00902111555507
43.30424689947724,-71.00900897890402
43.304248225539595,-71.00899704733234
43.3042495516007,-71.00898511576027
43.30425100905831,-71.008972001901
43.30425233511676,-71.0089600703283
43.30425366117395,-71.0089481387552
43.30425501002196,-71.00893600210323
43.304256444681755,-71.00892309332156
43.304257770735035,-71.00891116174742
43.304259119579015,-71.00889902509498
43.30426044562974,-71.00888709352024
43.30426188028396,-71.00887418473695
43.30426322912389,-71.00886204808403
43.30426455517071,-71.00885011650826
43.30426601261243,-71.00883700264684
43.3042673386566,-71.00882507107042
43.30426866469952,-71.0088131394936
43.30427001353277,-71.00880100283999
43.304271448177154,-71.00878809405411
43.30427277421615,-71.00877616247624
43.30427412304538,-71.00876402582216
43.30427555768553,-71.00875111703512
43.30427688372062,-71.00873918545624
43.30427823254581,-71.00872704880165
43.30427955857835,-71.00871511722215
43.3042809074009,-71.00870298056734
43.30428234203407,-71.00869007177846
43.304283668062716,-71.00867814019792
43.304285016881224,-71.00866600354264
43.30428634290731,-71.0086540719615
43.3042877775349,-71.00864116317098
43.30428912634937,-71.00862902651525
43.30429045237155,-71.00861709493307
43.30429180118338,-71.0086049582771
43.304293127203,-71.00859302669433
43.304294561823625,-71.00858011790194
43.30429591063141,-71.0085679812455
43.30429723664713,-71.00855604966168
43.30429856266161,-71.00854411807747
43.304299911465456,-71.00853198142059
43.30430134607909,-71.00851907262637
43.3043026948802,-71.00850693596921
43.30430402088947,-71.00849500438375
43.30430534689748,-71.0084830727979
43.304306695694656,-71.0084709361403
43.30430812918542,-71.00845802598185
43.30430940146146,-71.00844608074212
43.30431069470808,-71.00843393859961
43.30431196698155,-71.0084219933593
43.304313239253766,-71.00841004811868
43.304314511524716,-71.00839810287768
43.3043158047661,-71.00838596073466
43.30431718130917,-71.00837303646477
43.304318453576215,-71.00836109122281
43.304319725842,-71.0083491459805
43.304321019078046,-71.00833700383696
43.30432229134125,-71.00832505859411
43.30432356360323,-71.00831311335091
43.30432483586393,-71.00830116810735
43.3043262333687,-71.00828804693461
43.304327505626745,-71.00827610169047
43.30432888215727,-71.0082631774172
43.30433027965756,-71.00825005624395
43.30433155191158,-71.00823811099882
43.304332949408916,-71.00822498982528
43.304334221660284,-71.00821304457958
43.304335598183606,-71.00820012030454
43.30433699567646,-71.00818699913047
43.30433826792381,-71.00817505388376
43.30433966541371,-71.00816193270941
43.30434093765841,-71.00814998746213
43.304342314174505,-71.00813706318533
43.30434371165994,-71.00812394201044
43.30434498390061,-71.00811199676217
43.30434638138308,-71.00809887558702
43.3043476536211,-71.00808693033817
43.30434892585787,-71.00807498508895
43.3043503023654,-71.00806206080995
43.30435159557008,-71.00804991866349
43.304352867802926,-71.00803797341335
43.304354140034526,-71.00802602816283
43.30435553750687,-71.00801290698647
43.3043568097358,-71.00800096173536
43.30435808196348,-71.0079890164839
43.30435947943146,-71.00797589530704
43.30436075165648,-71.00796395005501
43.304362023880245,-71.00795200480262
43.30436329610274,-71.00794005954987
43.30436469356497,-71.00792693837225
43.30436596578482,-71.00791499311892
43.3043672380034,-71.00790304786523
43.30436863546127,-71.00788992668713
43.3043699076772,-71.00787798143287
43.304371179891874,-71.00786603617821
43.30437245210528,-71.00785409092322
43.304373849557386,-71.00784096974441
43.30437512176814,-71.00782902448883
43.304376393977634,-71.0078170792329
43.30437779142539,-71.00780395805357
43.304379063632226,-71.00779201279705
43.304380335837806,-71.00778006754017
43.304381629011694,-71.00776792539081
43.30438300548412,-71.00775500110291
43.304384277685784,-71.00774305584508
43.304385549886184,-71.00773111058689
43.30438684305473,-71.00771896843698
43.30438821952157,-71.0077060441476
43.304389491718055,-71.00769409888848
43.304390784882564,-71.0076819567382
43.30439216134516,-71.00766903244775
43.30439343353774,-71.00765708718768
43.30439470572905,-71.00764514192724
43.30439599888822,-71.0076329997764
43.30439737534522,-71.0076200754845
43.30439864753262,-71.00760813022312
43.304399940687745,-71.00759598807193
43.30440131714052,-71.00758306377894
43.304402589324006,-71.00757111851662
43.304403882475086,-71.00755897636505
43.30440515465601,-71.00754703110219
43.3044065311032,-71.00753410680774
43.30440780328151,-71.00752216154412
43.304409096427236,-71.007510019392
43.304410368602994,-71.00749807412785
43.30441164077748,-71.00748612886335
43.304412933919274,-71.00747398671089
43.30441420609122,-71.00746204144582
43.304415478261895,-71.00745009618042
43.304416750431315,-71.00743815091462
43.30441804356788,-71.00742600876167
43.30441931573475,-71.00741406349535
43.30442058790035,-71.0074021182287
43.30442186006469,-71.00739017296166
43.30442315319601,-71.00737803080816
43.30442442535782,-71.0073660855406
43.30442569751835,-71.00735414027267
43.30442696967762,-71.00734219500438
43.30442815853794,-71.0073310318823
43.304429430694746,-71.00731908661353
43.30443070285031,-71.0073071413444
43.304431995972564,-71.00729499919008
43.30443326812557,-71.0072830539204
43.30443454027732,-71.00727110865037
43.304435812427805,-71.00725916337998
43.30443720980988,-71.00724604219292
43.30443848195772,-71.00723409692195
43.304439754104294,-71.00722215165061
43.30444104721727,-71.0072100094954
43.30444231936128,-71.00719806422353
43.30444359150404,-71.0071861189513
43.304444884613076,-71.00717397679576
43.30444626101761,-71.00716105249046
43.30444753315646,-71.00714910721729
43.30444882626145,-71.00713696506136
43.30445009839774,-71.00712501978767
43.30445137053277,-71.0071130745136
43.30445266363382,-71.00710093235733
43.30445404003,-71.00708800804996
43.30445531216111,-71.00707606277496
43.30445660525813,-71.00706392061832
43.304457877386675,-71.00705197534278
43.30445914951398,-71.00704003006686
43.30446036959831,-71.0070280694796
43.30446167675543,-71.00701493923435
43.304462867816106,-71.00700297515124
43.30446405887552,-71.00699101106778
43.30446534765756,-71.00697806535476
43.304466557085036,-71.0069659167383
43.30446774814052,-71.00695395265403
43.30446903691831,-71.00694100694011
43.304470227971166,-71.0069290428552
43.30447141902277,-71.00691707876999
43.30447262844359,-71.00690493015304
43.30447391721578,-71.00689198443784
43.304475108263446,-71.00688002035184
43.30447629930985,-71.0068680562655
43.30447760644815,-71.00685492601858
43.304478797491896,-71.00684296193177
43.304479988534375,-71.00683099784466
43.30448127729811,-71.00681805212741
43.304482468337966,-71.00680608803965
43.30448367774668,-71.00679393942188
43.30448486878396,-71.00678197533367
43.304486157542094,-71.00676902961517
43.304487348576764,-71.00675706552629
43.30448855798013,-71.00674491690816
43.30448984673401,-71.00673197118877
43.304490966126664,-71.00671999500078
43.30449190472567,-71.00670798593892
43.30449284332341,-71.00669597687687
43.304493781919874,-71.00668396781465
43.30449472051508,-71.00667195875226
43.30449558184315,-71.00666093828649
43.3044965204359,-71.00664892922381
43.30449744762419,-71.00663706606225
43.30449838621443,-71.00662505699907
43.30449932480339,-71.00661304793572
43.304500263391084,-71.0066010388722
43.30450120197751,-71.00658902980854
43.304502140562654,-71.00657702074469
43.30450307914652,-71.00656501168066
43.30450401772912,-71.00655300261651
43.30450495631045,-71.00654099355218
43.30450589489051,-71.00652898448769
43.3045068334693,-71.00651697542303
43.3045077720468,-71.00650496635821
43.30450871062304,-71.00649295729323
43.304509649198,-71.00648094822805
43.3045105877717,-71.00646893916274
43.304511514941396,-71.00645707599568
43.304512453512565,-71.00644506692986
43.30451339208248,-71.00643305786387
43.30451435044657,-71.00642004187162
43.30451511153967,-71.00640801332682
43.30451587263151,-71.00639598478196
43.30451663372207,-71.00638395623706
43.30451745761015,-71.00637093519528
43.304518211194896,-71.00635902523352
43.30451897228154,-71.00634699668822
43.304519733366924,-71.00633496814287
43.3045205572494,-71.00632194710053
43.30452131833211,-71.00630991855503
43.30452207191051,-71.00629800859178
43.30452289578876,-71.006284987549
43.30452365686757,-71.0062729590031
43.30452448074294,-71.00625993796014
43.30452529711388,-71.00624703549855
43.304526058188685,-71.00623500695225
43.304526882059704,-71.00622198590878
43.3045275841878,-71.00620996231558
43.304528253199905,-71.00619602294707
43.30452887875472,-71.00618298901178
43.30452950430803,-71.00616995507652
43.304530129859856,-71.00615692114133
43.30453079886553,-71.00614298177172
43.304531424414265,-71.00612994783633
43.30453200217568,-71.00611790957025
43.304532623390884,-71.00610496586916
43.30453320114965,-71.00609292760298
43.304533774576534,-71.0060809795707
43.30453440011817,-71.00606794563504
43.30453497787305,-71.00605590736882
43.30453559908126,-71.00604296366647
43.30453617683348,-71.00603092540011
43.304536750253895,-71.00601897736668
43.304537375788456,-71.00600594343078
43.30453794920628,-71.00599399539682
43.30453852695333,-71.0059819571303
43.30453914815321,-71.00596901342632
43.304539725897634,-71.00595697515965
43.30454035142511,-71.0059439412235
43.30454092483647,-71.00593199318838
43.30454150257698,-71.00591995492171
43.30454212376986,-71.00590701121645
43.30454270150773,-71.00589497294966
43.3045433226978,-71.00588202924385
43.30454390044858,-71.00586999081713
43.30454453712454,-71.00585695730334
43.30454512068344,-71.00584501113208
43.30454575735656,-71.00583197761814
43.304546389542494,-71.00581903593203
43.30454702621264,-71.0058060024179
43.30454761425188,-71.00579396441813
43.304548246433534,-71.00578102273127
43.30454888309932,-71.00576798921699
43.30454946664897,-71.00575604304399
43.30455010331192,-71.00574300952952
43.304550739973365,-71.0057299760151
43.30455125257275,-71.00571801937123
43.304551782045706,-71.00570498328392
43.304552267922176,-71.00569302054834
43.30455275690276,-71.00568098135565
43.30455328326616,-71.00566802172504
43.30455377224409,-71.00565598253235
43.30455425811545,-71.00564401979601
43.30455478757996,-71.00563098370861
43.30455527344871,-71.00561902097188
43.30455576242147,-71.0056069817792
43.30455628877654,-71.00559402214732
43.304556777746654,-71.00558198295465
43.3045572636103,-71.00557002021712
43.30455779306637,-71.00555698412964
43.3045582789274,-71.00554502139171
43.30455876789236,-71.00553298219907
43.30455929423906,-71.00552002256589
43.30455978320137,-71.00550798337325
43.304560269057305,-71.00549602063454
43.30456079850492,-71.00548298454699
43.30456128435825,-71.00547102180788
43.304561773315385,-71.00545898261525
43.30456229965373,-71.00544602298079
43.30456278860823,-71.00543398378817
43.304563274456456,-71.00542202104828
43.304563803895626,-71.00540898496064
43.304564289741236,-71.00539702222035
43.304564778690576,-71.00538498302775
43.30456530502056,-71.005372023392
43.30456579396726,-71.0053599841994
43.304566279807766,-71.00534802145832
43.30456680923847,-71.00533498537064
43.30456729507638,-71.00532302262916
43.3045677840179,-71.00531098343657
43.30456831033954,-71.00529802379954
43.304568799278414,-71.00528598460696
43.304569285111214,-71.0052740218647
43.304569814533465,-71.00526098577693
43.304570300363665,-71.00524902303427
43.304570789297365,-71.0052369838417
43.30457131561065,-71.0052240242034
43.30457180454172,-71.00521198501083
43.30457229036682,-71.00520002226739
43.30457281978061,-71.00518698617955
43.3045733056031,-71.00517502343568
43.304573794529006,-71.00516298424314
43.30457429657481,-71.00515001813778
43.304574686431536,-71.00513798082301
43.304575074310186,-71.00512600454459
43.30457549648744,-71.00511296920673
43.30457588436348,-71.00510099292805
43.30457627223827,-71.00508901664914
43.304576694411296,-71.00507598131132
43.30457708228348,-71.00506400503214
43.304577472131136,-71.00505196771772
43.30457789232323,-71.00503899341496
43.30457828019155,-71.00502701713525
43.30457867003532,-71.00501497982091
43.30457909022323,-71.00500200551762
43.30457948006434,-71.0049899682034
43.30457986792756,-71.00497799192314
43.30458025776615,-71.00496595460906
43.304580677948515,-71.00495298030516
43.304581065807874,-71.00494100402443
43.304581455642555,-71.00492896671042
43.30458187582075,-71.00491599240598
43.304582265652805,-71.00490395509212
43.30458265350703,-71.00489197881082
43.30458307368105,-71.00487900450582
43.3045834635092,-71.00486696719204
43.30458385135957,-71.00485499091025
43.30458427350591,-71.0048419555731
43.30458466135367,-71.00482997929102
43.30458505117665,-71.0048179419775
43.3045854713423,-71.00480496767162
43.30458585918621,-71.00479299138901
43.3045862490053,-71.00478095407557
43.30458666916676,-71.00476797976914
43.30458705898321,-71.00475594245586
43.304587446822,-71.00474396617271
43.30458783465955,-71.00473198988932
43.304588256791845,-71.00471895455249
43.304588644626776,-71.00470697826884
43.304589034436795,-71.00469494095577
43.30458945458853,-71.00468196664818
43.30458984241962,-71.00466999036402
43.304590232225735,-71.00465795305105
43.30459065237329,-71.0046449787429
43.30459104217678,-71.00463294143005
43.304591430002745,-71.00462096514535
43.304591852122364,-71.00460792980888
43.30459223994571,-71.00459595352389
43.30459262776782,-71.00458397723867
43.304593049883216,-71.00457094190226
43.30459343770271,-71.00455896561675
43.30459382749713,-71.00454692830426
43.304594247632146,-71.00453395399468
43.30459463544777,-71.00452197770863
43.30459502523829,-71.00450994039625
43.304595445369124,-71.00449696608611
43.304595835157016,-71.00448492877383
43.304596222967525,-71.00447295248728
43.304596643094186,-71.00445997817657
43.30459703287817,-71.0044479408644
43.30459742068482,-71.00443596457731
43.304597842783345,-71.00442292924134
43.30459823058739,-71.00441095295399
43.30459861839019,-71.00439897666642
43.30459904048449,-71.00438594133047
43.304599428284675,-71.0043739650426
43.3045998180596,-71.00436192773078
43.3046002381737,-71.00434895341863
43.304600625970025,-71.00433697713027
43.30460101574105,-71.00432493981853
43.30460143585098,-71.00431196550583
43.304601823643445,-71.00429998921695
43.30460221341058,-71.0042879519053
43.304602633516325,-71.00427497759205
43.30460302328081,-71.00426294028053
43.304603411068165,-71.0042509639911
43.304603798854274,-71.00423898770144
43.30460422093032,-71.00422595236587
43.304604608713824,-71.00421397607595
43.30460499847189,-71.00420193876465
43.3046054185679,-71.00418896445025
43.30460580634754,-71.0041769881598
43.304606196101716,-71.0041649508486
43.30460661619355,-71.00415197653365
43.30460700396934,-71.0041400002427
43.30460739371961,-71.00412796293159
43.30460781380726,-71.00411498861608
43.30460820355489,-71.00410295130511
43.30460859132556,-71.00409097501361
43.30460901140904,-71.00407800069755
43.30460940115278,-71.00406596338665
43.304609788919585,-71.00405398709465
43.304610210974516,-71.00404095175955
43.304610598738726,-71.00402897546725
43.30461098650167,-71.00401699917472
43.30461140855239,-71.00400396383966
43.304611796312734,-71.00399198754687
43.30461218407183,-71.00398001125383
43.30461260611833,-71.00396697591884
43.30461299387482,-71.00395499962552
43.30461338360558,-71.0039429623151
43.30461380367233,-71.00392998799704
43.30461419142496,-71.00391801170319
43.304614581151846,-71.00390597439285
43.3046150012144,-71.00389300007426
43.304615390938636,-71.00388096276404
43.30461577868615,-71.00386898646964
43.30461619874454,-71.0038560121505
43.304616588464874,-71.00384397484038
43.30461697620852,-71.0038319985455
43.30461739626275,-71.00381902422576
43.30461778597918,-71.00380698691575
43.30461817371898,-71.00379501062035
43.30461859574437,-71.00378197528583
43.304618983481554,-71.00376999899015
43.30461944223971,-71.00375703050322
43.30461988197427,-71.00374499185926
43.304620355629446,-71.00373202452919
43.30462079536137,-71.0037199858853
43.30462126901372,-71.00370701855486
43.304621708743014,-71.003694979911
43.304622182392535,-71.0036820125802
43.30462262211919,-71.00366997393644
43.304623095765905,-71.00365700660524
43.3046235354899,-71.00364496796156
43.30462400913378,-71.00363200062998
43.304624446342224,-71.00362003078519
43.30462492249621,-71.0036069946544
43.304625359702044,-71.00359502480929
43.30462583585317,-71.00358198867853
43.30462627305639,-71.00357001883306
43.304626749204665,-71.00355698270236
43.30462718640528,-71.00354501285655
43.3046276625507,-71.0035319767259
43.304628099748705,-71.00352000687971
43.304628600778756,-71.00350697102502
43.30462906072368,-71.00349500440724
43.30462956177777,-71.00348196819455
43.304630021720094,-71.0034700015764
43.30463052277133,-71.00345696536372
43.30463098271104,-71.0034449987452
43.30463148097766,-71.00343203490817
43.30463198202457,-71.00341899869538
43.304632441960315,-71.0034070320762
43.304632943004364,-71.00339399586343
43.304633402937526,-71.00338202924388
43.30463390397872,-71.00336899303112
43.30463436390926,-71.00335702641118
43.30463486494759,-71.00334399019843
43.30463532487553,-71.00333202357812
43.30463582591102,-71.00331898736538
