43.29968295264631,-70.97078106860613
43.29967628884121,-70.97077257221349
43.29966979849446,-70.97076429843857
43.299663133591466,-70.97075580214515
43.29965610581971,-70.97074684327633
43.29964997833798,-70.97073903208242
43.29964295056423,-70.97073007321659
43.29963628565724,-70.97072157692884
43.29962979530501,-70.97071330316248
43.2996231303961,-70.9707048068775
43.29961610261824,-70.97069584801777
43.299609975131204,-70.9706880368318
43.29960294735134,-70.97067907797505
43.29959681986257,-70.97067126679171
43.29958979208072,-70.97066230793797
43.2995831271659,-70.97065381166148
43.29957699967451,-70.97064600048205
43.2995699718896,-70.97063704163278
43.29956330697186,-70.97062854536048
43.299556816609574,-70.97062027160972
43.29955015168991,-70.97061177534022
43.299543123900875,-70.970602816497
43.2995369964042,-70.97059500532556
43.299530185506725,-70.97058671154856
43.29952392736579,-70.97057911294169
43.29951710769887,-70.97057083253495
43.299510288030994,-70.97056255212962
43.29950366876366,-70.97055451505207
43.29949684909395,-70.97054623464962
43.299490029423296,-70.97053795424858
43.29948377127739,-70.97053035564963
43.29947695160492,-70.97052207525138
43.29947069345741,-70.97051447665501
43.29946387378315,-70.97050619625952
43.29945705410794,-70.97049791586547
43.29945079595795,-70.970490317273
43.29944397628094,-70.9704820368817
43.29943715660297,-70.97047375649183
43.299430898450524,-70.9704661579033
43.29942407877076,-70.97045787751621
43.299417820616696,-70.97045027893027
43.29941100093513,-70.97044199854594
43.29940418125262,-70.97043371816301
43.29939792309608,-70.97042611958099
43.299391103411764,-70.97041783920085
43.299384299656296,-70.97040956845203
43.29937788740187,-70.97040116215746
43.299371315159306,-70.97039254612538
43.299364902903015,-70.9703841398336
43.29935833065846,-70.97037552380428
43.29935191840032,-70.9703671175153
43.29934534615378,-70.9703585014887
43.29933893389377,-70.97035009520249
43.29933236164524,-70.97034147917867
43.29932594938338,-70.97033307289526
43.29931990060973,-70.97032514313636
43.29931296486914,-70.97031605059352
43.299306916093705,-70.97030812083723
43.29929998035104,-70.97029902829736
43.29929393157383,-70.97029109854364
43.2992869958291,-70.9702820060067
43.2992809470501,-70.97027407625558
43.29927401660843,-70.97026497848174
43.299267923323185,-70.97025609934428
43.29926183003692,-70.97024722020814
43.29925573674967,-70.97023834107333
43.29924917280858,-70.97022877610512
43.299243079519215,-70.970219896973
43.299236986228856,-70.97021101784222
43.299230892937494,-70.97020213871276
43.299224799645145,-70.97019325958463
43.299218235698405,-70.9701836946234
43.299212142403924,-70.97017481549796
43.29920604910847,-70.97016593637385
43.299199955812,-70.97015705725107
43.29919386251454,-70.9701481781296
43.29918729856215,-70.97013861317535
43.29918120526258,-70.97012973405658
43.299175111962015,-70.97012085493917
43.299169018660436,-70.97011197582306
43.299162830068504,-70.97010219929318
43.29915670749684,-70.97009234304348
43.299150944299235,-70.97008306532507
43.29914482172526,-70.97007320907811
43.29913869915008,-70.97006335283258
43.29913257657371,-70.9700534965885
43.2991268133716,-70.97004421887524
43.2991206907929,-70.97003436263391
43.29911456821303,-70.97002450639401
43.29910838353658,-70.97001455019335
43.29910226095424,-70.97000469395624
43.29909613837072,-70.96999483772058
43.299090380641736,-70.96998556781122
43.29908477810272,-70.96997625194697
43.29907876979614,-70.96996626137847
43.29907276148834,-70.96995627081135
43.29906711055022,-70.96994687447885
43.29906110224004,-70.96993688391439
43.29905509392863,-70.96992689335134
43.299049085616,-70.96991690278966
43.29904343467325,-70.96990750646212
43.29903783212559,-70.96989819060845
43.29903182380947,-70.96988820005079
43.29902666202764,-70.96987831416133
43.29902106274392,-70.96986694167654
43.2990161151992,-70.96985689291685
43.299010829884715,-70.96984615813031
43.299005882337624,-70.96983610937284
43.29900059702064,-70.96982537458877
43.298995649471145,-70.96981532583355
43.298990050179086,-70.96980395335609
43.29898510262711,-70.96979390460311
43.298979817304996,-70.96978316982396
43.29897486975063,-70.96977312107319
43.298969584426004,-70.96976238629651
43.29896463686926,-70.96975233754799
43.298959689311346,-70.96974228880052
43.2989540900096,-70.96973091633159
43.29894922779589,-70.96972082688717
43.29894490024558,-70.96971007580811
43.29894088092887,-70.9697000904878
43.2989368616111,-70.96969010516833
43.29893284229225,-70.96968011984966
43.29892851473733,-70.96966936877439
43.29892449541628,-70.96965938345747
43.29892047609417,-70.96964939814136
43.29891622252808,-70.96963883089012
43.29891224728832,-70.9696278421338
43.2989086555213,-70.96961721991157
43.29890488621403,-70.96960607263976
43.29890111690549,-70.96959492536872
43.298897347595634,-70.96958377809844
43.29889347771902,-70.96957233341905
43.29888970840659,-70.96956118615041
43.29888593909287,-70.96955003888253
43.29888240909669,-70.9695387757675
43.29887924212327,-70.96952786728829
43.29887607514869,-70.96951695880976
43.29887290817293,-70.96950605033194
43.298869741196015,-70.96949514185481
43.29886657421794,-70.96948423337838
43.298863269953976,-70.96947285203356
43.298860102973485,-70.96946194355844
43.29885696857248,-70.96945101329125
43.298854458105836,-70.96943980625889
43.29885203417669,-70.96942898554606
43.29884952370767,-70.96941777851451
43.29884689515318,-70.96940604434165
43.29884438468169,-70.96939483731099
43.298841960748,-70.9693840166004
43.298839450274144,-70.96937280957054
43.29883682171475,-70.96936107540024
43.29883508776724,-70.96934898022508
43.2988335507701,-70.96933610121648
43.29883210380311,-70.96932397661197
43.298830566803105,-70.96931109760426
43.29882911983337,-70.96929897300014
43.29882758283051,-70.96928609399326
43.29882613585804,-70.96927396938955
43.29882459999999,-70.9692611
43.29882397010221,-70.96924900293916
43.29882334334657,-70.96923696624674
43.29882266987707,-70.96922403245337
43.29882204311879,-70.96921199576111
43.29882141635922,-70.96919995906885
43.29882079469127,-70.9691880201834
43.29882011612336,-70.96917498858419
43.29881949445282,-70.96916304969929
43.29881886768809,-70.96915101300733
43.29881824092209,-70.96913897631535
43.2988176192478,-70.96912703743118
43.298816940672914,-70.96911400583238
43.298816318996025,-70.96910206694878
43.298815846448285,-70.96908999360741
43.29881613284885,-70.96907700553065
43.29881641924794,-70.96906401745372
43.29881670656272,-70.96905098778394
43.29881699295887,-70.96903799970688
43.29881727935355,-70.9690250116296
43.29881754463369,-70.96901298104302
43.29881791028511,-70.96899998678205
43.298818924617365,-70.96898698889369
43.29881993894812,-70.96897399100509
43.298820876126484,-70.96896198174946
43.298821890454384,-70.96894898386043
43.298822904780785,-70.9689359859712
43.29882384195513,-70.96892397671502
43.29882489091943,-70.96891097420234
43.29882637965873,-70.96889908978953
43.298827897170305,-70.96888697568073
43.298829536344094,-70.96887389034526
43.29883102507947,-70.9688620059313
43.298832542586986,-70.96884989182189
43.29883415298308,-70.96883703618043
43.29883567048785,-70.96882492207055
43.298837159218074,-70.96881303765495
43.29883867672022,-70.96880092354463
43.29884028711073,-70.96878806790136
43.29884180461015,-70.96877595379057
43.2988432933352,-70.96876406937332
43.298844810831994,-70.9687519552621
43.29884642121693,-70.96873909961698
43.298847938710985,-70.96872698550528
43.29884942743087,-70.9687151010864
43.2988510665844,-70.96870201574704
43.29885258407437,-70.96868990163475
43.29885407279035,-70.9686780172147
43.298856358526926,-70.9686661310104
43.29885872586463,-70.96865389982743
43.298861027147275,-70.96864200991995
43.29886332842861,-70.96863012001188
43.29886569576216,-70.96861788882781
43.29886799704085,-70.96860599891869
43.298870298318235,-70.96859410900899
43.29887266564763,-70.96858187782378
43.29887496692237,-70.96856998791306
43.29887726819583,-70.96855809800175
43.29887963552105,-70.96854586681539
43.29888193679185,-70.96853397690306
43.29888423806135,-70.96852208699013
43.29888660538243,-70.96850985580264
43.29888908741267,-70.96849703194147
43.29889138867812,-70.96848514202686
43.29889375599494,-70.96847291083816
43.29889605725774,-70.96846102092253
43.29889835851927,-70.96844913100632
43.2989009265732,-70.96843696960384
43.29890358845521,-70.96842482963477
43.29890616712072,-70.96841306918212
43.29890882899997,-70.968400929212
43.29891140766288,-70.96838916875802
43.29891406953937,-70.96837702878683
43.298916731414444,-70.9683648888152
43.29891931007343,-70.96835312835924
43.29892197194575,-70.96834098838656
43.298924633816654,-70.96832884841339
43.298927212471696,-70.9683170879555
43.29892987433984,-70.96830494798132
43.29893253620657,-70.96829280800667
43.298935114857684,-70.96828104754682
43.29893777672166,-70.96826890757112
43.29894035537018,-70.96825714710991
43.29894301723139,-70.96824500713313
43.29894567909119,-70.96823286715592
43.29894825773577,-70.96822110669278
43.29895091959282,-70.96820896671451
43.29895334544652,-70.96819713340287
43.298955839928205,-70.9681849381843
43.298958261200774,-70.96817310086914
43.29896075567966,-70.9681609056497
43.2989631769496,-70.9681490683334
43.298965671425705,-70.9681368731131
43.29896809269301,-70.96812503579564
43.29897032438814,-70.96811412527019
43.298972818860214,-70.9681019300486
43.29897524012371,-70.96809009272938
43.29897775300863,-70.96807790384587
43.29898019217511,-70.96806607481403
43.298982514770856,-70.9680548110997
43.29898495393479,-70.96804298206678
43.29898739309747,-70.96803115303317
43.29898990656799,-70.96801896362686
43.29899234572803,-70.96800713459207
43.29899466831745,-70.96799587087591
43.29899710747495,-70.96798404184001
43.298999620940016,-70.96797185243202
43.2990020600949,-70.96796002339494
43.299004308370534,-70.96794912004849
43.29900682183158,-70.96793693063917
43.29900926098265,-70.9679251016003
43.29901177444092,-70.96791291219009
43.299014022711766,-70.96790200884166
43.29901653616735,-70.96788981943065
43.29901897531326,-70.9678779903895
43.2990214144579,-70.96786616134767
43.299023737032144,-70.96785489762716
43.299026176174245,-70.96784306858424
43.299028689623015,-70.96783087917102
43.29903112876249,-70.96781905012689
43.299033377023854,-70.96780814677432
43.2990358904686,-70.96779595735977
43.29903832960427,-70.96778412831387
43.29904084304623,-70.96777193889844
43.29904309130281,-70.96776103554386
43.299045604742105,-70.96774884612762
43.29904804387261,-70.96773701707941
43.299050483001835,-70.96772518803056
43.29905280556091,-70.96771392430571
43.2990552446876,-70.96770209525576
43.299057758120085,-70.96768990583732
43.299060197244145,-70.96767807678616
43.29906251979816,-70.96766681305992
43.29906495891969,-70.96765498400765
43.299067398039945,-70.96764315495473
43.299069911465615,-70.96763096553407
43.29907235058324,-70.96761913647995
43.299074673130924,-70.96760787275187
43.29907711224601,-70.96759604369666
43.29907962566623,-70.96758385427431
43.299082064778695,-70.96757202521792
43.299084313015044,-70.9675611218546
43.299086788194444,-70.96754891893791
43.299089377744956,-70.96753614457025
43.299091851171355,-70.96752394304045
43.29909425259946,-70.96751209667455
43.299096726023066,-70.96749989514392
43.29909912744853,-70.9674880487769
43.29910152887271,-70.96747620240922
43.29910400229218,-70.96746400087727
43.29910640371374,-70.96745215450845
43.299108776608875,-70.96743992996163
43.299110927574475,-70.96742697729292
43.299112920693396,-70.96741497513557
43.29911507165607,-70.96740202246582
43.299117064772254,-70.96739002030756
43.299119215731984,-70.9673770676368
43.29912120884543,-70.96736506547768
43.29912335980222,-70.96735211280591
43.29912535291294,-70.96734011064589
43.299127503866785,-70.96732715797313
43.29912954646235,-70.96731485780624
43.299131697413195,-70.96730190513263
43.299133690518374,-70.96728990297102
43.299135831158885,-70.96727695881768
43.29913736465411,-70.96726508894332
43.29913892869685,-70.96725298260836
43.29914046218954,-70.96724111273315
43.29914202622966,-70.9672290063977
43.29914346502336,-70.96721786951349
43.29914499851235,-70.96720599963716
43.29914656254861,-70.96719389330111
43.29914809603506,-70.96718202342392
43.29914966006871,-70.96716991708739
43.29915119355263,-70.96715804720937
43.299152757583634,-70.96714594087234
43.29915429106504,-70.96713407099347
43.29915585509343,-70.96712196465597
43.2991573885723,-70.96711009477625
43.29915895259806,-70.96709798843824
43.29916048607442,-70.96708611855767
43.29916202549507,-70.96707400309185
43.29916279807613,-70.96706197551221
43.29916357065593,-70.96704994793251
43.29916433550489,-70.96703804068734
43.29916510808215,-70.96702601310733
43.299165944395284,-70.96701299325673
43.29916671696989,-70.96700096567655
43.29916748181378,-70.96698905843013
43.299168254385854,-70.96697703084963
43.29916902695666,-70.96696500326907
43.29916986326282,-70.9669519834178
43.29917063583097,-70.96693995583708
43.299170800005655,-70.96692699999981
43.29917080001103,-70.96691499999984
43.29917080001542,-70.9669019999999
43.29917080001834,-70.96688899999994
43.29917080001979,-70.96687599999997
43.29917080001982,-70.96686400000002
43.29917080001844,-70.96685100000006
43.29917080001559,-70.9668380000001
43.299170800011254,-70.96682500000016
43.29917080000596,-70.96681300000019
43.29917063281541,-70.96680005973322
43.29916959929524,-70.96678806518631
43.299168466975274,-70.96677492403275
43.29916743345243,-70.96676292948615
43.29916631495323,-70.96674994876349
43.29916528142775,-70.96673795421734
43.299164247901,-70.96672595967141
43.29916312939756,-70.96671297894956
43.29916209586817,-70.96670098440411
43.299161062337504,-70.9666889898589
43.29915994382984,-70.96667600913783
43.29915891029654,-70.96666401459306
43.29915787676196,-70.96665202004853
43.29915675825008,-70.96663903932827
43.29915572471286,-70.96662704478422
43.299154691174365,-70.96661505024038
43.2991535588341,-70.96660190908763
43.299152525292946,-70.96658991454409
43.299151491750514,-70.96657792000074
43.29915037323013,-70.96656493928188
43.29914933968505,-70.96655294473902
43.29914821304973,-70.96654094873082
43.29914657560106,-70.96652810212925
43.29914503205926,-70.96651599228511
43.299143488516144,-70.9665038824411
43.29914185106323,-70.9664910358409
43.299140307517376,-70.96647892599741
43.29913879373055,-70.9664670496378
43.29913712651303,-70.96645396955519
43.29913558296312,-70.96644185971233
43.299134069172375,-70.96642998335395
43.299132525619825,-70.96641787351156
43.299130888157116,-70.9664050269146
43.29912934460183,-70.96639291707271
43.29912783080593,-70.96638104071603
43.29912656434827,-70.9663711048383
43.299124172421514,-70.96635794015013
43.29912197853214,-70.9663460074518
43.29911978464147,-70.966334074754
43.299117590749496,-70.96632214205674
43.299115336865775,-70.96630988306899
43.29911314297112,-70.9662979503726
43.299110776248895,-70.96628507766737
43.29910858235155,-70.96627314497212
43.29910632846218,-70.96626088598573
43.299104134562164,-70.96624895329138
43.29910194066085,-70.96623702059756
43.29909974675822,-70.96622508790426
43.29909732003641,-70.9662118889102
43.29909512613103,-70.96619995621786
43.29909293222435,-70.96618802352606
43.29909073831636,-70.9661760908348
43.299088484415776,-70.96616383185108
43.299086290505116,-70.96615189916069
43.299084096593155,-70.96613996647083
43.29908172985231,-70.96612709377301
43.29907947594609,-70.96611483479067
43.299077282030055,-70.9661029021023
43.29907508811273,-70.96609096941448
43.29907278964108,-70.9660791019857
43.29906971714908,-70.96606713713116
43.29906664465571,-70.96605517227731
43.29906357216094,-70.96604320742416
43.299060499664805,-70.96603124257172
43.29905765553016,-70.96602016700538
43.2990544723167,-70.96600777101199
43.29905139981643,-70.9659958061614
43.29904832731477,-70.96598384131153
43.299045254811745,-70.9659718764623
43.29904241067068,-70.96596080089883
43.29903933816499,-70.96594883605093
43.29903626565791,-70.96593687120375
43.29903319314946,-70.96592490635724
43.29903012063962,-70.96591294151145
43.29902704812842,-70.96590097666636
43.29902420397973,-70.96588990110641
43.29902113146584,-70.96587793626261
43.29901805895059,-70.96586597141952
43.29901498643396,-70.9658540065771
43.29901191391595,-70.9658420417354
43.299009069760906,-70.96583096617839
43.299005997240236,-70.96581900133799
43.29900292471818,-70.96580703649829
43.298999852194754,-70.96579507165929
43.29899677966994,-70.96578310682096
43.29899370714376,-70.96577114198337
43.29899083865343,-70.96576009788336
43.29898695916544,-70.96574802477292
43.29898334858709,-70.9657367885242
43.298979901146666,-70.96572605997095
43.29897629056578,-70.96571482372363
43.298972574211646,-70.96570325831141
43.298968963628134,-70.96569202206558
43.29896535304332,-70.96568078582042
43.29896190559691,-70.96567005727123
43.29895802609786,-70.9656579841673
43.29895457864904,-70.96564725561979
43.29895096805907,-70.96563601937754
43.29894735746777,-70.96562478313594
43.29894364110337,-70.965613217731
43.29894003050945,-70.9656019814909
43.29893641991422,-70.96559074525148
43.2989329724582,-70.96558001670873
43.29892909294808,-70.96556794361135
43.298925645489646,-70.9655572150703
43.29892203488926,-70.96554597883379
43.29891842428756,-70.96553474259791
43.29891470791288,-70.96552317720025
43.29891109730856,-70.96551194096588
43.29890764984415,-70.9655012124289
43.298904039237286,-70.96548997619593
43.29890015971609,-70.96547790310505
43.29889671224805,-70.9654671745705
43.29889310163726,-70.96545593833972
43.29888949102513,-70.96544470210956
43.2988857746402,-70.96543313671918
43.29888216402546,-70.96542190049054
43.29887871655145,-70.96541117196003
43.29887510593417,-70.9653999357328
43.298871226401914,-70.96538786264844
43.29886777892426,-70.96537713412037
43.298864168303055,-70.96536589789531
43.29886055768053,-70.96535466167089
43.298856841285314,-70.9653430962878
43.29885323066018,-70.96533186006486
43.29884978317654,-70.96532113154085
43.29884617254885,-70.96530989531932
43.29884223661731,-70.96529783879384
43.29883826109684,-70.96528682211601
43.29883428557509,-70.96527580543905
43.29883031005208,-70.96526478876295
43.29882633452781,-70.96525377208768
43.298822359002266,-70.96524275541327
43.2988185808142,-70.9652322855896
43.298814605286225,-70.96522126891698
43.29881062975698,-70.96521025224521
43.29880665422646,-70.9651992355743
43.29880267869468,-70.96518821890425
43.29879870316162,-70.96517720223505
43.2987947276273,-70.96516618556672
43.29879075209172,-70.96515516889923
43.29878677655485,-70.9651441522326
43.298782801016735,-70.96513313556682
43.29877882547734,-70.9651221189019
43.29877484993667,-70.96511110223783
43.29877087439474,-70.96510008557465
43.29876689885155,-70.96508906891229
43.29876292330708,-70.96507805225077
43.298758947761335,-70.96506703559014
43.298754972214326,-70.96505601893035
43.29875099666606,-70.96504500227141
43.29874702111651,-70.96503398561335
43.29874304556569,-70.96502296895612
43.29873907001362,-70.96501195229975
43.29873480480663,-70.9650001329852
43.29873082925193,-70.96498911633067
43.29872685369597,-70.96497809967696
43.29872287813874,-70.96496708302412
43.29871890258024,-70.96495606637214
43.29871492702047,-70.964945049721
43.298710951459434,-70.96493403307073
43.29870697589713,-70.96492301642131
43.298703000333546,-70.96491199977275
43.298699024768716,-70.96490098312503
43.29869504920261,-70.96488996647818
43.29869105963828,-70.96487895428623
43.29868670419397,-70.96486822674036
43.29868211140251,-70.96485691460805
43.29867806559779,-70.96484694971817
43.29867371014983,-70.96483622217525
43.2986691173544,-70.96482491004578
43.298664761903936,-70.9648141825049
43.298660169105766,-70.96480287037737
43.298656123295245,-70.96479290549193
43.298651767841136,-70.96478217795405
43.298647175038994,-70.96477086582935
43.298642819582376,-70.96476013829351
43.298638226777506,-70.96474882617073
43.29863418096119,-70.96473886128979
43.298629825500925,-70.9647281337569
43.298625232692075,-70.96471682163697
43.298620877229304,-70.96470609410616
43.298616284417726,-70.96469478198816
43.29861192895244,-70.96468405445938
43.2986078831292,-70.96467408958384
43.29860329031366,-70.96466277746866
43.29859893484472,-70.96465204994287
43.29859457937459,-70.96464132241813
43.29858998655498,-70.96463001030588
43.298585940725964,-70.9646200454348
43.298581347903706,-70.96460873332438
43.29857699242862,-70.96459800580362
43.29857263695233,-70.9645872782839
43.298568044126036,-70.96457596617643
43.2985639982912,-70.96456600130983
43.29855940546224,-70.96455468920419
43.29855504998101,-70.96454396168845
43.298550694498566,-70.96453323417374
43.29854610166556,-70.96452192207104
43.298541746180604,-70.96451119455838
43.29853746298927,-70.96450064510803
43.298533107501875,-70.9644899175973
43.29852875201328,-70.96447919008763
43.298524159173574,-70.96446787798969
43.29851980368247,-70.96445715048208
43.29851575783492,-70.96444718562535
43.29851116499124,-70.96443587353023
43.29850680949649,-70.96442514602558
43.29850221665008,-70.96441383393243
43.29849786115282,-70.9644031064298
43.298493815299466,-70.96439314157755
43.29848922244908,-70.96438182948721
43.29848486694817,-70.96437110198758
43.29848027648363,-70.96435979120778
43.298475969293285,-70.9643490231888
43.29847166210172,-70.96433825517086
43.29846712291834,-70.96432690717566
43.29846281572426,-70.96431613915969
43.298458508528945,-70.96430537114476
43.298454276544554,-70.96429479116149
43.298449969346784,-70.96428402314844
43.298445430156654,-70.96427267515787
43.298441122956376,-70.96426190714682
43.29843681575486,-70.96425113913679
43.298432276560675,-70.96423979114908
43.29842796935663,-70.96422902314103
43.298423662151386,-70.96421825513401
43.29841912295312,-70.96420690714918
43.298414815745346,-70.96419613914414
43.29841027654432,-70.96418479116114
43.29840596933401,-70.96417402315814
43.298401662122494,-70.96416325515614
43.29839712291741,-70.96415190717602
43.29839281570335,-70.964141139176
43.29838881569224,-70.96413113918443
43.29838427648315,-70.96411979120705
43.29837910885235,-70.96410890219876
43.29837427762518,-70.96409875056038
43.29836911303345,-70.96408789844212
43.298364281803835,-70.96407774680587
43.29835975009235,-70.9640682245362
43.29835458549693,-70.96405737242142
43.2983497542638,-70.96404722078833
43.298344923029504,-70.96403706915625
43.298339758430274,-70.96402621704495
43.29833492719353,-70.964016065415
43.29832976259174,-70.96400521330604
43.29832493135256,-70.9639950616782
43.29832010011221,-70.96398491005138
43.29831493550661,-70.9639740579459
43.29831010426381,-70.96396390632121
43.29830527301983,-70.96395375469753
43.29830010841043,-70.96394290259553
43.29829527716401,-70.96393275097397
43.29829011255205,-70.96392189887435
43.298285281303194,-70.96391174725491
43.29828045005316,-70.96390159563649
43.29827558495865,-70.9638913729062
43.29827075370629,-70.96388122128992
43.29826592245275,-70.96387106967465
43.29826075783328,-70.96386021758197
43.29825592657731,-70.96385006596884
43.29825077505701,-70.96383920134288
43.2982459568114,-70.96382903865742
43.29824080570748,-70.96381817390821
43.298235987459435,-70.96380801122487
43.298231169210204,-70.96379784854253
43.298226018102454,-70.96378698379677
43.29822119985078,-70.96377682111654
43.298216048740485,-70.96376595637311
43.29821123048638,-70.96375579369501
43.29820607937349,-70.96374492895394
43.298201261116944,-70.96373476627795
43.2981961100015,-70.96372390153923
43.298191291742505,-70.96371373886534
43.298186473482346,-70.96370357619247
43.29818162029965,-70.96369333986462
43.29817680203716,-70.96368317719389
43.29817165091544,-70.96367231246097
43.2981668326505,-70.96366214979234
43.298161681526224,-70.96365128506177
43.298156863258846,-70.96364112239527
43.29815171213199,-70.96363025766703
43.29814689386218,-70.96362009500265
43.29814207559116,-70.96360993233925
43.29813692446051,-70.9635990676145
43.29813210618707,-70.96358890495323
43.29812695505383,-70.9635780402308
43.29812213677794,-70.96356787757165
43.29811715294798,-70.96355785634337
43.29811216992832,-70.96354784039454
43.29810718690748,-70.96353782444679
43.2981022038855,-70.9635278085001
43.29809722086235,-70.96351779255453
43.29809223783808,-70.96350777661
43.298086915745074,-70.96349707913666
43.298081932718404,-70.96348706319442
43.29807694969059,-70.96347704725325
43.298071966661624,-70.96346703131317
43.298066983631514,-70.96345701537417
43.29806200060023,-70.96344699943623
43.29805701756781,-70.96343698349939
43.29805203453422,-70.9634269675636
43.29804705149949,-70.96341695162891
43.298042068463594,-70.96340693569529
43.29803708542654,-70.96339691976276
43.29803210238835,-70.96338690383129
43.298027119348994,-70.9633768879009
43.29802213630849,-70.96336687197163
43.298017153266834,-70.96335685604338
43.298012170224006,-70.96334684011624
43.29800718718003,-70.96333682419018
43.29800220413491,-70.96332680826518
43.29799722108863,-70.96331679234127
43.297992238041196,-70.96330677641843
43.29798725499261,-70.96329676049669
43.29798227194287,-70.96328674457601
43.297977288891985,-70.96327672865641
43.297972305839934,-70.9632667127379
43.2979673320005,-70.96325668900344
43.29796235809266,-70.96324666456194
43.29795738418366,-70.96323664012152
43.29795241027352,-70.96322661568216
43.29794743636221,-70.96321659124388
43.297942779757356,-70.96320720630922
43.297937805843844,-70.9631971818731
43.29793283192919,-70.96318715743804
43.297927858013374,-70.96317713300407
43.2979228840964,-70.96316710857117
43.29791791017826,-70.96315708413933
43.29791293625898,-70.96314705970856
43.29790796233854,-70.96313703527889
43.297902988416936,-70.96312701085029
43.29789801449419,-70.96311698642276
43.29789304057027,-70.9631069619963
43.2978880666452,-70.96309693757092
43.29788309271898,-70.96308691314661
43.29787811879161,-70.96307688872336
43.29787314486307,-70.96306686430121
43.2978683,-70.9630571
43.297862665185846,-70.96304736590275
43.29785714915131,-70.96303783699948
43.29785127854899,-70.96302769558673
43.29784579543495,-70.96301822355969
43.29784027939697,-70.96300869465992
43.29783479628082,-70.96299922263536
43.29782892567374,-70.96298908122776
43.29782305506543,-70.96297893982151
43.297817926512906,-70.96297008031071
43.297812055902234,-70.96295993890699
43.29780618529032,-70.96294979750459
43.297800702167585,-70.96294032548766
43.29779518612041,-70.96293079659733
43.29778970299556,-70.9629213245829
43.29778383299011,-70.96291118704083
43.29777823013588,-70.96290174226192
43.297772270856434,-70.96289169665734
43.29776671074907,-70.9628823239434
43.29776110789146,-70.96287287916812
43.29775514860849,-70.9628628335675
43.29774994492221,-70.9628540616838
43.29774398563694,-70.96284401608577
43.29773802635044,-70.9628339704891
43.297732822661104,-70.96282519860893
43.2977268633723,-70.96281515301486
43.29772126050679,-70.96280570824796
43.29771530121557,-70.96279566265649
43.29770974109754,-70.96278628995537
43.29770413822865,-70.96277684519208
43.29769817893389,-70.9627667996046
43.29769297523747,-70.96275802773258
43.29768701594042,-70.96274798214769
43.29768105664212,-70.96273793656414
43.297675852942646,-70.96272916469565
43.29766989364205,-70.96271911911471
43.29766393434023,-70.96270907353514
43.29765833146226,-70.96269962878148
43.297652771333574,-70.96269025609318
43.2976471684534,-70.9626808113419
43.29764120914687,-70.96267076576753
43.297635649015,-70.9626613930831
43.297630046131445,-70.96265194833543
43.29762408682136,-70.96264190276503
43.29761888311173,-70.96263313090822
43.297612923799356,-70.9626230853404
43.29760696448575,-70.96261303977396
43.297601361596506,-70.9626035950323
43.297595801457156,-70.96259422235683
43.29758984214002,-70.96258417679432
43.29758423924739,-70.9625747320563
43.29757867910486,-70.96256535938468
43.29757307621003,-70.962555914649
43.29756711688817,-70.96254586909173
43.297561556742444,-70.962536496424
43.29755595384422,-70.96252705169192
43.297549994518825,-70.96251700613861
43.297544391618295,-70.96250756140897
43.2975388314683,-70.96249818874628
43.29753287213938,-70.96248814319694
43.297527269235474,-70.9624786984709
43.29752170908228,-70.9624693258121
43.29751610617617,-70.96245988108842
43.29751014684253,-70.96244983554429
43.297504586686145,-70.96244046288935
43.29749898377664,-70.9624310181693
43.29749302485525,-70.96242097237233
43.29748709266568,-70.96241089699807
43.29748191192273,-70.96240209790172
43.29747597973086,-70.96239202253003
43.297470047537765,-70.9623819471597
43.29746486679174,-70.96237314806685
43.29745893459632,-70.96236307269908
43.29745300239966,-70.96235299733266
43.29744742607814,-70.9623435263952
43.2974418894516,-70.96233412287948
43.29743595725138,-70.962324047517
43.297430380926464,-70.96231457658311
43.29742484429671,-70.96230517307124
43.29741891209294,-70.96229509771268
43.29741333576461,-70.96228562678239
43.29740779913163,-70.96227622327434
43.29740186692432,-70.96226614791972
43.29739629059259,-70.962256676993
43.297390358382835,-70.96224660164097
43.297384821745524,-70.9622371981381
43.29737888953339,-70.96222712278876
43.29737331319707,-70.96221765186687
43.29736777655654,-70.96220824836784
43.29736184434087,-70.96219817302241
43.29735626800114,-70.96218870210411
43.2973507313574,-70.96217929860893
43.29734479913817,-70.96216922326745
43.297339222795046,-70.96215975235273
43.297333290573384,-70.96214967701384
43.297327753925295,-70.96214027352381
43.29732217757877,-70.96213080261268
43.297316245353564,-70.9621207272777
43.29731070870225,-70.96211132379152
43.29730513235232,-70.96210185288398
43.297299200123554,-70.96209177755296
43.297293663469034,-70.9620823740706
43.29728808711571,-70.96207290316664
43.29728215488338,-70.96206282783952
43.297276222649806,-70.96205275251377
43.29727104186891,-70.96204395346064
43.297265109633024,-70.96203387813746
43.2972591773959,-70.96202380281564
43.297253996611936,-70.962015003766
43.29724816969759,-70.96200481702785
43.297242348325376,-70.96199462442684
43.29723690806906,-70.96198509912227
43.29723108669443,-70.96197490652386
43.29722564643592,-70.96196538122184
43.29721982505887,-70.96195518862605
43.297214357147865,-70.96194561491392
43.29720891688605,-70.96193608961562
43.297203095505374,-70.96192589702362
43.29719727412339,-70.96191570443291
43.29719183385825,-70.96190617913845
43.29718601247385,-70.96189598655035
43.29718092567415,-70.96188708014014
43.29717510428739,-70.96187688755452
43.2971694,-70.96186689999999
43.29716373239659,-70.96185729819913
43.29715814718541,-70.96184783598655
43.29715260268276,-70.96183844274358
43.297147017469335,-70.96182898053334
43.297141076191046,-70.96181891509782
43.29713588774898,-70.96181012508501
43.29712994646838,-70.96180005965206
43.29712436125044,-70.96179059744658
43.297118816741424,-70.96178120421119
43.297113231521266,-70.96177174200805
43.29710768701016,-70.96176234877518
43.2971021017878,-70.96175288657439
43.29709616050015,-70.96174282114919
43.29709097205004,-70.96173403114561
43.29708503076009,-70.96172396572298
43.29707984230797,-70.9617151757217
43.297073901015715,-70.96170511030164
43.29706831578662,-70.96169564810793
43.29706277126704,-70.96168625488517
43.29705718603574,-70.96167679269381
43.297051244738746,-70.96166672727894
43.29704570021596,-70.96165733406002
43.297040114981264,-70.96164787187227
43.297034570456404,-70.96163847865584
43.297028985219484,-70.96162901647047
43.29702304391664,-70.9616189510621
43.297017855453404,-70.96161016107352
43.29701191414826,-70.96160009566775
43.2970063289068,-70.96159063348708
43.29700078437556,-70.96158124027825
43.29699519913191,-70.96157177809995
43.2969896545986,-70.96156238489364
43.296984069352725,-70.96155292271767
43.29697812804053,-70.96154285731966
43.29697293956924,-70.96153406734027
43.296966998254725,-70.96152400194481
43.296961809781465,-70.96151521196774
43.2969559,-70.96150519999999
43.29695037290778,-70.96149559490095
43.2969449087335,-70.9614860991451
43.29693905990186,-70.96147593492711
43.296933595725385,-70.96146643917383
43.29692810098087,-70.96145689030189
43.29692225214561,-70.96144672608773
43.29691678796586,-70.96143723033819
43.29691129321789,-70.96142768146974
43.296905829036,-70.96141818572268
43.29689998019599,-70.96140802151363
43.29689487010177,-70.96139914111191
43.29688902125939,-70.96138897690535
43.29688317241574,-70.96137881270013
43.296878062318406,-70.96136993230182
43.296872213472405,-70.9613597680991
43.29686674928294,-70.96135027236082
43.29686125452471,-70.96134072350281
43.2968557903331,-70.96133122776698
43.296849941482336,-70.96132106356936
43.29684409263031,-70.96131089937309
43.29683898252575,-70.96130201898278
43.29683313367137,-70.96129185478901
43.29682766947431,-70.96128235905948
43.29682217470805,-70.96127281020965
43.29681671050886,-70.96126331448258
43.29681086164972,-70.96125315029393
43.29680536687999,-70.96124360144756
43.29679990267752,-70.96123410572426
43.296794053814764,-70.96122394153944
43.29678894370094,-70.96121506115932
43.29678309483583,-70.96120489697702
43.296777630629045,-70.96119540125873
43.29677213585251,-70.96118585241932
43.29676628698378,-70.96117568824081
43.29676082277372,-70.96116619252629
43.29675497390258,-70.96115602835043
43.29674986378154,-70.96114714797831
43.29674401490804,-70.96113698380492
43.296738550693675,-70.96112748809543
43.296733110337726,-70.96111788204838
43.29672769757103,-70.96110832329823
43.29672226046239,-70.96109872156426
43.296716847693524,-70.96108916281652
43.29671105784491,-70.96107893816345
43.29670599781158,-70.96107000233944
43.29670020796058,-70.96105977768885
43.29669479518735,-70.96105021894606
43.29668935807182,-70.96104061721887
43.29668394529643,-70.9610310584785
43.296678532519984,-70.96102149973937
43.29667309540107,-70.96101189801558
43.29666768262246,-70.96100233927886
43.29666224550127,-70.96099273755733
43.29665683272051,-70.96098317882304
43.296651042858755,-70.96097295418365
43.29664598281413,-70.96096401837185
43.29664019295,-70.96095379373492
43.29663478016486,-70.96094423500556
43.29662934303678,-70.96093463329083
43.29662393024949,-70.9609250745639
43.29661887019973,-70.96091613875761
43.29661308032968,-70.96090591412688
43.29660766753918,-70.9608963554036
43.29660223040543,-70.9608867536945
43.29659686555682,-70.9608771416461
43.296591129459586,-70.96086686360447
43.29658576363546,-70.96085724902807
43.296580378981076,-70.96084760071446
43.29657501315476,-70.96083798614043
43.29656927705266,-70.96082770810376
43.296563911224105,-70.96081809353224
43.29655817511953,-70.96080781549807
43.296553160734334,-70.96079883065397
43.296547794902544,-70.96078921608606
43.29654205879439,-70.96077893805555
43.29653669296036,-70.96076932349014
43.296530956849736,-70.96075904546215
43.296525942459326,-70.96075006062358
43.296520206346294,-70.96073978259803
43.29651484050785,-70.96073016803749
43.29650910439236,-70.96071989001446
43.29650373855168,-70.9607102754564
43.29649835387984,-70.96070062715968
43.296492988036974,-70.96069101260399
43.29648725191661,-70.9606807345859
43.296481886071504,-70.96067112003271
43.296476149948674,-70.96066084201715
43.296471135547726,-70.96065185718966
43.29646576969938,-70.96064224264009
43.29646003357297,-70.96063196462819
43.29645466772239,-70.9606223500811
43.2964489315935,-70.96061207207174
43.29644391718736,-70.9606030872498
43.296438181056075,-70.96059280924283
43.296432815201065,-70.96058319470062
43.296427079067314,-70.96057291669618
43.29642171321007,-70.96056330215644
43.2964163285208,-70.96055365387663
43.296410962661376,-70.96054403933928
43.29640522652276,-70.96053376133979
43.296399860661104,-70.96052414680494
43.29639447596717,-70.9605144985296
43.29638911010331,-70.96050488399712
43.29638374423842,-70.96049526946587
43.29637800809374,-70.96048499147257
43.296372642226615,-70.96047537694382
43.296367257526896,-70.96046572867411
43.296361891657575,-70.96045611414773
43.296356155508036,-70.96044583615938
43.296350789636485,-70.9604362216355
43.29634505348447,-70.96042594364967
43.296340039058364,-70.96041695884875
43.296334302903965,-70.96040668086533
43.29632893702798,-70.96039706634632
43.29632370181503,-70.96038730171615
43.29631811683199,-70.96037688178444
43.29631288348138,-70.9603671178985
43.29630765012967,-70.96035735401375
43.29630206514289,-70.96034693408563
43.29629683178887,-70.96033717020326
43.29629159843377,-70.96032740632208
43.29628636096176,-70.96031763476323
43.2962811276044,-70.96030787088431
43.296275894245944,-70.96029810700657
43.296270309251746,-70.96028768708553
43.296265075890986,-70.96027792321017
43.29625984252913,-70.96026815933598
43.29625425753118,-70.96025773941854
43.29624902416703,-70.96024797554674
43.29624379080175,-70.96023821167611
43.296238205800066,-70.96022779176225
43.29623297243252,-70.96021802789402
43.29622773906386,-70.96020826402697
43.296222154058434,-70.96019784411669
43.29621692068747,-70.96018808025202
43.29621168731542,-70.96017831638855
43.29620610230624,-70.96016789648186
43.2962012164513,-70.96015878098463
43.296195983075904,-70.96014901712459
43.29619039806305,-70.96013859722137
43.29618516468534,-70.96012883336373
43.29617993130655,-70.96011906950726
43.296174346289945,-70.96010864960763
43.29616911290883,-70.96009888575354
43.296163879526624,-70.96008912190064
43.296158294506284,-70.96007870200461
43.29615306112179,-70.96006893815408
43.29614782773618,-70.96005917430475
43.2961422427121,-70.9600487544123
43.2961370093242,-70.96003899056535
43.296131775935194,-70.96002922671956
43.29612654254509,-70.96001946287497
43.29612095751606,-70.96000904298731
43.29611607164397,-70.95999992750713
43.29611083825055,-70.959990163666
43.29610525321781,-70.95997974378182
43.29610001982208,-70.95996997994307
43.29609478642523,-70.95996021610549
43.296089201388774,-70.95994979622489
43.29608396798963,-70.9599400323897
43.29607873458938,-70.95993026855567
43.29607314954917,-70.95991984867868
43.296067916146626,-70.95991008484704
43.29606268274298,-70.95990032101658
43.29605709769905,-70.95988990114319
43.296051864293105,-70.9598801373151
43.29604663088606,-70.95987037348822
43.29604104583838,-70.95985995361839
43.29603615995019,-70.95985083815422
43.2960309265398,-70.9598410743308
43.29602534148844,-70.95983065446444
43.296020108075744,-70.95982089064339
43.29601487466195,-70.95981112682351
43.29600928960685,-70.95980070696076
43.296004056190746,-70.95979094314328
43.29599882277357,-70.95978117932698
43.295993237714704,-70.95977075946782
43.295988004295225,-70.95976099565387
43.29598277087462,-70.95975123184112
43.29597718581203,-70.95974081198555
43.29597195238915,-70.9597310481752
43.295966718965154,-70.95972128436601
43.29596113389883,-70.95971086451402
43.29595590047253,-70.95970110070722
43.29595101456721,-70.95969198526014
43.29594542949719,-70.95968156541163
43.29594019606755,-70.95967180160827
43.29593496263681,-70.95966203780611
43.295929377563056,-70.9596516179612
43.29592414413002,-70.9596418541614
43.295918910695875,-70.95963209036279
43.29591332561838,-70.95962167052147
43.29590809218194,-70.95961190672526
43.295902858744405,-70.95960214293021
43.29589762530577,-70.95959237913634
43.29589204022332,-70.95958195929981
43.295886806782384,-70.95957219550834
43.29588157334036,-70.95956243171804
43.29587598825417,-70.9595520118851
43.295871102332725,-70.959542896454
43.295865868887354,-70.95953313266716
43.29586028379749,-70.9595227128377
43.2958550503498,-70.95951294905322
43.29584981690102,-70.95950318526994
43.29584423180741,-70.95949276544405
43.29583899835633,-70.95948300166317
43.295833764904145,-70.95947323788346
43.2958281798068,-70.95946281806117
43.29582294635232,-70.95945305428383
43.295817712896735,-70.95944329050766
43.29581212779563,-70.95943287068897
43.295806894337744,-70.95942310691521
43.29580166087877,-70.95941334314261
43.29579607577393,-70.9594029233275
43.29579084231266,-70.95939315955731
43.29578595637407,-70.95938404414328
43.29578037126555,-70.95937362433165
43.295775137800916,-70.95936386056488
43.295769904335195,-70.9593540967993
43.29576431922294,-70.95934367699128
43.29575908575491,-70.95933391322808
43.295753852285785,-70.95932414946607
43.29574826716978,-70.95931372966163
43.295743033698365,-70.959303965902
43.29573780022583,-70.95929420214354
43.295732215106085,-70.95928378234268
43.29572698163125,-70.95927401858661
43.29572174815532,-70.95926425483174
43.295716163031834,-70.95925383503446
43.295710929553614,-70.95924407128196
43.295705696074286,-70.95923430753065
43.29570045847175,-70.95922453609016
43.29569522499018,-70.9592147723411
43.29568999150751,-70.95920500859322
43.2956844063766,-70.95919458880303
43.29567917289163,-70.95918482505753
43.29567393940557,-70.95917506131323
43.295668705918395,-70.9591652975701
43.29566312078253,-70.95915487778468
43.29565788729305,-70.95914511404395
43.29565265380249,-70.9591353503044
43.29564706866289,-70.95912493052256
43.29564183517003,-70.95911516678538
43.29563660167606,-70.95910540304939
43.29563101653272,-70.95909498327116
43.295625783036435,-70.95908521953754
43.29562089706461,-70.9590761041566
43.29561531191758,-70.95906568438184
43.29561007841797,-70.95905592065168
43.29560484491726,-70.9590461569227
43.29559940244474,-70.95903560870518
43.29559430214027,-70.9590257062306
43.29558920183468,-70.95901580375718
43.29558410152795,-70.95900590128488
43.2955790012201,-70.9589959988137
43.29557390091111,-70.95898609634366
43.295568800601,-70.95897619387476
43.29556370028976,-70.95896629140698
43.295558943167514,-70.95895705525798
43.295553842854076,-70.95894715279236
43.29554840885696,-70.95893660246996
43.29554330854115,-70.95892670000657
43.29553820822422,-70.95891679754433
43.29553310790615,-70.9589068950832
43.29552800758697,-70.95889699262321
43.29552290726664,-70.95888709016437
43.2955178069452,-70.95887718770663
43.295512706622624,-70.95886728525004
43.295507606298926,-70.95885738279455
43.29550251548129,-70.95884749879876
43.29549741515528,-70.95883759634543
43.29549231482814,-70.95882769389326
43.29548721449987,-70.95881779144219
43.29548211417047,-70.95880788899225
43.29547701383995,-70.95879798654344
43.295471846984356,-70.95878815454851
43.295466268700885,-70.9587777286073
43.29546104123371,-70.9587679583532
43.295455813765436,-70.95875818810029
43.29545023547823,-70.95874776216269
43.29544500800764,-70.95873799191213
43.29543978053595,-70.95872822166278
43.29543420224501,-70.95871779572875
43.29542897477102,-70.95870802548176
43.29542374729593,-70.95869825523594
43.29541816900122,-70.95868782930549
43.29541294152384,-70.95867805906207
43.295407714045346,-70.95866828881981
43.295402135746905,-70.95865786289293
43.295396908266106,-70.95864809265306
43.2953916807842,-70.95863832241436
43.29538610248203,-70.9586278964911
43.29538087499781,-70.95861812625476
43.29537564751251,-70.95860835601962
43.29537006920657,-70.95859793009991
43.29536484171897,-70.95858815986716
43.29535926341049,-70.95857773394985
43.29535403592058,-70.95856796371946
43.29534880842956,-70.95855819349025
43.295343230117346,-70.9585477675765
43.295338002624035,-70.9585379973497
43.29533277512961,-70.95852822712403
43.29532719681363,-70.95851780121386
43.295321969316916,-70.95850803099059
43.29531674181909,-70.95849826076851
43.295311163499385,-70.95848783486193
43.29530593599925,-70.95847806464221
43.295300708498026,-70.95846829442368
43.295295130174566,-70.95845786852068
43.29528990267103,-70.95844809830453
43.2952846751664,-70.95843832808954
43.295279096839195,-70.95842790219012
43.29527386933226,-70.95841813197751
43.29526864182422,-70.95840836176609
43.29526306349327,-70.95839793587028
43.29525783598293,-70.95838816566122
43.29525260847149,-70.95837839545334
43.295247030136785,-70.9583679695611
43.295241802623046,-70.95835819935562
43.29523622428581,-70.95834777346576
43.29523099676975,-70.95833800326263
43.2952257692526,-70.95832823306068
43.29522019091163,-70.95831780717442
43.29521496339217,-70.95830803697486
43.295209735871616,-70.95829826677647
43.295204157526875,-70.95828784089377
43.29519893000401,-70.95827807069776
43.29519370248006,-70.95826830050294
43.29518812413159,-70.95825787462384
43.29518289660532,-70.95824810443138
43.29517766907795,-70.9582383342401
43.295172090725735,-70.95822790836459
43.29516686319606,-70.95821813817568
43.29516159355219,-70.95820842374084
43.295156246891295,-70.95819874260424
43.29515091514107,-70.95818908846942
43.29514521799838,-70.9581787727264
43.29513988624591,-70.95816911859403
43.29513418910073,-70.95815880285349
43.29512920782567,-70.95814978333185
43.295123876069916,-70.95814012920304
43.29511817892113,-70.95812981346614
43.29511284716313,-70.9581201593398
43.295107150011866,-70.95810984360538
43.29510181825161,-70.95810018948151
43.29509683697026,-70.95809116996644
43.29509113981539,-70.95808085423565
43.29508580805187,-70.95807120011533
43.29508011089451,-70.95806088438704
43.295074779128726,-70.95805123026919
43.29506943244914,-70.9580415491504
43.29506410068115,-70.9580318950349
43.295058768912114,-70.95802224092064
43.29505307174866,-70.95801192519845
43.295047739977356,-70.95800227108663
43.29504239329194,-70.95799258997339
43.29503706151844,-70.95798293586392
43.29503172974386,-70.95797328175568
43.29502603257433,-70.95796296603963
43.295020700797494,-70.95795331193385
43.29501500362547,-70.95794299622027
43.29501002232723,-70.95793397672271
43.29500432515279,-70.95792366101152
43.2949989933715,-70.95791400691056
43.29499366158915,-70.95790435281081
43.29498796441103,-70.95789403710334
43.294982983107545,-70.95788501761128
43.294977285927004,-70.95787470190618
43.294971954140195,-70.95786504781125
43.29496625695717,-70.95785473210866
43.29496092516811,-70.95784507801619
43.294955943859364,-70.9578360585296
43.294950246672734,-70.95782574283061
43.29494491488038,-70.95781608874171
43.29493921769127,-70.95780577304524
43.29493388589669,-70.9577961189588
43.29492890458269,-70.95778709947768
43.294923196534356,-70.95777679160244
43.29491780973924,-70.95776720174531
43.29491204965679,-70.95775694734581
43.29490701489603,-70.9577479842048
43.29490125481119,-70.95773772980776
43.29489586801166,-70.9577281399555
43.294890459961124,-70.95771851227428
43.294885073159435,-70.95770892242444
43.29487968635669,-70.95769933257584
43.29487392626583,-70.95768907818503
43.294868891497806,-70.95768011505177
43.294863131404554,-70.95766986066339
43.29485774459741,-70.95766027081969
43.294852336538824,-70.95765064314634
43.294846949729504,-70.95764105330504
43.2948411896314,-70.95763079892163
43.29483615485714,-70.95762183579498
43.29483039475663,-70.95761158141401
43.29482500794291,-70.95760199157762
43.29481962112815,-70.95759240174247
43.29481421306151,-70.957582774077
43.29480882624457,-70.95757318424423
43.294803066138044,-70.9575629298695
43.29479803135653,-70.95755396675062
43.29479227124761,-70.95754371237831
43.294786884426266,-70.95753412255046
43.294781476352725,-70.95752449489173
43.29477608952919,-70.95751490506626
43.29477070270462,-70.95750531524203
43.294764942589694,-70.95749506087596
43.294759907800916,-70.95748609776484
43.294754147683584,-70.9574758434012
43.29474876085462,-70.95746625358188
43.294743352773025,-70.95745662593106
43.29473796594188,-70.95744703611413
43.2947321433173,-70.9574368423021
43.294726993381886,-70.95742800728219
43.29472109755917,-70.95741789265162
43.29471594762173,-70.95740905763398
43.29471005179668,-70.95739894300594
43.29470490185725,-70.95739010799059
43.29469936115632,-70.95738060260452
43.29469385608842,-70.95737115835198
43.294688315385265,-70.95736165296823
43.29468281031525,-70.95735220871819
43.29467726960986,-70.95734270333675
43.294671764537746,-70.9573332590892
43.29466622383013,-70.95732375371009
43.2946607187559,-70.95731430946502
43.29465517804605,-70.95730480408824
43.29464967296972,-70.95729535984563
43.29464413225762,-70.95728585447115
43.29463862717918,-70.95727641023105
43.29463308646488,-70.95726690485891
43.29462758138432,-70.95725746062129
43.294622040667775,-70.95724795525145
43.294616499950095,-70.95723844988272
43.29461099486633,-70.9572290056488
43.29460545414642,-70.9572195002824
43.29459994906056,-70.95721005605095
43.29459440833841,-70.95720055068688
43.294588903250435,-70.95719110645791
43.294583196595745,-70.95718177156438
43.294577105975414,-70.95717187686121
43.29457101535387,-70.95716198215946
43.29456492473114,-70.95715208745915
43.294559192975804,-70.95714277577048
43.29455310235071,-70.95713288107288
43.29454701172444,-70.9571229863767
43.294541279965706,-70.95711367469184
43.294535189337076,-70.95710377999839
43.29452909870726,-70.95709388530636
43.29452336694513,-70.9570845736253
43.29451727631296,-70.957074678936
43.294511185679596,-70.9570647842481
43.29450509504504,-70.95705488956163
43.29449978026928,-70.95704625531796
43.29449369229692,-70.95703635724603
43.29448796335221,-70.9570270425484
43.294481875586015,-70.9570171444458
43.29447614663906,-70.95700782975068
43.294470417690995,-70.95699851505677
43.29446474651543,-70.95698929429804
43.29445901756524,-70.9569799796066
43.2944529297933,-70.95697008151068
43.294447200840864,-70.95696076682172
43.294441113066576,-70.95695086872854
43.29443580070657,-70.95694223138175
43.29442971293006,-70.95693233329125
43.29442398397323,-70.95692301860726
43.29441789619437,-70.95691312051947
43.294412167235286,-70.95690380583797
43.29440643827511,-70.95689449115767
43.294400767088106,-70.95688527041335
43.29439503812579,-70.95687595573551
43.29438895034121,-70.95686605765445
43.29438322137664,-70.9568567429791
43.294377133589705,-70.95684684490075
43.2943718212188,-70.95683820756715
43.294365733429636,-70.95682830949148
43.294360004460685,-70.95681899482108
43.294353916669166,-70.95680909674815
43.29434818769797,-70.95679978208027
43.29434245872566,-70.95679046741357
43.29433678752724,-70.95678124668366
43.29433105855279,-70.95677193201944
43.29432497075555,-70.9567620339532
43.29431924177886,-70.95675271929147
43.294313153979274,-70.95674282122795
43.29430784159748,-70.95673418390753
43.294301753795665,-70.9567242858467
43.294296024814585,-70.95671497118994
43.29428993701041,-70.95670507313181
43.29428420802707,-70.95669575847754
43.29427889564035,-70.95668712116309
43.294272807832805,-70.95667722310897
43.29426707884623,-70.95666790845834
43.294260991036346,-70.95665801040694
43.29425526204753,-70.95664869575882
43.29424917423528,-70.95663879771014
43.294243861842595,-70.95663016040291
43.294237774028126,-70.95662026235692
43.29423204503491,-70.95661094771376
43.2942259572181,-70.9566010496705
43.29422022822265,-70.9565917350298
43.294214557002405,-70.95658251432747
43.29420882800481,-70.95657319968927
43.294203099006126,-70.95656388505225
43.29419701118357,-70.95655398701568
43.29419128218263,-70.95654467238117
43.294185194357745,-70.95653477434733
43.29417988195414,-70.95652613705327
43.29417379412702,-70.95651623902211
43.2941680651217,-70.95650692439257
43.29416197729222,-70.95649702636413
43.29415631067009,-70.95648764684937
43.294150704016594,-70.95647833645577
43.2941450484803,-70.95646894489055
43.29413903545978,-70.95645895969149
43.29413337992122,-70.95644956812872
43.29412777326352,-70.95644025774027
43.2941217602395,-70.9564302725452
43.294116104697586,-70.95642088098613
43.29411009167118,-70.95641089579374
43.29410484249263,-70.9564021790449
43.294098829463955,-70.95639219385515
43.29409317391758,-70.9563828023009
43.29408716088652,-70.9563728171138
43.29408155422035,-70.95636350673578
43.29407589867063,-70.9563541151852
43.29406988563608,-70.95634413000214
43.294064230084075,-70.95633473845402
43.29405821704713,-70.9563247532736
43.29405296785951,-70.95631603653543
43.29404695482029,-70.95630605135766
43.294041299263824,-70.95629665981437
43.294035286222226,-70.95628667463926
43.29402967954652,-70.95627736427289
43.29402402398671,-70.9562679727333
43.29401801094162,-70.9562579875622
43.29401235537953,-70.95624859602505
43.29400674869961,-70.95623928566384
43.294001093135336,-70.9562298941291
43.29399508008559,-70.95621990896329
43.29398906703462,-70.95620992379888
43.2939838178349,-70.95620120707493
43.29397780478166,-70.95619122191314
43.29397214921176,-70.95618183038451
43.29396613615613,-70.95617184522538
43.293960886952405,-70.95616312850616
43.2939548738945,-70.95615314334967
43.29394886083538,-70.95614315819458
43.29394320525985,-70.95613376667205
43.293937598567254,-70.95612445632644
43.293931942989545,-70.95611506480631
43.29392592992576,-70.95610507965651
43.29392027434577,-70.95609568813886
43.2939142612796,-70.95608570299171
43.29390865458169,-70.9560763926526
43.293902998998355,-70.95606700113862
43.29389698592869,-70.9560570159955
43.29389133034307,-70.95604762448394
43.293885723640955,-70.95603831415
43.29388006805315,-70.95602892264085
43.29387405497883,-70.95601893750303
43.29386839938875,-70.95600954599634
43.29386279268241,-70.95600023566753
43.2938567796046,-70.95599025053373
43.29385112401117,-70.9559808590307
43.293845110930974,-70.95597087389957
43.29383986170608,-70.9559621572052
43.293833848623606,-70.95595217207669
43.293828193025725,-70.95594278057852
43.29382217994087,-70.95593279545267
43.29381657322606,-70.95592348513429
43.29381091762483,-70.95591409363982
43.29380490453648,-70.95590410851797
43.29379924893295,-70.95589471702593
43.29379323584222,-70.95588473190675
43.29378798660824,-70.95587601522307
43.29378197351524,-70.95586603010652
43.29377596042101,-70.95585604499136
43.293770304811865,-70.95584665350543
43.293764698087536,-70.95583734319874
43.29375904247621,-70.95582795171521
43.293753029377314,-70.95581796660535
43.29374737376371,-70.95580857512428
43.29374176703517,-70.95579926482272
43.29373575393278,-70.95578927971688
43.293730098315834,-70.95577988823948
43.29372408521107,-70.9557699031363
43.29371807210508,-70.95575991803453
43.29371282285798,-70.95575120136631
43.293706809749715,-70.95574121626716
43.29370079664023,-70.9557312311694
43.29369514101648,-70.95572183969936
43.293689127904614,-70.95571185460427
43.29368311479153,-70.95570186951058
43.293677101677225,-70.95569188441826
43.29367185242295,-70.95568316775847
43.29366583930638,-70.95567318266878
43.29365982618858,-70.95566319758049
43.293653813069554,-70.95565321249359
43.293648157436664,-70.9556438210335
43.293642144315264,-70.95563383594927
43.293636131192635,-70.95562385086643
43.29363088193119,-70.95561513421504
43.29362494336501,-70.95560506294738
43.293619010997496,-70.95559498777675
43.29361307862874,-70.95558491260746
43.29360789772198,-70.95557611367774
43.2936019653509,-70.95556603851102
43.29359603297859,-70.95555596334566
43.29359085206876,-70.95554716441944
43.29358491969414,-70.95553708925665
43.29357898731828,-70.95552701409522
43.29357305494116,-70.95551693893515
43.2935678740272,-70.95550814001362
43.29356194164779,-70.95549806485613
43.293556009267114,-70.95548798969999
43.29355082835009,-70.95547919078196
43.29354489596711,-70.95546911562838
43.2935389635829,-70.95545904047616
43.293533426764384,-70.9554496371286
43.29352785027627,-70.95544016641199
43.29352191788851,-70.9554300912637
43.29351598549948,-70.95542001611676
43.29351080457526,-70.95541121720693
43.29350487218394,-70.95540114206256
43.29349893979136,-70.95539106691956
43.29349340296529,-70.95538166358098
43.293487826469196,-70.9553721928728
43.29348189407307,-70.95536211773371
43.29347635724379,-70.95535271439898
43.293470780744286,-70.95534324369437
43.293464848344605,-70.95533316855922
43.29345891594369,-70.95532309342543
43.293453379110055,-70.95531369009585
43.29344780260597,-70.95530421939607
43.2934418702015,-70.9552941442662
43.29343633336465,-70.95528474094047
43.293430756857155,-70.9552752702443
43.29342482444913,-70.95526519511833
43.29341928760907,-70.95525579179643
43.29341335519867,-70.95524571667316
43.29340777868659,-70.95523624598181
43.29340184627376,-70.95522617086115
43.29339630942936,-70.95521676754441
43.293390732913885,-70.95520729685666
43.2933848004975,-70.95519722173992
43.29337926364989,-70.955187818427
43.29337333123114,-70.95517774331296
43.29336775471107,-70.95516827263003
43.293362217860235,-70.95515886932097
43.29335628543792,-70.95514879421084
43.29335070891446,-70.9551393235315
43.293345172060405,-70.95512992022626
43.293339595534704,-70.95512044954924
43.29333401900789,-70.95511097887339
43.29332848215067,-70.95510157557189
43.29332290562162,-70.95509210489836
43.293317724662685,-70.95508330602813
43.293311792231066,-70.95507323092818
43.293306611270125,-70.95506443206024
43.293301034736714,-70.9550549613913
43.293295497873274,-70.95504555809721
43.29328992133764,-70.95503608743061
43.293284344800874,-70.95502661676517
43.29327880793426,-70.95501721347479
43.29327302528674,-70.9550069730481
43.29326762164759,-70.95499740326747
43.293262194794366,-70.95498779237813
43.29325679115304,-70.95497822259989
43.29325101179238,-70.95496798743105
43.29324523243044,-70.95495775226352
43.29323982878575,-70.95494818248908
43.293234049421365,-70.95493794732411
43.29322864577446,-70.95492837755219
43.293223218913056,-70.95491876667091
43.29321781526398,-70.95490919690143
43.29321203589477,-70.95489896174143
43.29320625652428,-70.95488872658277
43.29320085287183,-70.95487915681706
43.293195073498886,-70.95486892166096
43.293189669844224,-70.95485935189775
43.29318389046883,-70.95484911674421
43.29317883931781,-70.95484017126377
43.29317305994004,-70.95482993611266
43.293167280560986,-70.95481970096286
43.29316187690078,-70.95481013120586
43.29315609751929,-70.95479989605862
43.293150693856866,-70.95479032630413
43.293144914472926,-70.95478009115946
43.29313986331451,-70.95477114568693
43.293134026015494,-70.95476097164344
43.293128164433604,-70.95475082076935
43.29312304352115,-70.95474195256246
43.29311718193692,-70.95473180169088
43.29311170663246,-70.95472231976727
43.29310619943586,-70.95471278261718
43.29310072412927,-70.95470330069601
43.2930948625403,-70.95469314982958
43.29308974162171,-70.95468428162951
43.29308388003039,-70.9546741307656
43.29307837282811,-70.95466459362132
43.29307289751611,-70.95465511170637
43.293067035921176,-70.95464496084628
43.29306191499746,-70.9546360926519
43.293056053400186,-70.95462594179433
43.293050578083886,-70.95461645988443
43.29304507087482,-70.95460692274712
43.29303959555641,-70.95459744083969
43.29303408834508,-70.95458790370468
43.29302822674184,-70.95457775285347
43.29302275142015,-70.95456827094979
43.293017244205394,-70.95455873381829
43.29301176888158,-70.95454925191707
43.29300590727358,-70.954539101071
43.293000786338624,-70.95453023288913
43.292994924728276,-70.95452008204556
43.29298980873697,-70.95451120252555
43.29298405358436,-70.95450094326031
43.29297867107967,-70.95449134828891
43.2929729159246,-70.95448108902622
43.292967885343714,-70.9544721214079
43.29296213018624,-70.95446186214765
43.29295674767715,-70.95445226718114
43.29295099251722,-70.9544420079234
43.29294596193214,-70.95443304030954
43.29294020676983,-70.95442278105425
43.29293482425632,-70.95441318609264
43.29292906909154,-70.95440292683988
43.29292403850228,-70.95439395923044
43.29291828333511,-70.95438369998013
43.29291290081721,-70.9543741050234
43.29290751829824,-70.95436451006793
43.29290211505412,-70.95435487817063
43.29289673253298,-70.95434528321755
43.29289097735978,-70.95433502397344
43.292885946763256,-70.95432605637176
43.29288019158766,-70.95431579713009
43.29287480906213,-70.9543062021819
43.292869053884075,-70.95429594294278
43.29286402328335,-70.95428697534551
43.292858268102904,-70.95427671610884
43.29285288557297,-70.95426712116553
43.29284713039006,-70.95425686193137
43.29284209978516,-70.95424789433856
43.29283634459986,-70.95423763510685
43.292830962065516,-70.95422804016843
43.29282557953011,-70.95421844523128
43.29282017626866,-70.95420881335089
43.29281479373108,-70.95419921841611
43.292809038539765,-70.95418895919062
43.29280365599996,-70.95417936425835
43.29279825273387,-70.95416973238248
43.292792870191896,-70.9541601374526
43.29278711499571,-70.95414987823209
43.29278173245151,-70.95414028330471
43.292776329180775,-70.95413065143336
43.2927709466344,-70.95412105650838
43.29276519143337,-70.95411079729281
43.29275980888476,-70.95410120237034
43.29275477826321,-70.95409223479528
43.29274902305861,-70.9540819755834
43.29274364050677,-70.95407238066458
43.292737885299715,-70.95406212145525
43.29273285467398,-70.95405315388463
43.29272709946452,-70.95404289467773
43.29272174607681,-70.95403326563148
43.29271603594297,-70.95402296239972
43.29271104361882,-70.95401395436991
43.29270533348256,-70.95400365114052
43.292699990338804,-70.95399401010667
43.292694647194,-70.95398436907405
43.2926892878717,-70.95397469885438
43.29268394472468,-70.95396505782409
43.29267823458234,-70.95395475460084
43.29267289143309,-70.95394511357306
43.292667181288266,-70.95393481035232
43.292662188954665,-70.95392580233238
43.292656845802135,-70.95391616130817
43.29265113565371,-70.95390585809106
43.29264579249894,-70.95389621706931
43.29264043316616,-70.95388654685968
43.29263509000919,-70.95387690584029
43.29262937985588,-70.95386660262807
43.29262403669667,-70.95385696161117
43.29261832654088,-70.95384665840145
43.29261333419781,-70.9538376503914
43.29260799103532,-70.95382800937807
43.29260228087593,-70.953817706172
43.29259693771121,-70.95380806516114
43.292591578367954,-70.95379839496151
43.29258623520103,-70.95378875395299
43.29258052503675,-70.95377845075181
43.29257518186757,-70.9537688097458
43.29256947170081,-70.95375850654713
43.29256412852939,-70.95374886554357
43.29255913617583,-70.95373985754449
43.29255342600547,-70.95372955434945
43.29254808283079,-70.95371991334947
43.292542372657955,-70.95370961015695
43.29253702948103,-70.95369996915946
43.292531319305716,-70.95368966596942
43.2925263269458,-70.95368065797697
43.292520616768066,-70.95367035478934
43.29251527358669,-70.95366071379667
43.29250993040424,-70.95365107280523
43.29250422022287,-70.95364076962133
43.2924992278577,-70.95363176163437
43.29249351767389,-70.95362145845287
43.29248817448701,-70.95361181746625
43.29248246430072,-70.95360151428726
43.292477121111595,-70.95359187330313
43.29247141092283,-70.95358157012663
43.292466067731446,-70.95357192914496
43.292460357540214,-70.95356162597098
43.29245501434659,-70.95355198499178
43.29244965497289,-70.95354231482129
43.29244431177707,-70.95353267384444
43.29243860158094,-70.95352237067536
43.29243325838287,-70.95351272970099
43.29242791518373,-70.95350308872784
43.292422204983936,-70.9534927855625
43.29241686178256,-70.95348314459186
43.292411151580296,-70.95347284142902
43.292405808376664,-70.95346320046083
43.292400448992424,-70.95345353030044
43.292395105786596,-70.95344388933461
43.29238939557943,-70.95343358617666
43.29238405237136,-70.9534239452133
43.29237834216172,-70.95341364205785
43.2923729989514,-70.95340400109697
43.29236728873928,-70.95339369794404
43.2923619455267,-70.95338405698561
43.29235695313401,-70.95337504902747
43.2923512429183,-70.95336474587818
43.29234589970246,-70.95335510492333
43.29234018948427,-70.95334480177654
43.29233484626619,-70.95333516082418
43.292329136045524,-70.95332485767989
43.2923237928252,-70.95331521673
43.29231808260205,-70.95330491358823
43.292312739379476,-70.9532952726408
43.29230737997528,-70.95328560249955
43.29230203675051,-70.95327596155448
43.29229632652247,-70.95326565841759
43.29229098329545,-70.953256017475
43.29228527306493,-70.95324571434062
43.2922799302986,-70.95323607119464
43.29227466536204,-70.95322634180702
43.29226904445101,-70.95321595459669
43.292263779512176,-70.95320622521149
43.29225886307949,-70.95319713985387
43.292253242164804,-70.95318675264706
43.292247977222644,-70.95317702326534
43.29224235630544,-70.95316663606096
43.29223709136099,-70.95315690668166
43.292231826415446,-70.95314717730355
43.292226205494536,-70.95313679010279
43.292220940546706,-70.95312706072708
43.29221567559779,-70.95311733135259
43.29221005467315,-70.95310694415548
43.29220478972195,-70.95309721478336
43.29219952476964,-70.95308748541244
43.29219425234921,-70.95307774224402
43.29218898739469,-70.9530680128754
43.292183366463874,-70.95305762568422
43.292178101507055,-70.95304789631803
43.29217283654915,-70.95303816695302
43.292167215614626,-70.95302777976549
43.29216195065443,-70.95301805040289
43.29215668569316,-70.95300832104148
43.292151064754904,-70.95299793385759
43.292145799791335,-70.9529882044986
43.29214017885057,-70.95297781731713
43.292134913884716,-70.95296808796053
43.29212999742635,-70.9529590026288
43.29212437648193,-70.95294861545086
43.292119111512754,-70.95293888609775
43.29211384654247,-70.95292915674582
43.29210822559434,-70.95291876957154
43.29210296062178,-70.95290904022204
43.29209769564814,-70.95289931087373
43.29209207469628,-70.95288892370306
43.292086809720345,-70.95287919435717
43.29208118876597,-70.95286880718893
43.292075923787756,-70.95285907784543
43.29207065880845,-70.95284934850314
43.292065386359596,-70.95283960536085
43.29206012137806,-70.95282987602084
43.29205485639543,-70.95282014668203
43.29204923543367,-70.95280975952095
43.292043970448745,-70.95280003018453
43.29203835400326,-70.95278963885161
43.29203309304329,-70.95277990507874
43.29202783208221,-70.95277017130705
43.29202221570126,-70.95275977994498
43.292016954737896,-70.95275004617568
43.29201133835442,-70.95273965481606
43.29200607738878,-70.95272992104917
43.29200081642204,-70.95272018728348
43.291995200034826,-70.95270979592745
43.2919899390658,-70.95270006216415
43.29198432267608,-70.95268967081057
43.29197906170477,-70.95267993704968
43.291973800732364,-70.95267020329001
43.29196818433892,-70.95265981194004
43.29196292336423,-70.95265007818276
43.29195730696826,-70.95263968683521
43.29195204599128,-70.95262995308033
43.291946785013195,-70.95262021932665
43.29194116861351,-70.95260982798274
43.29193590763315,-70.95260009423146
43.29193029123095,-70.95258970288997
43.291925030248294,-70.95257996914108
43.29191976926455,-70.9525702353934
43.291914152858624,-70.95255984405554
43.29190889187258,-70.95255011031026
43.29190327546414,-70.95253971897482
43.29189801447581,-70.95252998523193
43.2918927534864,-70.95252025149027
43.291887137074234,-70.95250986015847
43.291881876082535,-70.95250012641918
43.29187625966785,-70.95248973508981
43.29187099867384,-70.95248000135292
43.29186573767877,-70.95247026761724
43.29186012126036,-70.9524598762915
43.29185486026299,-70.9524501425582
43.29184924384205,-70.95243975123489
43.2918439828424,-70.95243001750401
43.29183872184164,-70.95242028377433
43.291833105417,-70.95240989245464
43.29182784441396,-70.95240015872734
43.29182222798678,-70.9523897674101
43.29181696698146,-70.95238003368522
43.29181170597504,-70.95237029996153
43.29180608954414,-70.95235990864789
43.29180082853543,-70.9523501749266
43.29179521210202,-70.9523397836154
43.29178995109102,-70.95233004989653
43.29178477460301,-70.95232021932316
43.291779671249515,-70.95231031989162
43.29177423383858,-70.95229977246264
43.29176913048272,-70.95228987303338
43.29176402712573,-70.95227997360521
43.29175892376761,-70.9522700741782
43.29175382040836,-70.95226017475233
43.29174871704799,-70.95225027532759
43.2917432796295,-70.95223972790536
43.29173817626676,-70.95222982848288
43.29173307290289,-70.95221992906151
43.291727969537895,-70.9522100296413
43.291722522863815,-70.95219946427963
43.29171708543896,-70.95218891686321
43.29171198207041,-70.95217901744648
43.291706878700744,-70.95216911803088
43.29170177532994,-70.95215921861643
43.29169667195801,-70.95214931920309
43.29169156858495,-70.95213941979088
43.291686131152545,-70.95212887238125
43.29168102777711,-70.9521189729713
43.29167592440057,-70.9521090735625
43.2916708210229,-70.95209917415482
43.29166571764409,-70.95208927474827
43.29166028020537,-70.9520787273443
43.291655176824186,-70.95206882794
43.29165007344189,-70.95205892853684
43.29164497005847,-70.95204902913483
43.29163986667392,-70.95203912973393
43.29163476328824,-70.95202923033416
43.29162932584197,-70.95201868293698
43.291624222453926,-70.95200878353947
43.29161911906474,-70.9519988841431
43.29161401567444,-70.95198898474786
43.29160891228302,-70.95197908535374
43.291603474830424,-70.9519685379622
43.29159837143663,-70.95195863857035
43.29159301813708,-70.95194798280734
43.291588003148426,-70.95193799701552
43.29158298815863,-70.95192801122477
43.2915779731677,-70.95191802543513
43.29157295817561,-70.95190803964658
43.291567602944,-70.95189737638115
43.291562265427416,-70.95188674839345
43.29155725043171,-70.95187676260828
43.29155223543486,-70.9518667768242
43.29154722043687,-70.95185679104122
43.29154186519905,-70.95184612778193
43.291536850198696,-70.95183614200124
43.29153183519719,-70.95182615622164
43.291526820194555,-70.95181617044315
43.29152180519077,-70.95180618466573
43.291516127423684,-70.9517948792111
43.291511112417425,-70.95178489343598
43.29150609741003,-70.95177490766196
43.291501082401474,-70.95176492188902
43.291496067391776,-70.9517549361172
43.29149071214166,-70.95174427287017
43.29148569712961,-70.95173428710062
43.29148068211641,-70.95172430133216
43.29147534457798,-70.95171367336329
43.29147032956239,-70.95170368759702
43.29146497430606,-70.95169302435615
43.2914599592881,-70.95168303859217
43.29145494426899,-70.95167305282928
43.29144992924875,-70.95166306706747
43.29144491422735,-70.95165308130679
43.29143989920481,-70.95164309554718
43.291434221416175,-70.95163179011209
43.29142920639117,-70.95162180435477
43.29142419136501,-70.95161181859854
43.29141917633771,-70.95160183284341
43.29141416130926,-70.95159184708938
43.29140880603942,-70.95158118386198
43.29140379100863,-70.95157119811024
43.291398775976674,-70.95156121235958
43.29139376094357,-70.95155122661002
43.29138842338331,-70.95154059865995
43.291383068107265,-70.9515299354387
43.29137805307056,-70.95151994969252
43.2913730380327,-70.95150996394744
43.291368022993694,-70.95149997820344
43.29136300795354,-70.95148999246055
43.29135765267141,-70.95147932924546
43.291352637628904,-70.95146934350485
43.29134730005831,-70.95145871556369
43.29134228501341,-70.95144872982526
43.29133726996734,-70.95143874408792
43.291331914679006,-70.95142808087896
43.2913268996306,-70.95141809514394
43.29132188458103,-70.95140810940998
43.29131686953032,-70.95139812367712
43.29131185447847,-70.95138813794537
43.29130683942548,-70.95137815221473
43.29130116160187,-70.9513668468114
43.291296146546415,-70.95135686108301
43.2912911314898,-70.95134687535574
43.29128611643204,-70.95133688962954
43.29128110137314,-70.95132690390446
43.29127574607128,-70.95131624070898
43.29127073101002,-70.95130625498618
43.29126571594762,-70.95129626926447
43.2912603783552,-70.9512856413421
43.2912553632904,-70.95127565562258
43.29125000798233,-70.95126499243324
43.29124499291517,-70.951255006716
43.29123997784685,-70.95124502099986
43.291234962777395,-70.95123503528482
43.29122994770678,-70.95122504957087
43.29122459239263,-70.95121438638766
43.29121925478989,-70.95120375847422
43.291214239715664,-70.95119377276365
43.291209224640305,-70.95118378705416
43.291204209563794,-70.95117380134579
43.291198854243426,-70.95116313816872
43.29119383916456,-70.95115315246264
43.29118882408456,-70.95114316675765
43.29118380900339,-70.95113318105373
43.2911787939211,-70.95112319535093
43.291173456306836,-70.95111256744737
43.29116810097905,-70.95110190427765
43.29116308589314,-70.95109191857821
43.29115807080607,-70.95108193287989
43.291153055717864,-70.95107194718263
43.2911480406285,-70.95106196148647
43.29114268529464,-70.95105129832292
43.29113767020292,-70.95104131262907
43.291132332578336,-70.9510306847344
43.291127317484225,-70.95102069904273
43.29112230238896,-70.95101071335215
43.29111694704887,-70.95100005019471
43.29111193060076,-70.95099006984323
43.29110671455686,-70.95098028726927
43.29110114929552,-70.95096984974933
43.29109628024577,-70.95096071796128
43.291091064198525,-70.95095093539075
43.291085848150175,-70.9509411528214
43.29108028288392,-70.95093071530609
43.29107506683326,-70.9509209327391
43.291069850781504,-70.9509111501733
43.29106498172541,-70.95090201839153
43.29105941645426,-70.95089158088086
43.29105420039914,-70.95088179831848
43.29104898434292,-70.95087201575727
43.29104376828561,-70.95086223319724
43.29103820300949,-70.95085179569134
43.29103298694985,-70.95084201313367
43.2910281178863,-70.95083288135925
43.29102290182451,-70.95082309880382
43.29101733654348,-70.95081266130255
43.291012120479394,-70.95080287874949
43.29100690441421,-70.9507930961976
43.29100186413309,-70.95078312822164
43.29099686415034,-70.95077312820538
43.29099186416644,-70.9507631281902
43.2909868641814,-70.95075312817612
43.29098186419521,-70.9507431281631
43.290976864207856,-70.95073312815117
43.290971524515115,-70.95072244872966
43.29096620393597,-70.95071180753934
43.290961203944995,-70.95070180753079
43.29095620395288,-70.9506918075233
43.290951203959615,-70.95068180751693
43.2909462039652,-70.95067180751163
43.290941203969616,-70.95066180750742
43.290936203972905,-70.95065180750429
43.290931203975035,-70.95064180750224
43.29092620397601,-70.95063180750128
43.290920864270994,-70.95062112809185
43.29091586426961,-70.95061112809319
43.29091086426709,-70.9506011280956
43.290905864263394,-70.9505911280991
43.29090086425856,-70.95058112810366
43.29089586425258,-70.95057112810933
43.29089086424545,-70.95056112811609
43.29088586423716,-70.95055112812395
43.29088086422773,-70.95054112813285
43.29087554362568,-70.95053048696205
43.29087020390838,-70.95051980756472
43.29086520389532,-70.950509807577
43.290860203881124,-70.95049980759039
43.29085520386577,-70.95048980760484
43.29085020384926,-70.95047980762038
43.2908452038316,-70.95046980763702
43.29084008835248,-70.95045991113946
43.290834874412155,-70.95045012631007
43.2908293115445,-70.95043968666384
43.29082409760187,-70.95042990183681
43.29081888365814,-70.95042011701096
43.290813320786725,-70.9504096773683
43.29080810684068,-70.95039989254482
43.29080289289354,-70.95039010772251
43.29079733001836,-70.95037966808341
43.290792116068914,-70.95036988326346
43.29078690211835,-70.95036009844469
43.290781339239416,-70.95034965880915
43.29077612528655,-70.95033987399275
43.29077091133257,-70.95033008917751
43.29076534844989,-70.95031964954552
43.290760134493596,-70.95030986473266
43.29075464742983,-70.95029934712633
43.290749165183975,-70.95028883736651
43.29074402225149,-70.95027897809207
43.29073819536705,-70.9502678076494
43.290733052432174,-70.95025794837737
43.29072756486006,-70.95024742842158
43.290722082607694,-70.95023691866771
43.29071693966928,-70.95022705939925
43.290711112778034,-70.95021588896316
43.29070596983723,-70.9502060296971
43.2907001429432,-70.95019485926365
43.290695,-70.95018499999999
43.29068984323016,-70.95017515498853
43.29068434528848,-70.95016465863485
43.29067918851629,-70.95015481362569
43.29067368665106,-70.95014430978863
43.290668188705524,-70.95013381343854
43.29066303192983,-70.95012396843296
43.290657875152995,-70.95011412342853
43.290652718375064,-70.95010427842526
43.2906472204245,-70.9500937820798
43.29064206364424,-70.95008393707883
43.290636906862844,-70.95007409207903
43.290631063816086,-70.95006293690889
43.29062590703231,-70.95005309191153
43.290620750247406,-70.95004324691529
43.290615252289186,-70.9500327505769
43.29061009550194,-70.95002290558297
43.290604938713585,-70.95001306059021
43.29059944075156,-70.95000256425529
43.29059428396087,-70.94999271926483
43.29058878207621,-70.9499822154483
43.29058362528323,-70.94997237046026
43.29057812731612,-70.94996187413008
43.29057297052079,-70.94995202914437
43.29056781372435,-70.94994218415977
43.29056231575345,-70.94993168783309
43.29055715895466,-70.94992184285081
43.29055200215477,-70.9499119978697
43.290546159086745,-70.94990084272018
43.29054100228445,-70.94989099774149
43.290535845481045,-70.94988115276396
43.29053034750248,-70.94987065644432
43.290525190696734,-70.9498608114691
43.29052003388987,-70.94985096649503
43.290514877081904,-70.94984112152211
43.29050937909831,-70.94983062520711
43.290503877194205,-70.94982012141111
43.290498720382715,-70.94981027644177
43.29049322239527,-70.94979978013035
43.290488065581435,-70.94978993516334
43.290482908766485,-70.94978009019745
43.29047741077524,-70.94976959388953
43.290472253957944,-70.94975974892594
43.29046675204537,-70.94974924513895
43.290461254050264,-70.9497387488346
43.29045609722946,-70.94972890387461
43.29045085660197,-70.94971915158781
43.29044510735253,-70.9497088865163
43.290440081781185,-70.94969991354809
43.29043433252935,-70.949689648479
43.290428955162064,-70.94968004739877
43.29042357779372,-70.94967044631977
43.290418180332225,-70.94966080936842
43.290412802961704,-70.94965120829184
43.29040705370384,-70.94964094322896
43.29040167633107,-70.94963134215486
43.29039627886494,-70.94962170520802
43.29039090149001,-70.9496121041363
43.29038515222728,-70.9496018390784
43.290379774850116,-70.94959223800917
43.29037437737934,-70.94958260106684
43.290369000000005,-70.949573
43.29036318907695,-70.94956279675667
43.2903581111351,-70.9495538805382
43.290352300209676,-70.94954367729736
43.29034686900818,-70.9495341408063
43.290341411337984,-70.94952455784271
43.290335980134344,-70.9495150213541
43.29033016920411,-70.94950481811829
43.290324737998276,-70.94949528163221
43.29031928032348,-70.94948569867324
43.290313849115485,-70.94947616218958
43.290308038180456,-70.94946595895885
43.29030296022828,-70.94945704275163
43.29029714929088,-70.94944683952339
43.29029171807855,-70.9494373030447
43.2902862603969,-70.94942772009259
43.2902808291824,-70.94941818361633
43.2902750182402,-70.94940798039313
43.29026994028185,-70.94939906419265
43.290264129337274,-70.94938886097191
43.29025869811843,-70.94937932450063
43.29025324042992,-70.94936974155537
43.29024780920893,-70.94936020508652
43.29024199825955,-70.94935000187085
43.29023656703638,-70.94934046540455
43.29023110934327,-70.94933088246388
43.290225678117935,-70.94932134600002
43.290219867163756,-70.9493111427894
43.29021478919507,-70.94930222660015
43.290208978238525,-70.94929202339203
43.29020316728071,-70.94928182018519
43.29019808930887,-70.94927290399933
43.290192278348684,-70.94926270079497
43.2901868471157,-70.94925316433977
43.29018138895284,-70.94924358066028
43.29017594821218,-70.94923405583374
43.290170126342296,-70.9492238637872
43.29016468559943,-70.94921433896322
43.29015921723738,-70.94920476579087
43.29015377649237,-70.9491952409693
43.2901479546177,-70.94918504892783
43.29014213274176,-70.94917485688768
43.29013704550386,-70.94916595094111
43.29013122362554,-70.94915575890343
43.290125782875045,-70.94914623408815
43.29011996099432,-70.94913604205307
43.290114873752294,-70.94912713611104
43.29010905186919,-70.94911694407844
43.290103229984815,-70.94910675204714
43.29009778922882,-70.94909722723814
43.290092320852914,-70.94908765407969
43.290086880094776,-70.94907812927313
43.290081058205615,-70.9490679372469
43.2900756174453,-70.94905841244288
43.2900701490648,-70.94904883928908
43.290064327172004,-70.94903864726665
43.290058886408374,-70.94902912246634
43.29005306451315,-70.94901893044653
43.29004797725864,-70.94901002451813
43.29004215536105,-70.94899983250077
43.290036714593086,-70.94899030770546
43.290030892693075,-70.94898011569072
43.2900254243033,-70.94897054254616
43.29001986831009,-70.94896114700276
43.29001391989887,-70.94895108941526
43.29000797148642,-70.94894103182915
43.29000237931468,-70.94893157657862
43.28999682856569,-70.94892219136871
43.28999088014971,-70.94891213378654
43.28998528797458,-70.94890267853961
43.28997933955617,-70.94889262096004
43.289973788802854,-70.94888323575533
43.289967840382076,-70.94887317817846
43.28996224820238,-70.94886372293638
43.28995629977918,-70.94885366536211
43.28995074902155,-70.94884428016259
43.289945156838456,-70.94883482492412
43.28993920841171,-70.94882476735381
43.28993325998374,-70.94881470978486
43.289927709221786,-70.94880532459051
43.289922117034116,-70.9487958693569
43.289916168602595,-70.94878581179188
43.289910617837435,-70.9487764266014
43.289905025646384,-70.94876697137138
43.28989907721132,-70.94875691381033
43.28989312877502,-70.94874685625062
43.28988757800553,-70.94873747106531
43.28988198580991,-70.94872801584017
43.289876037370064,-70.94871795828442
43.289870088928986,-70.94870790073003
43.289864894398356,-70.9486991178814
43.289858945954975,-70.9486890603296
43.28985299751035,-70.94867900277914
43.28984704906449,-70.94866894523007
43.289841854529755,-70.94866016238619
43.289835906081585,-70.94865010483969
43.28982995763217,-70.94864004729455
43.28982436542509,-70.94863059208149
43.28981881464268,-70.94862120691162
43.289812866189735,-70.94861114937044
43.289806917360934,-70.94860109269989
43.28980130794839,-70.9485916545607
43.2897957419482,-70.94858228946816
43.28979013253343,-70.94857285133135
43.2897841665219,-70.94856281320493
43.28977895711422,-70.9485540481069
43.28977299110039,-70.94854400998308
43.289767381681145,-70.94853457185106
43.28976181567461,-70.94852520676613
43.28975620625316,-70.94851576863647
43.28975024023462,-70.94850573051788
43.28974467422491,-70.94849636543684
43.289739064800074,-70.94848692731078
43.289733098778,-70.94847688919616
43.28972788936125,-70.9484681241086
43.28972192333689,-70.94845808599656
43.289716313907554,-70.94844864787531
43.2897107478915,-70.94843928280187
43.28970513845996,-70.94842984468298
43.28969917243089,-70.94841980657617
43.28969396300809,-70.94841104149556
43.28968799697674,-70.94840100339134
43.289682387540694,-70.94839156527722
43.28967682151829,-70.94838220021141
43.28967085548341,-70.94837216211117
43.289665246043995,-70.94836272400067
43.28965968001841,-70.94835335893875
43.289654070576795,-70.94834392083061
43.28964810453719,-70.94833388273557
43.28964289510531,-70.94832511766545
43.28963692906342,-70.948315079573
43.2896313196173,-70.94830564146966
43.28962575358539,-70.94829627641536
43.28962014413706,-70.94828683831437
43.28961417809046,-70.94827680022715
43.289608968652544,-70.94826803516398
43.28960300260365,-70.94825799707935
43.28959703655352,-70.9482479589961
43.28959182711257,-70.94823919393647
43.28958586106015,-70.9482291558558
43.289580251603944,-70.94821971776322
43.2895746855625,-70.94821035272041
43.28956907610409,-70.94820091463019
43.28956311004695,-70.94819087655475
43.289557900599966,-70.94818211150206
43.28955193454053,-70.94817207342922
43.28954632507763,-70.94816263534379
43.28954075902985,-70.9481532703086
43.289535149564735,-70.94814383222553
43.2895291835006,-70.9481337941579
43.289523617449646,-70.94812442912658
43.28951800798115,-70.94811499104713
43.289512041913476,-70.94810495298347
43.28950683245741,-70.94809618794129
43.289500866387456,-70.94808614988021
43.289495256914456,-70.94807671180553
43.28948969085716,-70.94806734678184
43.28948408138197,-70.94805790870956
43.2894781153073,-70.94804787065368
43.2894729058452,-70.94803910561845
43.28946693976824,-70.94802906756519
43.28946133028854,-70.94801962949767
43.2894557642249,-70.9480102644816
43.28944979814441,-70.9480002264323
43.289444188661335,-70.9479907883684
43.2894386225945,-70.94798142335618
43.28943301310923,-70.94797198529467
43.28942704702403,-70.9479619472506
43.28942183755285,-70.94795318222585
43.28941587146536,-70.94794314418436
43.28941026197557,-70.9479337061276
43.28940469590241,-70.94792434112304
43.28939908641043,-70.94791490306864
43.28939312031822,-70.94790486503238
43.289387910841015,-70.94789610001459
43.289381944746516,-70.94788606198092
43.28937597865078,-70.94787602394862
43.28937076917054,-70.94786725893437
43.2893648030725,-70.94785722090465
43.28935919357263,-70.94784778285864
43.28935362748996,-70.94783841786558
43.289348017987884,-70.94782897982196
43.289342051885136,-70.94781894179746
43.28933684239887,-70.94781017679018
43.28933087629384,-70.94780013876829
43.28932526678726,-70.94779070072943
43.28931970069824,-70.94778133574398
43.28931409118947,-70.94777189770751
43.289308133969634,-70.94776185180163
43.2893026115543,-70.947752429702
43.28929705137296,-70.94774294317077
43.289291135617624,-70.94773284997858
43.28928561319905,-70.94772342788275
43.2892800530143,-70.94771394135509
43.2892741372554,-70.9477038481668
43.289268970406646,-70.94769503273645
43.289263054645424,-70.9476849395507
43.28925713888296,-70.9476748463663
43.28925197203114,-70.94766603093944
43.28924605626634,-70.9476559377576
43.289240140500304,-70.94764584457711
43.289234973645414,-70.94763702915373
43.28922905787705,-70.94762693597579
43.28922389102016,-70.94761812055468
43.28921797524947,-70.9476080273793
43.28921205947755,-70.94759793420526
43.28920689261758,-70.94758911878765
43.28920097684333,-70.94757902561618
43.28919506106784,-70.94756893244605
43.289189894204796,-70.9475601170319
43.28918397842699,-70.94755002386434
43.289178418221795,-70.94754053735797
43.2891728957818,-70.94753111528745
43.28916698000042,-70.94752102212378
43.28916141979183,-70.94751153562099
43.2891558973486,-70.9475021135543
43.28914998156365,-70.94749202039452
43.28914481469246,-70.94748320498965
43.28913889890518,-70.94747311183244
43.28913298311666,-70.94746301867657
43.2891278162424,-70.94745420327516
43.28912190045156,-70.94744411012185
43.28911634023391,-70.94743462362851
43.28911081778213,-70.94742520157196
43.289104901987734,-70.94741510842258
43.289099341766665,-70.94740562193279
43.28909381931166,-70.94739619988006
43.28908790351368,-70.94738610673458
43.289082343289216,-70.94737662024838
43.28907682083098,-70.94736719819947
43.28907126060428,-70.9473577117156
43.28906534480154,-70.94734761857525
43.28905982234009,-70.94733819653015
43.289054262109964,-70.94732871004985
43.28904873964641,-70.94731928800725
43.289042823838976,-70.94730919487213
43.28903726360545,-70.94729970839539
43.289031741138665,-70.94729028635662
43.28902618090292,-70.94728079988222
43.289020265090734,-70.94727070675224
43.289014742620715,-70.94726128471729
43.289009182381555,-70.94725179824646
43.28900326656579,-70.94724170512036
43.28899774409254,-70.94723228308924
43.28899218384997,-70.94722279662196
43.28898626803066,-70.9472127034998
43.28898074555417,-70.94720328147248
43.28897518530819,-70.94719379500877
43.28896966282961,-70.94718437298397
43.2889641025814,-70.94717488652259
43.28895818675619,-70.94716479340688
43.28895266427439,-70.94715537138589
43.28894710402277,-70.94714588492808
43.28894118819398,-70.94713579181627
43.288935665708955,-70.9471263697991
43.28893010545392,-70.94711688334486
43.28892418962157,-70.94710679023696
43.28891902270953,-70.94709797487828
43.28891310687486,-70.94708788177294
43.28890719103895,-70.94707778866895
43.28890202412383,-70.94706897331373
43.28889610828559,-70.94705888021231
43.28889058579201,-70.94704945820527
43.28888510609842,-70.94703988557632
43.28887928291019,-70.94702969489056
43.288873841008765,-70.9470201714669
43.2888683713643,-70.94701059949556
43.28886292946075,-70.94700107607433
43.28885710626771,-70.94699088539366
43.288852017908326,-70.94698198068645
43.288846194712924,-70.94697179000826
43.28884075280502,-70.94696226659204
43.28883528315371,-70.94695269462754
43.288829841243675,-70.94694317121376
43.28882401804349,-70.94693298054065
43.28881892967793,-70.94692407584019
43.28881310647538,-70.94691388516958
43.28880766456099,-70.94690436176077
43.28880219490286,-70.94689478980317
43.28879675298633,-70.9468852663968
43.288790929779,-70.94687507573127
43.288785841407254,-70.94686617103754
43.28878001819755,-70.94685598037448
43.28877457627669,-70.94684645697312
43.2887691066117,-70.9468368850224
43.28876366468869,-70.94682736162346
43.2887578414742,-70.94681717096549
43.28875275309629,-70.94680826627854
43.28874692987943,-70.94679807562302
43.288741487952095,-70.94678855222907
43.28873601828026,-70.94677898028527
43.28873019505976,-70.94676878963355
43.288724753129124,-70.94675926624332
43.28871892990621,-70.94674907559421
43.28871348797338,-70.94673955220652
43.28870801829575,-70.94672998026854
43.28870219506919,-70.94671978962322
43.28869675313306,-70.94671026623926
43.28869092990409,-70.94670007559655
43.28868548796577,-70.94669055221514
43.288680018282335,-70.94668098028298
43.28867419504974,-70.94667078964405
43.28866875310812,-70.94666126626637
43.288662929873084,-70.94665107563003
43.28865748792927,-70.94664155225492
43.28865201824005,-70.94663198032856
43.288646195001384,-70.94662178969604
43.28864075305428,-70.94661226632464
43.288634929813185,-70.9466020756947
43.28862984141234,-70.94659317103277
43.288624018168875,-70.94658298040532
43.28861819492415,-70.94657278977918
43.28861275297155,-70.94656326641406
43.288606929724395,-70.9465530757905
43.28860184131832,-70.9465441711343
43.28859601806881,-70.94653398051324
43.28859019481801,-70.94652378989349
43.28858475285993,-70.94651426653462
43.28857892960672,-70.94650407591747
43.28857384119542,-70.94649517126697
43.28856801793983,-70.9464849806523
43.288562194683,-70.94647479003893
43.28855675271942,-70.94646526668636
43.28855128300934,-70.94645569478094
43.288545841043636,-70.9464461714308
43.288540017782005,-70.94643598082251
43.28853419451909,-70.94642579021556
43.28852875255002,-70.94641626686925
43.288523297473354,-70.94640668997413
43.288517966079766,-70.9463970353516
43.28851226939872,-70.94638671923335
43.28850693800289,-70.94637706461324
43.288501606605976,-70.94636740999438
43.28849626041777,-70.94635772859316
43.28849092901866,-70.94634807397662
43.288485232331524,-70.94633775786448
43.28847990093016,-70.94632810325044
43.288474920024434,-70.94631908335042
43.288469223333706,-70.9463087672419
43.288463891929055,-70.94629911263142
43.28845819523585,-70.9462887965254
43.28845286382895,-70.94627914191736
43.288447882917964,-70.94627012202282
43.28844218622113,-70.94625980592042
43.288436854810975,-70.94625015131597
43.28843115811167,-70.94623983521605
43.28842617719644,-70.94623081532586
43.288420845783,-70.94622116072497
43.288415149080095,-70.9462108446287
43.288409817664395,-70.94620119003027
43.288404120959,-70.94619087393646
43.28839914003852,-70.94618185405173
43.28839380861956,-70.9461721994569
43.28838811191056,-70.9461618833667
43.288382780489336,-70.94615222877431
43.28837743427554,-70.94614254739741
43.28837210285212,-70.94613289280736
43.288366771427626,-70.94612323821853
43.288361074712526,-70.94611292213446
43.288355743285784,-70.94610326754811
43.28835039706616,-70.94609358617676
43.28834506563721,-70.94608393159274
43.2883397342072,-70.94607427700994
43.28833403748601,-70.94606396093198
43.28832870605373,-70.94605430635166
43.2883233598283,-70.94604462498584
43.28831802839382,-70.94603497040787
43.288312696958286,-70.94602531583111
43.28830700023101,-70.94601499975926
43.28830201929165,-70.94600597989417
43.288296322561955,-70.94599566382469
43.28829099112195,-70.94598600925275
43.28828565968088,-70.94597635468203
43.28827996294751,-70.94596603861628
43.2882749820029,-70.94595701875667
43.288269285267106,-70.94594670269329
43.28826395382158,-70.94593704812736
43.28825862237498,-70.94592739356268
43.288253276134455,-70.94591771221125
43.288247944685665,-70.94590805764891
43.28824224794378,-70.94589774159164
43.28823691649272,-70.94588808703176
43.288231585040606,-70.9458784324731
43.288226333433144,-70.94586866612946
43.2882211339001,-70.94585886592421
43.288215934365965,-70.94584906572015
43.28821073483072,-70.94583926551726
43.2882051883554,-70.94582881139739
43.28819998881783,-70.94581901119685
43.28819478927916,-70.94580921099747
43.288189589739375,-70.94579941079928
43.28818404325908,-70.94578895668413
43.288178843716985,-70.94577915648826
43.288173990658336,-70.94577000935392
43.28816844417433,-70.94575955524219
43.288163244628855,-70.94574975504975
43.288158045082284,-70.94573995485848
43.28815284553462,-70.94573015466838
43.288147299045626,-70.94571970056134
43.28814209949563,-70.9457099003736
43.28813689994454,-70.94570010018701
43.28813170039233,-70.94569030000157
43.28812650038342,-70.94568049895862
43.28812130082895,-70.94567069877544
43.28811610127337,-70.94566089859345
43.28811090171669,-70.94565109841258
43.288105355217795,-70.94564064431488
43.288100155658796,-70.94563084413642
43.288094956098696,-70.94562104395906
43.28808975653748,-70.94561124378292
43.28808421003361,-70.94560078968995
43.28807935695564,-70.94559164257447
43.288074157391065,-70.94558184240172
43.288068957825374,-70.94557204223015
43.28806341131658,-70.94556158814177
43.28805821174858,-70.94555178797255
43.288053012179475,-70.94554198780449
43.2880474656669,-70.94553153371965
43.28804226609546,-70.94552173355393
43.28803706652294,-70.9455119333894
43.288031520006605,-70.9455014793081
43.288026320431754,-70.94549167914592
43.288021120855795,-70.94548187898489
43.28801522784944,-70.94547077185017
43.2880100282711,-70.9454609716916
43.28800482869167,-70.94545117153424
43.28799928216774,-70.94544071746013
43.28799408258598,-70.94543091730509
43.28798888300312,-70.94542111715123
43.28798333647542,-70.94541066308065
43.287978136890246,-70.94540086292915
43.287972937303955,-70.94539106277878
43.28796739077249,-70.94538060871174
43.28796219118388,-70.94537080856374
43.28795699159417,-70.94536100841692
43.28795144505894,-70.94535055435344
43.287946245466905,-70.94534075420894
43.28794069938671,-70.9453303010103
43.28793515284766,-70.94531984695044
43.28792995325215,-70.94531004680961
43.28792475365554,-70.94530024666993
43.2879192071127,-70.94528979261364
43.28791400751376,-70.94527999247632
43.28790880791372,-70.94527019234015
43.287903261367134,-70.94525973828739
43.287898061764764,-70.94524993815358
43.2878928621613,-70.94524013802095
43.28788731561094,-70.94522968397172
43.28788211600516,-70.94521988384143
43.28787691639827,-70.94521008371233
43.287871369844126,-70.94519962966663
43.28786582374707,-70.94518917648611
43.2878606241367,-70.94517937636063
43.287855168376595,-70.94516883603544
43.28785006201308,-70.94515893961186
43.287844955648424,-70.94514904318945
43.28783984928265,-70.94513914676814
43.28783474291575,-70.94512925034797
43.287829302122155,-70.94511870579416
43.2878241957529,-70.94510880937626
43.2878190893825,-70.94509891295951
43.28781398301098,-70.94508901654388
43.28780887663834,-70.94507912012938
43.28780309241406,-70.94506791000734
43.287797986038996,-70.94505801359522
43.28779287966279,-70.94504811718421
43.28778777328547,-70.94503822077436
43.28778266690703,-70.94502832436564
43.28777722610076,-70.94501777982326
43.287772119719946,-70.94500788341679
43.28776701333801,-70.94499798701145
43.287761906954934,-70.94498809060725
43.2877564661436,-70.94497754606941
43.28775135975817,-70.94496764966746
43.28774590994659,-70.94495708769405
43.28774080355884,-70.94494719129447
43.28773569716998,-70.94493729489605
43.28773025635227,-70.94492675036398
43.28772514996104,-70.94491685396781
43.287720043568676,-70.94490695757278
43.287714937175195,-70.94489706117888
43.28770983078057,-70.94488716478611
43.28770438995656,-70.94487662025969
43.28769928355958,-70.94486672386918
43.28769417716148,-70.94485682747981
43.28768872733658,-70.94484626552021
43.287683620936164,-70.94483636913321
43.28767818010577,-70.94482582461258
43.28767307370299,-70.94481592822783
43.28766796729909,-70.94480603184424
43.28766286089405,-70.94479613546177
43.287657754487896,-70.94478623908043
43.28765231365119,-70.94477569456546
43.28764720724267,-70.9447657981864
43.287642100833025,-70.94475590180845
43.28763699442225,-70.94474600543164
43.287631888010345,-70.94473610905597
43.287626103740955,-70.94472489897665
43.28762099732663,-70.94471500260335
43.287615890911184,-70.94470510623118
43.2876107844946,-70.94469520986013
43.28760567807691,-70.94468531349023
43.28760023722751,-70.9446747689867
43.28759513080743,-70.94466487261907
43.287590024386255,-70.94465497625255
43.287584917963926,-70.94464507988717
43.28757981154048,-70.94463518352292
43.28757437068478,-70.94462463902505
43.28756892083195,-70.94461407709431
43.287563814404955,-70.94460418073358
43.287558707976835,-70.94459428437398
43.287553267116,-70.94458373988074
43.28754816068551,-70.94457384352341
43.287543054253895,-70.9445639471672
43.28753794782115,-70.9445540508121
43.28753284138729,-70.94454415445817
43.28752740052015,-70.94453360997059
43.28752229408391,-70.94452371361893
43.28751718764656,-70.94451381726837
43.28751173778042,-70.94450325535145
43.28750663134074,-70.94449335900329
43.28750119046722,-70.94448281452149
43.28749608402519,-70.94447291817556
43.28749097758203,-70.94446302183081
43.28748587113775,-70.94445312548716
43.28748076469235,-70.94444322914465
43.2874753238125,-70.94443268466851
43.287470217364735,-70.94442278832825
43.287465110915825,-70.94441289198913
43.2874600044658,-70.94440299565117
43.287454898014644,-70.94439309931431
43.287449113700134,-70.94438188927771
43.287444007246556,-70.94437199294323
43.28743890079185,-70.94436209660988
43.287433794336025,-70.94435220027766
43.28742868787908,-70.94434230394661
43.287423246986556,-70.94433175948191
43.28741814052723,-70.94432186315309
43.28741303406677,-70.94431196682541
43.287407927605194,-70.94430207049884
43.28740282114251,-70.94429217417344
43.28739738024368,-70.94428162971438
43.28739193034961,-70.94427106782635
43.28738682388335,-70.94426117150445
43.28738171741599,-70.94425127518366
43.28737661094748,-70.94424137886402
43.28737117004228,-70.94423083441076
43.28736606357142,-70.94422093809337
43.28736095709942,-70.94421104177712
43.28735585062631,-70.944201145462
43.287350409716026,-70.94419060101328
43.28734530324055,-70.94418070470041
43.28734019676393,-70.94417080838869
43.287334746856544,-70.94416024651447
43.28732964037763,-70.94415035020512
43.28732419946099,-70.94413980576218
43.287319092979686,-70.94412990945507
43.28731398649728,-70.94412001314913
43.28730888001374,-70.94411011684431
43.287303773529075,-70.94410022054063
43.28729833260611,-70.94408967610335
43.28729322611909,-70.94407977980192
43.28728811963094,-70.94406988350163
43.287283013141646,-70.94405998720246
43.287277906651255,-70.94405009090444
43.28727212229162,-70.94403888091055
43.28726701579879,-70.9440289846149
43.28726190930484,-70.94401908832037
43.28725680280974,-70.94400919202698
43.28725169631355,-70.94399929573474
43.287246255377894,-70.94398875130888
43.287241148879325,-70.94397885501888
43.287236042379625,-70.94396895873003
43.28723093587879,-70.9439590624423
43.287225829376844,-70.9439491661557
43.28722038843489,-70.94393862173551
43.287214938499574,-70.94392805989017
43.28720983199407,-70.9439181636071
43.28720472548744,-70.94390826732513
43.28719961897969,-70.94389837104431
43.28719417803136,-70.9438878266299
43.28718907152124,-70.94387793035133
43.287183965009994,-70.9438680340739
43.28717885849762,-70.9438581377976
43.28717375198412,-70.94384824152246
43.287168311029475,-70.9438376971137
43.28716320451362,-70.94382780084081
43.28715775456499,-70.94381723900928
43.287152658262286,-70.94380732413084
43.287147640811234,-70.94379734068285
43.287142300552055,-70.94378671493277
43.28713728309859,-70.94377673148698
43.287131925302035,-70.94376607084945
43.287126907846215,-70.94375608740594
43.28712189038925,-70.94374610396353
43.287116872931136,-70.94373612052223
43.28711119232206,-70.94372481758643
43.287106174861485,-70.9437148341474
43.28710115739975,-70.94370485070947
43.28709613993689,-70.94369486727264
43.28709078213045,-70.943684206645
43.28708576466523,-70.94367422321046
43.287080747198864,-70.94366423977701
43.287075406922895,-70.94365361404142
43.28707004911146,-70.94364295341869
43.28706503164148,-70.94363296998864
43.28706001417035,-70.94362298655967
43.28705499669808,-70.9436130031318
43.28704963888177,-70.94360234251404
43.287044298598005,-70.94359171678519
43.287039281122134,-70.94358173336072
43.2870342636451,-70.94357174993732
43.28702890582379,-70.94356108932449
43.2870238883444,-70.9435511059034
43.28701887086386,-70.9435411224834
43.28701385338219,-70.94353113906448
43.287008172746056,-70.9435198361533
43.28700315526192,-70.94350985273667
43.28699813777663,-70.94349986932114
43.2869931202902,-70.94348988590671
43.28698776419093,-70.9434792310192
43.28699508340633,-70.94347216058067
43.287003137837694,-70.94346426537636
43.287010848094845,-70.94345670753985
43.28701823989409,-70.94344946186355
