43.275173990073604,-70.95957501008182
43.27517976190575,-70.95958623065961
43.27518485227813,-70.95959614310912
43.27519028557686,-70.95960672334058
43.275195708166024,-70.95961728272113
43.275200798534854,-70.95962719517414
43.27520623182983,-70.9596377754094
43.275211654415095,-70.95964833479346
43.27521708770752,-70.95965891503131
43.275222178071594,-70.95966882748904
43.27522760065293,-70.95967938687657
43.27523303394163,-70.95968996711828
43.27523812430215,-70.9596998795795
43.27524388980645,-70.95971110675247
43.275248966238074,-70.95972103185865
43.275253967606645,-70.95973103056723
43.27525930878401,-70.95974170862343
43.275264310150206,-70.95975170733429
43.27526931151527,-70.95976170604624
43.2752746335323,-70.95977234580823
43.275279974704645,-70.95978302386935
43.27528497606608,-70.95979302258466
43.27528997742637,-70.95980302130104
43.27529531859503,-70.95981369936585
43.275300319952954,-70.95982369808455
43.27530564196217,-70.95983433785324
43.275310643317674,-70.95984433657408
43.27531598448132,-70.9598550146438
43.27532098583447,-70.95986501336692
43.275325987186484,-70.95987501209115
43.27533132834644,-70.95988569016458
43.27533632969608,-70.9598956888911
43.275341651696216,-70.95990632866754
43.27534665304344,-70.9599163273962
43.27535199419838,-70.95992700547454
43.275356995543255,-70.95993700420549
43.27536199688698,-70.95994700293751
43.27536733803822,-70.95995768101959
43.275372339379594,-70.95996767975389
43.27537727192332,-70.95997775052939
43.27538217728096,-70.95998783735715
43.275387082637444,-70.95999792418597
43.27539198799274,-70.96000801101582
43.27539689334688,-70.96001809784671
43.27540179869984,-70.96002818467865
43.27540670405163,-70.96003827151162
43.275411609402255,-70.96004835834566
43.27541685103063,-70.96005913666879
43.27542144786703,-70.96006858911402
43.275426353214186,-70.96007867595128
43.27543125856018,-70.96008876278958
43.27543609622471,-70.96009891573374
43.27544084172728,-70.96010913860314
43.27544558722867,-70.96011936147353
43.27545037374498,-70.96012967270285
43.275455119244,-70.96013989557528
43.27545986474181,-70.96015011844868
43.27546432121622,-70.96015971870365
43.27546939675018,-70.96017065255693
43.275474142244434,-70.96018087543338
43.275478887737485,-70.96019109831077
43.27548334420757,-70.96020069856984
43.275488419736526,-70.96021163242754
43.27549316522602,-70.96022185530798
43.27549791071432,-70.96023207818939
43.27550298623941,-70.96024301205046
43.27550744270402,-70.96025261231469
43.27551218818876,-70.96026283519913
43.2755172637101,-70.96027376906356
43.27552200919238,-70.96028399195005
43.27552675467345,-70.96029421483749
43.27553154117028,-70.96030452608618
43.27553628664899,-70.9603147489757
43.27554103212651,-70.96032497186617
43.275546107640224,-70.96033590573731
43.27555085311528,-70.96034612862985
43.27555559858912,-70.96035635152334
43.27556038507901,-70.96036666277887
43.27556513055048,-70.96037688567442
43.27557020605787,-70.96038781955122
43.2755749515269,-70.96039804244882
43.27557969699471,-70.96040826534738
43.275584483478816,-70.96041857660867
43.275589228944284,-70.9604287995093
43.27559397440854,-70.9604390224109
43.2755990499083,-70.96044995629441
43.275603795370095,-70.96046017919805
43.27560825181184,-70.96046977948393
43.27561332730785,-70.9604807133708
43.2756180727661,-70.96049093627748
43.27562281822313,-70.96050115918511
43.27562789371528,-70.96051209307532
43.27563263916985,-70.96052231598502
43.275637425641236,-70.96053262725891
43.275642171093445,-70.96054285017065
43.27564691654446,-70.96055307308339
43.275651992030255,-70.96056400697924
43.27565673747879,-70.960574229894
43.27566119390852,-70.96058383019124
43.27566626939059,-70.96059476409046
43.27567101483557,-70.96060498700827
43.275675760279356,-70.96061520992703
43.27568083575755,-70.9606261438296
43.27568529218181,-70.96063574413203
43.27569003762204,-70.96064596705382
43.275695113096475,-70.96065690095978
43.27569985853424,-70.9606671238836
43.2757046039708,-70.96067734680841
43.27570939042489,-70.96068765809945
43.27571413585908,-70.96069788102632
43.27571921132718,-70.96070881493789
43.27572395675892,-70.9607190378668
43.275728702189454,-70.96072926079668
43.27573377765369,-70.9607401947116
43.275738234065926,-70.96074979502542
43.2757429794929,-70.96076001795832
43.27574805495339,-70.96077095187661
43.275752800377894,-70.96078117481157
43.2757575458012,-70.96079139774751
43.27576233224257,-70.96080170905114
43.27576707766352,-70.96081193198914
43.275771823083275,-70.96082215492808
43.27577689853613,-70.96083308885308
43.27578167111423,-70.9608432906489
43.275786779264344,-70.96085419507247
43.275791263338554,-70.96086376727777
43.2757963714862,-70.96087467170366
43.27580114833677,-70.96088486890926
43.27580625648183,-70.96089577333746
43.27581103332993,-70.9609059705451
43.27581614147241,-70.9609168749756
43.27582091831807,-70.96092707218533
43.27582602645795,-70.96093797661814
43.275830803301155,-70.96094817382995
43.27583528736548,-70.96095774604471
43.27584039550165,-70.96096865048094
43.27584517234129,-70.9609788476958
43.275850280474884,-70.96098975213434
43.275855057312086,-70.96099994935126
43.27586016544308,-70.9610108537921
43.27586494227783,-70.96102105101113
43.275869719111384,-70.96103124823112
43.275874534461764,-70.96104152767751
43.27587931129297,-70.9610517248996
43.27588441941766,-70.96106262934615
43.2758891962464,-70.9610728265703
43.27589397307398,-70.96108302379547
43.2758990811948,-70.9610939282454
43.275903858019895,-70.96110412547262
43.2759086348438,-70.96111432270082
43.27591345018495,-70.96112460215649
43.2759182270065,-70.96113479938678
43.27592333512102,-70.96114570384243
43.27592811194014,-70.96115590107482
43.27593288875806,-70.96116609830817
43.27593799686873,-70.96117700276722
43.27594277368419,-70.96118720000264
43.275947257723374,-70.96119677224152
43.275952365830335,-70.96120767670398
43.27595714264225,-70.96121787394249
43.27596225074661,-70.96122877840725
43.27596702755607,-70.96123897564783
43.275971804364346,-70.96124917288938
43.27597691246486,-70.96126007735754
43.27598168927067,-70.96127027460116
43.27598617330113,-70.96127984684843
43.27599128139792,-70.96129075132
43.27599605820019,-70.9613009485667
43.27600116629441,-70.96131185304058
43.27600594309422,-70.96132205028937
43.27601071989284,-70.96133224753912
43.2760158279832,-70.9613431520164
43.276020312006004,-70.96135272427102
43.27602508880108,-70.96136292152386
43.276030196887724,-70.96137382600453
43.276034973680346,-70.96138402325946
43.2760400817644,-70.96139492774242
43.27604485829987,-70.96140512483952
43.27604962448335,-70.9614153308346
43.27605472153425,-70.96142624533157
43.27605919621628,-70.96143582713121
43.2760642932647,-70.9614467416305
43.276069059443365,-70.96145694762973
43.27607382562085,-70.96146715362994
43.27607892266543,-70.9614780681326
43.27608368884044,-70.96148827413488
43.276088785882415,-70.96149918863982
43.27609326055678,-70.96150877044681
43.27609802672824,-70.96151897645214
43.2761031237665,-70.96152989096049
43.27610788993551,-70.9615400969679
43.276112986971164,-70.96155101147853
43.27611775313771,-70.961561217488
43.27612222780555,-70.96157079930121
43.276127324837475,-70.96158171381525
43.27613209100048,-70.96159191982777
43.27613718802981,-70.96160283434409
43.27614195419035,-70.9616130403587
43.2761467203497,-70.96162324637427
43.27615181737518,-70.96163416089396
43.276156292035346,-70.96164374271453
43.27616138905835,-70.96165465723652
43.27616615521289,-70.96166486325625
43.27617092136624,-70.96167506927694
43.27617601838539,-70.96168598380233
43.27618078453628,-70.96169618982509
43.27618588155285,-70.96170710435278
43.27619035620533,-70.96171668618065
43.27619512235267,-70.96172689220649
43.27620021936551,-70.96173780673757
43.27620498551038,-70.96174801276544
43.27621008252063,-70.96175892729882
43.276214848663045,-70.96176913332877
43.276219614804276,-70.9617793393597
43.276224420315515,-70.96178962969965
43.276229186454394,-70.96179983573265
43.276234283458315,-70.96181075027172
43.27623904959473,-70.96182095630678
43.27624381572994,-70.96183116234285
43.27624891273001,-70.96184207688529
43.276253678862766,-70.96185228292339
43.2762584843659,-70.96186257327149
43.27626325049631,-70.96187277931168
43.276268016625515,-70.96188298535284
43.27627311361926,-70.96189389990099
43.27627787974602,-70.96190410594423
43.276282976737164,-70.96191502049464
43.27628774286145,-70.96192522653993
43.27629221749098,-70.96193480838973
43.276297314478406,-70.96194572294354
43.27630208059916,-70.9619559289919
43.27630717758398,-70.96196684354803
43.27631194370227,-70.96197704959846
43.27631670981936,-70.96198725564984
43.27632180680034,-70.96199817020933
43.2763262814222,-70.96200775206647
43.276331378400705,-70.96201866662825
43.27633614451299,-70.96202887268382
43.27634091062407,-70.96203907874035
43.27634600759873,-70.96204999330551
43.27635077370735,-70.96206019936409
43.27635587067941,-70.96207111393156
43.2763603452936,-70.96208069579603
43.276365111398675,-70.96209090185769
43.27637020836701,-70.96210181642857
43.27637497446963,-70.96211202249226
43.27638007143537,-70.96212293706543
43.27638483753553,-70.96213314313121
43.27638960363449,-70.96214334919796
43.27639440910519,-70.96215363957846
43.27639917520181,-70.9621638456473
43.276404272161216,-70.96217476022615
43.27640903825539,-70.96218496629704
43.27641380434834,-70.96219517236892
43.2764189013039,-70.96220608695114
43.2764236673944,-70.96221629302508
43.27642847285697,-70.96222658341374
43.27643323894513,-70.96223678948975
43.276438005032084,-70.96224699556674
43.276443101981314,-70.96225791015468
43.27644786806582,-70.96226811623373
43.27645296501245,-70.96227903082394
43.276457731094496,-70.96228923690508
43.27646220568573,-70.96229881879144
43.276467302628646,-70.96230973338504
43.27647206870713,-70.96231993946923
43.27647716564746,-70.96233085406514
43.27648193172348,-70.96234106015139
43.27648669779831,-70.9623512662386
43.27649179473478,-70.96236218083789
43.27649626931835,-70.96237176273159
43.276501366252354,-70.9623826773332
43.276506132322375,-70.96239288342457
43.276510898391194,-70.9624030895169
43.27651599624778,-70.96241400335046
43.27652080863604,-70.96242417087504
43.276525953722704,-70.96243504132248
43.27653076610853,-70.96244520884913
43.27653528141528,-70.96245474871539
43.276540426498244,-70.9624656191663
43.276545238880544,-70.96247578669609
43.27655038396093,-70.96248665714933
43.276555196340794,-70.96249682468121
43.27656034141862,-70.96250769513681
43.276565153796035,-70.96251786267081
43.276570298871285,-70.96252873312872
43.27657511124628,-70.96253890066482
43.27657992362007,-70.96254906820195
43.276585068691496,-70.9625599386633
43.276589881062854,-70.96257010620252
43.27659472905519,-70.96258034900504
43.27659954142422,-70.96259051654637
43.27660435379205,-70.96260068408871
43.276609498857205,-70.96261155455588
43.2766143112226,-70.96262172210034
43.276619123586805,-70.96263188964578
43.27662426864814,-70.9626427601164
43.276629081009915,-70.96265292766395
43.27663389337049,-70.96266309521252
43.276639038428,-70.96267396568658
43.276643553710734,-70.96268350557622
43.2766483660678,-70.96269367312792
43.27665351112161,-70.96270454360541
43.27665832347623,-70.96271471115921
43.27666313582966,-70.962724878714
43.27666828087964,-70.96273574919498
43.276673093230634,-70.96274591675186
43.27667790558043,-70.96275608430976
43.27668271792905,-70.96276625186867
43.27668786297396,-70.96277712235417
43.27669237824586,-70.96278666225436
43.276697190590944,-70.96279682981636
43.27670233563216,-70.96280770030535
43.27670714797482,-70.96281786786949
43.276711960316284,-70.96282803543461
43.27671710535367,-70.96283890592704
43.27672191769269,-70.96284907349428
43.27672673003052,-70.96285924106252
43.276731875064094,-70.96287011155839
43.27673668739948,-70.96288027912873
43.27674120266055,-70.96288981903942
43.27674634769042,-70.96290068953877
43.276751160022286,-70.96291085711225
43.27675597235297,-70.96292102468671
43.27676111737901,-70.96293189518948
43.2767659,-70.96294200000001
43.276771407161775,-70.96295155737832
43.276776906663166,-70.96296110146558
43.276782760454594,-70.96297126040744
43.276788229098415,-70.96298075094941
43.27679372859635,-70.96299029504016
43.27679919723804,-70.96299978558456
43.276805051024716,-70.96300994453156
43.27681016537329,-70.96301882022446
43.27681601915761,-70.96302897917397
43.27682187294067,-70.9630391381248
43.27682698728613,-70.96304801382112
43.276832841066835,-70.96305817277445
43.27683830970094,-70.96306766332765
43.27684380918863,-70.96307720742885
43.27684927782061,-70.9630866979845
43.276855131596555,-70.96309685694295
43.27686063108077,-70.96310640104764
43.27686609970947,-70.96311589160705
43.27687195348182,-70.96312605056934
43.27687706781803,-70.96313492627587
43.27688292158801,-70.96314508524067
43.276888390212406,-70.96315457580512
43.27689388968984,-70.96316411991675
43.276899743456205,-70.96317427888538
43.276905212077324,-70.96318376945356
43.27691071155129,-70.96319331356871
43.27691618017028,-70.96320280413934
43.276922033931896,-70.9632129631131
43.27692714825886,-70.96322183882988
43.27693300201813,-70.96323199780612
43.27693885577613,-70.96324215678369
43.276943970099985,-70.96325103250389
43.27694982385563,-70.96326119148398
43.27695529246704,-70.96327068206341
43.27696079193075,-70.96328022618897
43.27696626054003,-70.96328971677086
43.276972114290935,-70.96329987575608
43.27697761375118,-70.96330941988515
43.276983082357184,-70.96331891047079
43.27698893610447,-70.96332906945983
43.27699405041906,-70.96333794519023
43.27699990416399,-70.96334810418178
43.2770053727657,-70.96335759477245
43.27701087221915,-70.96336713890848
43.27701672596046,-70.96337729790385
43.27702219455889,-70.96338678849827
43.27702769400888,-70.9633963326378
43.27703316260518,-70.96340582323468
43.27703901634174,-70.96341598223518
43.277044130647084,-70.96342485797581
43.2770499843813,-70.96343501697882
43.277055838114244,-70.96344517598315
43.277060952416484,-70.9634540517272
43.277066806147076,-70.96346421073405
43.277072274735794,-70.96347370133971
43.277077774175524,-70.96348324548966
43.2770832427621,-70.96349273609778
43.27708909648795,-70.96350289510976
43.27709459592423,-70.96351243926321
43.27710006450754,-70.96352192987507
43.27710591822976,-70.96353208889086
43.277111032522754,-70.96354096464513
43.27711688624262,-70.96355112366344
43.27712235482162,-70.96356061428034
43.277127854251106,-70.96357015844075
43.27713370796736,-70.96358031746287
43.27713917654309,-70.96358980808354
43.27714467596912,-70.96359935224744
43.27715014454272,-70.96360884287056
43.277155998254216,-70.9636190018978
43.27716111253796,-70.9636278776623
43.27716696624711,-70.96363803669207
43.277172819955,-70.96364819572315
43.27717793423562,-70.96365707149107
43.277183787941155,-70.96366723052465
43.277189256507185,-70.96367672115656
43.277194755922935,-70.9636862653309
43.27720022448683,-70.96369575596525
43.27720607818761,-70.96370591500396
43.277211577599914,-70.9637154591818
43.27721704616053,-70.96372494981992
43.27722289985769,-70.96373510886247
43.27722801412908,-70.9637439846406
43.277233867823895,-70.96375414368565
43.27723933638019,-70.96376363432879
43.27724483578571,-70.96377317851359
43.27725068947691,-70.96378333756246
43.277256158029935,-70.96379282820934
43.27726165743199,-70.96380237239764
43.277267125982895,-70.96381186304698
43.277272979669334,-70.96382202210098
43.277278093931464,-70.96383089788935
43.27728394761556,-70.96384105694585
43.277289801298394,-70.96385121600369
43.2772949155574,-70.96386009179547
43.277300769237875,-70.96387025085582
43.27730623778121,-70.96387974151394
43.277311737172994,-70.96388928571268
43.27731720571419,-70.96389877637327
43.277323059389914,-70.96390893543874
43.27732855877826,-70.96391847964097
43.277334027316165,-70.96392797030529
43.27733988098827,-70.9639381293746
43.277344995238046,-70.9639470051766
43.277350848907794,-70.9639571642484
43.27735631744141,-70.96396665491775
43.277361816822946,-70.96397619912696
43.27736767048909,-70.96398635820259
43.277373139019424,-70.96399584887568
43.27737899400699,-70.9640060065623
43.27738413070153,-70.96401485688315
43.277390010839525,-70.96402498813084
43.27739589097625,-70.96403511937986
43.2774010276677,-70.96404396970416
43.2774069078021,-70.9640541009557
43.277412399359115,-70.96406356270613
43.27741792462359,-70.96407308253633
43.2774238047544,-70.96408321379175
43.27742929630816,-70.96409267554594
43.277434821569194,-70.96410219537967
43.277440701696406,-70.96411232663894
43.27744619324691,-70.96412178839692
43.27745171850451,-70.96413130823419
43.2774572100529,-70.96414076999464
43.27746309017538,-70.96415090125907
43.2774689702966,-70.96416103252486
43.27747410697467,-70.96416988286408
43.27747998709356,-70.96418001413238
43.27748586721119,-70.96419014540203
43.27749100388616,-70.96419899574471
43.27749688400145,-70.96420912701687
43.27750237554117,-70.96421858878747
43.27750790078736,-70.96422810863649
43.27751378089905,-70.96423823991252
43.277519272435526,-70.9642477016869
43.277524797678275,-70.96425722153944
43.27753067778638,-70.96426735281933
43.277536169319575,-70.96427681459748
43.277541694558906,-70.96428633445356
43.27754718609,-70.9642957962342
43.27755306619336,-70.96430592751923
43.27755894629547,-70.96431605880564
43.27756408295708,-70.96432490916325
43.27756996305686,-70.96433504045217
43.27757584315538,-70.96434517174241
43.27758097981388,-70.96435402210348
43.277586859910066,-70.96436415339626
43.27759235143248,-70.96437361518706
43.27759787666039,-70.96438313505487
43.27760375675299,-70.96439326635151
43.27760924827214,-70.96440272814608
43.277614773496616,-70.96441224801742
43.277620265013674,-70.96442170981449
43.27762614510152,-70.9644318411163
43.27763167032255,-70.96444136099116
43.27763716183634,-70.96445082279199
43.27764304192061,-70.96446095409767
43.27764892200362,-70.96447108540467
43.27765405864874,-70.96447993578064
43.277659938729414,-70.96449006709018
43.27766543023779,-70.9644995288974
43.27767095545086,-70.9645090487805
43.27767683552793,-70.96451918009389
43.27768232703304,-70.96452864190488
43.27768785224268,-70.9645381617915
43.27769373231616,-70.96454829310875
43.27769922381802,-70.96455775492352
43.27770474902421,-70.96456727481367
43.277710240523966,-70.96457673663092
43.27771612059271,-70.96458686795333
43.27772164579547,-70.96459638784701
43.27772713729196,-70.96460584966802
43.277733017357114,-70.96461598099431
43.27773889742102,-70.96462611232192
43.277744034049675,-70.96463496271632
43.27774991411123,-70.96464509404646
43.277755405602306,-70.96465455587385
43.277760930797086,-70.96466407577576
43.277766810855056,-70.96467420710975
43.27777230234288,-70.96468366894095
43.27777782753422,-70.96469318884635
43.27778370758859,-70.96470332018423
43.27778919907316,-70.96471278201919
43.27779472426107,-70.96472230192813
43.27780021574351,-70.96473176376557
43.27780609579315,-70.9647418951086
43.27781197584155,-70.96475202645297
43.27781711245682,-70.96476087686229
43.277823053160745,-70.96477094076256
43.27782899663446,-70.96478100375025
43.27783458390849,-70.9647904636539
43.2778401304653,-70.96479985462155
43.277846073935464,-70.96480991761318
43.2778520174044,-70.96481998060617
43.27785760467387,-70.96482944051465
43.277863151226335,-70.96483883148748
43.27786909469171,-70.9648488944844
43.277875038155855,-70.96485895748268
43.27788062542075,-70.964868417396
43.27788617196889,-70.96487780837403
43.27789211542949,-70.96488787137625
43.27789770269097,-70.96489733129317
43.27790324923591,-70.96490672227502
43.27790919269296,-70.96491678528118
43.27791513614878,-70.9649268482887
43.277920723405686,-70.96493630821047
43.27792626994629,-70.9649456991975
43.277932213398564,-70.96495576220896
43.277938156849594,-70.96496582522177
43.27794374410191,-70.96497528514837
43.27794929063821,-70.96498467614059
43.27795523408569,-70.96499473915735
43.27796082133462,-70.96500419908755
43.27796676477968,-70.9650142621069
43.277972311311636,-70.9650236531043
43.27797825475432,-70.96503371612634
43.27798384199868,-70.96504317606139
43.27798978543897,-70.96505323908606
43.27799533196659,-70.96506263008861
43.278001275404506,-70.96507269311597
43.278006862644276,-70.96508215305586
43.27801280607977,-70.96509221608581
43.278018295591174,-70.96510168066135
43.278023772656994,-70.96511124560745
43.27802922130034,-70.9651207609207
43.27803469836391,-70.96513032586907
43.27804014700513,-70.96513984118475
43.27804562406642,-70.96514940613537
43.278051072705495,-70.9651589214535
43.27805654976454,-70.96516848640638
43.27806199840147,-70.96517800172694
43.27806747545826,-70.9651875666821
43.278072924093046,-70.96519708200512
43.278078401147575,-70.96520664696253
43.27808384978022,-70.96521616228799
43.27808932683248,-70.96522572724768
43.27809477546301,-70.96523524257557
43.27810060628142,-70.96524542534857
43.27810570114137,-70.96525432286785
43.27811153195743,-70.96526450564335
43.27811662681535,-70.96527340316484
43.27812245762904,-70.96528358594283
43.278127552484925,-70.96529248346654
43.27813338329626,-70.96530266624701
43.278138478150105,-70.96531156377294
43.278144308959085,-70.96532174655592
43.27814940381087,-70.96533064408406
43.278155234617486,-70.9653408268695
43.2781606832351,-70.96535034221215
43.27816651403929,-70.9653605250002
43.27817160888698,-70.96536942253289
43.278177439688804,-70.96537960532342
43.2781828883021,-70.96538912067106
43.27818836533391,-70.96539868565135
43.27819381394507,-70.96540820100145
43.27819964474211,-70.96541838379707
43.27820512177046,-70.96542794878083
43.27821057037831,-70.96543746413464
43.27821640117173,-70.96544764693405
43.27822184977741,-70.96545716229043
43.27822732680119,-70.96546672727884
43.27823277540471,-70.96547624263765
43.27823860619334,-70.96548642544217
43.27824370102762,-70.96549532298957
43.27824953181389,-70.96550550579656
43.278254980413095,-70.96551502116037
43.27826045743003,-70.96552458615567
43.278265906027094,-70.96553410152192
43.27827173680859,-70.96554428433402
43.278277213822065,-70.96555384933278
43.27828266241582,-70.96556336470276
43.278288493193685,-70.96557354751864
43.278293941785265,-70.96558306289117
43.27829941879416,-70.96559262789458
43.27830486738361,-70.96560214326955
43.27831069815668,-70.96561232609054
43.278315792977544,-70.96562122365263
43.27832162374826,-70.9656314064761
43.27832707233338,-70.96564092185608
43.278332549335445,-70.96565048686638
43.278338380102525,-70.96566066969366
43.27834382868435,-70.96567018507737
43.278349305682944,-70.96567975009113
43.278354754262615,-70.96568926547728
43.27836058502493,-70.96569944830964
43.27836603360242,-70.96570896369835
43.278371510596436,-70.96571852871674
43.278376959171794,-70.96572804410789
43.27838278992932,-70.96573822694535
43.27838788473676,-70.96574712452212
43.27839371549192,-70.96575730736207
43.27839954624582,-70.96576749020332
43.27840464105014,-70.96577638778352
43.278410471801664,-70.96578657062724
43.278415920369405,-70.96579608602711
43.278421397353114,-70.96580565105589
43.2784268459187,-70.96581516645821
43.27843267666545,-70.96582534930702
43.27843812522885,-70.96583486471191
43.27844360220801,-70.96584442974532
43.27844905076926,-70.96585394515263
43.27845488151122,-70.96586412800654
43.27845997630526,-70.96587302559804
43.278465807044874,-70.96588320845446
43.27847163778321,-70.96589339131218
43.27847673257411,-70.96590228890706
43.27848256331009,-70.96591247176728
43.27848801186374,-70.96592198718331
43.27849348883258,-70.96593155222708
43.27849893738407,-70.96594106764556
43.278504768115276,-70.96595125051087
43.27851021666457,-70.96596076593188
43.27851569362884,-70.9659703309803
43.27852114217602,-70.96597984640377
43.27852697290244,-70.96599002927417
43.27853244986323,-70.96599959432604
43.2785378984071,-70.96600910975323
43.2785437291299,-70.96601929262744
43.27854882390737,-70.96602819023703
43.278554654627804,-70.96603837311369
43.278560103167344,-70.96604788854589
43.27856558012132,-70.96605745360468
43.278571028658725,-70.96606696903932
43.27857685937437,-70.96607715192108
43.27858230790958,-70.96608666735828
43.27858778485898,-70.96609623242169
43.27859361557099,-70.96610641530727
43.27859906410291,-70.96611593074819
43.27860454104884,-70.96612549581508
43.27860998957863,-70.96613501125843
43.27861582028586,-70.96614519414909
43.27862091504994,-70.9661540917734
43.278626745754806,-70.96616427466654
43.27863219428027,-70.96617379011491
43.27863802498272,-70.96618397301064
43.27864311974267,-70.9661928706395
43.27864895044275,-70.96620305353773
43.27865439896388,-70.96621256899108
43.2786598758984,-70.96622213406951
43.27866570659486,-70.96623231697154
43.27867115511269,-70.96624183242864
43.278676632043734,-70.96625139751052
43.278682080559435,-70.96626091297004
43.278687911251104,-70.96627109587719
43.27869300600177,-70.96627999351617
43.27869883669108,-70.96629017642579
43.27870428520245,-70.96629969189031
43.27871011588934,-70.96630987480253
43.27871521063589,-70.96631877244609
43.278721041320416,-70.96632895536078
43.278726373508285,-70.96633862144083
43.27873196683526,-70.9663490336132
43.27873720763849,-70.96635878955371
43.27874280096295,-70.9663692017285
43.27874804176388,-70.96637895767138
43.27875328256372,-70.96638871361546
43.278758875884435,-70.96639912579384
43.27876411668197,-70.96640888174028
43.2787693574784,-70.96641863768792
43.27877495079539,-70.96642904986993
43.27878019158952,-70.96643880581993
43.27878578490398,-70.96644921800434
43.278791025695824,-70.96645897395676
43.278796266486566,-70.96646872991035
43.27880185979729,-70.96647914209834
43.27880710058573,-70.96648889805431
43.27881269389392,-70.9664993102447
43.27881793468006,-70.96650906620307
43.27882317546512,-70.96651882216263
43.278828768769564,-70.9665292343566
43.27883400955233,-70.96653899031855
43.27883925033398,-70.96654874628166
43.27884484363469,-70.96655915847926
43.27885008441405,-70.96656891444475
43.27885567771223,-70.96657932664475
43.278860918489286,-70.96658908261263
43.278866159265256,-70.9665988385817
43.2788717525597,-70.96660925078528
43.27887699333336,-70.96661900675674
43.278882234105936,-70.9666287627294
43.27888782739665,-70.96663917493659
43.27889306816691,-70.96664893091163
43.2788986614551,-70.96665934312122
43.278903902223064,-70.96666909909862
43.27890914298994,-70.96667885507722
43.278914736274395,-70.9666892672904
43.278920324856095,-70.96669967075286
43.27892591813795,-70.96671008296856
43.278931158900164,-70.96671983895205
43.27893639966129,-70.96672959493671
43.2789419929394,-70.96674000715602
43.27894723369824,-70.96674976314308
43.27895247445597,-70.96675951913132
43.27895806773035,-70.96676993135422
43.27896330848579,-70.96677968734484
43.278968901757636,-70.96679009957016
43.278974142510776,-70.96679985556315
43.27897938326281,-70.96680961155734
43.27898497653093,-70.96682002378625
43.278990217280665,-70.96682977978283
43.27899581054625,-70.96684019201416
43.2790010512937,-70.96684994801309
43.279006292040044,-70.96685970401326
43.279011885301884,-70.96687011624816
43.279017126045936,-70.9668798722507
43.27902236678888,-70.9668896282544
43.279027960046996,-70.9669000404929
43.279033200787644,-70.96690979649901
43.279038794043224,-70.96692020873992
43.2790440349085,-70.96692996417141
43.27904931718646,-70.96693967445337
43.27905460866421,-70.96694940165027
43.279059890939955,-70.96695911193453
43.27906517321462,-70.96696882222001
43.279070455488196,-70.96697853250667
43.279075746961325,-70.96698825970789
43.27908102923267,-70.96699796999685
43.279086311502944,-70.96700768028704
43.279091952057016,-70.96701804920659
43.279096885240634,-70.96702711778394
43.27910216750759,-70.96703682807765
43.279107808058015,-70.96704719700071
43.279113090322696,-70.96705690729682
43.27911802350214,-70.96706597587846
43.2791233057647,-70.96707568617686
43.27912894631027,-70.96708605510469
43.27913422857056,-70.96709576540552
43.27913916174584,-70.96710483399144
43.27914480228778,-70.96711520292281
43.279150084544746,-70.96712491322714
43.279155017716874,-70.96713398181622
43.279160658255165,-70.96714435075114
43.27916594050883,-70.96715406105898
43.27917122276141,-70.96716377136802
43.27917615592936,-70.96717283996136
43.279181796462815,-70.96718320890106
43.279187078712084,-70.9671929192136
43.27919236096027,-70.96720262952736
43.27919767098573,-70.9672123418843
43.279202993750815,-70.96722200649364
43.27920868050032,-70.96723233199741
43.27921400326314,-70.9672419966092
43.279219690010166,-70.96725232211548
43.27922501277074,-70.96726198672974
43.27923033553022,-70.9672716513452
43.27923567199025,-70.9672813408401
43.279240994747546,-70.96729100545791
43.27924668148846,-70.96730133097026
43.27925200424349,-70.96731099559051
43.27925769098192,-70.96732132110536
43.27926301373469,-70.96733098572807
43.27926870047064,-70.9673413112454
43.279274023221156,-70.96735097587056
43.279279359671726,-70.96736066537439
43.27928468242004,-70.96737033000188
43.279290005167276,-70.96737999463062
43.27929569189711,-70.96739032015402
43.2793010146421,-70.96739998478519
43.27930670136944,-70.9674103103111
43.279312024112166,-70.96741997494472
43.27931771083703,-70.9674303004731
43.27932268329505,-70.96743932909229
43.27932837001749,-70.96744965462302
43.27933369275574,-70.96745931926147
43.27933937947569,-70.96746964479468
43.27934470221168,-70.96747930943555
43.27935002494662,-70.96748897407767
43.279355711662895,-70.96749929961462
43.27936103439556,-70.96750896425917
43.27936637082734,-70.96751865378079
43.2793716935578,-70.96752831842768
43.27937738026916,-70.96753864396949
43.27938270299737,-70.96754830861883
43.27938838970623,-70.9675586341631
43.27939371243219,-70.96756829881491
43.27939939913857,-70.96757862436166
43.27940472186226,-70.96758828901592
43.27941040856614,-70.96759861456516
43.27941573128757,-70.96760827922186
43.27942105400794,-70.9676179438798
43.27942674070816,-70.96762826943277
43.279432063426256,-70.96763793409316
43.27943775012399,-70.9676482596486
43.27944307283983,-70.96765792431144
43.27944875953507,-70.96766824986936
43.27945408224867,-70.96767791453466
43.27945941866035,-70.96768760407532
43.27946474137173,-70.96769726874294
43.279470428062055,-70.96770759430574
43.27947575077118,-70.96771725897581
43.27948143745901,-70.96772758454108
43.27948676016589,-70.96773724921361
43.27949208287168,-70.96774691388738
43.27949776955584,-70.96775723945636
43.279503092259375,-70.96776690413257
43.27950877894104,-70.96777722970404
43.27951410164233,-70.9677868943827
43.279519788321515,-70.96779721995665
43.27952511102053,-70.96780688463778
43.27953079769723,-70.9678172102142
43.279536120394,-70.96782687489778
43.279541807068206,-70.96783720047671
43.27954712976271,-70.96784686516274
43.279552452456144,-70.96785652984997
43.279557788846596,-70.96786621941081
43.27956311278963,-70.96787588121319
43.2795688494842,-70.96788615851892
43.279574215952024,-70.96789577256556
43.279579952644134,-70.96790604987382
43.279584967575836,-70.96791503414819
43.27959070426553,-70.96792531145887
43.279596070728935,-70.96793492551036
43.279601437191275,-70.96794453956312
43.279606822343666,-70.96795418710235
43.27961218880383,-70.96796380115747
43.279617925487486,-70.96797407847434
43.27962329194541,-70.96798369253194
43.27962867709314,-70.96799334007568
43.27963404354888,-70.96800295413564
43.27963941000356,-70.96801256819687
43.279644795147874,-70.96802221574393
43.279650161600365,-70.9680318298075
43.27965589827558,-70.96804210713299
43.279661264725846,-70.96805172119907
43.279666279641944,-70.96806070548995
43.27967201631357,-70.96807098281906
43.27967738276059,-70.96808059688875
43.27968311942974,-70.96809087422041
43.279688134341654,-70.9680998585157
43.279693871008405,-70.96811013584976
43.279699237451005,-70.96811974992433
43.27970460389255,-70.96812936400012
43.279709989023,-70.96813901156061
43.27971535546235,-70.96814862563879
43.27972109212307,-70.96815890297904
43.279726458560184,-70.96816851705971
43.279731843685994,-70.96817816462467
43.27973721012092,-70.96818777870772
43.279742946776764,-70.96819805605293
43.27974831320946,-70.96820767013844
43.27975332810886,-70.96821665444696
43.279759064761116,-70.9682269317958
43.27976443119058,-70.96823654588495
43.279770167840375,-70.96824682323633
43.27977518273557,-70.96825580754926
43.279780919382965,-70.96826608490305
43.279786285808,-70.96827569899706
43.279792022452924,-70.96828597635339
43.27979738887572,-70.96829559044987
43.27980277398644,-70.96830523802944
43.279808140407056,-70.96831485212832
43.2798135068266,-70.96832446622841
43.2798192434655,-70.96833474359093
43.27982425835127,-70.9683437279138
43.27982999498775,-70.96835400527873
43.27983536140288,-70.9683636193837
43.2798410980369,-70.96837389675113
43.27984611291848,-70.96838288107843
43.27985184955008,-70.96839315844828
43.2798572159608,-70.96840277255812
43.27986295258994,-70.96841304993049
43.279868318998425,-70.96842266404283
43.2798733338748,-70.96843164837566
43.27987907050036,-70.96844192575169
43.27988443690559,-70.96845153986764
43.27989017352869,-70.96846181724622
43.27989518840085,-70.96847080158345
43.279900925021536,-70.96848107896443
43.27990629142236,-70.96849069308523
43.27991202804059,-70.96850097046875
43.279917042908544,-70.9685099548104
43.27992277952437,-70.96852023219631
43.27992814592076,-70.96852984632199
43.279933882534124,-70.96854012371043
43.27993924892829,-70.96854973783859
43.27994426379102,-70.96855872218578
43.2799500004008,-70.9685689995779
43.27995536679173,-70.96857861370967
43.27996110339903,-70.96858889110429
43.27996611825758,-70.96859787545591
43.279971854862495,-70.96860815285295
43.27997722124899,-70.96861776698958
43.27998295785143,-70.96862804438915
43.279987972705776,-70.96863702874518
43.2799937093058,-70.96864730614715
43.27999907568788,-70.96865692028864
43.28000444206891,-70.96866653443139
43.28001017866531,-70.96867681183714
43.28001519351442,-70.96868579619871
43.280020930108414,-70.96869607360688
43.28002629648502,-70.96870568775448
43.28003203307655,-70.96871596516517
43.280037047921475,-70.96872494953115
43.28004278451059,-70.96873522694425
43.28004815088278,-70.96874484109672
43.28005388746944,-70.96875511851235
43.28005890231015,-70.96876410288273
43.28006426867909,-70.96877371703883
43.28007000526217,-70.96878399445811
43.280075371628875,-70.96879360861668
43.28008110820949,-70.96880388603851
43.28008612304499,-70.96881287041442
43.280091859623205,-70.96882314783866
43.280097225985486,-70.9688327620021
43.28010296256122,-70.96884303942886
43.28010797739252,-70.96885202380919
43.280113713965854,-70.96886230123836
43.28011908032372,-70.96887191540667
43.280124446680524,-70.96888152957618
43.280129831721695,-70.9688911772231
43.28013519807631,-70.96890079139501
43.28014093464361,-70.96891106883038
43.280146300995995,-70.96892068300478
43.280152037560825,-70.96893096044266
43.28015705238271,-70.96893994483294
43.280162788945134,-70.96895022227325
43.2801681552931,-70.9689598364525
43.28017389185305,-70.96897011389534
43.280178906670734,-70.96897909829003
43.28018464322829,-70.96898937573528
43.280190009571825,-70.9689989899194
43.28019537591432,-70.96900860410477
43.280200760940396,-70.96901825176627
43.28020612728069,-70.969027865954
43.28021189687388,-70.96903811265646
43.28021738066083,-70.9690475841606
43.280222897222444,-70.96905711227569
43.2802287684433,-70.96906725295581
43.28023425222699,-70.96907672446372
43.28024012344545,-70.96908686514648
43.28024564000241,-70.96909639326628
43.28025112378283,-70.96910586477796
43.2802569949977,-70.96911600546458
43.28026286621131,-70.96912614615253
43.28026799532837,-70.96913500510334
43.28027386653964,-70.96914514579382
43.280279350314636,-70.96915461731184
43.2802852215235,-70.96916475800496
43.28029073807127,-70.96917428613418
43.28029622184301,-70.96918375765598
43.28030209304827,-70.96919389835296
43.280307609592604,-70.96920342648568
43.28031309336107,-70.96921289801126
43.280318964562746,-70.96922303871207
43.280324835763146,-70.96923317941422
43.280329964868834,-70.96924203837767
43.280335836066904,-70.96925217908233
43.28034131982993,-70.96926165061427
43.280347191025605,-70.96927179132157
43.28035270756075,-70.96928131946373
43.28035819132052,-70.96929079099945
43.2803640625126,-70.96930093171059
43.28036993370341,-70.96931107242307
43.280375062800815,-70.96931993139576
43.280380933989285,-70.96933007211075
43.28038680517649,-70.96934021282708
43.2803919342708,-70.96934907180321
43.280397805455664,-70.96935921252205
43.280403289206745,-70.96936868406789
43.28040916038921,-70.96937882478937
43.28041467691174,-70.96938835294448
43.28042016065956,-70.9693978244941
43.280426031838424,-70.96940796521943
43.28043190301603,-70.9694181059461
43.280437032102064,-70.96942696493143
43.28044290162303,-70.96943710292699
43.28044824656737,-70.96944674202872
43.28045395866029,-70.9694570432517
43.280459303602385,-70.9694666823559
43.280465015692826,-70.96947698358137
43.2804700097134,-70.96948598983737
43.28047572180142,-70.96949629106523
43.28048106673908,-70.96950593017426
43.280486778824624,-70.96951623140464
43.28049212376003,-70.96952587051615
43.280497835843114,-70.96953617174903
43.28050318077627,-70.969545810863
43.28050817478947,-70.96955481712672
43.28051388686894,-70.96956511836324
43.28051923179884,-70.96957475748081
43.28052494387585,-70.9695850587198
43.2805302888035,-70.96959469783987
43.280536000878016,-70.96960499908138
43.28054099488485,-70.96961400535173
43.280546706956954,-70.96962430659562
43.28055205188017,-70.9696339457205
43.2805577639498,-70.96964424696691
43.280563108870766,-70.96965388609426
43.280568820937916,-70.96966418734317
43.28057416585664,-70.96967382647298
43.280579527003134,-70.96968349487145
43.280584871919665,-70.96969313400363
43.28059021683512,-70.96970277313703
43.280595928896204,-70.96971307439209
43.28060127380941,-70.96972271352796
43.28060698586802,-70.96973301478553
43.28061233077898,-70.96974265392387
43.2806176919173,-70.96975232233018
43.280623036826064,-70.9697619614709
43.28062874887978,-70.96977226273334
43.280634093786304,-70.96978190187652
43.280639805837545,-70.9697922031415
43.28064515074182,-70.96980184228714
43.280650862790594,-70.96981214355462
43.280655856775184,-70.96982114984816
43.28066120167621,-70.96983078899741
43.28066691372137,-70.96984109026853
43.28067225862015,-70.96985072942023
43.28067797066283,-70.96986103069383
43.28068331555936,-70.96987066984802
43.280689027599564,-70.96988097112414
43.280694021576785,-70.96988997742544
43.28069973361458,-70.96990027870395
43.28070507850667,-70.96990991786294
43.28071079054198,-70.96992021914396
43.280716135431824,-70.96992985830543
43.28072184746466,-70.96994015958896
43.28072719235225,-70.9699497987529
43.28073255346595,-70.96995946718278
43.280737898351354,-70.9699691063491
43.280743243235676,-70.96997874551664
43.28074895526244,-70.96998904680629
43.28075430014454,-70.96999868597631
43.28076001216882,-70.97000898726849
43.28076535704866,-70.97001862644096
43.28077071815419,-70.97002829487867
43.28077606303183,-70.97003793405351
43.28078177116809,-70.97004823228578
43.28078701686417,-70.9700579828813
43.28079261577334,-70.97006839002583
43.28079786146714,-70.97007814062373
43.28080346037379,-70.97008854777067
43.28080870606527,-70.97009829837096
43.28081430496939,-70.9701087055203
43.28081955065859,-70.97011845612299
43.280825149560194,-70.97012886327475
43.28083039524709,-70.97013861387983
43.28083564093289,-70.97014836448606
43.28084123983075,-70.97015877164144
43.28084648551426,-70.97016852225008
43.28085208440958,-70.97017892940785
43.28085767805247,-70.97018932680609
43.28086292373252,-70.97019907741841
43.280868522624075,-70.97020948457991
43.280873768301824,-70.97021923519463
43.28087936719085,-70.97022964235855
43.28088461286631,-70.97023939297566
43.280890206502015,-70.97024979038186
43.28089580538723,-70.97026019754946
43.28090105105925,-70.97026994817027
43.28090664994194,-70.9702803553403
43.28091189561167,-70.97029010596349
43.28091770787947,-70.9703003141651
43.28092314173355,-70.9703098475707
43.280928602253034,-70.97031942776242
43.28093403610497,-70.97032896117044
43.280939849990084,-70.97033916133017
43.28094493047196,-70.97034807477486
43.28095074435472,-70.97035827493706
43.2809561782023,-70.97036780835005
43.28096163871493,-70.97037738854864
43.280967072560365,-70.97038692196405
43.280972533070724,-70.97039650216489
43.28097796691401,-70.97040603558273
43.2809837807896,-70.97041623575248
43.28098886126324,-70.9704251492061
43.28099467513645,-70.9704353493783
43.281000108975405,-70.97044488280115
43.28100556947891,-70.97045446300883
43.281011003315704,-70.97046399643409
43.28101681718412,-70.97047419661136
43.281021897651584,-70.97048311007173
43.28102771151764,-70.97049331025147
43.28103314535008,-70.9705028436817
43.28103860584674,-70.97051242389627
43.281044039677035,-70.97052195732893
43.28104985353829,-70.97053215751374
43.28105493399958,-70.97054107098083
43.28106074785845,-70.97055127116812
43.2810661816844,-70.97056080460574
43.281071642174204,-70.97057038482717
43.281077075998006,-70.97057991826723
43.2810828898521,-70.97059011845958
43.2810879703072,-70.9705990319334
43.281093784158905,-70.97060923212823
43.28109886461197,-70.97061814560425
43.281104678461304,-70.97062834580154
43.281110112278604,-70.97063787924901
43.28111557275929,-70.97064745947957
43.28112100657445,-70.97065699292945
43.281126820419004,-70.97066719313182
43.28113190086587,-70.97067610661458
43.28113771470805,-70.97068630681942
43.281143148518865,-70.97069584027427
43.28114860899268,-70.97070542051168
43.281154042801354,-70.97071495396898
43.28115985663873,-70.97072515417888
43.281164937079424,-70.97073406766836
43.281170750914434,-70.97074426788075
43.28117618471876,-70.97075380134302
43.28118164518571,-70.97076338158729
43.281187078987884,-70.97077291505198
43.281192892818105,-70.97078311526943
43.28119797325262,-70.97079202876564
43.28120378708044,-70.97080222898555
43.28120922087828,-70.97081176245521
43.281214673797734,-70.97082133541964
43.281219961910566,-70.97083103916572
43.28122525002232,-70.97084074291298
43.28123089725265,-70.97085110565058
43.28123618536213,-70.97086080940028
43.281241832589956,-70.97087117214035
43.28124712069717,-70.97088087589248
43.281252059552315,-70.970889938765
43.2812577067765,-70.97090030150862
43.281262994880414,-70.97091000526426
43.28126828298323,-70.9709197090211
43.2812739302037,-70.97093007176838
43.28127921830425,-70.97093977552765
43.281284865522224,-70.97095013827736
43.28129015362048,-70.97095984203908
43.28129509246715,-70.97096890492027
43.28130073968149,-70.97097926767356
43.28130602777646,-70.97098897143876
43.28131167498829,-70.97099933419449
43.28131696308096,-70.97100903796212
43.281322251172575,-70.97101874173097
43.281327898380695,-70.97102910449037
43.28133318647003,-70.97103880826165
43.28133883367565,-70.9710491710235
43.28134377251268,-70.97105823391443
43.2813490605987,-70.97106793768923
43.28135470780069,-70.97107830045464
43.281359995884436,-70.97108800423185
43.2813652839671,-70.97109770801026
43.28137093116538,-70.97110807077934
43.281376219245765,-70.97111777456018
43.281381866441535,-70.97112813733169
43.281387154519656,-70.97113784111495
43.28139209334716,-70.97114690401567
43.28139774053929,-70.97115726679075
43.28140302861409,-70.97116697057753
43.281408675803725,-70.97117733335506
43.28141396387626,-70.97118703714425
43.28141925194771,-70.97119674093466
43.28142489913364,-70.97120710371586
43.2814301872028,-70.9712168075087
43.281435475270904,-70.97122651130275
43.28144077320411,-70.97123623320283
43.28144606126997,-70.97124593699918
43.28145170844976,-70.97125629978636
43.28145699651335,-70.97126600358516
43.28146228457585,-70.97127570738513
43.28146793175194,-70.97128607017599
43.28147321981217,-70.9712957739784
43.28147886698574,-70.97130613677172
43.28148380579512,-70.97131519969088
43.28148909385204,-70.9713249034968
43.28149474102199,-70.97133526629366
43.281500029076646,-70.97134497010201
43.281505676244066,-70.97135533290134
43.281510964296444,-70.9713650367121
43.281516252347735,-70.97137474052408
43.28152189951147,-70.97138510332707
43.28152718756049,-70.97139480714146
43.281532126360325,-70.97140387007038
43.28153777352041,-70.97141423287691
43.28154306156613,-70.97142393669482
43.28154870872372,-70.97143429950383
43.28155399676715,-70.97144400332418
43.28155928480951,-70.97145370714571
43.28156493196339,-70.97146406995837
43.281570220003466,-70.97147377378235
43.28157586715485,-70.97148413659745
43.28158080594507,-70.97149319953613
43.28158609398183,-70.97150290336361
43.28159174112957,-70.97151326618228
43.281597029164054,-70.9715229700122
43.281602765985724,-70.97153324657218
43.28160813374157,-70.97154285908147
43.281613871923796,-70.97155313494912
43.281618888115766,-70.97156211788823
43.28162462629559,-70.97157239375828
43.281629994047016,-70.97158200627243
43.28163573222437,-70.97159228214501
43.28164109997357,-70.97160189466167
43.28164646772171,-70.97161150717956
43.28165185433411,-70.97162115348256
43.28165722208006,-70.97163076600283
43.281662960251374,-70.97164104188158
43.281668327995085,-70.97165065440436
43.28167406616394,-70.97166093028565
43.281679433905424,-70.9716705428109
43.28168482051081,-70.97168018912068
43.28169018825011,-70.9716898016483
43.2816959264141,-70.97170007753455
43.281701294151155,-70.97170969006467
43.28170703231269,-70.97171996595343
43.28171204848678,-70.97172894891143
43.2817177866459,-70.9717392248026
43.28172315437855,-70.9717488373376
43.28172889253519,-70.97175911323129
43.28173426026561,-70.97176872576877
43.28173999841979,-70.97177900166501
43.28174501458757,-70.97178798462969
43.28175075273935,-70.97179826052833
43.281756120465346,-70.97180787307067
43.28176185861466,-70.97181814897183
43.281767226338424,-70.97182776151668
43.28177296448528,-70.97183803742037
43.28177798064672,-70.97184702039173
43.28178371879117,-70.97185729629786
43.28178908651052,-70.97186690884756
43.2817948246525,-70.97187718475618
43.28180019236961,-70.97188679730837
43.28180593050912,-70.97189707321954
43.28181094666425,-70.97190605619758
43.28181668480135,-70.97191633211115
43.28182205251406,-70.97192594466821
43.28182779064871,-70.97193622058433
43.28183315835917,-70.97194583314388
43.28183889649136,-70.97195610906252
43.28184391264014,-70.97196509204723
43.28184965076993,-70.97197536796827
43.281855018475966,-70.9719849805327
43.281860756603294,-70.97199525645627
43.2818661243071,-70.97200486902318
43.281871492009856,-70.97201448159133
43.281876878574415,-70.97202412794066
43.28188224627498,-70.97203374051118
43.28188798439625,-70.97204401644096
43.28189335209459,-70.97205362901397
43.2818990902134,-70.97206390494627
43.281904106350645,-70.97207288794318
43.281909844467066,-70.97208316387791
43.28191521216098,-70.9720927764558
43.28192095027492,-70.97210305239302
43.281926317966594,-70.97211266497338
43.28193205607808,-70.97212294091314
43.281937072209004,-70.97213192391676
43.28194281031808,-70.97214219985892
43.28194817800534,-70.97215181244417
43.28195391611194,-70.97216208838887
43.28195928379697,-70.97217170097662
43.28196502190112,-70.97218197692384
43.28197003802572,-70.97219095993412
43.28197577612745,-70.97220123588376
43.28198114380807,-70.97221084847637
43.281986881907336,-70.97222112442853
43.28199224958572,-70.97223073702361
43.28199798768253,-70.97224101297833
43.28200300380081,-70.97224999599528
43.282008741895204,-70.9722602719524
43.28201410956917,-70.97226988455233
43.28201984766112,-70.97228016051199
43.28202521533284,-70.97228977311443
43.28203095342232,-70.97230004907661
43.282035969534256,-70.97230903210023
43.28204170762133,-70.97231930806481
43.282047075288645,-70.97232892067213
43.282052813373255,-70.97233919663923
43.28205818103833,-70.97234880924904
43.2820635675632,-70.9723584556368
43.282068935226086,-70.97236806824898
43.28207467330583,-70.97237834422103
43.28208004096649,-70.9723879568357
43.28208577904376,-70.97239823281028
43.282091146702186,-70.97240784542745
43.28209653322004,-70.97241749182197
43.282101900876285,-70.97242710444152
43.282107268531476,-70.97243671706231
43.28211300660271,-70.97244699304308
43.28211837425565,-70.97245660566634
43.28212411232442,-70.97246688164965
43.282129128418504,-70.97247586469217
43.28213486648486,-70.97248614067787
43.282140234133394,-70.97249575330602
43.28214598213131,-70.97250602258927
43.28215199823453,-70.97251500223187
43.28215801433673,-70.97252398187577
43.2821640304379,-70.97253296152097
43.28217040927948,-70.97254248259637
43.282176883949546,-70.97255214670884
43.2821829000475,-70.97256112635809
43.28218891614444,-70.97257010600865
43.282194932240344,-70.97257908566048
43.28220094833523,-70.97258806531363
43.28220732717027,-70.97259758639763
43.28221377834008,-70.97260725555203
43.28221907108264,-70.97261591804873
43.28222513559064,-70.97262584367739
43.28223084162013,-70.9726351825963
43.28223690612577,-70.97264510822767
43.282242612152984,-70.97265444714907
43.28224826336778,-70.97266369636318
43.28225396939283,-70.972673035287
43.28226003389389,-70.97268296092375
43.28226573991669,-70.97269229985004
43.28227180441536,-70.9727022254895
43.28227709714797,-70.97271088799815
43.282283161644415,-70.97272081364025
43.2822888676628,-70.97273015257149
43.28229493215688,-70.97274007821629
43.28230065494437,-70.97274941454607
43.28230686282964,-70.97275916479495
43.28231227656563,-70.97276766773716
43.28231812370008,-70.97277685138812
43.282323970833474,-70.97278603504033
43.28232981796581,-70.97279521869378
43.28233602584557,-70.97280496894943
43.2823418729757,-70.97281415260547
43.28234772010478,-70.97282333626275
43.282353567232775,-70.97283251992125
43.282359775108034,-70.97284227018243
43.28236562223385,-70.97285145384353
43.28237103596023,-70.97285995679783
43.28237688308402,-70.97286914046137
43.28238309095488,-70.97287889072801
43.28238893807647,-70.9728880743941
43.282394785197006,-70.97289725806147
43.28240063231646,-70.97290644173006
43.28240684018282,-70.97291619200219
43.28241268730009,-70.97292537567337
43.28241853441629,-70.97293455934579
43.28242438153142,-70.97294374301946
43.28243058939327,-70.9729534932971
43.28243600310907,-70.9729619962648
43.28244185022106,-70.97297117994225
43.28244769733198,-70.97298036362092
43.282453544441836,-70.97298954730084
43.28245975229816,-70.97299929758528
43.28246559940582,-70.97300848126778
43.28247144651242,-70.97301766495153
43.28247729361794,-70.97302684863651
43.28248350146976,-70.97303659892646
43.2824893485731,-70.97304578261404
43.28249476227932,-70.97305428559385
43.282500609380634,-70.97306346928384
43.282506817228054,-70.97307321957925
43.282512664327186,-70.97308240327185
43.28251851142523,-70.97309158696567
43.282524358522224,-70.97310077066074
43.28253056636514,-70.97311052096164
43.28253641345993,-70.97311970465928
43.28254262130057,-70.97312945496301
43.28254846839319,-70.97313863866324
43.28255431548473,-70.97314782236472
43.282560523321976,-70.9731575726726
43.28256637041133,-70.97316675637668
43.28257221749963,-70.97317594008196
43.282578425333476,-70.97318569039399
43.28258427241957,-70.9731948741019
43.28259004685687,-70.97320394370702
43.2825958939409,-70.97321312741744
43.28260174102386,-70.97322231112912
43.28260794885215,-70.97323206144807
43.282613795932924,-70.97324124516233
43.28261964301262,-70.97325042887782
43.28262585083752,-70.97326017920093
43.282631697915036,-70.97326936291901
43.28263754499147,-70.97327854663833
43.28264375281298,-70.9732882969656
43.28264959988725,-70.9732974806875
43.28265580770648,-70.97330723101759
43.28266165477854,-70.97331641474209
43.28266750184955,-70.97332559846782
43.282673709665396,-70.97333534880205
43.28267955673421,-70.97334453253038
43.28268540380196,-70.97335371625992
43.28269161161439,-70.97336346659833
43.28269745867997,-70.97337265033048
43.282703233097955,-70.97338171996108
43.282709080161446,-70.97339090369577
43.282714927223864,-70.97340008743167
43.28272113503074,-70.973409837777
43.282726982090985,-70.97341902151551
43.28273282915015,-70.97342820525526
43.282739036953636,-70.97343795560474
43.28274488401061,-70.97344713934706
43.28275109181182,-70.97345688969935
43.28275693886661,-70.97346607344427
43.28276278592033,-70.97347525719043
43.28276899371814,-70.97348500754687
43.28277484076969,-70.97349419129561
43.28278068782015,-70.9735033750456
43.282786895614564,-70.9735131254062
43.282792742662856,-70.97352230915878
43.28279858971007,-70.97353149291257
43.282804797501086,-70.97354124327735
43.2828105,-70.97355019999999
43.28281614509902,-70.97355882071005
43.28282244817092,-70.97356844622281
43.28282838928394,-70.97357751898588
43.28283433039593,-70.97358659175019
43.28284027150686,-70.97359566451581
43.28284621261676,-70.97360473728268
43.28285215372561,-70.97361381005084
43.282858094833415,-70.97362288282028
43.282864397897654,-70.97363250834282
43.282870339003324,-70.97364158111488
43.28287628010796,-70.97365065388823
43.282882221211544,-70.97365972666286
43.282888162314094,-70.97366879943876
43.282894103415586,-70.97367787221593
43.28290040647324,-70.97368749774685
43.28290634757261,-70.97369657052666
43.28291228867094,-70.97370564330777
43.28291822976821,-70.97371471609013
43.28292417086445,-70.97372378887377
43.282930111959644,-70.97373286165868
43.282936415010724,-70.973742487198
43.28294235610378,-70.97375155998557
43.28294829719579,-70.97376063277439
43.28295423828677,-70.97376970556452
43.28296017937669,-70.97377877835589
43.28296612046558,-70.97378785114854
43.282972061553416,-70.97379692394247
43.28297836459683,-70.97380654949157
43.28298430568253,-70.97381562228817
43.282990246767206,-70.97382469508601
43.28299618785081,-70.97383376788514
43.2830021289334,-70.97384284068553
43.283008070014915,-70.9738519134872
43.28301437305178,-70.9738615390447
43.283020314131164,-70.97387061184902
43.28302625520952,-70.97387968465462
43.283032196286825,-70.97388875746148
43.28303813736309,-70.97389783026964
43.28304407843831,-70.97390690307904
43.283050019512494,-70.97391597588972
43.28305632254168,-70.97392560145701
43.28306226361372,-70.97393467427034
43.283068204684724,-70.97394374708496
43.28307414575468,-70.97395281990083
43.283080086823595,-70.973961892718
43.283086027891464,-70.97397096553642
43.28309233091407,-70.9739805911121
43.28309827197982,-70.97398966393318
43.28310421304452,-70.97399873675553
43.283110154108144,-70.97400780957916
43.283116095170755,-70.97401688240406
43.283122036232314,-70.97402595523023
43.28312833924836,-70.97403558081432
43.283134280307785,-70.97404465364313
43.28314017772186,-70.97405378372625
43.283146067983274,-70.97406291726962
43.28315231957528,-70.97407261110172
43.28315820983453,-70.9740817446477
43.28316410009275,-70.97409087819496
43.28317035168138,-70.97410057203126
43.28317624193742,-70.9741097055811
43.28318213219241,-70.97411883913222
43.283188383777684,-70.97412853297273
43.28319427403051,-70.97413766652645
43.28320016428227,-70.97414680008144
43.28320641586419,-70.97415649392616
43.28321274582522,-70.97416630931058
43.283218636073656,-70.9741754428695
43.28322488765211,-70.97418513671846
43.28323077789838,-70.97419427027997
43.2832366681436,-70.97420340384275
43.28324255838776,-70.97421253740679
43.283248879166855,-70.97422216040785
43.283254686853006,-70.9742304157074
43.283260858312254,-70.97423918809261
43.28326702977052,-70.97424796047918
43.28327283745389,-70.97425621578235
43.283279008910256,-70.97426498817151
43.283284816591795,-70.97427324347706
43.28329098804623,-70.9742820158688
43.283297159499696,-70.97429078826188
43.28330296717847,-70.97429904357105
43.28330913863002,-70.97430781596672
43.283314946306945,-70.97431607127827
43.283321117756586,-70.97432484367651
43.283327289205246,-70.97433361607612
43.28333395638571,-70.97434206546336
43.283341028778295,-70.9743509568049
43.283347738608185,-70.97435939233895
43.283354810998695,-70.97436828368359
43.28336188338814,-70.97437717502983
43.283368593215016,-70.97438561056828
43.283375665602385,-70.97439450191763
43.28338219379832,-70.9744027091164
43.283389026180316,-70.97441095520615
43.2833967336885,-70.97441945565214
43.28340383314187,-70.97442728548997
43.283410932594364,-70.9744351153293
43.283418032046015,-70.97444294517008
43.283425131496834,-70.97445077501237
43.28343283900021,-70.9744592754664
43.283439938449234,-70.97446710531175
43.283447037897396,-70.97447493515857
43.28345413734471,-70.97448276500685
43.283461236791176,-70.97449059485665
43.28346894428975,-70.97449909531872
43.28347604373444,-70.97450692517157
43.28348314317826,-70.9745147550259
43.28349095698845,-70.97452208838685
43.28349884056466,-70.97452932763267
43.28350672414008,-70.97453656688006
43.28351425289604,-70.97454348030969
43.283522136469976,-70.97455071956021
43.28353002004311,-70.97455795881228
43.28353790361548,-70.97456519806595
43.283546123521965,-70.97457274616784
43.28355400709275,-70.97457998542474
43.28356119950954,-70.97458659001677
43.283569419413695,-70.97459413812358
43.283577302982195,-70.97460137738517
43.28358552288472,-70.97460892549537
43.28359340645164,-70.97461616476019
43.28360129001776,-70.97462340402659
43.283609509917866,-70.97463095214185
43.28361739348241,-70.97463819141149
43.28362458589365,-70.97464479601524
43.283632133122,-70.97465172644036
43.283640016684295,-70.97465896571453
43.28364790024583,-70.97466620499026
43.28365509265433,-70.97467280959961
43.28366407099715,-70.97467668075187
43.2836729129806,-70.9746803912943
43.28368195836949,-70.97468418719707
43.28369008911751,-70.97468759927128
43.28369893110029,-70.97469130981675
43.283707976488486,-70.97469510572263
43.28371702187646,-70.97469890162961
43.28372494921796,-70.97470222834814
43.28373399460549,-70.97470602425713
43.28374303999277,-70.9747098201672
43.28375208537982,-70.97471361607838
43.283760927360966,-70.97471732663107
43.28376892845443,-70.97472037998975
43.28377695627614,-70.9747232322243
43.2837859213964,-70.97472641747606
43.28379394921782,-70.97472926971217
43.28380291433775,-70.97473245496566
43.28381094215887,-70.97473530720329
43.28381896997986,-70.97473815944169
43.283826997800716,-70.97474101168078
43.283834088322834,-70.97474353090362
43.283841939666125,-70.97474632044268
43.28384998418548,-70.97474911094089
43.283857963325154,-70.97475125727891
43.283867042820816,-70.9747536996064
43.28387502196031,-70.97475584594558
43.283883001099724,-70.97475799228533
43.28389098023905,-70.97476013862563
43.28389995561402,-70.97476241493774
43.28390799594309,-70.97476403792561
43.28391603627212,-70.9747656609139
43.2839240766011,-70.97476728390262
43.28393201222076,-70.97476888575555
43.28394005254965,-70.9747705087451
43.28394809287851,-70.97477213173508
43.28395602849803,-70.97477373358926
43.283964068826776,-70.97477535658008
43.283972004446206,-70.9747769584351
43.28398004477487,-70.97477858142678
43.2839889968653,-70.97478004491508
43.28399699315875,-70.97478109802374
43.284005980344325,-70.97478228163283
43.28401404579392,-70.97478334384992
43.28402303297946,-70.97478452745968
43.284032020164986,-70.97478571106979
43.28404001645832,-70.97478676417992
43.28405006369212,-70.97478808739888
43.28405905087756,-70.97478927101002
43.28406803806297,-70.97479045462153
43.284077025248365,-70.97479163823336
43.284087003325865,-70.97479295234605
43.284095990511204,-70.97479413595863
43.284104977696515,-70.97479531957156
43.28411498647734,-70.97479658249074
43.284124001021205,-70.97479603152932
43.28413301556505,-70.97479548056776
43.28414199778401,-70.9747949315817
43.284151012327854,-70.97479438061981
43.2841599945468,-70.97479383163345
43.28416900909063,-70.97479328067122
43.28417799130956,-70.97479273168452
43.28418700585339,-70.97479218072198
43.28419598807231,-70.97479163173494
43.28420500261612,-70.97479108077206
43.284213984835034,-70.97479053178472
43.28422299937883,-70.97478998082153
43.284232013922626,-70.97478942985816
43.28424099614153,-70.97478888087032
43.28425001068531,-70.97478832990663
43.28425902089118,-70.97478735574951
43.28426802104616,-70.97478635838867
43.284276027666664,-70.97478547112705
43.2842850278216,-70.97478447376565
43.28429402797654,-70.97478347640396
43.28430302813146,-70.97478247904196
43.28431202828636,-70.97478148167968
43.284321028441234,-70.97478048431711
43.284328976716914,-70.97477960351951
43.28433797687177,-70.97477860615638
43.2843469770266,-70.97477760879295
43.28435597718141,-70.97477661142922
43.2843649773362,-70.97477561406521
43.284373977490986,-70.9747746167009
43.284381984111306,-70.97477372943621
43.284390984266054,-70.97477273207136
43.28439998442078,-70.9747717347062
43.28440903856595,-70.9747705362984
43.28441802280507,-70.97476931712741
43.28442799738001,-70.97476796356635
43.284436981619066,-70.9747667443946
43.284445965858104,-70.9747655252225
43.28445502131351,-70.97476429638589
43.2844640055525,-70.97476307721305
43.28447298979145,-70.97476185803988
43.28448197403039,-70.97476063886634
43.28449201982152,-70.97475927563828
43.284501004060395,-70.97475805646398
43.28450998829926,-70.97475683728933
43.28451804898818,-70.97475558379787
43.28452701378094,-70.97475416422913
43.28453597857367,-70.97475274465995
43.28454403929222,-70.97475146824999
43.284553004084884,-70.97475004868004
43.28456205169006,-70.97474861599633
43.284570029595976,-70.97474735269861
43.28457907720107,-70.97474592001412
43.284588041993594,-70.97474450044253
43.284596019899425,-70.97474323714374
43.28460506750443,-70.97474180445802
43.28461403229684,-70.97474038488524
43.28462209301512,-70.97473910847201
43.284631057807474,-70.97473768889844
43.28464002259981,-70.97473626932445
43.28464808331799,-70.97473499291014
43.28465704811025,-70.97473357333536
43.284666095715004,-70.9747321406468
43.28467506050718,-70.97473072107117
43.28468402529934,-70.97472930149515
43.284693072904,-70.9747278688053
43.28470105080945,-70.97472660550218
43.284710015601505,-70.97472518592494
43.284719063206055,-70.97472375323389
43.28472802799804,-70.97472233365583
43.28473699278997,-70.97472091407734
43.28474505350783,-70.97471963765898
43.2847540182997,-70.97471821807972
43.28476306590407,-70.9747167853866
43.28477203069589,-70.97471536580649
43.28478099548767,-70.97471394622596
43.284790043091945,-70.97471251353159
43.284798020997066,-70.97471125022447
43.284806985788734,-70.97470983064272
43.28481603339291,-70.97470839794714
43.284824998184504,-70.97470697836458
43.284833962976066,-70.9747055587816
43.284842023693585,-70.9747042823592
43.28485098848508,-70.97470286277542
43.28485996250471,-70.97470148758289
43.284869017360116,-70.97470023724632
43.284877999774075,-70.97469899691247
43.284886982188,-70.97469775657824
43.284895964601915,-70.97469651624363
43.28490501945722,-70.97469526590561
43.28491400187107,-70.97469402557027
43.28492298428489,-70.97469278523458
43.28493196669868,-70.97469154489852
43.284941021553884,-70.97469029455903
43.28495000396763,-70.97468905422222
43.28495898638134,-70.97468781388507
43.28496796879502,-70.97468657354756
43.284977023650114,-70.97468532320659
43.28498600606377,-70.97468408286834
43.28499498847737,-70.97468284252973
43.28500397089095,-70.97468160219074
43.285013025745926,-70.97468035184829
43.28502200815946,-70.97467911150858
43.28503099057297,-70.9746778711685
43.285039972986446,-70.97467663082806
43.28504902784131,-70.97467538048416
43.28505801025474,-70.97467414014298
43.28506699266813,-70.97467289980143
43.28507597508149,-70.97467165945953
43.28508495749484,-70.97467041911727
43.28509401234959,-70.97466916877151
43.28510299476288,-70.97466792842852
43.28511197717613,-70.97466668808516
43.28511996959251,-70.97466558444596
43.28512902444714,-70.97466433409876
43.28513800686033,-70.97466309375436
43.285146989273485,-70.97466185340957
43.28515597168662,-70.97466061306443
43.28516502654115,-70.97465936271576
43.285174008954215,-70.97465812236987
43.28518299136727,-70.97465688202364
43.28519197378029,-70.97465564167703
43.285201028634724,-70.9746543913269
43.28521001104769,-70.97465315097956
43.285218993460624,-70.97465191063185
43.285227975873546,-70.97465067028378
43.28523703072787,-70.97464941993216
43.28524601314073,-70.97464817958337
43.28525499555356,-70.9746469392342
43.28526397796637,-70.97464569888467
43.28527303282058,-70.97464444853159
43.285282015233335,-70.97464320818133
43.28529099764607,-70.9746419678307
43.28529998005876,-70.97464072747972
43.28530896247145,-70.97463948712837
43.285318017325515,-70.97463823677344
43.28532699973814,-70.97463699642135
43.285335982150734,-70.9746357560689
43.2853449645633,-70.97463451571609
43.28535401941727,-70.9746332653597
43.28536300182978,-70.97463202500616
43.28537198424228,-70.97463078465225
43.285380966654735,-70.97462954429797
43.2853900215086,-70.9746282939401
43.285399003921,-70.9746270535851
43.28540798633338,-70.97462581322972
43.28541696874574,-70.97462457287398
43.2854260235995,-70.97462332251465
43.28543500601179,-70.97462208215818
43.28544398842406,-70.97462084180135
43.2854529708363,-70.97461960144415
43.28546202568997,-70.97461835108334
43.285471008102164,-70.9746171107254
43.285479990514325,-70.97461587036712
43.28548897292646,-70.97461463000845
43.285498027779994,-70.97461337964617
43.2855070101921,-70.97461213928678
43.285515992604154,-70.97461089892703
43.28552497501618,-70.9746096585669
43.28553296743146,-70.9746085549128
43.285542022284865,-70.97460730454871
43.28555100469682,-70.97460606418753
43.28555998710875,-70.974604823826
43.285568969520654,-70.97460358346409
43.285578024373955,-70.97460233309855
43.2855870067858,-70.97460109273591
43.285595989197624,-70.97459985237289
43.28560497160942,-70.97459861200953
43.28561402646261,-70.97459736164251
43.28562300887435,-70.97459612127841
43.28563199128607,-70.97459488091394
43.28564097369775,-70.97459364054912
43.28565002855084,-70.97459239018062
43.28565901096248,-70.97459114981507
43.28566799337408,-70.97458990944915
43.28567697578568,-70.97458866908285
43.28568603063865,-70.97458741871289
43.28569501305017,-70.97458617834586
43.285703995461674,-70.97458493797848
43.285712977873146,-70.97458369761073
43.28572203272602,-70.97458244723929
43.285731015137436,-70.97458120687081
43.28573999754883,-70.97457996650196
43.285748976967696,-70.97457869802525
43.28575803012324,-70.97457739494344
43.28576700783472,-70.97457610272042
43.28577598554617,-70.97457481049702
43.28578397411678,-70.97457366064708
43.285793027272206,-70.97457235756379
43.285802004983566,-70.97457106533928
43.28581098269492,-70.97456977311438
43.285820035850264,-70.97456847002992
43.28582901356154,-70.97456717780429
43.2858379912728,-70.97456588557824
43.28584696898402,-70.97456459335184
43.28585602213925,-70.97456329026586
43.285864010709616,-70.97456214041293
43.285872988420756,-70.97456084818543
43.28588196613187,-70.97455955595754
43.28589101928698,-70.97455825287005
43.285899996998026,-70.97455696064142
43.285908974709045,-70.97455566841238
43.28591802786408,-70.97455436532374
43.28592700557504,-70.97455307309396
43.285935983285974,-70.9745517808638
43.28594397185613,-70.97455063100786
43.28595302501104,-70.97454932791773
43.28596200272188,-70.97454803568647
43.285970980432715,-70.97454674345482
43.28598003358755,-70.97454544036354
43.2859890112983,-70.97454414813113
43.28599798900903,-70.97454285589833
43.28600696671974,-70.97454156366518
43.286016019874445,-70.97454026057237
43.286024008444365,-70.97453911071342
43.286032986155,-70.97453781847916
43.286041963865586,-70.9745365262445
43.28605101702017,-70.97453522315021
43.28605999473071,-70.9745339309148
43.28606897244122,-70.97453263867901
43.286078025595735,-70.97453133558358
43.28608700330617,-70.97453004334702
43.286095981016594,-70.97452875111009
43.286103969586286,-70.97452760124814
43.28611302274067,-70.97452629815119
43.286122000451016,-70.97452500591316
43.28613097816132,-70.97452371367477
43.28614003131562,-70.97452241057667
43.28614900902587,-70.9745211183375
43.2861579867361,-70.97451982609796
43.28616696444629,-70.97451853385803
43.28617601760047,-70.9745172307584
43.286184006169925,-70.97451608089344
43.28619298388002,-70.97451478865241
43.286202037034144,-70.97451348555167
43.2862110147442,-70.97451219330988
43.28621999245421,-70.97451090106772
43.2862289701642,-70.97450960882517
43.286238023318184,-70.97450830572289
43.28624700102812,-70.97450701347958
43.28625597873802,-70.9745057212359
43.28626396730726,-70.97450457136793
43.286273020461124,-70.97450326826417
43.286281998170935,-70.97450197601938
43.28629097588074,-70.97450068377421
43.28630002476513,-70.97449940476953
43.28630902238517,-70.97449836587056
43.286317027020075,-70.9744974416251
43.286326024640076,-70.97449640272555
43.28633502226006,-70.97449536382568
43.28634401988002,-70.97449432492552
43.28635202451487,-70.97449340067901
43.286361022134784,-70.97449236177826
43.286370019754685,-70.97449132287721
43.28637901737457,-70.97449028397584
43.286387022009365,-70.97448935972828
43.28639601962921,-70.97448832082634
43.28640500154774,-70.9744870200859
43.28641397801851,-70.97448571473429
43.286423030691566,-70.97448439830097
43.28643200716226,-70.97448309294857
43.28644098363294,-70.97448178759579
43.28644996010359,-70.97448048224263
43.28645901277652,-70.97447916580778
43.2864679892471,-70.97447786045383
43.28647597679897,-70.97447669890765
43.286485029471805,-70.97447538247167
43.28649400594231,-70.97447407711662
43.28650298241279,-70.9744727717612
43.28651203508555,-70.97447145532405
43.28652101155596,-70.97447014996786
43.28652998802634,-70.97446884461128
43.286538964496685,-70.9744675392543
43.28654801716933,-70.97446622281562
43.28655699363962,-70.9744649174579
43.28656597010989,-70.97446361209977
43.28657502278243,-70.97446229565993
43.28658301033398,-70.97446113410969
43.28659198680417,-70.97445982875045
43.286601039476615,-70.97445851230948
43.28661001594675,-70.97445720694948
43.286618992416834,-70.97445590158911
43.28662796888689,-70.97445459622834
43.28663702155924,-70.97445327978582
43.286645998029236,-70.97445197442428
43.28665497449921,-70.97445066906238
43.286664027171454,-70.97444935261869
43.286673003641376,-70.97444804725602
43.28668198011125,-70.97444674189293
43.28668996766249,-70.97444558033862
43.28669902033462,-70.97444426389343
43.28670799680443,-70.97444295852925
43.2867169732742,-70.97444165316469
43.286726025946244,-70.97444033671835
43.28673500241595,-70.97443903135301
43.28674397888561,-70.9744377259873
43.28675303155758,-70.97443640953979
43.28676200802721,-70.97443510417331
43.28677098449679,-70.97443379880644
43.28677996096634,-70.97443249343918
43.28678901363819,-70.97443117699012
43.286797001189115,-70.97443001543175
43.28680597765858,-70.97442871006339
43.28681503033034,-70.97442739361321
43.286824006799755,-70.97442608824407
43.28683298326913,-70.97442478287456
43.28684203594081,-70.97442346642323
43.286851012410125,-70.97442216105294
43.28685998887942,-70.97442085568227
43.28686896534869,-70.97441955031121
43.28687801802023,-70.97441823385834
43.28688699448944,-70.9744169284865
43.28689597095863,-70.9744156231143
43.28690403471154,-70.9744144504704
43.28691301118066,-70.97441314509747
43.28692198764975,-70.97441183972416
43.286931040321136,-70.97441052326899
43.28694001679016,-70.9744092178949
43.28694899325916,-70.97440791252045
43.28695796972813,-70.9744066071456
43.286967022399374,-70.97440529068886
43.28697599886829,-70.97440398531324
43.286984975337184,-70.97440267993726
43.286994028008344,-70.97440136347937
43.287003004477164,-70.97440005810259
43.28701099202746,-70.97439889653609
43.287019968496224,-70.9743975911586
43.28702902116728,-70.9743962746992
43.28703799763599,-70.97439496932094
43.28704697410466,-70.9743936639423
43.287056026775616,-70.97439234748174
43.287065003244244,-70.97439104210233
43.28707397971284,-70.97438973672253
43.287083032383705,-70.97438842026081
43.28709200885224,-70.97438711488024
43.287100985320734,-70.97438580949928
43.28710996178921,-70.97438450411795
43.287119014459954,-70.9743831876547
43.287127002009925,-70.97438202608376
43.287135978478304,-70.97438072070133
43.28714503114897,-70.97437940423694
43.287154007617296,-70.97437809885372
43.28716298408559,-70.97437679347013
43.28717203675617,-70.97437547700459
43.2871810132244,-70.9743741716202
43.287189989692614,-70.97437286623547
43.287198966160794,-70.97437156085032
43.287208018831244,-70.97437024438322
43.28721699529936,-70.97436893899733
43.287225971767455,-70.97436763361104
43.287234035519404,-70.97436646095449
43.28724301198744,-70.97436515556747
43.287251988455445,-70.97436385018007
43.28726104112573,-70.97436253371069
43.28727001759366,-70.97436122832252
43.287278998796005,-70.97435998351759
43.28728798138729,-70.97435874519674
43.28729696397854,-70.97435750687552
43.2873060188889,-70.97435625858418
43.287315001480096,-70.97435502026222
43.287322994041055,-70.97435391842355
43.2873319766322,-70.97435268010092
43.287341031542454,-70.97435143180813
43.28735001413355,-70.97435019348478
43.287358996724635,-70.97434895516105
43.28736797931569,-70.97434771683695
43.287376961906695,-70.9743464785125
43.28738601681682,-70.97434523021788
43.28739400937758,-70.97434412837664
43.28740299196852,-70.97434289005113
43.28741197455945,-70.97434165172525
43.287421029469456,-70.97434040342921
43.28743001206031,-70.97433916510262
43.28743899465115,-70.97433792677565
43.28744797724195,-70.9743366884483
43.287456959832745,-70.97433545012062
43.287465024712446,-70.97433433830699
43.28747400730319,-70.97433309997861
43.28748298989388,-70.97433186164986
43.28749197248455,-70.97433062332074
43.28750102739434,-70.97432937502143
43.28751001086939,-70.97432817168367
43.28751900613496,-70.9743270969026
43.28752800140051,-70.97432602212119
43.287536996666034,-70.97432494733947
43.287545991931545,-70.97432387255743
43.287554987197026,-70.97432279777509
43.287563982462515,-70.97432172299241
43.287572977727955,-70.97432064820943
43.28758197299339,-70.97431957342613
43.28759096825879,-70.97431849864252
43.28760002635939,-70.97431741635083
43.28760902162477,-70.97431634156656
43.287618016890114,-70.97431526678199
43.28762701215544,-70.97431419199711
43.28763600742076,-70.9743131172119
43.28764500268604,-70.97431204242639
43.28765399795131,-70.97431096764055
43.28766299321655,-70.9743098928544
43.28767198848178,-70.97430881806793
43.287680983746995,-70.97430774328113
43.28768997901218,-70.97430666849402
43.28769899226626,-70.9743058096126
43.287708004821106,-70.97430511868471
43.28771797377647,-70.97430435443623
43.28772698633131,-70.97430366350792
43.28773599888615,-70.97430297257941
43.28774501144097,-70.9743022816507
43.28775498039629,-70.97430151740129
43.287763992951106,-70.97430082647213
43.2877730055059,-70.97430013554278
43.2877826,-70.97429939999999
43.28779098556887,-70.97429868194146
43.28779999593377,-70.97429791038127
43.28780900629866,-70.97429713882084
43.287818016663536,-70.9742963672602
43.28782698183144,-70.97429559956954
43.28783599219629,-70.97429482800842
43.28784400643138,-70.97429414174611
43.28785301679623,-70.97429337018457
43.2878619819641,-70.97429260249304
43.287870992328905,-70.97429183093104
43.28788000269371,-70.97429105936881
43.28788801692876,-70.9742903731055
43.28789698209658,-70.97428960541309
43.287905992461354,-70.9742888338502
43.28791500282612,-70.9742880622871
43.28792401319088,-70.97428729072375
43.28793297835867,-70.97428652303044
43.287940992593654,-70.97428583676593
43.28795000295838,-70.97428506520194
43.287958991963734,-70.97428458478326
43.28796800494629,-70.97428425556451
43.28797699858814,-70.97428392705213
43.28798599222997,-70.97428359853963
43.28799500521254,-70.97428326932058
43.28800399885437,-70.9742829408079
43.288012992496206,-70.97428261229511
43.28802200547876,-70.97428228307577
43.28803099912058,-70.97428195456278
43.28803999276242,-70.97428162604972
43.288049005744966,-70.97428129683009
43.28805799938679,-70.9742809683168
43.288066993028615,-70.97428063980344
43.28807600601115,-70.97428031058351
43.28808499965298,-70.97427998206996
43.288093993294794,-70.9742796535563
43.28810300627734,-70.97427932433607
43.28811199991914,-70.97427899582223
43.28812099356095,-70.97427866730828
43.28813000654348,-70.97427833808776
43.28813900018529,-70.97427800957362
43.2881479938271,-70.97427768105938
43.28815700680963,-70.97427735183857
43.28816600045142,-70.97427702332415
43.288174994093225,-70.97427669480962
43.28818400707575,-70.97427636558851
43.28819300071754,-70.97427603707378
43.28820199435934,-70.97427570855895
43.28821100734185,-70.97427537933757
43.28822000098364,-70.97427505082256
43.288228994625435,-70.97427472230743
43.28823700831441,-70.97427442958745
43.28824600195619,-70.97427410107215
43.288254995597974,-70.97427377255676
43.28826400858047,-70.9742734433348
43.28827300222225,-70.9742731148192
43.28828199586404,-70.97427278630352
43.28829098950581,-70.97427245778773
43.2883000024883,-70.97427212856537
43.28830899613007,-70.97427180004941
43.28831798977184,-70.97427147153331
43.28832700275434,-70.97427114231068
43.28833599639611,-70.9742708137944
43.28834499003787,-70.97427048527804
43.28835400302035,-70.9742701560551
43.2883629966621,-70.97426982753855
43.28837199030388,-70.97426949902187
43.288381003286354,-70.97426916979866
43.2883899969281,-70.9742688412818
43.28839899056985,-70.97426851276485
43.288408003552334,-70.97426818354133
43.28841699719408,-70.97426785502418
43.28842599083583,-70.97426752650694
43.28843500381829,-70.97426719728313
43.288443997460035,-70.9742668687657
43.288452991101785,-70.97426654024815
43.28846200408425,-70.97426621102404
43.28847099772598,-70.97426588250633
43.28847999136772,-70.9742655539885
43.28848900435017,-70.9742652247641
43.288497997991904,-70.97426489624608
43.288506991633646,-70.97426456772796
43.288516004616085,-70.97426423850327
43.28852499825781,-70.97426390998496
43.288533991899534,-70.97426358146654
43.28854300488197,-70.97426325224157
43.28855199852371,-70.97426292372297
43.28856099216543,-70.97426259520427
43.28857000514786,-70.974262265979
43.28857899878958,-70.9742619374601
43.288587992431296,-70.9742616089411
43.28859700541373,-70.97426127971553
43.288605999055434,-70.97426095119636
43.28861499269715,-70.97426062267708
43.28862400567957,-70.97426029345121
43.28863299932127,-70.97425996493173
43.28864099366946,-70.97425967291434
43.28865000665187,-70.9742593436882
43.28865900029357,-70.97425901516844
43.28866799393528,-70.97425868664858
43.28867700691769,-70.97425835742216
43.28868600055938,-70.9742580289021
43.28869499420107,-70.97425770038195
43.28870400718348,-70.97425737115523
43.288713000825176,-70.97425704263489
43.28872199446686,-70.97425671411446
43.28873100744927,-70.97425638488743
43.28874000109094,-70.9742560563668
43.288748994732636,-70.97425572784607
43.288758007715025,-70.97425539861877
43.288767001356696,-70.97425507009784
43.28877599499838,-70.97425474157681
43.28878500798076,-70.97425441234923
43.28879400162245,-70.974254083828
43.28880299526411,-70.97425375530669
43.2888120082465,-70.97425342607879
43.28882100188817,-70.9742530975573
43.288829995529824,-70.97425276903569
43.28883900851221,-70.9742524398075
43.28884800215388,-70.9742521112857
43.28885699579553,-70.9742517827638
43.288866008777894,-70.97425145353533
43.288875002419545,-70.97425112501323
43.28888399801813,-70.9742507981833
