40.70880278638911,-74.05939028529312
40.708801016079036,-74.05938797852527
40.70881018346941,-74.0593997330353
40.7088192724771,-74.05941060352104
40.70882613214721,-74.05941880771383
40.7088329918164,-74.05942701190789
40.70883985148467,-74.05943521610325
40.70884616228824,-74.05944276385596
40.70885302195477,-74.05945096805381
40.7088598816204,-74.05945917225299
40.7088661924216,-74.05946672000925
40.7088730520855,-74.05947492421093
40.70887991174848,-74.05948312841387
40.7088862225473,-74.05949067617372
40.70889308220856,-74.0594988803792
40.70889994186889,-74.05950708458596
40.70890680152833,-74.05951528879402
40.70891311232395,-74.05952283655863
40.70891997198165,-74.0595310407692
40.70892683163843,-74.05953924498107
40.70893314243169,-74.05954679274926
40.70894000208674,-74.05955499696363
40.70894686174088,-74.05956320117927
40.70895317253175,-74.05957074895105
40.708960032184166,-74.0595789531692
40.70896689183566,-74.05958715738866
40.70897375148623,-74.05959536160941
40.70898006227392,-74.05960290938596
40.70898692192278,-74.05961111360922
40.70899378157072,-74.05961931783376
40.70900009235604,-74.0596268656139
40.70900695200224,-74.05963506984094
40.70901381164754,-74.0596432740693
40.70902012243047,-74.05965082185298
40.70902698207403,-74.05965902608384
40.70903384171668,-74.05966723031601
40.709040701358425,-74.05967543454945
40.709047012138164,-74.05968298233792
40.709053871778174,-74.05969118657387
40.70906073141727,-74.05969939081112
40.70906704219465,-74.05970693860316
40.709073901832014,-74.05971514284292
40.70908076146846,-74.05972334708397
40.709087072243456,-74.05973089487955
40.70909393187817,-74.05973909912312
40.70910079151198,-74.05974730336797
40.70910765114487,-74.05975550761411
40.70911396191668,-74.0597630554145
40.709120821547835,-74.05977125966315
40.70912768117809,-74.0597794639131
40.70913436914872,-74.05978746285714
40.709141228777206,-74.05979566710971
40.709148088404774,-74.05980387136354
40.709154399171815,-74.05981141917114
40.70916125879765,-74.05981962342749
40.70916811842257,-74.05982782768513
40.70917497804659,-74.05983603194407
40.70918128881043,-74.05984357975646
40.709188148432716,-74.05985178401791
40.709195008054074,-74.05985998828064
40.709201318815545,-74.05986753609659
40.70920817843518,-74.05987574036185
40.70921503805391,-74.05988394462837
40.70922134881301,-74.0598914924479
40.70922820843,-74.05989969671695
40.7092349,-74.0599077
40.709241212532916,-74.05991570845245
40.70924787902111,-74.05992416595592
40.70925402598208,-74.05993196435843
40.709261071193765,-74.05994090233813
40.70926721815304,-74.059948700743
40.70927388463751,-74.05995715825141
40.70928003159515,-74.05996495665858
40.709286698077776,-74.05997341416939
40.709293223758905,-74.05998169305315
40.709299890239656,-74.05999015056648
40.709306037193926,-74.0599979489783
40.70931270367284,-74.06000640649407
40.7093192293505,-74.06001468538287
40.70932589582751,-74.06002314290114
40.70933204277845,-74.06003094131763
40.70933870925364,-74.06003939883833
40.7093448562029,-74.0600471972571
40.70935190140112,-74.06005613525537
40.7093580483487,-74.06006393367653
40.70936471482017,-74.06007239120217
40.70937086176609,-74.06008018962561
40.709377387435964,-74.06008846852568
40.70938405390468,-74.06009692605501
40.70939020084813,-74.06010472448195
40.70939686731501,-74.0601131820137
40.7094030142568,-74.06012098044292
40.709410059446384,-74.06012991845307
40.709416206386486,-74.06013771688467
40.70942287284964,-74.06014617442135
40.70942901978809,-74.06015397285523
40.70943606497382,-74.06016291087072
40.70944221191059,-74.06017070930697
40.70944887837002,-74.06017916684861
40.709455025305125,-74.06018696528713
40.70946169176271,-74.0601954228312
40.70946821742041,-74.06020370174886
40.709474883876126,-74.06021215929543
40.70948103080787,-74.06021995773864
40.70948769726175,-74.06022841528763
40.70949422291597,-74.06023669421032
40.70950088936796,-74.06024515176183
40.709507036296365,-74.0602529502097
40.70951370274651,-74.06026140776363
40.70951984967327,-74.0602692062138
40.70952689484552,-74.06027814424782
40.70953304177059,-74.06028594270036
40.70953918869486,-74.06029374115401
40.70954585514042,-74.06030219871404
40.709552380786846,-74.06031047764802
40.70955904723052,-74.0603189352106
40.70956519415146,-74.06032673366889
40.7095718605933,-74.06033519123388
40.70957800751258,-74.06034298969448
40.709585052676196,-74.0603519277404
40.709591199593795,-74.06035972620337
40.709597870944194,-74.06036818577219
40.70960469610151,-74.06037643745326
40.70961097774969,-74.06038403202868
40.70961780290524,-74.06039228371225
40.70962500563464,-74.06040099188908
40.70963128728041,-74.06040858646817
40.709638112433254,-74.0604168381556
40.709644937585175,-74.06042508984432
40.70965121922853,-74.06043268442694
40.7096580443787,-74.06044093611816
40.70966486952796,-74.06044918781066
40.709671694676274,-74.06045743950445
40.7096779763164,-74.06046503409182
40.70968517903746,-74.06047374228093
40.709692004183076,-74.06048199397858
40.70969828582078,-74.06048958856961
40.70970511096463,-74.06049784026975
40.70971193610758,-74.06050609197119
40.70971876124959,-74.06051434367393
40.70972504288407,-74.06052193826972
40.70973186802432,-74.06053018997493
40.70973869316367,-74.06053844168144
40.70974535236992,-74.0605464927744
40.70975217750748,-74.0605547444835
40.70975900264412,-74.06056299619388
40.70976582777983,-74.06057124790554
40.70977210940863,-74.06057884250973
40.709778934542584,-74.06058709422389
40.70978575967562,-74.06059534593932
40.70979204130203,-74.06060294054706
40.7097988664333,-74.06061119226499
40.70980606913757,-74.0606199004787
40.70981289426697,-74.06062815219929
40.70981917589011,-74.06063574681187
40.70982600101776,-74.06064399853496
40.7098328261445,-74.06065225025935
40.709839107765234,-74.06065984487549
40.70984593289022,-74.06066809660236
40.70985275801426,-74.06067634833052
40.7098590396326,-74.06068394295019
40.70986624464326,-74.0606926551122
40.70987300203675,-74.06070099712866
40.70987922629053,-74.06070868098517
40.70988598368223,-74.0607170230041
40.709892741072984,-74.0607253650243
40.7098989653243,-74.06073304888432
40.70990572271326,-74.06074139090698
40.709912325140394,-74.06074954163101
40.70991908252753,-74.06075788365624
40.70992583991372,-74.06076622568273
40.70993206416094,-74.06077390954867
40.70993882154534,-74.06078225157763
40.709945045790946,-74.0607899354459
40.709952181350786,-74.06079874433956
40.70995893873243,-74.06080708637235
40.70996516297554,-74.06081477024422
40.70997192035539,-74.06082311227946
40.709978144596896,-74.06083079615367
40.709984901974956,-74.0608391381914
40.709991659352056,-74.06084748023038
40.7099982617681,-74.06085563097096
40.71000501914338,-74.0608639730125
40.7100112433808,-74.06087165689263
40.71001800075428,-74.06087999893663
40.71002475812685,-74.06088834098192
40.71003098236179,-74.06089602486554
40.71003773973254,-74.06090436691329
40.71004434214266,-74.06091251766279
40.71005109951158,-74.06092085971308
40.710057856879565,-74.06092920176467
40.71006408111043,-74.06093688565423
40.71007083847664,-74.06094522770826
40.71007706270588,-74.06095291160014
40.71008419824685,-74.06096172052071
40.710090955610276,-74.06097006257859
40.710097179837035,-74.06097774647408
40.71010393719867,-74.0609860885344
40.71011016142381,-74.06099377243221
40.71011691878367,-74.06100211449501
40.71012367614256,-74.06101045655907
40.710130278541584,-74.06101860732514
40.71013703589866,-74.06102694939176
40.710143260119715,-74.0610346332955
40.710150017475,-74.06104297536459
40.710156774829336,-74.06105131743494
40.71016299904793,-74.0610590013422
40.710169756400475,-74.061067343415
40.71017635879357,-74.06107549418995
40.710183116144286,-74.06108383626535
40.71018987349407,-74.061092178342
40.71019609770856,-74.06109986225518
40.710202855056544,-74.06110820433429
40.71020907926943,-74.06111588824977
40.710216214791544,-74.0611246971973
40.710222972136755,-74.06113303928025
40.710229196347164,-74.06114072319934
40.71023595369058,-74.06114906528477
40.710242177899374,-74.06115674920618
40.710248935241,-74.06116509129406
40.7102556925817,-74.0611734333832
40.710262294963705,-74.06118158417472
40.710269052302564,-74.06118992626642
40.710275276507275,-74.06119761019377
40.71028203384434,-74.06120595228793
40.71028879118047,-74.06121429438338
40.710295015382705,-74.06122197831424
40.71030177271704,-74.06123032041215
40.71030837509311,-74.06123847121256
40.71031513242562,-74.061246813313
40.71032188975719,-74.06125515541476
40.710328113955335,-74.06126283935153
40.71033487128511,-74.06127118145574
40.710341095481645,-74.06127886539485
40.71034823098488,-74.0612876743693
40.71035498831188,-74.06129601647731
40.71036121250592,-74.06130370042003
40.71036796983115,-74.06131204253053
40.71037419402357,-74.06131972647556
40.71038095134699,-74.06132806858851
40.710387710998454,-74.06133641338208
40.71039397531064,-74.06134403531519
40.7104011577501,-74.06135277435742
40.710407962417214,-74.06136105375768
40.71041422672694,-74.06136867569441
40.71042103139227,-74.06137695509715
40.710427836056674,-74.06138523450116
40.71043410036398,-74.06139285644143
40.71044090502663,-74.06140113584794
40.71044716933236,-74.06140875779055
40.71045397399324,-74.06141703719953
40.71046077865318,-74.0614253166098
40.71046704295649,-74.06143293855595
40.71047384761468,-74.0614412179687
40.71048103004295,-74.06144995702722
40.71048729434382,-74.061457578977
40.71049409899927,-74.0614658583936
40.710500903653795,-74.0614741378115
40.71050716795224,-74.06148175976482
40.710513972605014,-74.06149003918522
40.710520777256825,-74.06149831860687
40.71052704155286,-74.06150594056373
40.71053384620293,-74.06151421998788
40.71054011049737,-74.06152184194707
40.71054691514567,-74.0615301213737
40.71055371979304,-74.06153840080162
40.71055998408507,-74.06154602276436
40.710567166501285,-74.06155476184043
40.710573971145934,-74.06156304127221
40.71058023543551,-74.06157066323857
40.71058704007839,-74.06157894267281
40.710593844720336,-74.06158722210836
40.71060010900749,-74.06159484407827
40.71060691364768,-74.06160312351629
40.71061317793325,-74.06161074548854
40.71061998257167,-74.06161902492904
40.71062678720917,-74.06162730437086
40.710633051492316,-74.06163492634664
40.710639856128054,-74.06164320579092
40.71064703853307,-74.06165194488324
40.71065330281379,-74.06165956686266
40.71066010744678,-74.06166784631081
40.71066691207887,-74.06167612576023
40.71067317635714,-74.06168374774317
40.71067998098746,-74.06169202719508
40.71068678561682,-74.06170030664826
40.7106930498927,-74.06170792863476
40.71069985452031,-74.06171620809044
40.71070611879459,-74.06172383007927
40.710712923420445,-74.06173210953743
40.71071972804536,-74.06174038899685
40.71072599231722,-74.06174801098923
40.71073317471019,-74.06175675009912
40.71073997933238,-74.06176502956241
40.7107462436018,-74.06177265155843
40.71075304822222,-74.0617809310242
40.71075985284173,-74.06178921049127
40.710766117108726,-74.06179683249083
40.710772921726466,-74.06180511196037
40.710779185991875,-74.06181273396226
40.71078599060784,-74.06182101343428
40.710792795222886,-74.0618292929076
40.710799059485886,-74.06183691491302
40.71080586409915,-74.06184519438882
40.71081304648092,-74.06185393351497
40.71081931074147,-74.06186155552405
40.71082611535202,-74.06186983500369
40.71083291996164,-74.06187811448461
40.710839184219765,-74.06188573649725
40.710845988827614,-74.06189401598066
40.71085279343455,-74.06190229546536
40.71085905769026,-74.0619099174815
40.71086586229543,-74.0619181969687
40.71087212654954,-74.06192581898718
40.71087893115294,-74.06193409847685
40.71088573575541,-74.06194237796781
40.71089200000711,-74.06194999998982
40.71089918237682,-74.06195873913352
40.710905986976556,-74.06196701862835
40.71091225122582,-74.061974640654
40.71091907354436,-74.06198289419429
40.71092589677803,-74.06199114850186
40.71093217679052,-74.06199874565768
40.71093900002242,-74.06200699996775
40.71094528003336,-74.06201459712591
40.710952103263494,-74.06202285143846
40.71095892649272,-74.06203110575231
40.71096520650124,-74.06203870291401
40.71097202972872,-74.06204695723035
40.71097830973567,-74.06205455439441
40.71098513296138,-74.06206280871325
40.710991956186184,-74.06207106303337
40.710998236190726,-74.06207866020097
40.71100505941377,-74.06208691452358
40.711011339416736,-74.06209451169353
40.71101816263802,-74.06210276601864
40.71102498585838,-74.06211102034501
40.71103126585895,-74.06211861751852
40.71103808907757,-74.06212687184741
40.71104436907656,-74.06213446902325
40.71105081470764,-74.06214226657322
40.71105763792361,-74.06215052090579
40.71106391792022,-74.0621581180851
40.711070741134435,-74.06216637242015
40.71107702112948,-74.0621739696018
40.71108384434195,-74.06218222393937
40.711090667553485,-74.06219047827821
40.711096947546125,-74.0621980754634
40.7111037707559,-74.06220632980475
40.71111005074697,-74.06221392699227
40.711116873955,-74.06222218133611
40.711123697162094,-74.06223043568122
40.711129977150755,-74.06223803287232
40.71113680035611,-74.06224628721992
40.711143080343206,-74.06225388441335
40.711149903546804,-74.06226213876346
40.71115672674948,-74.06227039311484
40.71116300673416,-74.06227799031183
40.71116982993508,-74.06228624466571
40.711176109918185,-74.06229384186503
40.71118293311736,-74.06230209622142
40.7111897563156,-74.06231035057907
40.71119603629631,-74.06231794778195
40.7112028594928,-74.0623262021421
40.71120968268836,-74.06233445650354
40.711215962666664,-74.06234205370995
40.71122278586047,-74.06235030807389
40.711229065837216,-74.06235790528267
40.71123588902927,-74.06236615964909
40.71124271222041,-74.06237441401679
40.71124899219473,-74.06238201122912
40.71125581538411,-74.06239026559932
40.711262095356865,-74.062397862814
40.71126891854449,-74.06240611718668
40.71127574173119,-74.06241437156066
40.71128202170155,-74.06242196877888
40.7112888448865,-74.06243022315535
40.711295124855276,-74.06243782037592
40.71130194803847,-74.06244607475487
40.71130877122074,-74.06245432913514
40.711315051187114,-74.06246192635925
40.711321874367634,-74.062470180742
40.711328154332435,-74.06247777796845
40.7113349775112,-74.06248603235369
40.711341800689034,-74.0624942867402
40.711348080651426,-74.06250188397021
40.71135490382752,-74.06251013835924
40.71136118378834,-74.06251773559158
40.71136800696268,-74.06252598998311
40.71137483013609,-74.0625342443759
40.71138111009451,-74.0625418416118
40.71138793326616,-74.06255009600709
40.711394213222995,-74.06255769324532
40.71140103639291,-74.06256594764311
40.71140785956188,-74.06257420204217
40.71141413951633,-74.06258179928398
40.711420962683555,-74.06259005368554
40.71142724263641,-74.06259765092966
40.71143406580189,-74.06260590533371
40.711440888966436,-74.06261415973907
40.711447168916905,-74.06262175698677
40.71145399019234,-74.06263001355741
40.711460158910086,-74.06263778033413
40.71146685096119,-74.06264620602052
40.711473019677285,-74.06265397279952
40.711480090315476,-74.06266287515443
40.7114862590299,-74.06267064193582
40.71149295107731,-74.06267906762719
40.71149911979009,-74.06268683441088
40.71150581183568,-74.06269526010469
40.71151198054681,-74.06270302689066
40.71151867259057,-74.06271145258691
40.711525219888735,-74.06271969604188
40.71153191193063,-74.06272812174066
40.71153808063845,-74.06273588853134
40.71154477267852,-74.06274431423253
40.711550941384694,-74.0627520810255
40.71155711009009,-74.06275984781958
40.71156380212746,-74.0627682735244
40.711570349419645,-74.06277651698812
40.71157704145515,-74.06278494269547
40.71158321015723,-74.06279270949423
40.7115899021909,-74.06280113520403
40.711596070891346,-74.06280890200507
40.711602762923185,-74.06281732771728
40.711609310210214,-74.06282557118857
40.71161600224019,-74.06283399690332
40.711622170937325,-74.06284176370905
40.711628862965476,-74.06285018942624
40.711635031660954,-74.06285795623428
40.71164172368727,-74.0628663819539
40.7116478923811,-74.06287414876422
40.7116549629936,-74.06288305115486
40.71166113168575,-74.06289081796757
40.71166782370839,-74.06289924369216
40.7116739923989,-74.06290701050719
40.71168016108864,-74.06291477732333
40.71168685310858,-74.06292320305153
40.71169302179667,-74.06293096986995
40.71170009240254,-74.0629398722698
40.71170626108895,-74.06294763909061
40.7117129531052,-74.06295606482377
40.71171912178998,-74.0629638316469
40.7117258138044,-74.06297225738248
40.71173198248752,-74.0629800242079
40.71173905308767,-74.0629889266157
40.71174522176912,-74.0629966934435
40.71175191377986,-74.06300511918407
40.71175808245966,-74.06301288601416
40.711764774468556,-74.06302131175717
40.71177094314672,-74.06302907858955
40.711777635153794,-74.063037504335
40.71178418241764,-74.06304574784009
40.711790874422846,-74.06305417358806
40.71179704309768,-74.06306194042514
40.71180321177175,-74.06306970726332
40.711809903774274,-74.06307813301491
40.711816072446695,-74.0630858998554
40.711822764447376,-74.06309432560941
40.711829311705245,-74.06310256912325
40.71183600370407,-74.0631109948798
40.71184217237316,-74.06311876172497
40.71184886437016,-74.06312718748396
40.711855033037615,-74.06313495433142
40.71186172503279,-74.06314338009284
40.71186827228549,-74.0631516236142
40.711874964278785,-74.06316004937817
40.71188113294293,-74.0631678162303
40.71188782493441,-74.06317624199669
40.711893993596895,-74.06318400885115
40.711900685586535,-74.06319243461995
40.71190685424739,-74.06320020147669
40.71191392482186,-74.06320910392023
40.71192009348103,-74.06321687077936
40.71192626213944,-74.06322463763959
40.71193295412453,-74.06323306341456
40.711939122781274,-74.0632408302771
40.71194581476453,-74.06324925605449
40.711951983419645,-74.06325702291933
40.7119590539875,-74.0632659253721
40.71196522264092,-74.0632736922393
40.71197191462049,-74.06328211802168
40.71197808327228,-74.06328988489119
40.71198477525002,-74.06329831067599
40.71199094390016,-74.06330607754781
40.711997834598726,-74.06331424350475
40.71200473081365,-74.06332239629774
40.712011072403186,-74.0633298934076
40.712017968616415,-74.0633380462031
40.71202486482873,-74.06334619899988
40.71203120641593,-74.06335369611335
40.712038102626536,-74.06336184891268
40.71204499883624,-74.06337000171331
40.7120513404211,-74.06337749883035
40.71205823662908,-74.06338565163348
40.71206475610615,-74.0633933590617
40.712071652312375,-74.06340151186737
40.712077993894106,-74.06340900898911
40.71208489009862,-74.06341716179729
40.71209178630224,-74.06342531460677
40.71209812788164,-74.06343281173214
40.712105024083534,-74.06344096454413
40.712111920284535,-74.06344911735742
40.71211826186158,-74.06345661448637
40.71212515806087,-74.06346476730218
40.712132054259264,-74.06347292011932
40.71213839583398,-74.06348041725185
40.71214491530098,-74.06348812469417
40.712151811496796,-74.06349627751504
40.71215870769171,-74.06350443033719
40.712165049263284,-74.06351192747444
40.71217194545648,-74.06352008029911
40.7121788416488,-74.0635282331251
40.712185183218025,-74.06353573026593
40.71219207940862,-74.06354388309443
40.7121989755983,-74.06355203592422
40.7122053171652,-74.06355953306866
40.71221221335319,-74.06356768590098
40.71221910954026,-74.0635758387346
40.71222562899714,-74.06358354619114
40.71223197056091,-74.06359104334027
40.7122388667454,-74.06359919617763
40.71224576292901,-74.0636073490163
40.712252104490446,-74.06361484616902
40.71225900067233,-74.0636229990102
40.71226589685332,-74.06363115185269
40.71227223841241,-74.063638649009
40.712279134591675,-74.063646801854
40.71228603077005,-74.0636549547003
40.71229237232681,-74.0636624518602
40.7122988917745,-74.06367015932966
40.71230578795029,-74.0636783121797
40.71231268412519,-74.06368646503104
40.712319025678816,-74.06369396219566
40.71232592185199,-74.06370211504951
40.71233281802427,-74.06371026790467
40.712339159575556,-74.06371776507287
40.71234605574613,-74.06372591793054
40.712352951915804,-74.06373407078954
40.71235929346476,-74.06374156796133
40.71236618963271,-74.06374972082284
40.712373085799776,-74.06375787368565
40.71237960523733,-74.0637655811693
40.71238594678314,-74.0637730783458
40.71239284294762,-74.06378123121236
40.71239973911121,-74.0637893840802
40.71240608065468,-74.06379688126029
40.712412976816545,-74.06380503413065
40.71241987297751,-74.06381318700231
40.71242621451865,-74.063820684186
40.71243311067791,-74.06382883706017
40.71244000683627,-74.06383698993568
40.71244634837505,-74.06384448712292
40.712453244531694,-74.06385264000093
40.71245976395922,-74.06386034749873
40.71246666011408,-74.06386850037926
40.71247300164975,-74.06387599757123
40.712479897802915,-74.06388415045429
40.712486793955186,-74.06389230333863
40.712493135488515,-74.0638998005342
40.71250003163906,-74.06390795342105
40.71250692778872,-74.06391610630922
40.712513269319714,-74.06392360350839
40.712520165467645,-74.06393175639907
40.7125268,-74.0639396
40.71253314343815,-74.063947807037
40.71253974310959,-74.06395634558689
40.71254621194924,-74.06396471487115
40.71255281161876,-74.06397325342354
40.71255890153304,-74.06398113246458
40.71256537037007,-74.06398950175256
40.712571970036784,-74.06399804030859
40.71257805994856,-74.06400591935308
40.71258503853681,-74.06401494815763
40.71259112844685,-74.06402282720447
40.71259772810976,-74.06403136576537
40.71260419694144,-74.0640397350609
40.71261079660245,-74.0640482736243
40.71261688650908,-74.06405615267573
40.71262386509141,-74.06406518148822
40.71262995499631,-74.06407306054201
40.71263604490043,-74.0640809395969
40.712643023479835,-74.06408996841333
40.71264911338223,-74.06409784747058
40.712655713036625,-74.06410638604248
40.712662181860324,-74.06411475534927
40.7126687815128,-74.06412329392364
40.712675250334705,-74.06413166323298
40.712681849985266,-74.06414020180985
40.712687939882514,-74.06414808087405
40.712694408701786,-74.06415645018713
40.712701008349555,-74.06416498876764
40.712707098244266,-74.0641728678353
40.71271407681286,-74.06418189666626
40.712720166705864,-74.06418977573624
40.712726766349824,-74.06419831432164
40.71273323516374,-74.06420668364223
40.712739834805795,-74.06421522223012
40.712745924695376,-74.06422310130473
40.71275290325805,-74.06423213014361
40.712758993145904,-74.06424000922058
40.71276508303297,-74.06424788829862
40.71277206159273,-74.06425691714145
40.71277815147806,-74.06426479622185
40.71278475111352,-74.06427333481825
40.71279121991946,-74.06428170415012
40.71279781955298,-74.064290242749
40.7128039094349,-74.064298121834
40.712810887988745,-74.06430715068477
40.71281697786894,-74.06431502977212
40.71282306774834,-74.06432290886059
40.71283004629927,-74.06433193771527
40.71283613617694,-74.06433981680608
40.71284273580387,-74.06434835541347
40.71284920460183,-74.0643567247566
40.712855804226834,-74.06436526336648
40.7128618941011,-74.0643731424619
40.7128688726461,-74.06438217132452
40.71287496251864,-74.06439005042229
40.71288194106165,-74.06439907928758
40.71288803093247,-74.0644069583877
40.71289412080248,-74.06441483748893
40.71290109934259,-74.06442386635813
40.71290718921086,-74.06443174546172
40.71291378882737,-74.06444028408261
40.712920257615544,-74.06444865343951
40.71292685723013,-74.0644571920629
40.71293294709499,-74.06446507117109
40.712939925629186,-74.06447410004823
40.71294601549233,-74.06448197915876
40.71295210535468,-74.06448985827039
40.71295908388595,-74.06449888715147
40.712965173746575,-74.06450676626545
40.712971773354546,-74.06451530489736
40.71297824213476,-74.06452367426553
40.71298484174082,-74.0645322128999
40.71299093159803,-74.06454009201849
40.71299791012337,-74.0645491209075
40.71300399997886,-74.06455700002844
40.71301059958113,-74.06456553866771
40.71301706835598,-74.0645739080434
40.71302315820895,-74.0645817871678
40.71303005042428,-74.06459093392871
40.71303606181056,-74.06459891900921
40.71304207319602,-74.06460690409078
40.71304896014999,-74.06461605221573
40.71305497153368,-74.06462403729961
40.71306185848561,-74.06463318542718
40.71306786986752,-74.06464117051337
40.71307426023253,-74.06464965901576
40.713080768197564,-74.06465830373207
40.71308715856073,-74.06466679223698
40.7130931699392,-74.06467477732772
40.71309967790135,-74.06468342204762
40.71310606826181,-74.06469191055618
40.71311207963769,-74.06469989565034
40.71311896658061,-74.06470904378959
40.71312497795471,-74.06471702888605
40.7131318648956,-74.06472617702794
40.713137876267936,-74.0647341621267
40.71314426662297,-74.06474265064273
40.71315077457734,-74.0647512953723
40.71315716493053,-74.06475978389082
40.7131631762994,-74.06476776899413
40.713169684250914,-74.06477641372729
40.71317607460139,-74.0647849022495
40.71318208596769,-74.0647928873562
40.71318897289957,-74.06480203550979
40.71319498426409,-74.06481002061882
40.71320137461097,-74.06481850914597
40.71320788255668,-74.06482715388637
40.713214272901716,-74.06483564241601
40.71322078084546,-74.06484428715885
40.713226792205624,-74.06485227227358
40.71323318254796,-74.06486076080691
40.71323969048883,-74.06486940555332
40.7132460808293,-74.06487789408915
40.71325209218601,-74.06488587920845
40.71325897910686,-74.06489502737634
40.7132649904618,-74.06490301249794
40.713271380798695,-74.06491150103871
40.71327788873376,-74.06492014579237
40.713283900086104,-74.06492813091735
40.7132902904203,-74.06493661946182
40.71329679835248,-74.06494526421905
40.71330318868484,-74.06495375276602
40.713309696615056,-74.06496239752568
40.71331608694556,-74.06497088607514
40.71332209829268,-74.06497887120699
40.71332898520248,-74.0649880193892
40.71333499654782,-74.06499600452338
40.71334100789236,-74.06500398965863
40.71334789479916,-74.0650131378447
40.713353906141926,-74.06502112298229
40.71336029646613,-74.06502961154035
40.71336680438768,-74.06503825631086
40.71337319471004,-74.06504674487144
40.71337970262962,-74.06505538964437
40.713386092950145,-74.06506387820747
40.71339210428767,-74.0650718633519
40.71339899118642,-74.06508101154844
40.7134050025222,-74.06508899669517
40.71341101385714,-74.06509698184298
40.7134179007529,-74.06510613004339
40.71342391208608,-74.06511411519352
40.7134303024003,-74.06512260376525
40.7134368103112,-74.065131248549
40.71344320062358,-74.06513973712322
40.713449211953304,-74.06514772227791
40.71345609884305,-74.06515687048612
40.713462110170994,-74.06516485564312
40.713468618077066,-74.06517350043289
40.71347500838489,-74.0651819890133
40.71348101971026,-74.06518997417369
40.71348790659497,-74.0651991223884
40.71349391791856,-74.0652071075511
40.713500308222805,-74.06521559613647
40.71350681612306,-74.06522424093347
40.713513206425446,-74.06523272952133
40.71351921774559,-74.0652407146886
40.713525725642974,-74.06524935948917
40.713532115942655,-74.0652578480807
40.71353862383808,-74.06526649288372
40.713545014135924,-74.06527498147777
40.7135510254517,-74.06528296665073
40.71355791198786,-74.06529211512837
40.71356391822226,-74.06530010697317
40.713570303432,-74.06530860308173
40.71357680540193,-74.065317254553
40.71358281163372,-74.06532524640117
40.71358919684076,-74.0653337425134
40.71359569880781,-74.06534239398823
40.71360208401298,-74.06535089010298
40.71360809024134,-74.06535888195573
40.71361409646885,-74.06536687380954
40.71362097740796,-74.06537602955254
40.713626983633716,-74.06538402140866
40.71363336883444,-74.06539251752952
40.71363987079475,-74.06540116901272
40.713645877017896,-74.06540916087222
40.71365226221592,-74.06541765699677
40.71365876417335,-74.06542630848354
40.713665149369525,-74.06543480461056
40.713671155589225,-74.06544279647463
40.71367765754377,-74.06545144796499
40.71368404273723,-74.06545994409568
40.713690048954334,-74.06546793596314
40.713696929881436,-74.06547709172166
40.71370293609675,-74.06548508359143
40.71370894231126,-74.06549307546227
40.71371582323536,-74.06550223122466
40.71372182944809,-74.0655102230978
40.713728214635246,-74.0655187192371
40.713734716581115,-74.06552737073828
40.7137411017664,-74.0655358668801
40.713747107975685,-74.0655438587578
40.71375311418412,-74.06555185063658
40.713759995101256,-74.065561006408
40.71376600130793,-74.0655689982891
40.713772386488785,-74.06557749443704
40.71377888842793,-74.06558614594655
40.713784894632006,-74.06559413783104
40.71379127981013,-74.06560263398264
40.71379778174641,-74.06561128549575
40.71380416692268,-74.06561978164984
40.713810173123306,-74.06562777353888
40.713816675056684,-74.06563642505554
40.71382306023027,-74.06564492121332
40.71382906642829,-74.06565291310574
40.71383594733341,-74.0656620688927
40.71384195352965,-74.06567006078744
40.71384795972508,-74.06567805268325
40.7138548406272,-74.06568720847406
40.71386084682086,-74.06569520037219
40.71386723198813,-74.06570369653856
40.71387373391282,-74.06571234806604
40.71387974010388,-74.06572033996756
40.713886125268445,-74.06572883613761
40.71389213145782,-74.06573682804137
40.71389901235297,-74.06574598384121
40.71390501854056,-74.06575397574728
40.71391140370153,-74.06576247192228
40.71391790561949,-74.06577112345813
40.7139239118045,-74.06577911536759
40.71393029696276,-74.06578761154626
40.71393679887784,-74.06579626308569
40.71394318403425,-74.06580475926685
40.7139491902158,-74.06581275118086
40.713955692127996,-74.06582140272386
40.71396207728169,-74.06582989890872
40.71396808346065,-74.0658378908261
40.71397496434378,-74.06584704664148
40.71398097052096,-74.06585503856118
40.71398697669731,-74.06586303048196
40.71399385757745,-74.0658721863012
40.71399986375203,-74.06588017822429
40.71400624889943,-74.06588867441775
40.71401275080294,-74.06589732597156
40.71401875697492,-74.06590531789803
40.71402514211961,-74.06591381409517
40.71403164402024,-74.06592246565253
40.71403802916307,-74.06593096185217
40.7140440353316,-74.0659389537832
40.71405004149929,-74.06594694571531
40.71405692236947,-74.06595610154746
40.71406292853539,-74.06596409348188
40.71406931367379,-74.06597258968762
40.714075815567675,-74.06598124125337
40.714082200704205,-74.06598973746162
40.71408820686669,-74.06599772940059
40.71409470875771,-74.06600638096991
40.71410109389153,-74.06601487718183
40.71410710005141,-74.0660228691242
40.714113980912565,-74.06603202496801
40.71411998707066,-74.06604001691268
40.714125993227945,-74.06604800885843
40.71413286684305,-74.06605716804107
40.71413876255333,-74.06606529965231
40.71414503687572,-74.06607395346369
40.71415093258427,-74.0660820850771
40.71415720690483,-74.06609073889088
40.71416395902507,-74.0661000517094
40.714169854730905,-74.06610818332622
40.71417612904864,-74.06611683714368
40.71418202475271,-74.06612496876268
40.71418829906861,-74.06613362258251
40.71419467257107,-74.0661424132075
40.71420094688507,-74.06615106702978
40.714206842585554,-74.06615919865322
40.71421311689774,-74.0661678524779
40.714219012596494,-74.06617598410354
40.71422576470649,-74.06618529693465
40.7142316604034,-74.06619342856254
40.71423793471185,-74.06620208239205
40.71424420901936,-74.06621073622277
40.71425010471365,-74.06621886785399
40.714256379019346,-74.06622752168711
40.71426275251095,-74.06623631232493
40.714269026814726,-74.0662449661605
40.714274922505446,-74.06625309779616
40.7142811968074,-74.06626175163412
40.71428709249637,-74.06626988327197
40.714293844595076,-74.06627919611698
40.714299740282215,-74.06628732775708
40.714306014580444,-74.06629598159986
40.71431228887774,-74.06630463544388
40.71431818456225,-74.06631276708733
40.7143249366558,-74.06632207993869
40.714330832338476,-74.06633021158437
40.71433710663204,-74.06633886543322
40.71434300231295,-74.0663469970811
40.71434927660472,-74.06635565093234
40.714355650081494,-74.06636444158765
40.71436192437133,-74.06637309544132
40.71436782004868,-74.06638122709366
40.714374094336684,-74.0663898809497
40.714380368623786,-74.06639853480702
40.71438674209559,-74.06640732546819
40.71439301638077,-74.06641597932791
40.714398912053646,-74.06642411098584
40.714405186337004,-74.06643276484796
40.714411082008134,-74.06644089650806
40.714417834086305,-74.06645020937837
40.714423718105486,-74.06645832715436
40.71442971858448,-74.06646732659844
40.71443571906246,-74.06647632604366
40.71444171953946,-74.06648532549006
40.714447720015436,-74.06649432493762
40.71445372049042,-74.06650332438633
40.71445972096439,-74.06651232383624
40.71446572143735,-74.06652132328729
40.71447172190933,-74.0665303227395
40.714477722380295,-74.06653932219288
40.71448372285025,-74.06654832164742
40.71448972331921,-74.06655732110315
40.71449572378716,-74.06656632056003
40.71450172425411,-74.06657532001806
40.71450772472005,-74.06658431947727
40.714513725185,-74.06659331893765
40.71451972564894,-74.06660231839919
40.714525726111866,-74.06661131786188
40.714531726573796,-74.06662031732577
40.71453772703472,-74.0666293167908
40.714543727494636,-74.06663831625698
40.71454972795356,-74.06664731572437
40.71455572841148,-74.06665631519287
40.71456172886839,-74.06666531466259
40.714567729324294,-74.06667431413342
40.714573729779204,-74.06668331360545
40.714579730233105,-74.06669231307865
40.714585730686,-74.06670131255298
40.71459129489781,-74.0667096577557
40.714597295348796,-74.06671865723234
40.714603295798774,-74.06672765671016
40.71460929624777,-74.06673665618914
40.71461529669575,-74.06674565566925
40.71462129714273,-74.06675465515056
40.71462729758869,-74.06676365463302
40.71463329803366,-74.06677265411665
40.71463929847763,-74.06678165360147
40.714645298920594,-74.06679065308741
40.714651299362544,-74.06679965257455
40.714657299803505,-74.06680865206285
40.71466330024345,-74.0668176515523
40.71466930068241,-74.06682665104292
40.71467585297177,-74.06683519667632
40.71468230495496,-74.0668435920687
40.714688884899104,-74.06685215396782
40.714694957933155,-74.06686005627188
40.71470191682272,-74.06686911126432
40.71470798985502,-74.0668770135707
40.71471406288651,-74.06688491587819
40.71472102177315,-74.06689397087456
40.71472709480292,-74.06690187318439
40.71473367474043,-74.06691043509198
40.71474012671559,-74.06691883049558
40.714746199742805,-74.06692673280887
40.714752779677504,-74.06693529472008
40.714759231650014,-74.06694369012742
40.71476581158279,-74.06695225204112
40.714772263553485,-74.06696064745098
40.714778843484325,-74.06696920936716
40.714784916506375,-74.06697711168735
40.71479136847443,-74.06698550710094
40.714797948402456,-74.06699406902074
40.71480402142196,-74.06700197134438
40.7148109802948,-74.06701102635915
40.71481705331257,-74.06701892868513
40.714823633236776,-74.06702749060979
40.71483008519945,-74.0670358860309
40.71483615821468,-74.0670437883603
40.71484273813607,-74.06705235028859
40.714849190096096,-74.0670607457134
40.71485577001555,-74.06706930764418
40.71486184302736,-74.06707720997818
40.71486829498474,-74.06708560540672
40.714874874901376,-74.06709416734111
40.714881775775666,-74.06710233007425
40.71488904815804,-74.06711092910791
40.714895943819975,-74.067119082701
40.71490283948099,-74.06712723629539
40.71490918058337,-74.06713473416846
40.71491607624268,-74.06714288776537
40.71492297190108,-74.06715104136357
40.714930244277944,-74.06715964040563
40.71493713993451,-74.06716779400652
40.71494403559019,-74.06717594760873
40.71495093124496,-74.06718410121225
40.714957826898846,-74.06719225481704
40.7149648,-74.0672005
40.71496988103261,-74.06721010949201
40.71497507443051,-74.06721993149768
40.714980267827315,-74.06722975350442
40.71498510555398,-74.06723890285312
40.714990298948685,-74.06724872486188
40.714995819683004,-74.06725916595516
40.715000657406534,-74.0672683153066
40.71500585079794,-74.0672781373184
40.71501104418825,-74.06728795933128
40.71501623757748,-74.06729778134518
40.71502107529695,-74.06730693070033
40.71502626868407,-74.06731675271627
40.7150314620701,-74.06732657473324
40.71503662712643,-74.06733634317459
40.71504182051025,-74.06734616519356
40.71504701389298,-74.06735598721359
40.71505185160628,-74.06736513657425
40.71505704498691,-74.06737495859629
40.715062238366436,-74.06738478061939
40.715067431744885,-74.06739460264352
40.71507259679329,-74.06740437109131
40.715077790169524,-74.06741419311746
40.71508298354466,-74.06742401514467
40.7150878212508,-74.06743316451175
40.71509301462382,-74.06744298654098
40.715098207995766,-74.06745280857125
40.71510304569887,-74.06746195794109
40.7151082390687,-74.06747177997336
40.71511375977577,-74.0674822210901
40.71511895314333,-74.06749204312449
40.71512379084226,-74.06750119249803
40.715128984207716,-74.0675110145344
40.71513417757208,-74.06752083657184
40.71513901526799,-74.06752998594814
40.71514420863022,-74.06753980798757
40.71514940199139,-74.06754963002808
40.71515456702177,-74.06755939849053
40.715159760380715,-74.06756922053303
40.71516495373857,-74.06757904257658
40.71517014709535,-74.0675888646212
40.71517498478407,-74.06759801400395
40.71518017813873,-74.06760783605057
40.71518537149231,-74.06761765809823
40.71519053651477,-74.06762742656709
40.71519572986613,-74.06763724861678
40.7152009232164,-74.06764707066749
40.71520576089896,-74.06765622005575
40.71521095424713,-74.06766604210848
40.71521614759421,-74.06767586416227
40.715221340940204,-74.06768568621712
40.7152261786187,-74.06769483560907
40.71523169929852,-74.06770527674927
40.715236892641215,-74.06771509880717
40.71524173031657,-74.06772424820184
40.71524692365716,-74.06773407026175
40.71525211699666,-74.06774389232274
40.71525695466898,-74.06775304172017
40.715262148006374,-74.06776286378313
40.71526734134267,-74.06777268584716
40.71527286201299,-74.06778312699558
40.71527769968116,-74.0677922763967
40.715282893014155,-74.06780209846377
40.71528808634607,-74.06781192053194
40.71529292401121,-74.06782106993582
40.715298117341014,-74.06783089200596
40.71530331066972,-74.06784071407715
40.715308148331836,-74.06784986348379
40.715313668992714,-74.06786030464029
40.71531886231813,-74.06787012671454
40.715324055642455,-74.06787994878987
40.71532889330041,-74.06788909820018
40.715334135253606,-74.06789785874354
40.71533976639672,-74.0679072439711
40.71534501230682,-74.06791598714697
40.71535025821604,-74.06792473032385
40.71535588935608,-74.06793411555448
40.71536113526343,-74.06794285873337
40.715366766401395,-74.06795224396605
40.71537201230686,-74.06796098714695
40.715377258211426,-74.06796973032884
40.71538288934633,-74.0679791155646
40.7153881,-74.0679878
40.71539300545205,-74.06799699493712
40.715398229434996,-74.06800678694181
40.71540378470581,-74.06801719992671
40.715408651932904,-74.06802632322237
40.71541387591257,-74.06803611523017
40.71541909989115,-74.068045907239
40.71542396711523,-74.06805503053747
40.71542919109172,-74.06806482254837
40.71543441506714,-74.0680746145603
40.71543961357642,-74.06808435884066
40.71544483754963,-74.06809415085465
40.71545006152176,-74.06810394286968
40.7154549287397,-74.0681130661737
40.71546015270973,-74.06812285819078
40.7154650199257,-74.06813198149662
40.71547024389363,-74.06814177351572
40.71547579914797,-74.06815218651501
40.71548066636081,-74.06816130982364
40.71548589032547,-74.06817110184583
40.71549111428903,-74.06818089386908
40.71549598149886,-74.0681900171805
40.715501205460335,-74.06819980920578
40.71550642942071,-74.06820960123214
40.71551162791432,-74.06821934552545
40.71551685187251,-74.06822913755384
40.7155220736639,-74.06823893316287
40.715526864100816,-74.06824812330477
40.71553200842371,-74.06825799235696
40.71553715274551,-74.06826786141019
40.71554229706621,-74.06827773046444
40.715547087499026,-74.06828692060996
40.715552231817604,-74.0682967896662
40.71555737613507,-74.06830665872346
40.71556216656482,-74.06831584887168
40.71556763196999,-74.06832633392251
40.71557277628413,-74.06833620298278
40.71557792059718,-74.06834607204408
40.71558271102274,-74.06835526219592
40.71558785533365,-74.06836513125918
40.715592999643476,-74.0683750003235
40.7155981439522,-74.06838486938884
40.715602934373656,-74.06839405954429
40.715608078680255,-74.0684039286116
40.71561322298575,-74.06841379767994
40.71561836729014,-74.06842366674933
40.71562315770751,-74.06843285690842
40.715628302009776,-74.06844272597976
40.71563376739942,-74.06845321104369
40.71563891169939,-74.0684630801171
40.715643702112565,-74.06847227027981
40.715648846410396,-74.0684821393552
40.715653990707146,-74.06849200843162
40.71565878111726,-74.06850119859702
40.71566392541187,-74.06851106767542
40.715669069705385,-74.06852093675482
40.7156742139978,-74.06853080583528
40.71567900440382,-74.06853999600432
40.71568414869411,-74.06854986508675
40.715689292983306,-74.06855973417021
40.7156944372714,-74.0685696032547
40.71569954876045,-74.06857940941883
40.71570468360792,-74.06858927033005
40.71570932372714,-74.06859872340283
40.71571425932049,-74.06860877843283
40.715719194912715,-74.06861883346379
40.7157241305038,-74.06862888849572
40.7157287202722,-74.06863823900335
40.715733655861065,-74.06864829403705
40.715738591448805,-74.06865834907173
40.71574323156094,-74.0686678021512
40.71574816714652,-74.0686778571878
40.715753102730936,-74.06868791222533
40.715758038314235,-74.06869796726383
40.715762973896396,-74.06870802230326
40.715767563656335,-74.06871737281762
40.71577220376243,-74.06872682590281
40.71577713934135,-74.06873688094502
40.71578207491912,-74.06874693598819
40.71578701049575,-74.0687569910323
40.71579194607125,-74.06876704607737
40.715796881645616,-74.06877710112337
40.71580117592496,-74.06878584968766
40.71580611149721,-74.0687959047355
40.715811047068335,-74.06880595978427
40.715815982638304,-74.06881601483401
40.71582091820716,-74.06882606988471
40.71582585377487,-74.06883612493637
40.71583078934143,-74.06884617998895
40.71583542943436,-74.0688556330867
40.71584001917857,-74.06886498361364
40.715844954741904,-74.06887503866899
40.71584989030409,-74.0688850937253
40.71585482586514,-74.06889514878257
40.715859761425065,-74.06890520384081
40.71586440151195,-74.06891465694427
40.715869337069684,-74.0689247120044
40.71587392680653,-74.0689340625372
40.71587886236207,-74.06894411759914
40.71588379791647,-74.06895417266205
40.71588873346972,-74.06896422772589
40.715893669021845,-74.06897428279069
40.715898309101654,-74.06898373590084
40.7159032,-74.0689937
40.715908077715376,-74.06900393553441
40.71591290963003,-74.06901407496268
40.71591745823546,-74.06902361988976
40.71592229014791,-74.0690337593199
40.7159271220592,-74.06904389875089
40.715931612432264,-74.06905332149057
40.71593616103363,-74.06906286642132
40.71594099294163,-74.06907300585497
40.71594582484847,-74.06908314528954
40.715950656754146,-74.06909328472501
40.71595520535141,-74.06910282965949
40.71596003725489,-74.0691129690968
40.715964869157204,-74.06912310853502
40.71596970105837,-74.06913324797414
40.715974249651524,-74.06914279291237
40.71597908155048,-74.06915293235333
40.71598391344828,-74.06916307179522
40.71598874534492,-74.069173211238
40.71599329393396,-74.06918275617997
40.715998125828406,-74.06919289562458
40.716002957721685,-74.0692030350701
40.71600778961381,-74.06921317451655
40.71601233819874,-74.06922271946227
40.71601717008865,-74.06923285891054
40.71602200197742,-74.06924299835973
40.71602683386502,-74.06925313780982
40.716031382445856,-74.06926268275929
40.71603621433125,-74.0692728222112
40.71604104621548,-74.06928296166404
40.71604587809857,-74.0692931011178
40.71605042667529,-74.06930264607101
40.71605525855616,-74.06931278552658
40.71605974890047,-74.06932220828807
40.716064580779104,-74.06933234774537
40.716069129351766,-74.06934189270223
40.71607396122819,-74.06935203216136
40.71607879310345,-74.0693621716214
40.716083624977564,-74.06937231108236
40.71608817354612,-74.06938185604295
40.71609300541801,-74.06939199550574
40.716097837288764,-74.06940213496944
40.71610266915835,-74.06941227443404
40.716107217722794,-74.06942181939837
40.716112049590194,-74.06943195886483
40.71611688145641,-74.06944209833217
40.71612169580105,-74.06945222522829
40.71612588859288,-74.06946208248561
40.71613008138368,-74.06947193974372
40.71613427417348,-74.06948179700264
40.71613870646445,-74.06949221733295
40.7161428992521,-74.06950207459346
40.71614709203873,-74.0695119318548
40.716151284824335,-74.06952178911693
40.716155717110745,-74.06953220945029
40.716159909894216,-74.06954206671402
40.716164102676665,-74.06955192397857
40.716168295458104,-74.06956178124392
40.71617272773994,-74.06957220158031
40.71617684696761,-74.06958209730882
40.71618056537981,-74.06959227636221
40.716184391734075,-74.06960275090788
40.7161881101441,-74.06961292996264
40.716192124994556,-74.06962392051969
40.71619584340233,-74.06963409957574
40.71619985825039,-74.06964509013429
40.7162033881579,-74.06965475318215
40.716207106562436,-74.06966493224019
40.71621112140703,-74.06967592280098
40.716214839809325,-74.06968610186033
40.71621885465154,-74.06969709242262
40.71622238455401,-74.06970675547406
40.716226102953044,-74.06971693453538
40.71623011779179,-74.0697279250999
40.71623383618858,-74.06973810416252
40.71623785102493,-74.06974909472854
40.71624156941947,-74.06975927379246
40.71624465245026,-74.0697701619382
40.71624784106202,-74.06978207405594
40.71625079167788,-74.06979309706607
40.71625374229256,-74.06980412007672
40.71625693090047,-74.06981603219637
40.71625988151274,-74.06982705520817
40.71626283212384,-74.06983807822047
40.71626602072789,-74.06984999034202
40.71626897133657,-74.06986101335548
40.71627192194408,-74.06987203636945
40.716275110544274,-74.06988394849292
40.71627806114937,-74.06989497150803
40.71628101175328,-74.06990599452368
40.716284200349634,-74.06991790664904
40.71628715095113,-74.0699289296658
40.71629010155146,-74.06993995268311
40.71629329014396,-74.06995186481039
40.71629624074187,-74.06996288782884
40.71629919133861,-74.0699739108478
40.71630237992726,-74.06998582297699
40.71630533052157,-74.06999684599708
40.71630828111471,-74.07000786901772
40.716311392546864,-74.07001986340222
40.716313643639026,-74.07003112400582
40.71631582969061,-74.07004205926391
40.716318202647585,-74.07005392948314
40.716320388696914,-74.07006486474218
40.71632263978433,-74.07007612534694
40.71632501273761,-74.0700879955676
40.71632719878353,-74.07009893082788
40.71632938482835,-74.07010986608861
40.71633182281694,-74.07012206165558
40.71633400885944,-74.07013299691712
40.71633619490085,-74.07014393217909
40.716338632885574,-74.0701561277471
40.71634081892466,-74.07016706300989
40.71634300496265,-74.07017799827311
40.71634537790495,-74.07018986849825
40.71634762897916,-74.07020112910618
40.71634981501375,-74.07021206437065
40.71635218795235,-74.07022393459722
40.716354373984686,-74.07023486986266
40.7163573282892,-74.0702468588934
40.716360071723244,-74.07025796917164
40.716363038390455,-74.07026998349887
40.71636578182204,-74.07028109377801
40.71636874848662,-74.07029310810633
40.716371491915744,-74.07030421838638
40.716374362626574,-74.07031584413475
40.71637732928722,-74.07032785846485
40.71638007271268,-74.07033896874644
40.71638303937068,-74.07035098307759
40.716385782793694,-74.07036209336012
40.71638874944906,-74.07037410769234
40.716391492869604,-74.0703852179758
40.71639436357176,-74.07039684372893
40.71639710698991,-74.0704079540134
40.716400073640074,-74.07041996834792
40.71640343441996,-74.07043130320795
40.716406767262434,-74.07044212477076
40.71641036444078,-74.0704538046231
40.71641383899204,-74.07046508631643
40.71641717183097,-74.07047590788139
40.71642064637972,-74.07048718957584
40.71642424355298,-74.07049886943129
40.716427718099126,-74.07051015112697
40.7164310509333,-74.07052097269468
40.716434525476956,-74.07053225439151
40.71643785830879,-74.07054307596054
40.716441597186176,-74.07055521594809
40.716444930015605,-74.07056603751856
40.71644840455413,-74.07057731921775
40.71645173738123,-74.07058814078954
40.716455334543106,-74.07059982065199
40.716459014745254,-74.07061098927556
40.71646315148979,-74.07062088981935
40.7164672882333,-74.07063079036392
40.716471658041826,-74.07064124871088
40.716475794783165,-74.070651149257
40.71647993152348,-74.0706610498039
40.716484068262766,-74.0706709503516
40.71648852544851,-74.07068161783441
40.71649289525125,-74.07069207618513
40.71649703198729,-74.07070197673524
40.71650116872229,-74.07071187728613
40.71650530545625,-74.07072177783783
40.7165096752544,-74.0707322361915
40.71651381198621,-74.07074213674473
40.716517948717,-74.07075203729875
40.71652208544676,-74.07076193785355
40.7165264552403,-74.07077239621017
40.71653123282645,-74.07078281172821
40.71653597510742,-74.070793020129
40.71654071738722,-74.0708032285307
40.716545186595624,-74.0708128491122
40.71654992887318,-74.07082305751564
40.716554671149574,-74.07083326591996
40.716559140354875,-74.07084288650417
40.716563882629025,-74.07085309491025
40.716568624901996,-74.0708633033172
40.71657309410419,-74.07087292390412
40.71657783637493,-74.07088313231282
40.716582578644505,-74.0708933407224
40.716587047843596,-74.07090296131204
40.71659179011092,-74.07091316972341
40.716596532377075,-74.07092337813562
40.71660100157307,-74.07093299872797
40.71660574383698,-74.07094320714195
40.71661048609973,-74.07095341555682
40.716615292984365,-74.07096376308318
40.71662003524481,-74.0709739714999
40.716624777504066,-74.07098417991747
40.71662924926871,-74.07099381650119
40.7166336613347,-74.07100424930792
40.71663815849216,-74.07101488332628
40.716642333146666,-74.07102475475472
40.716646745209125,-74.07103518756378
40.71665124236314,-74.0710458215849
40.71665565442319,-74.07105625439554
40.71666015157486,-74.07106688841856
40.71666432622393,-74.07107675985114
40.71666873828047,-74.07108719266412
40.71667323542868,-74.07109782668986
40.71667764748279,-74.07110825950444
40.71668214462867,-74.07111889353207
40.71668631927231,-74.07112876496879
40.7166907313229,-74.07113919778568
40.71669522846535,-74.0711498318161
40.71669964051352,-74.07116026463457
40.716704137653615,-74.07117089866686
40.71670831229182,-74.07118077010769
40.716713046837135,-74.07119196552104
40.71671722147313,-74.07120183696357
40.716721633515355,-74.07121226978595
40.716726130649675,-74.07122290382287
40.71673030528245,-74.07123277526787
40.716735039821465,-74.07124397068563
40.71673921445201,-74.07125384213228
40.7167436264883,-74.07126427495858
40.71674812361685,-74.07127490900015
40.71675253565073,-74.07128534182803
40.71675703277692,-74.07129597587146
40.71676120740204,-74.07130584732226
40.716765941932216,-74.07131704274622
40.716770116555146,-74.07132691419869
40.71677452858308,-74.07133734703048
40.716779025703495,-74.07134798107855
40.71678320032316,-74.07135785253348
40.716787934847076,-74.07136904796187
40.71679210946454,-74.07137891941845
40.71679652148654,-74.07138935225416
40.716801018601174,-74.07139998630689
40.716805193215414,-74.07140985776596
40.716809927733046,-74.07142105319876
40.71681410234508,-74.0714309246595
40.71681851436113,-74.0714413574991
40.716823011469984,-74.07145199155646
40.71682718607879,-74.07146186301966
40.71683192059013,-74.07147305845689
40.71683609519672,-74.07148292992177
40.71684082970552,-74.07149412536076
40.71684500430991,-74.0715039968273
40.71684917891327,-74.07151386829464
40.71685391341832,-74.07152506373627
40.716858088019485,-74.07153493520529
40.716862522619024,-74.07154562270662
40.71686686640223,-74.07155609644799
40.71687097976686,-74.07156601460687
40.71687541229989,-74.07157670234932
40.71687975607952,-74.07158717609292
40.716883869440906,-74.07159709425419
40.71688830197045,-74.0716077819993
40.716892645746526,-74.07161825574516
40.71689675910466,-74.07162817390885
40.71690119163073,-74.07163886165665
40.71690530498672,-74.07164877982196
40.716909967926966,-74.07166002315437
40.716914081280734,-74.0716699413213
40.71691819463344,-74.07167985948902
40.716922857569934,-74.07169110282396
40.716926970920426,-74.0717010209933
40.716931084269895,-74.0717109391634
40.716935747202605,-74.07172218250089
40.71693986054985,-74.07173210067259
40.71694397389605,-74.07174201884511
40.716948406409465,-74.07175270660285
40.71695275016898,-74.07176318035924
40.71695686351191,-74.07177309853412
40.71696129602185,-74.07178378629455
40.716965639777804,-74.0717942600532
40.71697007228538,-74.07180494781542
40.71697418562396,-74.07181486599359
40.71697852937636,-74.07182533975448
40.716982961880454,-74.07183602751941
40.716987075215776,-74.07184594569995
40.71699118855007,-74.07185586388128
40.71699585146525,-74.0718671072307
40.71699996479732,-74.07187702541364
40.71700407812833,-74.07188694359738
40.71700874103975,-74.07189818694933
40.71701285436855,-74.07190810513464
40.717017286863445,-74.0719187929068
40.71702140019012,-74.0719287110938
40.7170257439295,-74.071939184863
40.717030176420934,-74.07194987263784
40.71703428974433,-74.07195979082721
40.717038633480165,-74.07197026459865
40.71704306596813,-74.07198095237618
40.71704717928827,-74.07199087056794
40.71705152302054,-74.07200134434164
40.71705595550503,-74.07201203212186
40.717060068821915,-74.07202195031601
40.717064501304144,-74.07203263809811
40.71706884503166,-74.07204311187485
40.71707295834526,-74.0720530300714
40.71707739082403,-74.07206371785618
40.71708173454798,-74.07207419163518
40.71708584785834,-74.07208410983412
40.71709028033362,-74.07209479762157
40.71709462405401,-74.07210527140283
40.717098737361106,-74.07211518960416
40.71710316983293,-74.0721258773943
40.71710728313789,-74.07213579559729
40.7171116268536,-74.07214626938153
40.71711605932195,-74.07215695717436
40.71712017262365,-74.07216687537972
40.717124835501224,-74.07217811875475
40.71712894880069,-74.07218803696173
40.71713306209912,-74.0721979551695
40.717137494561754,-74.07220864296687
40.71714183826913,-74.07221911675644
40.7171459515643,-74.0722290349666
40.717150384023455,-74.07223972276665
40.71715472772728,-74.07225019655846
40.717158841019206,-74.07226011477101
40.717163273474874,-74.07227080257375
40.71716761717515,-74.07228127636782
40.71717204962846,-74.07229196417238
40.71717616291602,-74.07230188238817
40.717180276202534,-74.07231180060478
40.71718493906256,-74.07232304399174
40.71718905234686,-74.07233296220994
40.71719316563012,-74.07234288042893
40.71719782848639,-74.07235412381844
40.71720194176743,-74.07236404203901
40.71720605504742,-74.0723739602604
40.71721071789992,-74.07238520365244
40.717214831177685,-74.07239512187543
40.71721894445443,-74.0724050400992
40.71722337689397,-74.07241572791456
40.71722772057767,-74.07242620171915
40.71723215301484,-74.07243688953632
40.717236266287216,-74.07244680776336
40.717240609967355,-74.07245728157021
40.71724504240106,-74.07246796939008
40.717249155670174,-74.0724778876195
40.71725349934676,-74.07248836142861
40.71725793177699,-74.07249904925114
40.71726204504285,-74.07250896748295
40.71726638410452,-74.0725197305447
40.71727062788846,-74.07253026104199
40.71727496544847,-74.07254102423843
40.717278988829456,-74.07255100783632
40.717283012209386,-74.07256099143493
40.717287349765975,-74.07257175463396
40.71729159354399,-74.07258228513486
40.71729593109818,-74.07259304833562
40.717299954473695,-74.07260303193736
40.71730429202559,-74.0726137951399
40.71730853579877,-74.07262432564369
40.71731287334826,-74.07263508884796
40.71731689671935,-74.07264507245279
40.71732123426655,-74.07265583565882
40.71732525763549,-74.07266581926525
40.71732981557971,-74.07267712937328
40.71733383894639,-74.07268711298121
40.71733817648888,-74.07269787619077
40.717342199853405,-74.07270785980029
40.71734675779253,-74.07271916991161
40.717350781154785,-74.07272915352266
40.717355118692566,-74.07273991673569
40.71735914205267,-74.07274990034831
40.71736316541173,-74.0727598839617
40.717367723344545,-74.07277119407708
40.71737174670134,-74.07278117769197
40.71737608423332,-74.07279194090937
40.71738010758794,-74.07280192452583
40.717384665515674,-74.07281323464451
40.71738868886805,-74.0728232182625
40.71739302639532,-74.07283398148338
40.71739704974554,-74.07284396510298
40.71740138727051,-74.07285472832564
40.71740563101611,-74.07286525884602
40.71740996853869,-74.07287602207043
40.717413991884484,-74.07288600569312
40.71741832940476,-74.07289676891929
40.71742235274839,-74.07290675254355
40.71742691066342,-74.07291806267047
40.71743093400481,-74.07292804629627
40.71743527152037,-74.07293880952594
40.71743929485959,-74.07294879315327
40.717443538594424,-74.07295932368017
40.71744787610648,-74.07297008691239
40.717451899442395,-74.07298007054204
40.717456236952145,-74.07299083377605
40.717460260285904,-74.07300081740726
40.71746481818953,-74.07301212754156
40.717468841521026,-74.0730221111743
40.71747317902608,-74.0730328744118
40.71747720235541,-74.07304285804611
40.717481760253925,-74.07305416818369
40.71748578358101,-74.07306415181954
40.71749012108136,-74.07307491506054
40.71749414440628,-74.07308489869799
40.717498481904336,-74.07309566194077
40.71750272562236,-74.07310619247778
40.717507063118,-74.0731169557223
40.717511086438506,-74.07312693936282
40.71751542393186,-74.07313770260912
40.71751966764507,-74.07314823314904
40.71752369096227,-74.07315821679182
40.71752802845211,-74.07316898004068
40.71753205176713,-74.07317896368507
40.71753638925467,-74.0731897269357
40.71754063296193,-74.07320025747919
40.71754497044705,-74.07321102073153
40.71754899375768,-74.07322100437902
40.71755333124052,-74.07323176763316
40.71755757494295,-74.07324229817954
40.717561912423385,-74.0732530614354
40.71756593572958,-74.07326304508598
40.71757027320771,-74.07327380834363
40.71757429651175,-74.07328379199579
40.717578854381074,-74.07329510215226
40.71758287768285,-74.07330508580594
40.717587215156286,-74.07331584906709
40.717591238455896,-74.07332583272235
40.717595796320126,-74.07333714288212
40.71759981961749,-74.07334712653892
40.71760415871478,-74.07335788656412
40.717608240496716,-74.07336782811335
40.717612549149166,-74.07337832222987
40.71761694835826,-74.07338903690912
40.717621030136925,-74.07339897846069
40.71762542934374,-74.07340969314178
40.71762973799143,-74.07342018726129
40.717634137195866,-74.07343090194416
40.717638218970144,-74.07344084349897
40.71764284504318,-74.07345211074981
40.717646926815206,-74.0734620523062
40.71765100858621,-74.07347199386332
40.71765563465545,-74.07348326111665
40.717659716424215,-74.0734932026754
40.717664115620515,-74.07350391736449
40.71766819738713,-74.07351385892487
40.71767282345131,-74.07352512618162
40.71767690521569,-74.07353506774356
40.71768130440733,-74.07354578243628
40.71768561303943,-74.0735562765655
40.71769001222869,-74.07356699126001
40.7176940939887,-74.07357693282516
40.71769817574766,-74.07358687439107
40.717702801803,-74.07359814165372
40.71770688355971,-74.07360808322122
40.7177112827432,-74.0736187979202
40.717715591366954,-74.07362929205463
40.71771999054806,-74.0736400067554
40.71772407230041,-74.0736499483261
40.71772847147925,-74.07366066302872
40.71773278009821,-74.07367115716615
40.71773717927467,-74.07368187187053
40.717741261022624,-74.07369181344443
40.71774556963802,-74.07370230758407
40.717749968810985,-74.07371302229109
40.71775405055567,-74.07372296386735
40.717758676594535,-74.07373423114102
40.71776275833699,-74.07374417271886
40.71776715750529,-74.0737548874295
40.7177712392456,-74.07376482900898
40.717775865279386,-74.07377609628602
40.717779947017455,-74.0737860378671
40.717784346181105,-74.07379675258136
40.717788654784506,-74.07380724672848
40.717792736519286,-74.07381718831188
40.71779713567945,-74.07382790302877
40.717801217412095,-74.0738378446138
40.717805843437056,-74.07384911189679
40.71780992516746,-74.07385905348339
40.71781432432295,-74.0738697682039
40.717818632918004,-74.07388026235625
40.71782303207113,-74.07389097707853
40.71782711379715,-74.07390091866836
40.717831512948,-74.07391163339248
40.71783582153825,-74.07392212754782
40.717839903261016,-74.07393206914
40.717844302408366,-74.07394278386677
40.717848610995055,-74.07395327802432
40.71785301014004,-74.07396399275287
40.71785709185841,-74.07397393434825
40.717861717866874,-74.0739852016422
40.717865799583,-74.07399514323917
40.717870198723325,-74.07400585797133
40.717874280437314,-74.07401579956993
40.71787890644073,-74.07402706686732
40.71788298815248,-74.07403700846749
40.71788706986319,-74.07404695006844
40.717891695862825,-74.07405821736829
40.71789577757131,-74.07406815897083
40.71790017670347,-74.07407887370924
40.7179042584098,-74.07408881531339
40.717908884404366,-74.07410008261668
40.71791296610847,-74.07411002422242
40.717917365235984,-74.07412073896444
40.717921673802316,-74.07413123313468
40.71792607292745,-74.0741419478785
40.717930154627155,-74.07415188948744
40.71793425871048,-74.07416181374461
40.7179389114267,-74.07417306376723
40.71794301602179,-74.07418298846532
40.71794743930168,-74.07419368373043
40.71795177332829,-74.07420416318934
40.717955877920105,-74.0742140878898
40.71796030119652,-74.07422478315758
40.71796463521958,-74.07423526261873
40.717968739808136,-74.07424518732158
40.71797316308108,-74.07425588259204
40.71797726766749,-74.07426580729653
40.71798192037114,-74.07427705732766
40.71798602495533,-74.07428698203377
40.71799012953848,-74.07429690674064
40.71799478223835,-74.07430815677432
40.71799888681927,-74.0743180814828
40.71800299139916,-74.07432800619206
40.71800741466289,-74.07433870146971
40.718011748672915,-74.07434918093911
40.71801617193427,-74.07435987621857
40.71802027650979,-74.07436980093108
40.71802461051626,-74.0743802804027
40.71802903377414,-74.07439097568485
40.71803313834639,-74.07440090039972
40.71803724291762,-74.0744108251154
40.71804189560371,-74.07442207515841
40.7180460001727,-74.07443199987567
40.71805042342484,-74.07444269516235
40.718054757422976,-74.07445317463927
40.718058861988695,-74.0744630993589
40.718063285237356,-74.07447379464823
40.71806761923194,-74.07448427412741
40.718071723794395,-74.07449419884944
40.71807614703959,-74.07450489414143
40.71808025159991,-74.07451481886511
40.71808490427342,-74.07452606891664
40.718089008831505,-74.07453599364192
40.71809311338856,-74.07454591836796
40.7180977660583,-74.07455716842203
40.718101870613125,-74.07456709314968
40.71810597516692,-74.07457701787811
40.71811039840291,-74.07458771317734
40.71811473238445,-74.07459819266475
40.71811915561805,-74.07460888796575
40.71812326016748,-74.07461881269745
40.718127594145464,-74.0746292921871
40.71813201737559,-74.07463998749077
40.71813612192175,-74.07464991222484
40.71814022646688,-74.07465983695968
40.718144879122825,-74.07467108702309
40.71814898366572,-74.07468101175952
40.71815340689012,-74.07469170706776
40.71815774085977,-74.07470218656269
40.71816184539939,-74.07471211130151
40.718166268620315,-74.07472280661241
40.71817037315781,-74.07473273135287
40.71817470712278,-74.07474321085077
40.71817913034021,-74.07475390616435
40.71818323487444,-74.07476383090719
40.71818788751781,-74.07477508097912
40.71819199204981,-74.07478500572357
40.71819609658077,-74.07479493046878
40.718200749220365,-74.07480618054325
40.71820485374909,-74.07481610529008
40.7182089582768,-74.07482603003768
40.71821338148502,-74.07483672535845
40.71821771543809,-74.07484720486389
40.71822213864395,-74.07485790018647
40.71822624316727,-74.07486782493731
40.718230577116785,-74.07487830444497
40.718235000319154,-74.07488899977022
40.71823910483923,-74.07489892452345
40.718243209358256,-74.07490884927748
40.718247861984075,-74.0749200993613
40.71825196650088,-74.0749300241169
40.71825638969751,-74.07494071944667
40.718260713962984,-74.0749511934041
