36.04640397089418,-79.79959691277286
36.04639605514454,-79.79960115715068
36.04638700520136,-79.79960601482281
36.046379092044916,-79.79961026230922
36.04637088360317,-79.79961466829275
36.04636297044615,-79.79961891577756
36.0463542157867,-79.7996236149481
36.046346007344056,-79.79962802092906
36.04633809418617,-79.7996322684114
36.04632988574295,-79.79963667439068
36.04632197258451,-79.79964092187141
36.04631292263838,-79.79964577953514
36.04630500947934,-79.7996500270142
36.046297096320025,-79.79965427449247
36.046288887875335,-79.79965868046752
36.04628097471545,-79.7996629279442
36.04627192476771,-79.79966778560325
36.04626401160723,-79.79967203307822
36.04625609844646,-79.79967628055243
36.04624789000032,-79.79968068652326
36.046239135336364,-79.79968538568119
36.04623092688962,-79.79968979165025
36.0462230137277,-79.79969403912116
36.0462151005655,-79.7996982865913
36.046206892117894,-79.79970269255787
36.04619813745234,-79.79970739171131
36.04618992900412,-79.79971179767614
36.04618201584077,-79.799716045143
36.04617380739198,-79.79972045110615
36.046165052725144,-79.79972515025597
36.04615713956091,-79.79972939772034
36.04614893111122,-79.79973380368094
36.04614101794643,-79.79973805114372
36.04613280949617,-79.79974245710265
36.04612405482773,-79.79974715624796
36.046116141662075,-79.79975140370827
36.046107933210926,-79.79975580966463
36.0461000200447,-79.79976005712334
36.04609181159297,-79.79976446307803
36.046083056922924,-79.79976916221885
36.046075143755836,-79.79977340967508
36.046066935303216,-79.79977781562721
36.046059022135545,-79.79978206308186
36.04604997217898,-79.79978692071569
36.04604205901072,-79.79979116816864
36.04603414584217,-79.7997954156208
36.046025937388094,-79.7997998215687
36.04601802421899,-79.79980406901927
36.04600897426079,-79.79980892664844
36.0460010610911,-79.79981317409732
36.04599285263584,-79.7998175800418
36.045984939465576,-79.79982182748908
36.04597618479136,-79.79982652661819
36.0459679763352,-79.7998309325601
36.04596006316407,-79.7998351800049
36.04595185470735,-79.79983958594515
36.045943941535654,-79.79984383338837
36.045935186859836,-79.79984853251297
36.04592697840221,-79.79985293845064
36.04591906522964,-79.7998571858914
36.04591085677145,-79.7998615918274
36.045902102094345,-79.79986629094837
36.0458941889209,-79.79987053838664
36.04588598046182,-79.7998749443201
36.045878067287816,-79.79987919175676
36.04586985882815,-79.79988359768853
36.04586110414944,-79.79988829680501
36.04585289568918,-79.79989270273504
36.04584498251401,-79.79989695016843
36.045837069338575,-79.79990119760103
36.04582886087744,-79.79990560352857
36.04582010619713,-79.79991030264057
36.04581189279709,-79.7999147223956
36.04580412096686,-79.79991931324649
36.045796034693346,-79.79992408983921
36.04578794841948,-79.79992886643105
36.04577986214528,-79.79993364302199
36.045772090313726,-79.7999382338695
36.045764004038844,-79.79994301045869
36.045755917763636,-79.799947787047
36.04574783148808,-79.79995256363442
36.0457400596552,-79.79995715447855
36.04573197337897,-79.79996193106422
36.045723887102405,-79.79996670764899
36.045716115268526,-79.7999712984906
36.045708028991285,-79.79997607507364
36.045699942713696,-79.79998085165577
36.04569185643578,-79.79998562823701
36.0456832703427,-79.79999070005891
36.04567518406406,-79.79999547663832
36.045667097785085,-79.80000025321684
36.04565901150576,-79.80000502979446
36.04565123966921,-79.80000962062924
36.045643153389214,-79.80001439720512
36.04563506710888,-79.80001917378011
36.045626980828224,-79.80002395035419
36.04561920899034,-79.80002854118558
36.04561105504327,-79.80003315955646
36.04560311968911,-79.80003734694833
36.045594892486065,-79.80004168834442
36.04558611113631,-79.80004632215595
36.04557788393269,-79.80005066355028
36.04556994857739,-79.8000548509389
36.04556116722669,-79.80005948474773
36.04555294002218,-79.80006382613954
36.045545004666046,-79.8000680135257
36.045537069309646,-79.80007220091109
36.04552799610904,-79.80007698872107
36.04552006075205,-79.80008117610481
36.045511833546136,-79.80008551749239
36.04550305219322,-79.80009015129494
36.04549511683539,-79.80009433867622
36.045486889628606,-79.80009868006125
36.04547895427023,-79.80010286744094
36.04547017291607,-79.8001075012399
36.04546194570841,-79.80011184262243
36.04545401034918,-79.80011602999967
36.04544607498968,-79.80012021737613
36.045437001785565,-79.8001250051759
36.045429066425484,-79.80012919255068
36.0454208392164,-79.800133533929
36.04541205786005,-79.80013816772167
36.04540412249912,-79.80014235509402
36.04539589528918,-79.80014669646978
36.045387959927716,-79.80015088384054
36.04537917857011,-79.80015551762965
36.045370951359295,-79.80015985900287
36.04536301599698,-79.8001640463712
36.045354788785616,-79.80016838774277
36.04534600742675,-79.80017302152827
36.04533807206357,-79.80017720889414
36.04532984485134,-79.80018155026318
36.04532106349154,-79.80018618404597
36.04531312812752,-79.80019037140939
36.04530490091442,-79.80019471277588
36.045296965549845,-79.8001989001377
36.0452881841888,-79.80020353391694
36.04527995697483,-79.80020787528089
36.04527202160942,-79.80021206264027
36.04526294839859,-79.80021685042048
36.04525501303259,-79.8002210377782
36.04524707766633,-79.80022522513512
36.045238850450936,-79.80022956649489
36.04523006908768,-79.80023420026782
36.04522213372057,-79.8002383876223
36.04521390650432,-79.80024272897951
36.04520597113665,-79.80024691633241
36.04519689792327,-79.80025170410521
36.04518896255503,-79.80025589145646
36.04518102718652,-79.8002600788069
36.04517195397218,-79.8002648665769
36.04516401860309,-79.80026905392569
36.04515608323373,-79.8002732412737
36.045147856015184,-79.80027758262416
36.045139074648475,-79.80028221638723
36.04513113927827,-79.80028640373278
36.045122912058865,-79.80029074508072
36.04511413069121,-79.80029537884108
36.04510590347122,-79.80029972018725
36.04509796809989,-79.80030390752957
36.04509003272829,-79.8003080948711
36.04508095951042,-79.80031288263086
36.04507302413825,-79.80031706997072
36.045065088765796,-79.8003212573098
36.04505686154409,-79.80032559865099
36.045048080173935,-79.80033023240419
36.04503985295166,-79.80033457374363
36.045031917578086,-79.80033876107946
36.04502313620697,-79.80034339482995
36.04501490898382,-79.80034773616686
36.04500697360939,-79.80035192350023
36.0449990382347,-79.80035611083284
36.044989965013336,-79.8003608985824
36.04498202963805,-79.80036508591333
36.0449740942625,-79.80036927324348
36.04496502104018,-79.80037406099022
36.04495708566405,-79.80037824831871
36.04494885843861,-79.80038258964886
36.044940923061944,-79.80038677697577
36.0449321416874,-79.80039141071639
36.04492391446108,-79.80039575204403
36.04491597908356,-79.80039993936846
36.044908043705775,-79.80040412669213
36.04489897048089,-79.80040891443147
36.04489103510252,-79.80041310175348
36.04488280787479,-79.8004174430769
36.04487401366227,-79.80042203998384
36.044866066213714,-79.8004261937804
36.04485811876491,-79.80043034757618
36.04484988139752,-79.8004346528992
36.04484193394817,-79.80043880669339
36.0448331380265,-79.80044340394697
36.04482490065826,-79.80044770926746
36.04481695320808,-79.80045186305922
36.04480900575762,-79.80045601685022
36.04479991991637,-79.80046076562806
36.04479197246536,-79.8004649194174
36.04478402501408,-79.80046907320595
36.04477607756253,-79.80047322699373
36.044766991720024,-79.8004779757679
36.0447590442679,-79.80048212955403
36.04475109681552,-79.80048628333938
36.044742859444476,-79.80049058865154
36.044734911991554,-79.8004947424353
36.04472611606589,-79.80049933967736
36.044717878693994,-79.800503644987
36.04470993124025,-79.80050779876834
36.04470198378622,-79.8005119525489
36.04469318785934,-79.80051654978739
36.04468495048632,-79.8005208550937
36.044677003031445,-79.80052500887183
36.04466905557632,-79.80052916264918
36.044659969729764,-79.8005339114114
36.04465202227407,-79.8005380651871
36.04464407481811,-79.80054221896202
36.04463583744342,-79.80054652426335
36.04462704151407,-79.80055112149472
36.04461909405727,-79.8005552752672
36.04461114660021,-79.80055942903891
36.044602909224395,-79.80056373433689
36.04459496176679,-79.80056788810703
36.04458616583592,-79.800572485334
36.044577928459255,-79.80057679062945
36.04456998100082,-79.80058094439715
36.044561998694604,-79.80058499584976
36.044553088847955,-79.8005892824738
36.04454504756455,-79.80059315122169
36.044537006280905,-79.80059701996886
36.04452809643346,-79.80060130659032
36.04452005514933,-79.80060517533593
36.04451201386496,-79.80060904408083
36.044503104016705,-79.80061333069976
36.04449506273186,-79.80061719944307
36.044487021446784,-79.80062106818565
36.04447811159772,-79.80062535480204
36.04447007031215,-79.80062922354305
36.044462029026356,-79.80063309228335
36.04445311917649,-79.80063737889719
36.0444450778902,-79.80064124763591
36.044437036603675,-79.8006451163739
36.044428995316935,-79.80064898511114
36.044420085466,-79.80065327172164
36.04441204417877,-79.80065714045733
36.044404002891305,-79.8006610091923
36.04439509303957,-79.80066529580023
36.04438705175161,-79.80066916453363
36.04437901046341,-79.80067303326629
36.044370100610884,-79.80067731987171
36.044362059322204,-79.80068118860281
36.044354018033296,-79.80068505733315
36.044345108179954,-79.80068934393604
36.044337066890556,-79.80069321266484
36.04432902560092,-79.80069708139291
36.04432011574678,-79.80070136799324
36.044311989114455,-79.800704958735
36.04430404347036,-79.80070816478774
36.04429585940755,-79.80071146704127
36.044287009964535,-79.80071503777361
36.04427906431994,-79.80071824382442
36.044270880256605,-79.80072154607596
36.04426293461167,-79.8007247521255
36.044254750548006,-79.80072805437575
36.04424590110404,-79.80073162510455
36.04423771704002,-79.80073492735345
36.044229771394406,-79.80073813340042
36.044220683531286,-79.80074180032831
36.044211834086546,-79.80074537105418
36.0442029846416,-79.80074894177926
36.044194800576676,-79.80075224402474
36.04418595113135,-79.80075581474836
36.04417686326719,-79.80075948167236
36.044168013821455,-79.80076305239444
36.04415908394246,-79.80076641310082
36.0441509857958,-79.80076893009776
36.044141947054335,-79.80077173944176
36.04413290831273,-79.80077454878511
36.04412406070069,-79.80077729872258
36.0441159625536,-79.80077981571735
36.04410692381164,-79.80078262505891
36.04409807619924,-79.80078537499463
36.04408903745702,-79.80078818433495
36.044079998714686,-79.80079099367464
36.04407190056704,-79.80079351066668
36.04406305295416,-79.80079626060002
36.044054014211454,-79.80079906993792
36.04404497546861,-79.80080187927518
36.04403706845023,-79.80080433685993
36.04402802970715,-79.80080714619601
36.044018990963956,-79.80080995553148
36.044009952220634,-79.80081276486632
36.04400204520182,-79.80081522244893
36.04399300645825,-79.80081803178261
36.0439839673889,-79.80082084181728
36.04397606857168,-79.80082333261235
36.04396703721982,-79.80082618053768
36.0439589448259,-79.80082873237365
36.043950107050286,-79.80083151925585
36.04394201465614,-79.80083407109075
36.04393298330379,-79.80083691901369
36.04392508448592,-79.80083940980563
36.04391605313332,-79.80084225772738
36.04390796073875,-79.80084480956015
36.043899080257425,-79.80084745326423
36.043890939455295,-79.80084965806589
36.04388296761586,-79.80085181710633
36.04387499577635,-79.80085397614636
36.04386702393676,-79.80085613518595
36.04385809785783,-79.8008585526648
36.04384995705529,-79.8008607574642
36.04384192051027,-79.80086240197039
36.04383302790196,-79.80086420991643
36.043824979559055,-79.80086584621546
36.04381693121609,-79.80086748251418
36.0438088828731,-79.80086911881256
36.04379986084266,-79.80087095306969
36.04379194192151,-79.80087256305478
36.04378389357837,-79.80087419935214
36.043774871547775,-79.80087603360812
36.04376682320456,-79.80087766990476
36.043758904283216,-79.80087927988853
36.04374988225247,-79.80088111414337
36.04374196333105,-79.80088272412642
36.04373391498765,-79.80088436042173
36.043725866644195,-79.80088599671672
36.04371794772265,-79.80088760669881
36.0437098993791,-79.80088924299314
36.04370198045748,-79.80089085297458
36.04369295842637,-79.80089268722682
36.04368503950466,-79.80089429720758
36.043676991160936,-79.80089593350054
36.043667969129686,-79.80089776775162
36.04366001986585,-79.80089922353734
36.04365103948175,-79.80090044426228
36.04364197128803,-79.80090167692313
36.043632990903895,-79.80090289764753
36.04362401051973,-79.80090411837165
36.04361503013554,-79.8009053390955
36.04360604975133,-79.80090655981905
36.04359796962134,-79.80090765816882
36.04358898923707,-79.80090887889186
36.04358000885279,-79.80091009961464
36.04357102846847,-79.80091132033712
36.043561960274545,-79.80091255299547
36.04355297989017,-79.8009137737174
36.043543999505786,-79.80091499443905
36.04353501912139,-79.80091621516044
36.04352603873695,-79.80091743588153
36.04351697054289,-79.80091866853849
36.04350799015841,-79.80091988925902
36.043499997837785,-79.80092097566995
36.043491017453256,-79.80092219638998
36.04348203706869,-79.80092341710971
36.043472968874525,-79.80092464976529
36.04346398848991,-79.80092587048449
36.043455008105276,-79.80092709120339
36.043446027720634,-79.80092831192204
36.04343704733595,-79.8009295326404
36.04342797914163,-79.80093076529457
36.04341899875691,-79.80093198601237
36.043411006436074,-79.80093307242088
36.043402026051304,-79.80093429313814
36.043392957856895,-79.80093552579123
36.043383977472075,-79.80093674650796
36.04337499708721,-79.8009379672244
36.04336601670235,-79.80093918794056
36.043357099999994,-79.8009404
36.043347998580025,-79.80094034224057
36.04333899881699,-79.80094028512626
36.04332999905396,-79.80094022801197
36.04332099929093,-79.80094017089769
36.04331199952791,-79.80094011378343
36.04330299976488,-79.80094005666918
36.04329400000185,-79.80093999955496
36.04328500023881,-79.80093994244072
36.043276000475785,-79.80093988532651
36.04326700071276,-79.80093982821231
36.043258000949734,-79.80093977109814
36.0432490011867,-79.80093971398396
36.04324000142367,-79.8009396568698
36.04323100166065,-79.80093959975567
36.043222001897625,-79.80093954264153
36.04321299798563,-79.80093948550109
36.043203998222594,-79.80093942838697
36.04319499845957,-79.80093937127289
36.04318599869653,-79.80093931415881
36.043176998933504,-79.80093925704475
36.04316799917048,-79.80093919993068
36.043158999407446,-79.80093914281665
36.04314999964442,-79.80093908570262
36.04314099988139,-79.8009390285886
36.04313200011835,-79.80093897147461
36.04312300035533,-79.80093891436063
36.0431140005923,-79.80093885724665
36.043105000829264,-79.80093880013268
36.04309600106624,-79.80093874301873
36.043087001303206,-79.8009386859048
36.043078001540174,-79.80093862879089
36.04306900177715,-79.80093857167698
36.043060002014116,-79.80093851456309
36.04305099810212,-79.80093845742286
36.04304199833909,-79.800938400309
36.04303299857606,-79.80093834319514
36.04302399881303,-79.80093828608129
36.043014999049994,-79.80093822896747
36.043005999286976,-79.80093817185364
36.042996999523936,-79.80093811473984
36.0429879997609,-79.80093805762604
36.042978999997885,-79.80093800051226
36.04297000023485,-79.8009379433985
36.04296100047181,-79.80093788628476
36.04295200070878,-79.80093782917102
36.042943000945755,-79.80093777205728
36.04293400118273,-79.80093771494357
36.04292500141968,-79.80093765782986
36.042916001656664,-79.80093760071618
36.04290700189363,-79.8009375436025
36.04289799798163,-79.80093748646252
36.04288899821861,-79.80093742934886
36.04287999845556,-79.80093737223524
36.042870998692536,-79.80093731512162
36.04286299890317,-79.80093726435395
36.042853999140135,-79.80093720724037
36.04284499937712,-79.80093715012677
36.04283599961408,-79.8009370930132
36.04282699985105,-79.80093703589965
36.04281800008801,-79.80093697878611
36.042809000324986,-79.80093692167257
36.04280000056196,-79.80093686455906
36.04279100079892,-79.80093680744554
36.0427820010359,-79.80093675033206
36.042773001272856,-79.80093669321857
36.04276400150982,-79.8009366361051
36.04275500174679,-79.80093657899165
36.04274600198377,-79.80093652187821
36.04273699807177,-79.80093646473844
36.04272799830873,-79.80093640762503
36.042718998545695,-79.80093635051163
36.04270999878267,-79.80093629339825
36.04270099901964,-79.80093623628488
36.04269199925661,-79.80093617917152
36.042682999493564,-79.80093612205816
36.04267399973053,-79.80093606494482
36.042664999967506,-79.8009360078315
36.042656000204474,-79.8009359507182
36.04264700044145,-79.8009358936049
36.04263800067841,-79.80093583649162
36.042629000915376,-79.80093577937834
36.04262000115235,-79.80093572226508
36.04261100138931,-79.80093566515184
36.04260200162627,-79.80093560803861
36.042593001863246,-79.8009355509254
36.04258399795125,-79.80093549378586
36.042574998188215,-79.80093543667266
36.04256599842518,-79.80093537955949
36.04255699866215,-79.80093532244632
36.04254799889911,-79.80093526533317
36.04253899913607,-79.80093520822001
36.04252999937305,-79.8009351511069
36.04252099961001,-79.80093509399379
36.04251199984698,-79.80093503688069
36.04250300008395,-79.80093497976759
36.04249400032091,-79.80093492265452
36.04248500055788,-79.80093486554146
36.04247600079485,-79.80093480842841
36.04246700103182,-79.80093475131537
36.04245800126878,-79.80093469420234
36.042449001505744,-79.80093463708934
36.04244000174272,-79.80093457997634
36.042431001979686,-79.80093452286336
36.042421998067674,-79.80093446572405
36.04241299830465,-79.8009344086111
36.042403998541616,-79.80093435149816
36.042394998778576,-79.80093429438523
36.04238599901554,-79.8009342372723
36.042376999252504,-79.8009341801594
36.04236799948947,-79.80093412304652
36.042358999726424,-79.80093406593363
36.042349999963406,-79.80093400882076
36.04234100020036,-79.8009339517079
36.042332000437334,-79.80093389459508
36.042323000674294,-79.80093383748225
36.04231400091126,-79.80093378036943
36.04230500114823,-79.80093372325663
36.042296001385196,-79.80093366614385
36.042287001622164,-79.80093360903106
36.04227800185913,-79.8009335519183
36.04226899794713,-79.80093349477922
36.04225999818409,-79.8009334376665
36.04225099842105,-79.80093338055377
36.042241998658014,-79.80093332344106
36.04223299889498,-79.80093326632836
36.04222399913194,-79.80093320921567
36.042214999368916,-79.800933152103
36.042205999605876,-79.80093309499036
36.04219699984284,-79.80093303787771
36.04218800007981,-79.80093298076507
36.04217900031678,-79.80093292365247
36.04217000055374,-79.80093286653985
36.0421610007907,-79.80093280942727
36.04215200102767,-79.80093275231468
36.042143001264634,-79.80093269520212
36.042134001501594,-79.80093263808956
36.042125001738555,-79.80093258097702
36.04211600197552,-79.8009325238645
36.042106998063524,-79.80093246672565
36.04209799830049,-79.80093240961315
36.042088998537444,-79.80093235250067
36.042079998774405,-79.8009322953882
36.04207099901137,-79.80093223827573
36.04206199924834,-79.80093218116328
36.042052999485314,-79.80093212405085
36.04204399972227,-79.80093206693843
36.04203499995923,-79.80093200982601
36.042026000196195,-79.80093195271363
36.042017000433155,-79.80093189560124
36.04200800067012,-79.80093183848886
36.041999000907076,-79.80093178137652
36.04199000114405,-79.80093172426417
36.04198100138102,-79.80093166715183
36.04197200161798,-79.80093161003951
36.041963001854946,-79.80093155292722
36.04195399794293,-79.80093149578859
36.0419449981799,-79.80093143867632
36.04193599841687,-79.80093138156406
36.04192699865383,-79.8009313244518
36.0419179988908,-79.80093126733955
36.041908999127756,-79.80093121022733
36.04189999936471,-79.80093115311513
36.04189099960168,-79.80093109600293
36.041881999838644,-79.80093103889074
36.041873000075604,-79.80093098177855
36.04186400031256,-79.80093092466639
36.04185500054952,-79.80093086755426
36.04184600078648,-79.80093081044211
36.04183700102345,-79.80093075332998
36.04182800126042,-79.80093069621789
36.041819001497366,-79.80093063910579
36.04181000173433,-79.8009305819937
36.04180100197131,-79.80093052488164
36.041791998059296,-79.80093046774324
36.04178299829626,-79.80093041063121
36.041773998533216,-79.80093035351918
36.04176499877018,-79.80093029640715
36.04175599900715,-79.80093023929516
36.041746999244104,-79.80093018218317
36.04173799948108,-79.80093012507118
36.04172899971803,-79.80093006795921
36.041719999954985,-79.80093001084727
36.04171100019196,-79.80092995373532
36.04170200042892,-79.8009298966234
36.04169300066589,-79.80092983951148
36.041684000902826,-79.80092978239959
36.041675001139794,-79.8009297252877
36.04166600137677,-79.80092966817583
36.041657001613736,-79.80092961106396
36.04164800185068,-79.80092955395212
36.04164000206132,-79.80092950318604
36.04163099859108,-79.800929039809
36.04162201580034,-79.80092855356035
36.041612997685384,-79.80092806539969
36.04160501298249,-79.80092763317887
36.04159599486753,-79.8009271450184
36.04158701207676,-79.80092665877021
36.04157799396179,-79.80092617060997
36.04157000925889,-79.80092573838954
36.04156099114391,-79.80092525022951
36.04155200835313,-79.80092476398174
36.04154398832601,-79.80092432984945
36.041535005535216,-79.80092384360188
36.041525987420236,-79.8009233554423
36.04151700462943,-79.80092286919495
36.041508984602295,-79.80092243506304
36.0415000018115,-79.80092194881591
36.041490986904435,-79.80092124999952
36.04148197235381,-79.8009205277769
36.041472014145796,-79.80091972995109
36.04146299959514,-79.80091900772882
36.04145398504449,-79.80091828550673
36.04144497049382,-79.8009175632848
36.04143600810657,-79.80091684524223
36.041426993555895,-79.80091612302061
36.041416983184384,-79.80091532101672
36.041407968633685,-79.80091459879547
36.04139895408297,-79.80091387657437
36.04138999169568,-79.80091315853264
36.041380977144954,-79.80091243631189
36.04137196259422,-79.8009117140913
36.0413630002069,-79.80091099605005
36.04135398565616,-79.80091027382979
36.04134497110538,-79.80090955160968
36.04133595655462,-79.80090882938974
36.04132699416727,-79.80090811134916
36.04131797961648,-79.80090738912955
36.04130896506568,-79.80090666691011
36.04130000267831,-79.80090594887002
36.04129099700494,-79.80090503340955
36.0412810298704,-79.800903666799
36.041271962035204,-79.80090242349318
36.041262982758234,-79.80090119233002
36.041254003481235,-79.80089996116713
36.041244036346576,-79.80089859455784
36.04123496851128,-79.8008973512532
36.041225989234206,-79.80089612009118
36.04121700995713,-79.80089488892945
36.04120794212174,-79.80089364562565
36.04119797498694,-79.80089227901796
36.041188995709774,-79.80089104785709
36.04118004877516,-79.80088959283934
36.04117100762776,-79.80088793632567
36.041161966480324,-79.80088627981236
36.04115304255344,-79.80088464477652
36.04114302288296,-79.80088280897972
36.041133981735385,-79.8008811524676
36.04112494058775,-79.80087949595584
36.04111601666069,-79.8008778609215
36.04110697551297,-79.8008762044105
36.04109793436521,-79.80087454789987
36.041088031915045,-79.80087273358265
36.0410789907672,-79.8008710770728
36.041069949619285,-79.80086942056333
36.04106097269422,-79.80086715520063
36.04105299834958,-79.80086500938064
36.04104390122261,-79.8008625614312
36.041034972081086,-79.80086015868558
36.04102604293948,-79.8008577559405
36.04101694581221,-79.80085530799268
36.04100897146716,-79.80085316217504
36.041000042325265,-79.8008507594315
36.040990945197734,-79.80084831148527
36.04098201605566,-79.80084590874282
36.04097291892793,-79.80084346079768
36.04096494458246,-79.80084131498238
36.04095601544011,-79.80083891224147
36.0409469183121,-79.80083646429792
36.04093798916956,-79.80083406155808
36.04093001482377,-79.80083191574464
36.04092091769548,-79.80082946780266
36.040911988552665,-79.80082706506438
36.04090305940976,-79.80082466232662
36.040893962281196,-79.80082221438629
36.040885987934985,-79.80082006857519
36.04087689080624,-79.8008176206359
36.040867961662954,-79.80081521790024
36.040859032519585,-79.80081281516512
36.04084993539055,-79.80081036722746
36.04084196104392,-79.8008082214187
36.04083303190028,-79.80080581868512
36.040823934770955,-79.80080337074905
36.040815005627124,-79.80080096801655
36.04080607648319,-79.80079856528458
36.04079793415059,-79.80079637427515
36.04078900500647,-79.8007939715442
36.04077990787668,-79.8007915236108
36.04077097873239,-79.80078912088092
36.04076300438502,-79.80078697507638
36.04075390725497,-79.80078452714456
36.04074497811039,-79.80078212441623
36.04073604896572,-79.80077972168844
36.040726951835374,-79.80077727375826
36.04071897748761,-79.80077512795606
36.04071004834266,-79.80077272522982
36.040700951212045,-79.80077027730121
36.0406920220669,-79.80076787457604
36.040682924936085,-79.80076542664854
36.0406749505879,-79.80076328084868
36.0406660214425,-79.80076087812506
36.040656924311406,-79.80075843019914
36.0406479951658,-79.8007560274766
36.04064002081729,-79.80075388167862
36.040630923685924,-79.80075143375426
36.040621994540054,-79.80074903103326
36.04061306539409,-79.80074662831281
36.04060396826243,-79.8007441803901
36.040595993913506,-79.80074203459445
36.04058689678167,-79.80073958667278
36.04057796763533,-79.80073718395441
36.040569038488904,-79.8007347812366
36.04055994135678,-79.80073233331655
36.04055196700744,-79.80073018752324
36.04054303786074,-79.80072778480697
36.040533940728345,-79.80072533688852
36.04052501158146,-79.80072293417331
36.04051703723177,-79.80072078838187
36.040507940099104,-79.800718340465
36.04049901095193,-79.80071593775133
36.040489913819066,-79.80071348983556
36.04048098467171,-79.80071108712299
36.04047301032163,-79.80070894133388
36.04046391318849,-79.80070649341968
36.04045498404086,-79.80070409070865
36.04044605489313,-79.80070168799816
36.040436957759695,-79.80069924008559
36.040428983409214,-79.80069709429884
36.040420054261205,-79.80069469158991
36.040410957127506,-79.80069224367892
36.04040202797932,-79.80068984097106
36.04039405362849,-79.80068769518616
36.0403849564945,-79.80068524727676
36.04037602734604,-79.80068284457045
36.04036693021187,-79.80068039666214
36.04035800106322,-79.8006779939569
36.04035002671197,-79.80067584817434
36.04034092957752,-79.80067340026761
36.0403320004286,-79.80067099756393
36.04032307127959,-79.80066859486077
36.04031397414485,-79.80066614695568
36.04030599979318,-79.80066400117549
36.0402970706439,-79.80066159847387
36.040287973508875,-79.80065915057037
36.0402790443594,-79.80065674786982
36.04027090202179,-79.80065455688909
36.04026197287212,-79.80065215418956
36.040253043722366,-79.80064975149058
36.040243946586884,-79.80064730358976
36.040235017436935,-79.80064490089184
36.04022704308455,-79.80064275511585
36.04021794594878,-79.8006403072166
36.04020901679857,-79.80063790452023
36.04020009127672,-79.80063548502049
36.040190996523805,-79.80063301961258
36.04018302504409,-79.80063085870233
36.04017393029096,-79.80062839329545
36.04016500465554,-79.80062597373362
36.04015607902003,-79.80062355417229
36.04014698426662,-79.80062108876706
36.040138058630916,-79.80061866920683
36.04012991803289,-79.80061646245501
36.040120992397,-79.80061404289579
36.04011206676102,-79.80061162333712
36.04010297200713,-79.80060915793459
36.04009404637096,-79.800606738377
36.040084951616876,-79.80060427297556
36.04007698013615,-79.800602112071
36.04006805449969,-79.80059969251496
36.040058959745345,-79.80059722711513
36.040050034108695,-79.80059480756017
36.040040939354135,-79.80059234216145
36.040032013717294,-79.80058992260757
36.04002404223607,-79.80058776170586
36.04001494748124,-79.80058529630871
36.04000602184412,-79.80058287675641
36.03999692708909,-79.80058041136036
36.039988001451775,-79.80057799180913
36.03997907581437,-79.80057557225845
36.03997093521482,-79.80057336551532
36.03996200957723,-79.80057094596565
36.039952914821725,-79.80056848057231
36.039943989183946,-79.80056606102372
36.03993506354607,-79.80056364147568
36.039925968790286,-79.80056117608399
36.03991799730804,-79.80055901518794
36.039909071669875,-79.80055659564145
36.03989997691382,-79.80055413025134
36.039891051275454,-79.80055171070593
36.0398819565192,-79.80054924531694
36.03987303088065,-79.80054682577261
36.039865059397904,-79.80054466487941
36.03985596464136,-79.80054219949199
36.039847039002545,-79.80053977994922
36.03983794424581,-79.80053731456292
36.039829018606795,-79.80053489502123
36.03982009296768,-79.80053247548008
36.03981195236661,-79.80053026874569
36.039803026727306,-79.80052784920555
36.0397939319701,-79.80052538382193
36.03978500633061,-79.80052296428289
36.03977608069105,-79.80052054474439
36.03976698593354,-79.80051807936242
36.03975901444978,-79.8005159184749
36.0397499196921,-79.80051345309398
36.03974099405214,-79.80051103355758
36.03973206841209,-79.80050861402172
36.039722973654115,-79.80050614864246
36.03971404801387,-79.80050372910766
36.03970590741178,-79.80050152237907
36.03969698177134,-79.80049910284531
36.03968805613083,-79.80049668331209
36.03967896137239,-79.80049421793551
36.03967003573167,-79.80049179840336
36.03966094097303,-79.80048933302788
36.03965296948826,-79.80048717214606
36.03964404384727,-79.80048475261549
36.03963494908834,-79.80048228724159
36.039626023447155,-79.8004798677121
36.03961709780587,-79.80047744818313
36.03960800304665,-79.80047498281088
36.039600031561385,-79.8004728219319
36.039590936801986,-79.80047035656071
36.03958201116032,-79.80046793703384
36.039573085518576,-79.80046551750753
36.039563990758886,-79.80046305213799
36.03955506511694,-79.80046063261274
36.039546924513324,-79.80045842589287
36.0395379988712,-79.80045600636865
36.03952907322899,-79.80045358684497
36.03951997846881,-79.80045112147812
36.039511052826406,-79.80044870195552
36.03950195806603,-79.80044623658976
36.039493986579764,-79.80044407571646
36.03948506093707,-79.80044165619543
36.039475966020845,-79.80043919074242
36.039467042820576,-79.80043675962617
36.039458903436525,-79.80043454206027
36.03944998023608,-79.80043211094505
36.03944105703552,-79.80042967983036
36.03943196393909,-79.80042720242834
36.03942399445049,-79.80042503115224
36.03941507124966,-79.80042260003913
36.03940597815295,-79.80042012263871
36.03939705495193,-79.80041769152666
36.039388915567194,-79.80041547396463
36.03937999236599,-79.80041304285363
36.03937106916468,-79.80041061174317
36.0393619760675,-79.80040813434545
36.039354006578215,-79.80040596307312
36.03934491348083,-79.80040348567645
36.03933599027915,-79.8004010545681
36.03932706707737,-79.80039862346028
36.039318927691966,-79.8003964059021
36.03931000449,-79.80039397479531
36.039301081287945,-79.80039154368907
36.039291988189994,-79.80038906629565
36.03928401870004,-79.8003868950271
36.039274925601894,-79.80038441763473
36.039266002399444,-79.8003819865306
36.03925707919692,-79.80037955542701
36.03924893981083,-79.80037733787269
36.03924001660812,-79.80037490677012
36.039231093405306,-79.80037247566808
36.03922200030659,-79.80036999827898
36.03921403081596,-79.8003678270142
36.03920493771706,-79.80036534962613
36.03919601451387,-79.80036291852622
36.03918709131058,-79.80036048742684
36.0391789519238,-79.80035826987637
36.03917002872033,-79.80035583877803
36.039160935620956,-79.80035336139267
36.0391520124173,-79.80035093029541
36.03914404292599,-79.8003487590344
36.03913494982632,-79.80034628165065
36.03912602662237,-79.80034385055494
36.03911710341833,-79.8003414194598
36.03910896403087,-79.80033920191316
36.03910004082665,-79.80033677081904
36.03909094772651,-79.80033429343798
36.03908202452208,-79.80033186234495
36.03907405503011,-79.80032969108771
36.03906496192968,-79.80032721370824
36.03905603872498,-79.80032478261678
36.03904789933693,-79.80032256507351
36.03903897613205,-79.80032013398308
36.03903005292707,-79.80031770289318
36.03902095982615,-79.80031522551641
36.0390129903336,-79.80031305426246
36.03900406712834,-79.80031062317414
36.03899497402715,-79.80030814579898
36.03898605082169,-79.80030571471173
36.038977911432966,-79.80030349717231
36.038968988227325,-79.80030106608609
36.038960065021584,-79.8002986350004
36.03895097191992,-79.80029615762795
36.038943002426684,-79.80029398637778
36.03893407922067,-79.80029155529365
36.038924986118715,-79.8002890779228
36.0389160629125,-79.80028664683977
36.03890792352309,-79.80028442930421
36.0388990003167,-79.80028199822222
36.038890056240724,-79.8002796400067
36.03888107888658,-79.80027749505199
36.03887291494284,-79.80027554444544
36.03886393758857,-79.80027339949166
36.038854960234204,-79.80027125453834
36.03884598287978,-79.80026910958551
36.03883796954122,-79.80026719496472
36.038828992186644,-79.80026505001278
36.038820014832,-79.80026290506135
36.038812001493255,-79.8002609904418
36.03880302413846,-79.80025884549126
36.03879404678359,-79.80025670054121
36.038785069428634,-79.80025455559162
36.03877705608964,-79.80025264097374
36.038767928129104,-79.8002504600411
36.03875895077394,-79.80024831509292
36.03875093743474,-79.80024640047628
36.03874196007944,-79.80024425552901
36.03873298272406,-79.80024211058223
36.0387240053686,-79.80023996563592
36.03871599202914,-79.80023805102095
36.038707014673555,-79.80023590607556
36.03869819999999,-79.8002338
36.03868901968314,-79.80023185771769
36.03868097836198,-79.8002301564134
36.03867196547683,-79.80022824955553
36.03866295259162,-79.80022634269808
36.03865407411118,-79.8002244642771
36.03864603278981,-79.80022276297429
36.03863701990443,-79.80022085611807
36.03862800701899,-79.80021894926229
36.03861899413348,-79.80021704240693
36.038609981247916,-79.800215135552
36.03860193992629,-79.80021343425108
36.03859306144546,-79.80021155583296
36.03858404855973,-79.80020964897926
36.03857503567394,-79.80020774212602
36.03856602278808,-79.80020583527318
36.038557981466205,-79.80020413397415
36.03854896858024,-79.80020222712213
36.03853995569421,-79.80020032027055
36.03853094280812,-79.8001984134194
36.038523035890876,-79.8001967405578
36.03851402300469,-79.80019483370744
36.038505010118435,-79.80019292685752
36.03849599723212,-79.80019102000803
36.038486984345745,-79.80018911315898
36.03847894302339,-79.8001874118633
36.03846993013691,-79.80018550501507
36.03846105165521,-79.80018362660314
36.0384520387686,-79.80018171975576
36.03844399744605,-79.80018001846157
36.03843498455933,-79.800178111615
36.03842597167256,-79.80017620476886
36.038416958785724,-79.80017429792314
36.038407945898825,-79.80017239107787
36.03840003898087,-79.80017071822142
36.03839102609386,-79.80016881137695
36.038382013206785,-79.80016690453289
36.038373000319666,-79.80016499768928
36.038363987432476,-79.80016309084608
36.03835594610941,-79.80016138955565
36.03834693322211,-79.80015948271328
36.038338054739604,-79.80015760430716
36.03832904185219,-79.80015569746564
36.03832100052891,-79.8001539961767
36.03831198764137,-79.800152089336
36.03830297475379,-79.80015018249571
36.038293961866145,-79.80014827565587
36.03828494897844,-79.80014636881646
36.03827704205977,-79.80014469596517
36.03826802917194,-79.80014278912657
36.0382591,-79.8001409
36.03824998107491,-79.80013915089395
36.038240947553255,-79.80013741816958
36.03823203650503,-79.80013570893732
36.03822300298327,-79.80013397621371
36.03821396946147,-79.80013224349054
36.03820505841309,-79.80013053425941
36.03819602489119,-79.80012880153701
36.03818699136924,-79.80012706881499
36.03817795784723,-79.80012533609337
36.03817002330702,-79.80012381416797
36.038159974961374,-79.80012230444481
36.03815098570704,-79.80012117378824
36.03814199645268,-79.80012004313193
36.038133007198304,-79.80011891247587
36.03812401794389,-79.80011778182006
36.03811395752654,-79.80011651643518
36.0381049682721,-79.80011538577993
36.038095979017626,-79.80011425512492
36.03808698976313,-79.80011312447019
36.03807800050862,-79.80011199381569
36.0380689298526,-79.80011085292291
36.03805895083659,-79.80010959777836
36.03804996158201,-79.80010846712466
36.038040972327416,-79.80010733647124
36.0380319830728,-79.80010620581805
36.03802200405669,-79.80010495067467
36.03801293340054,-79.80010380978351
36.03800394414585,-79.80010267913113
36.03799495489115,-79.800101548479
36.03798497587495,-79.8001002933368
36.0379759866202,-79.80009916268523
36.03796699736542,-79.8000980320339
36.03795800811063,-79.80009690138284
36.03794802909433,-79.8000956462418
36.03793895843801,-79.80009450535276
36.037929969183146,-79.8000933747025
36.03792103228571,-79.80009242496439
36.03791102438783,-79.8000915656322
36.03790201169212,-79.80009079175365
36.03789299899639,-79.80009001787526
36.03788398630064,-79.80008924399706
36.0378750294811,-79.80008847491685
36.03786601678534,-79.80008770103899
36.037856008887395,-79.80008684170802
36.03784699619162,-79.80008606783053
36.03783798349583,-79.80008529395323
36.03782902667623,-79.80008452487392
36.037820013980415,-79.80008375099698
36.0378110012846,-79.8000829771202
36.03780099338659,-79.80008211779041
36.03779198069075,-79.80008134391402
36.0377830238711,-79.8000805748356
36.037774011175244,-79.80007980095955
36.037765012607395,-79.80007882269184
36.03775501877573,-79.80007773594166
36.03774601727131,-79.80007675709943
36.0377360234396,-79.80007567034976
36.037727021935154,-79.80007469150802
36.03771802043069,-79.8000737126665
36.03770802659893,-79.8000726259176
36.03769902509443,-79.80007164707655
36.03768903126262,-79.80007056032817
36.037680021127485,-79.80006958603853
36.0376710060028,-79.80006888238398
36.03766099484591,-79.80006810098665
36.03765197972122,-79.80006739733244
36.037643015431335,-79.80006669764619
36.03763400030662,-79.80006599399229
36.037623989149694,-79.80006521259571
36.03761502485977,-79.80006451290993
36.03760600973503,-79.80006380925654
36.03759599857807,-79.8000630278605
36.03758698345333,-79.80006232420746
36.03757801916338,-79.80006162452236
36.0375690040386,-79.80006092086963
36.03755899288161,-79.80006013947431
36.03755001873434,-79.80005945865159
36.03754100064472,-79.80005898137006
36.03753201709864,-79.80005850591685
36.03752299900901,-79.80005802863552
36.03751401546293,-79.80005755318254
36.0375049973733,-79.80005707590144
36.037496013827194,-79.80005660044867
36.03748699573756,-79.80005612316778
36.03747801219146,-79.80005564771523
36.0374689941018,-79.80005517043456
36.0374600105557,-79.80005469498222
36.037450992466034,-79.80005421770177
36.03744200891991,-79.80005374224964
36.037432990830254,-79.80005326496942
36.03742400728413,-79.80005278951751
36.03741498919446,-79.80005231223751
36.037406005648315,-79.80005183678581
36.03739698755864,-79.80005135950601
36.037388004012506,-79.80005088405454
36.037378985922814,-79.80005040677497
36.03737000076716,-79.80004996095789
36.03736100607822,-79.80004969066637
36.03735199175147,-79.80004941978478
36.03734199765266,-79.80004911946101
36.03733300296373,-79.80004884916967
36.0373240082748,-79.8000485788784
36.03731499394803,-79.80004830799707
36.037304999849226,-79.80004800767358
36.037296005160286,-79.80004773738251
36.03728701047135,-79.80004746709149
36.03727799614459,-79.80004719621041
36.03726800204576,-79.8000468958872
36.03725900735681,-79.80004662559638
36.0372499849033,-79.80004646543622
36.037240995867414,-79.80004685366784
36.03723200683152,-79.80004724189936
36.03722298958886,-79.80004763134905
36.03721400055298,-79.8000480195804
36.03720501151707,-79.80004840781166
36.03719599427441,-79.80004879726107
36.03718700523852,-79.80004918549216
36.03717798799585,-79.80004957494138
36.03716899895994,-79.80004996317228
36.03716000992403,-79.8000503514031
36.03715099268137,-79.80005074085206
36.03714200364544,-79.8000511290827
36.03713298640277,-79.80005151853149
36.03712399736685,-79.80005190676195
36.03711500833092,-79.80005229499233
36.03710599108825,-79.80005268444084
36.03709700205232,-79.80005307267105
36.037087984809624,-79.80005346211938
36.03707899577368,-79.8000538503494
36.037070022154964,-79.80005429935599
36.037062015215824,-79.80005520559497
36.03705301658352,-79.80005622407525
36.03704401795121,-79.80005724255528
36.037035019318886,-79.8000582610351
36.03702602068653,-79.8000592795147
36.03701801374732,-79.80006018575266
36.03700901511493,-79.8000612042318
36.03700001648254,-79.80006222271071
36.03699101785012,-79.80006324118939
36.03698301091085,-79.80006414742657
36.0369740122784,-79.80006516590481
36.03696501364594,-79.80006618438281
36.03695601501345,-79.80006720286059
36.03694800807413,-79.80006810909696
36.03693900944161,-79.80006912757429
36.03693001080908,-79.80007014605141
36.036920944355295,-79.80007154449662
36.03691202573621,-79.80007321067467
36.03690298768194,-79.80007489916522
36.03689394962762,-79.8000765876554
36.03688503100838,-79.80007825383231
36.036875992953966,-79.8000799423217
36.036866954899516,-79.80008163081074
36.03685901396727,-79.8000831143351
36.03684997591274,-79.8000848028234
36.036840937858145,-79.80008649131133
36.03683201923863,-79.80008815748603
36.036822981183946,-79.80008984597319
36.03681394312922,-79.80009153445997
36.03680502450957,-79.80009320063354
36.03679598645475,-79.80009488911955
36.036786948399865,-79.80009657760517
36.03677802978009,-79.80009824377761
36.03676899172512,-79.8000999322625
36.03675994858634,-79.80010164378471
36.03675094670424,-79.80010363074473
36.03674305382434,-79.80010537291746
36.03673405194212,-79.80010735987665
36.03672505005983,-79.80010934683537
36.036716048177475,-79.80011133379367
36.036707046295064,-79.8001133207515
36.036699013538,-79.8001150937969
36.03669001165546,-79.8001170807539
36.03668100977286,-79.80011906771045
36.036672007890196,-79.80012105466655
36.03666300600745,-79.80012304162221
36.03665497325012,-79.80012481466565
36.036645971367264,-79.80012680162046
36.03663696948435,-79.80012878857482
36.03662796760137,-79.80013077552874
36.03661896571832,-79.8001327624822
36.03661093005401,-79.80013456027397
36.03660195904837,-79.8001367425514
36.036592988042656,-79.80013892482836
36.036584979783854,-79.80014087290812
36.036576008777985,-79.80014305518414
36.03656800051905,-79.80014500326308
36.036559029513036,-79.80014718553818
36.036550058506954,-79.80014936781279
36.03654189710633,-79.80015135314346
36.036532926100094,-79.80015353541714
36.03652491784082,-79.80015548349398
36.036515946834456,-79.80015766576673
36.03650697582799,-79.800159848039
36.03649896756852,-79.8001617961146
36.03648999656191,-79.80016397838594
36.036481025555226,-79.8001661606568
36.036473017295556,-79.80016810873113
36.03646389314724,-79.80017032825397
36.036455884887445,-79.80017227632746
36.036446913880454,-79.80017445859646
36.0364379428734,-79.80017664086498
36.03642997672,-79.80017888886745
36.0364209537858,-79.80018177938568
36.036411930851465,-79.80018466990327
36.036402907917,-79.80018756042023
36.03639408128844,-79.80019038804946
36.036385058353716,-79.80019327856515
36.036376972531826,-79.80019586887423
36.03636794959684,-79.80019875938868
36.03635892666172,-79.80020164990252
36.03634990372646,-79.80020454041568
36.03634107709713,-79.80020736804126
36.03633205416161,-79.80021025855316
36.03632303122596,-79.80021314906443
36.03631400829016,-79.80021603957506
36.03630592246734,-79.8002186298796
36.03629689953129,-79.80022152038902
36.03628807290118,-79.8002243480109
36.03627904996487,-79.80022723851904
36.03627001306584,-79.8002300652769
36.036260966837474,-79.80023283432006
36.03625305148189,-79.80023525720341
36.03624400525329,-79.8002380262454
36.036234959024554,-79.80024079528677
36.03622704366866,-79.80024321816859
36.03621799743971,-79.8002459872088
36.03620989347898,-79.80024846782122
36.036201035854425,-79.80025117912864
36.0361919896251,-79.80025394816707
36.036183885664066,-79.80025642877791
36.03617502803917,-79.80025914008358
36.03616598180949,-79.80026190912025
36.03615806645277,-79.80026433199794
36.03614902022287,-79.80026710103343
36.036139973992846,-79.8002698700683
36.036132058635815,-79.80027229294444
36.03612301240556,-79.80027506197817
36.036114908443686,-79.8002775425848
36.03610605081783,-79.80028025388586
36.03609700458723,-79.8002830229178
36.03608890062503,-79.80028550352283
36.03608004299885,-79.80028821482215
36.03607099676787,-79.80029098385232
36.03606289280538,-79.80029346445576
36.036054035178815,-79.80029617575336
36.0360459312161,-79.80029865635576
36.03603707358933,-79.80030136765221
36.03602802735779,-79.80030413667943
36.03601992339475,-79.80030661728024
36.03601106576763,-79.80030932857495
36.03600201953572,-79.80031209760043
36.03599391557237,-79.80031457819965
36.03598505794489,-79.80031728949261
36.03597601171263,-79.80032005851629
36.035967907748955,-79.80032253911392
36.035959050121136,-79.80032525040515
36.035950946157264,-79.80032773100174
36.03594189999999,-79.8003305
36.03593311070413,-79.8003334965639
36.03592505423723,-79.80033624328135
36.03591606840888,-79.80033930684836
36.03590708258037,-79.80034237041468
36.035899026113086,-79.80034511713038
36.0358900402843,-79.80034818069542
36.03588198381675,-79.80035092740998
36.03587299798768,-79.80035399097375
36.03586401215844,-79.80035705453685
36.035855955690536,-79.80035980124964
36.03584696986101,-79.80036286481146
36.03583798403135,-79.8003659283726
36.03582992756304,-79.80036867508365
36.0358209417331,-79.8003717386435
36.035811955903014,-79.80037480220268
36.035803899434306,-79.800377548912
36.03579491360392,-79.8003806124699
36.03578706432711,-79.80038328853962
36.03577807849645,-79.80038635209627
36.03576909266564,-79.80038941565222
36.03576103619629,-79.80039216235865
36.03575205036519,-79.80039522591335
36.03574306453393,-79.80039828946735
36.0357350080642,-79.80040103617202
36.035726022232666,-79.80040409972474
36.03571796576268,-79.80040684642827
36.035708979930845,-79.80040990997973
36.03569999409888,-79.80041297353051
36.0356919376285,-79.80041572023228
36.035682951796254,-79.80041878378177
36.035673965963845,-79.8004218473306
36.03566590949307,-79.80042459403063
36.03565692366038,-79.80042765757817
36.03564886718936,-79.80043040427704
36.03564008854857,-79.80043339718515
36.03563110271545,-79.80043646073075
36.03562304624403,-79.80043920742789
36.03561406041062,-79.80044227097221
36.035605074577056,-79.80044533451587
36.035597018105264,-79.80044808121126
36.03558803227141,-79.80045114475364
36.03557997579936,-79.80045389144787
36.03557098996523,-79.80045695498897
36.035562004130945,-79.8004600185294
36.0355539476585,-79.80046276522188
36.03554496182394,-79.80046582876102
36.03553597598922,-79.80046889229949
36.03552791951639,-79.80047163899022
36.03551893368139,-79.80047470252741
36.035509947846236,-79.80047776606393
36.035501891373016,-79.80048051275291
36.03549311272979,-79.80048350565025
36.03548505625631,-79.80048625233809
36.03547607042059,-79.80048931587207
36.03546708458472,-79.80049237940537
36.03545902811087,-79.80049512609146
36.035450042274704,-79.8004981896235
36.0354410564384,-79.80050125315483
36.03543299996414,-79.80050399983918
36.03542401401328,-79.80050706313185
36.035415025362965,-79.80051011426376
36.0354069666461,-79.80051284973592
36.0353979779955,-79.80051590086657
36.035388989344746,-79.80051895199654
36.03538000069384,-79.80052200312583
36.035371941976464,-79.80052473859566
36.03536295332527,-79.80052778972369
36.03535396467393,-79.80053084085104
36.03534497602245,-79.80053389197771
36.035336917304555,-79.80053662744518
36.0353279286528,-79.80053967857059
36.03531894000087,-79.80054272969532
36.035309951348815,-79.80054578081938
36.03530189263039,-79.80054851628451
36.035292903978046,-79.8005515674073
36.035283915325536,-79.80055461852942
36.03527492667289,-79.80055766965086
36.035266867953965,-79.80056040511363
36.03525808571706,-79.80056338616768
36.03524909706398,-79.8005664372872
36.035240108410754,-79.80056948840604
36.03523111975738,-79.8005725395242
36.03522306103779,-79.80057527498404
36.03521407238414,-79.80057832610093
36.035205083730325,-79.80058137721714
36.035196095076365,-79.80058442833271
36.03518803635625,-79.80058716379018
36.035179047702016,-79.80059021490446
36.03517005904763,-79.80059326601807
36.03516107039309,-79.80059631713101
36.03515301167247,-79.80059905258614
36.035144023017644,-79.8006021036978
36.03513503436267,-79.80060515480879
36.03512604570756,-79.8006082059191
36.03511798698641,-79.80061094137189
36.035108998331,-79.80061399248092
36.035100009675446,-79.8006170435893
36.035091023695685,-79.80062010006085
36.03508301824112,-79.80062902559587
36.035075306458005,-79.80063743002047
36.03506091849175,-79.80063057229019
36.03505203093441,-79.80063316232656
36.03504296283457,-79.80063580497652
36.03503407527702,-79.80063839501175
36.03502500717693,-79.80064103766053
36.035015939076736,-79.80064368030872
36.03500705151885,-79.80064627034221
36.034997983418435,-79.80064891298923
36.034989095860354,-79.80065150302157
36.034980027759694,-79.80065414566742
36.034971907044884,-79.80065651222347
36.034963019486476,-79.80065910225414
36.03495395138551,-79.80066174489828
36.03494488328444,-79.80066438754183
36.03493599572569,-79.80066697757077
36.03492692762438,-79.80066962021314
36.034918040065406,-79.80067221024095
36.034908971963894,-79.80067485288214
36.034899903862254,-79.80067749552275
36.03489101630296,-79.8006800855488
36.03488289558716,-79.80068245209965
36.03487400802765,-79.80068504212463
36.03486493992559,-79.80068768476295
36.0348558718234,-79.80069032740067
36.03484698426355,-79.80069291742392
36.03483791616116,-79.80069556006049
36.034828848058645,-79.80069820269644
36.03481996049847,-79.80070079271796
36.03481202032434,-79.8007031066508
36.034803035218694,-79.80070522989317
36.03479501660766,-79.800707108408
36.03478603264227,-79.80070921307532
36.034778014031126,-79.80071109158936
36.03476903006558,-79.80071319625577
36.03476101145432,-79.80071507476902
36.03475202748864,-79.80071717943456
36.03474400887725,-79.800719057947
36.03473502491144,-79.80072116261164
36.034727006299924,-79.80072304112328
36.03471802233396,-79.80072514578703
36.03471000372233,-79.80072702429788
36.03470098769331,-79.80072890746307
36.03469196572621,-79.8007307422872
36.03468294375907,-79.80073257711092
36.03467405128173,-79.80073438559953
36.034665029314446,-79.80073622042242
36.03465600734714,-79.80073805524492
36.034646985379766,-79.80073989006699
36.034637963412344,-79.80074172488864
36.034628941444865,-79.80074355970989
36.03462004896719,-79.80074536819603
36.03461102699959,-79.80074720301644
36.03460200503195,-79.80074903783645
36.03459298306425,-79.80075087265605
36.034583961096494,-79.80075270747523
36.034575068618544,-79.80075451595933
36.03456604665068,-79.80075635077768
36.03455702468277,-79.80075818559561
36.034548002714786,-79.80076002041315
36.034539954412125,-79.80076165721384
36.03453093244405,-79.80076349203057
36.034522039965786,-79.80076530051228
36.03451301799759,-79.80076713532819
36.03450391678794,-79.80076951779787
36.0344949786828,-79.80077187646988
36.03448604057758,-79.80077423514133
36.03447710247227,-79.80077659381229
36.03446895576117,-79.80077874364224
36.03446001765568,-79.80078110231219
36.034451079550095,-79.8007834609816
36.03444197639382,-79.80078586320556
36.03443303828807,-79.80078822187393
36.03442505662718,-79.80079032814649
36.03441595347064,-79.80079273036888
36.034407015364614,-79.80079508903573
36.03439807725849,-79.80079744770205
36.034388974101674,-79.80079984992285
36.03438099244039,-79.8008019561931
36.03437205433399,-79.8008043148579
36.03436295117691,-79.80080671707714
36.034354013070356,-79.80080907574087
36.034345074963696,-79.80081143440408
36.034336928251406,-79.80081358422697
36.03432799014459,-79.80081594288919
36.034319052037645,-79.80081830155089
36.03430995116741,-79.80082063510427
36.034301060821306,-79.80082245448004
36.03429204021641,-79.80082430051237
36.03428301961145,-79.8008261465443
36.034273999006444,-79.80082799257579
36.03426497840138,-79.80082983860686
36.03425595779626,-79.80083168463753
36.0342480407929,-79.80083330482016
36.03423902018768,-79.80083515085003
36.034229999582394,-79.8008369968795
36.03422097897706,-79.80083884290853
36.034212960375605,-79.80084074594637
36.03420509692302,-79.80084262142614
36.03419708309555,-79.80084453277078
36.03418906926803,-79.80084644411507
36.03418009130571,-79.8008485854106
36.03416999883375,-79.8008509925225
36.03416102087127,-79.80085313381701
36.03415093686919,-79.80085553377899
36.034142050619735,-79.80085737382673
36.03413400537969,-79.80085903972893
36.034124987413676,-79.80086090704998
36.034116942173526,-79.80086257295149
36.03410805592386,-79.80086441299767
36.03409903795769,-79.8008662803175
36.03409099271739,-79.80086794621793
36.03408197475111,-79.80086981353698
36.034072956784776,-79.8008716808556
36.03406504326079,-79.80087331948089
36.03405602529434,-79.8008751867987
36.03404700732784,-79.80087705411613
36.03403896208725,-79.80087872001435
36.03402994412065,-79.80088058733098
36.03402097291623,-79.80088162107803
36.03401197176001,-79.8008826049018
36.03400297060379,-79.80088358872536
36.033994961695825,-79.8008844640963
36.03398603146137,-79.8008854401677
36.033977030305095,-79.80088642399062
36.03396802914881,-79.80088740781329
36.03395902799251,-79.80088839163575
36.03395002683619,-79.800889375458
36.03394102567985,-79.80089035928
36.0339320245235,-79.80089134310178
36.03392302336713,-79.80089232692335
36.03391402221075,-79.80089331074468
36.033905021054345,-79.80089429456581
36.03389601989793,-79.8008952783867
36.033887018741495,-79.80089626220737
36.03387801758505,-79.80089724602782
36.03386901642859,-79.80089822984803
36.033860007143105,-79.80089867321881
36.03385099187125,-79.80089837187164
36.03384199844243,-79.80089807125466
36.03383300501363,-79.80089777063777
36.033825010854684,-79.8008975034228
36.03381599558283,-79.8008972020759
36.03380700215401,-79.8008969014592
36.033798008725185,-79.80089660084256
36.033788993453314,-79.80089629949586
36.0337800000245,-79.80089599887937
36.03377100659568,-79.80089569826295
36.03376299059367,-79.80089543031828
36.033753997164844,-79.80089512970197
36.033745003736016,-79.80089482908575
36.03373601030719,-79.80089452846958
36.033726995035316,-79.80089422712336
36.03371800160647,-79.80089392650734
36.033709008177645,-79.80089362589139
36.03370099217563,-79.80089335794713
36.0336919987468,-79.80089305733131
36.03368300531796,-79.80089275671554
36.03367399004606,-79.80089245536973
36.03366499661723,-79.80089215475411
36.03365600318838,-79.80089185413857
36.03364700975955,-79.80089155352309
36.03363899375753,-79.80089128557925
36.03363000032868,-79.8008909849639
36.03362100689982,-79.80089068434862
36.03361199162792,-79.80089038300328
36.03360299819908,-79.80089008238812
36.03359400477022,-79.80088978177305
36.03358498949832,-79.80088948042791
36.033576995339345,-79.80088921321465
36.03356799986668,-79.80088900918867
36.033559002763,-79.80088880956978
36.03355000565931,-79.80088860995096
36.033540994051066,-79.80088841001036
36.03353199694738,-79.80088821039163
36.0335229998437,-79.80088801077294
36.033514002740006,-79.80088781115428
36.03350500074869,-79.80088775953422
36.0334960008821,-79.80088771668498
36.03348700101552,-79.80088767383575
36.03347800114893,-79.80088763098652
36.03346900128235,-79.80088758813731
36.03346000141575,-79.8008875452881
36.03345100154917,-79.80088750243891
36.0334419985691,-79.8008874595749
36.033432998702516,-79.80088741672571
36.03342399883592,-79.80088737387656
36.033414998969334,-79.8008873310274
36.03340599910274,-79.80088728817825
36.03339699923616,-79.80088724532912
36.03338899935475,-79.800887207241
36.03337999948816,-79.80088716439188
36.033370999621575,-79.80088712154279
36.03336199975499,-79.80088707869368
36.03335299988839,-79.8008870358446
36.033344000021806,-79.80088699299552
36.033335000155226,-79.80088695014643
36.03332600028864,-79.80088690729737
36.03331700042204,-79.80088686444833
36.03330800055545,-79.80088682159929
36.03329900068886,-79.80088677875025
36.03329000082228,-79.80088673590123
36.03328100095569,-79.80088669305223
36.0332720010891,-79.80088665020322
36.03326400120769,-79.80088661211524
36.0332550013411,-79.80088656926625
36.03324600147451,-79.80088652641727
36.03323700160793,-79.80088648356832
36.03322799862785,-79.80088644070455
36.033218998761264,-79.80088639785559
36.03320999889468,-79.80088635500665
36.03320099902809,-79.80088631215773
36.033191999161495,-79.80088626930883
36.03318299929491,-79.80088622645992
36.03317399942832,-79.80088618361101
36.033164999561734,-79.80088614076215
36.03315499970997,-79.80088609315227
36.03314599984338,-79.80088605030342
36.03313699997679,-79.80088600745457
36.0331280001102,-79.80088596460573
36.03311900024361,-79.80088592175689
36.03311000037702,-79.80088587890805
36.03310100051044,-79.80088583605924
36.03309200064385,-79.80088579321044
36.03308300077725,-79.80088575036164
36.03307400091067,-79.80088570751286
36.03306500104407,-79.80088566466408
36.0330550011923,-79.80088561705433
36.03304600132572,-79.80088557420558
36.03303700145914,-79.80088553135685
36.03302799847906,-79.8008854884933
36.03301899861247,-79.80088544564455
36.03300999874588,-79.80088540279584
36.03300099887929,-79.80088535994713
36.032991999012715,-79.80088531709843
36.032982999146114,-79.80088527424975
36.03297399927953,-79.80088523140108
36.03296499941294,-79.8008851885524
36.03295499956117,-79.8008851409428
36.032946002661404,-79.80088511416412
36.03293800930399,-79.80088539910668
36.03292899348422,-79.80088572049732
36.03292000095713,-79.80088604105758
36.03291100843005,-79.80088636161774
36.03290199261028,-79.80088668300817
36.032893000083185,-79.8008870035682
36.03288400755609,-79.80088732412817
36.032874991736314,-79.80088764551837
36.032865999209214,-79.8008879660782
36.03285800585179,-79.80088825102017
36.03284899003201,-79.80088857241017
36.03283999750491,-79.80088889296977
36.03283100497781,-79.8008892135293
36.032821989158016,-79.80088953491907
36.032812996630895,-79.80088985547845
36.032804004103795,-79.80089017603775
36.03279501157669,-79.80089049659699
36.0327859957569,-79.80089081798647
36.03277800239947,-79.80089110292789
36.032769009872354,-79.8008914234869
36.03275999405254,-79.80089174487618
36.032751001525426,-79.80089206543505
36.03274200899831,-79.80089238599385
36.0327329931785,-79.8008927073829
36.03272400065138,-79.80089302794156
36.032715008124256,-79.80089334850014
36.03270699147412,-79.80089363427136
36.03269799894699,-79.8008939548298
36.032689006419865,-79.80089427538817
36.03267999060004,-79.8008945967768
36.032670998072916,-79.80089491733501
36.032662005545774,-79.80089523789316
36.03265298972596,-79.80089555928156
36.03264399719882,-79.80089587983956
36.03263500467167,-79.80089620039749
36.032626988021526,-79.80089648616814
36.03261800940588,-79.80089807828553
36.03260896867384,-79.80089973927114
36.032600045495315,-79.80090137865918
36.03259198316595,-79.80090285988959
36.032582942433784,-79.80090452087413
36.03257401925512,-79.80090616026108
36.03256497852285,-79.80090782124488
36.032557033746905,-79.80090928087677
36.03254799301455,-79.80091094185987
36.03253895228215,-79.80091260284257
36.032530029103285,-79.8009142422277
36.03252196677361,-79.80091572345552
36.03251304359466,-79.80091736283995
36.03250400286208,-79.80091902382121
36.032494962129455,-79.80092068480208
36.03248701735321,-79.80092214443141
36.03247797662051,-79.80092380541157
36.03246905344133,-79.80092544479422
36.03246001270853,-79.80092710577364
36.03245195037856,-79.80092858699882
36.03244302719925,-79.80093022638039
36.03243398646633,-79.80093188735871
36.032425063286944,-79.80093352673953
36.03241700095679,-79.80093500796343
36.03240795984616,-79.80093666492586
36.03239903597057,-79.8009383001658
36.0323899948342,-79.80093995689259
36.03238193221055,-79.80094143431326
36.03237300833483,-79.80094306955212
36.03236396719832,-79.80094472627783
36.03235504332252,-79.80094636151597
36.032346980698705,-79.80094783893533
36.032337939562076,-79.80094949565996
36.03232901568613,-79.80095113089702
36.0323199745494,-79.8009527876209
36.032312029186194,-79.8009542435518
36.03230298804939,-79.80095590027497
36.032293946912525,-79.80095755699777
36.03228600154919,-79.80095901292769
36.032276960412254,-79.80096066964978
36.03226803653602,-79.80096230488434
36.032258995399,-79.80096396160569
36.03225105003552,-79.80096541753433
36.0322419435858,-79.80096765319713
36.03223298089873,-79.80096988257613
36.032224018211586,-79.80097211195461
36.03221505552435,-79.8009743413326
36.032205936493725,-79.8009766095989
36.03219697380631,-79.8009788389759
36.03218897223005,-79.80098082928588
36.032180009542486,-79.80098305866193
36.032171046854856,-79.80098528803747
36.03216192782383,-79.80098755630128
36.032152965136035,-79.80098978567584
36.032144002448156,-79.80099201504987
36.032135039760185,-79.80099424442344
36.03212703818343,-79.80099623473033
36.032117919151986,-79.80099850299167
36.03210895646379,-79.80100073236378
36.03209999377552,-79.80100296173538
36.03209103108716,-79.80100519110648
36.0320819120554,-79.80100745936578
36.03207294936688,-79.80100968873589
36.032064947789614,-79.8010116790397
36.03205598510093,-79.80101390840888
36.03204702241218,-79.80101613777754
36.03203790338002,-79.80101840603436
36.0320289406911,-79.80102063540203
36.032019978002104,-79.80102286476918
36.03201101531302,-79.80102509413585
36.03200301373524,-79.80102708443661
36.03199389470269,-79.80102935269093
36.03198493201336,-79.80103158205615
36.031975969323966,-79.80103381142088
36.03196700663449,-79.8010360407851
36.031958043944925,-79.80103827014882
36.031949886023405,-79.80104029933551
36.03194092333368,-79.80104252869829
36.03193196064388,-79.80104475806058
36.031922997954,-79.80104698742235
36.03191387892072,-79.80104925567217
36.03190491623067,-79.80105148503294
36.03189595354055,-79.80105371439323
36.031887951961856,-79.80105570468828
36.03187898927158,-79.80105793404762
36.03186987023788,-79.80106020229495
36.03186090754744,-79.80106243165328
36.031851944856925,-79.80106466101113
36.03184298216631,-79.80106689036846
36.03183401947563,-79.80106911972531
36.0318258615531,-79.80107114890572
36.03181689886225,-79.80107337826162
36.03180793617133,-79.80107560761702
36.03179897348033,-79.80107783697191
36.03178985444591,-79.80108010521471
36.03178089175476,-79.80108233456862
36.031772890175134,-79.80108432485795
36.0317639274838,-79.80108655421093
36.031754964792405,-79.80108878356339
36.03174600210093,-79.80109101291534
36.03173784417768,-79.80109304209131
36.03172888148604,-79.80109527144232
36.03171991879432,-79.80109750079284
36.031710956102536,-79.80109973014285
36.031702954522345,-79.80110172042873
36.03169383548704,-79.8011039886661
36.03168487279501,-79.80110621801468
36.031675910102884,-79.80110844736275
36.03166790852242,-79.8011104376469
36.03165894583016,-79.80111266699403
36.03164998313781,-79.80111489634065
36.03164086410202,-79.80111716457505
36.03163286252126,-79.80111915485745
36.03162389982868,-79.80112138420263
36.03161493713602,-79.80112361354733
36.03160597444327,-79.80112584289151
36.03159781651889,-79.8011278720604
36.03158885382598,-79.80113010140364
36.031579891133,-79.80113233074638
36.03157092843994,-79.80113456008863
36.03156292685862,-79.80113655036757
36.0315539641654,-79.80113877970888
36.03154484512874,-79.80114104793783
36.031535882435364,-79.80114327727814
36.031527880853766,-79.80114526755534
36.03151891816024,-79.8011474968947
36.0315099554666,-79.80114972623358
36.03150083642955,-79.80115199446003
36.031491873735774,-79.8011542237979
36.03148291104191,-79.80115645313525
36.03147490945989,-79.80115844340985
36.03146594676588,-79.80116067274625
36.03145682772841,-79.80116294097024
36.03144786503424,-79.80116517030567
36.03143890233998,-79.80116739964058
36.03142993964564,-79.80116962897499
36.03142097695121,-79.8011718583089
36.03141297536868,-79.80117384858043
36.03140385633075,-79.80117611680143
36.03139489363608,-79.8011783461339
36.03138593094135,-79.80118057546588
36.031376968246526,-79.80118280479735
36.03136800555163,-79.80118503412834
36.03135888651327,-79.80118730234679
36.03134992381821,-79.80118953167678
36.03134192223512,-79.80119152194477
36.031332959539895,-79.8011937512738
36.0313239968446,-79.80119598060234
36.03131487780584,-79.80119824881832
36.03130591511038,-79.80120047814584
36.031296952414834,-79.8012027074729
36.03128798971921,-79.80120493679944
36.03127998813561,-79.80120692706436
36.031271025439835,-79.80120915638997
36.031261906400594,-79.80121142460294
36.03125294370465,-79.80121365392753
36.031243981008636,-79.80121588325163
36.03123501831253,-79.80121811257523
36.03122605561635,-79.80122034189833
36.03121693657669,-79.80122261010878
36.03120893499251,-79.80122460037018
36.03119997229609,-79.80122682969184
36.0311910095996,-79.801229059013
36.03118204690302,-79.80123128833367
36.03117308620261,-79.80123352747177
36.03116492905099,-79.80123556586462
36.03115596814931,-79.8012378051063
36.03114700724752,-79.80124004434747
36.031138046345674,-79.80124228358815
36.03113004620757,-79.80124428274304
36.03112092829177,-79.80124656121895
36.03111196738968,-79.80124880045818
36.031103967251354,-79.80125079961176
36.031095006349105,-79.80125303885006
36.031086045446784,-79.80125527808784
36.03107708454437,-79.80125751732513
36.03106892739198,-79.8012595557131
36.0310599664894,-79.80126179494943
36.03105100558676,-79.80126403418527
36.03104300544794,-79.80126603333582
36.03103404454514,-79.80126827257071
36.03102508364225,-79.8012705118051
36.031015965725494,-79.80127279027505
36.03100796558638,-79.80127478942386
36.03099900468327,-79.8012770286568
36.030990043780065,-79.80127926788921
36.03098204364074,-79.80128126703676
36.03097292572359,-79.80128354550426
36.030963964820145,-79.80128578473523
36.03095596468062,-79.80128778388146
36.030947075890175,-79.80129039223502
36.030938014145576,-79.80129307311083
36.030928952400885,-79.80129575398601
36.0309210195206,-79.80129810089139
36.030911957775686,-79.80130078176545
36.030903079036655,-79.80130340849749
36.0308940172915,-79.80130608937037
36.03088590140482,-79.80130849041511
36.03087702266546,-79.80131111714547
36.03086796091998,-79.80131379801661
36.0308590821804,-79.80131642474579
36.030850966293315,-79.80131882578847
36.03084208755352,-79.80132145251655
36.030833025807596,-79.80132413338539
36.03082490992021,-79.80132653442652
36.03081603118008,-79.80132916115292
36.03080696943382,-79.80133184202003
36.03079809069347,-79.80133446874525
36.0307899748057,-79.80133686978432
36.0307809130591,-79.80133955064971
36.0307720343184,-79.80134217737324
36.03076297257159,-79.80134485823744
36.030755039689446,-79.80134720513318
36.0307459779424,-79.80134988599627
36.03073709920129,-79.80135251271754
36.030728983312805,-79.80135491375297
36.030719921565435,-79.80135759461433
36.030711042823974,-79.80136022133392
36.03070198107638,-79.80136290219407
36.030694048193546,-79.80136524908629
36.03068498644573,-79.80136792994531
36.03067592469778,-79.80137061080376
36.03066704595579,-79.80137323752047
36.030658930066515,-79.80137563855176
36.030650051324294,-79.80137826526739
36.03064098957591,-79.8013809461235
36.03063305669239,-79.80138329301218
36.0306239949438,-79.80138597386717
36.03061493319507,-79.80138865472158
36.03060605445229,-79.80139128143435
36.03059793856232,-79.801393682462
36.030589059819334,-79.80139630917368
36.030579998070166,-79.80139899002576
36.0305709363209,-79.80140167087724
36.03056300343659,-79.80140401776185
36.030553941687096,-79.80140669861221
36.03054506294354,-79.80140932532102
36.030536001193816,-79.8014120061702
36.03052806830912,-79.80141435305278
36.030519006559174,-79.80141703390082
36.03050994480912,-79.80141971474826
36.03050201192412,-79.80142206162935
36.03049295017386,-79.80142474247566
36.03048407142953,-79.80142736918052
36.03047500967903,-79.80143005002564
36.030466893787576,-79.80143245104554
36.030458015042925,-79.8014350777487
36.03044895329209,-79.8014377585921
36.030440074547215,-79.80144038529411
36.030431958655356,-79.80144278631194
36.03042307991026,-79.80144541301284
36.03041401815898,-79.80144809385392
36.03040590226683,-79.8014504948702
36.03039702352142,-79.8014531215694
36.030387961769804,-79.80145580240875
36.03037908302414,-79.80145842910682
36.0303709671316,-79.80146083012102
36.03036190537964,-79.80146351095865
36.03035302663366,-79.80146613765501
36.03034396488149,-79.80146881849144
36.03033603199463,-79.80147116536291
36.03032697024224,-79.80147384619823
36.03031809149582,-79.80147647289233
36.03030997560257,-79.80147887390291
36.03030091384986,-79.80148155473651
