36.108770696734865,-80.28886313405087
36.108769815993575,-80.28886008133551
36.108766917890264,-80.28885003629459
36.10876401978602,-80.28883999125406
36.10876137755987,-80.28883083310883
36.10875847945382,-80.288820788069
36.108754800626855,-80.28881050510581
36.10875045003368,-80.28879972181909
36.10874642236266,-80.28878973892344
36.10874239469063,-80.28877975602839
36.10873836701761,-80.28876977313398
36.1087343393436,-80.28875979024018
36.1087303116686,-80.288749807347
36.10872628399261,-80.28873982445445
36.10872225631562,-80.2887298415625
36.108718228637656,-80.28871985867117
36.10871420095868,-80.28870987578047
36.108709850354884,-80.28869909250086
36.10870582267386,-80.28868910961148
36.10870179499186,-80.28867912672271
36.10869776730886,-80.28866914383458
36.108693739624876,-80.28865916094705
36.1086897119399,-80.28864917806017
36.10868548464297,-80.28863870042495
36.10868145695592,-80.28862871753923
36.10867742926789,-80.28861873465415
36.10867340157886,-80.28860875176967
36.10866907469216,-80.28859795415035
36.1086650693881,-80.28858795740625
36.10866106408303,-80.28857796066275
36.108657058776956,-80.28856796391987
36.1086530534699,-80.28855796717757
36.108649048161844,-80.28854797043591
36.10864504285281,-80.28853797369487
36.10864103754277,-80.28852797695441
36.10863703223173,-80.28851798021459
36.1086330269197,-80.28850798347536
36.10862902160667,-80.28849798673676
36.10862501629266,-80.28848798999877
36.10862101097764,-80.28847799326138
36.108617005661635,-80.2884679965246
36.10861300034465,-80.28845799978845
36.108608995026664,-80.28844800305289
36.10860498970767,-80.28843800631795
36.10860098438769,-80.28842800958363
36.108596657493656,-80.28841721024762
36.10859265217162,-80.2884072135146
36.108588646848595,-80.2883972167822
36.10858464152457,-80.2883872200504
36.10858063619956,-80.2883772233192
36.10857663087354,-80.28836722658862
36.10857262554655,-80.28835722985866
36.108568620218556,-80.28834723312931
36.10856461488955,-80.28833723640057
36.10856060955956,-80.28832723967243
36.10855640683005,-80.28831675026673
36.108552401497995,-80.28830675353977
36.10854839616494,-80.28829675681342
36.10854439083089,-80.28828676008769
36.10854038549586,-80.28827676336256
36.10853638015983,-80.28826676663806
36.108532374822815,-80.28825676991414
36.10852836948478,-80.28824677319085
36.108524364145765,-80.28823677646817
36.108520037231436,-80.28822597714539
36.108516149102925,-80.28821642721537
36.108512289024425,-80.28820681924013
36.108508223609505,-80.2881968601515
36.108504158193604,-80.2881869010635
36.10850009277672,-80.28817694197612
36.10849602735884,-80.2881669828894
36.108491961939976,-80.28815702380328
36.10848789652013,-80.2881470647178
36.1084838310993,-80.288137105633
36.10847976567748,-80.28812714654877
36.10847570025467,-80.28811718746522
36.10847196002162,-80.28810802500308
36.108467894596906,-80.2880980659207
36.1084638291712,-80.28808810683896
36.10845976374452,-80.28807814775783
36.108455698316845,-80.28806818867734
36.10845163288819,-80.28805822959751
36.10844756745853,-80.2880482705183
36.108443298648126,-80.28803781322068
36.10843923321642,-80.28802785414268
36.10843549297508,-80.2880186916854
36.10843142754147,-80.28800873260859
36.10842736210688,-80.28799877353241
36.10842329667129,-80.28798881445684
36.10841923123473,-80.28797885538194
36.108415165797176,-80.28796889630766
36.10841110035863,-80.28795893723401
36.1084070349191,-80.28794897816098
36.10840296947859,-80.28793901908863
36.108398904037095,-80.28792906001688
36.108395163786604,-80.28791989756499
36.10839109834319,-80.28790993849445
36.1083870328988,-80.28789997942451
36.108382967453416,-80.28789002035522
36.10837890200705,-80.28788006128656
36.108374836559705,-80.28787010221853
36.10837077111136,-80.28786014315112
36.108366705662036,-80.28785018408438
36.10836264021172,-80.28784022501824
36.108358899953004,-80.28783106257126
36.10835483450078,-80.2878211035063
36.108350769047576,-80.287811144442
36.108346703593384,-80.28780118537833
36.108342638138204,-80.28779122631528
36.108338369300135,-80.28778076903258
36.10833430384291,-80.28777080997077
36.10833023838468,-80.28776085090958
36.10832617292547,-80.28775089184902
36.108322107465284,-80.28774093278908
36.10831836719735,-80.28773177034748
36.10831430173525,-80.28772181128875
36.10831023627216,-80.28771185223063
36.108306170808085,-80.28770189317316
36.108302105343036,-80.28769193411634
36.108298039876985,-80.28768197506011
36.108293974409946,-80.28767201600455
36.10828990894193,-80.28766205694961
36.10828584347293,-80.28765209789529
36.108282103196764,-80.28764293545858
36.108278037725846,-80.28763297640545
36.108273972253954,-80.28762301735296
36.10826990678106,-80.28761305830112
36.1082658413072,-80.2876030992499
36.10826177583235,-80.28759314019932
36.108257710356504,-80.28758318114936
36.10825364487967,-80.28757322210004
36.10824957940186,-80.28756326305137
36.10824551392305,-80.2875533040033
36.10824177363774,-80.287544141572
36.10823750477308,-80.28753368430361
36.108233439291304,-80.28752372525734
36.108229373808534,-80.28751376621167
36.10822530832478,-80.28750380716666
36.108221242840045,-80.28749384812228
36.10821717735432,-80.28748388907853
36.108213111867606,-80.2874739300354
36.10820904637992,-80.28746397099293
36.108205306086305,-80.28745480856645
36.10820124059669,-80.28744484952516
36.108197175106106,-80.2874348904845
36.10819310961453,-80.28742493144446
36.108189044121964,-80.28741497240506
36.10818497862843,-80.28740501336631
36.108180913133886,-80.28739505432819
36.10817684763835,-80.28738509529067
36.10817278214185,-80.2873751362538
36.10816871664436,-80.28736517721758
36.108164976341605,-80.28735601479656
36.10816091084219,-80.2873460557615
36.108156845341796,-80.28733609672709
36.10815277984043,-80.2873261376933
36.10814871433807,-80.28731617866016
36.10814464883473,-80.28730621962765
36.108140551569605,-80.28729628333214
36.108136246463054,-80.28728584427701
36.10813214806324,-80.28727590644904
36.10812804966243,-80.28726596862172
36.10812427841767,-80.287256824087
36.108120180014964,-80.28724688626089
36.10811608161129,-80.28723694843542
36.108111983206626,-80.2872270106106
36.10810788480098,-80.2872170727864
36.10810378639435,-80.28720713496286
36.10809968798675,-80.28719719713997
36.108095589578156,-80.28718725931773
36.10809149116858,-80.28717732149615
36.10808718604923,-80.28716688244805
36.10808341479528,-80.28715773791883
36.10807931638274,-80.28714780009904
36.108075217969215,-80.28713786227989
36.10807111955472,-80.28712792446139
36.10806702113924,-80.28711798664354
36.10806292272277,-80.28710804882631
36.108058824305324,-80.28709811100975
36.10805472588689,-80.28708817319382
36.10805062746748,-80.28707823537856
36.10804652904709,-80.28706829756393
36.10804275778402,-80.28705915304026
36.10803845265196,-80.28704871399911
36.10803435422859,-80.2870387761863
36.10803025580426,-80.28702883837413
36.10802615737894,-80.28701890056259
36.108022058952635,-80.2870089627517
36.10801796052534,-80.28699902494145
36.10801386209708,-80.28698908713186
36.10800976366783,-80.28697914932292
36.1080056652376,-80.2869692115146
36.10800189396533,-80.28696006699641
36.10799779553321,-80.28695012918934
36.1079936971001,-80.28694019138287
36.10798939195524,-80.28692975234878
36.10798529352007,-80.28691981454357
36.10798119508392,-80.286909876739
36.107977096646806,-80.28689993893508
36.1079729982087,-80.28689000113181
36.1079688997696,-80.28688006332918
36.10796480132953,-80.28687012552719
36.107961030048095,-80.28686098101453
36.107956931606125,-80.28685104321374
36.107952833163175,-80.28684110541361
36.10794873471924,-80.28683116761414
36.107944636274325,-80.2868212298153
36.10794033111667,-80.28681079078824
36.1079362326697,-80.28680085299065
36.107932134221755,-80.2867909151937
36.107928035772815,-80.28678097739738
36.10792393732291,-80.28677103960173
36.107920166032294,-80.28676189509456
36.10791606758048,-80.28675195730011
36.10791196912769,-80.2867420195063
36.10790787067392,-80.28673208171313
36.10790377221915,-80.28672214392061
36.10789967376343,-80.28671220612875
36.107895368594036,-80.28670176710816
36.10789127013625,-80.28669182931752
36.10788717167749,-80.28668189152754
36.107883073217735,-80.28667195373819
36.10787897475701,-80.28666201594952
36.10787520345628,-80.2866528714484
36.10787110499365,-80.28664293366091
36.107867006530036,-80.28663299587407
36.107862908065435,-80.2866230580879
36.10785880959986,-80.28661312030233
36.1078547111333,-80.28660318251742
36.10785061266576,-80.28659324473317
36.10784630748358,-80.2865828057196
36.10784220901399,-80.2865728679366
36.10783811054342,-80.28656293015423
36.10783433923351,-80.28655378565861
36.10783024076105,-80.28654384787744
36.10782614228759,-80.28653391009695
36.107822043813165,-80.28652397231707
36.107817945337736,-80.28651403453784
36.10781384686134,-80.28650409675926
36.107809748383964,-80.28649415898134
36.1078056499056,-80.28648422120405
36.10780155142625,-80.28647428342741
36.107797246231286,-80.28646384442087
36.107793474912185,-80.28645469993077
36.10778937642988,-80.28644476215592
36.10778527794658,-80.28643482438173
36.107781179462314,-80.28642488660817
36.107777080977066,-80.2864149488353
36.10777298249082,-80.28640501106304
36.107768884003605,-80.28639507329143
36.1077647855154,-80.28638513552048
36.10776068702622,-80.28637519775016
36.10775658853605,-80.28636525998049
36.10775281720785,-80.2863561154959
36.10774851200015,-80.28634567649632
36.10774441350703,-80.28633573872847
36.10774031501291,-80.28632580096125
36.10773621651782,-80.28631586319469
36.107732118021744,-80.28630592542874
36.107728019524686,-80.28629598766345
36.10772392102665,-80.28628604989882
36.10771982252762,-80.28627611213481
36.10771572402762,-80.28626617437146
36.10771195269023,-80.2862570298924
36.107707854188334,-80.28624709213025
36.10770375568544,-80.28623715436876
36.107699450464956,-80.28622671537623
36.10769535196002,-80.28621677761598
36.10769125345411,-80.28620683985638
36.10768715494721,-80.28619690209742
36.10768305643933,-80.28618696433911
36.10767895793047,-80.28617702658141
36.107674859420634,-80.2861670888244
36.1076707609098,-80.28615715106802
36.107666989562304,-80.28614800659501
36.10766289104957,-80.28613806883983
36.10765879253587,-80.28612813108532
36.107654694021186,-80.28611819333143
36.10765038878791,-80.28610775434593
36.10764629027117,-80.2860978165933
36.107642191753456,-80.28608787884131
36.10763809323476,-80.28607794108997
36.10763399471507,-80.28606800333927
36.1076298961944,-80.28605806558922
36.107626124837736,-80.2860489211217
36.10762202631516,-80.28603898337285
36.10761792779162,-80.28602904562466
36.10761382926709,-80.2860191078771
36.107609730741586,-80.28600917013019
36.10760563221509,-80.2859992323839
36.107601326969025,-80.28598879340545
36.107597228440476,-80.28597885566043
36.10759312991096,-80.28596891791607
36.107589031380456,-80.28595898017232
36.10758526001459,-80.2859498357103
36.10758116148218,-80.2859398979678
36.107577062948806,-80.28592996022591
36.10757296441444,-80.28592002248469
36.107568865879095,-80.28591008474409
36.10756476734276,-80.28590014700416
36.10756066880544,-80.28589020926485
36.107556570267164,-80.28588027152621
36.10755226500828,-80.28586983255478
36.10754816646795,-80.28585989481738
36.107544395092894,-80.28585075036085
36.10754029655066,-80.28584081262467
36.10753619800744,-80.28583087488911
36.10753209946323,-80.2858209371542
36.10752800091804,-80.28581099941994
36.107523902371874,-80.28580106168631
36.10751980382472,-80.28579112395335
36.10751570527659,-80.28578118622102
36.10751160672748,-80.28577124848934
36.10750750817738,-80.2857613107583
36.10750353007264,-80.28575166507336
36.107499431520566,-80.28574172734346
36.1074953329675,-80.28573178961425
36.107491234413466,-80.28572185188567
36.10748713585843,-80.28571191415773
36.10748303730243,-80.28570197643043
36.10747893874544,-80.28569203870377
36.10747484018746,-80.28568210097777
36.10747074162851,-80.28567216325241
36.10746664306857,-80.2856622255277
36.10746287167523,-80.28565308108223
36.107458773113386,-80.28564314335871
36.107454467829,-80.28563270440131
36.10745036926512,-80.28562276667905
36.10744627224361,-80.28561283135399
36.10744223752745,-80.28560285285948
36.1074382028103,-80.28559287436562
36.107434168092155,-80.28558289587235
36.10743013337302,-80.28557291737972
36.1074260986529,-80.28556293888768
36.107422063931786,-80.2855529603963
36.10741770585949,-80.2855421822107
36.10741367113633,-80.28553220372063
36.10740963641218,-80.28552222523118
36.107405601687034,-80.28551224674236
36.107401566960895,-80.28550226825416
36.10739733192821,-80.28549179438082
36.10739329720002,-80.28548181589382
36.10738926247084,-80.28547183740744
36.107385227740664,-80.28546185892168
36.1073811930095,-80.28545188043655
36.10737715827735,-80.28544190195204
36.1073731235442,-80.28543192346811
36.10736908881007,-80.28542194498485
36.10736505407494,-80.2854119665022
36.10736101933883,-80.28540198802018
36.10735666125051,-80.28539120984519
36.10735262651236,-80.28538123136447
36.1073485917732,-80.2853712528844
36.107344557033066,-80.28536127440495
36.1073403219852,-80.28535080053963
36.107336287243,-80.28534082206137
36.1073322524998,-80.28533084358374
36.107328217755615,-80.28532086510671
36.10732418301043,-80.28531088663031
36.10732014826427,-80.28530090815454
36.107316113517115,-80.28529092967939
36.10731207876898,-80.28528095120485
36.10730804401984,-80.28527097273096
36.10730400926971,-80.28526099425768
36.1072999745186,-80.28525101578502
36.107295616414284,-80.28524023762063
36.107291581661116,-80.28523025914929
36.10728754690696,-80.28522028067859
36.10728351215182,-80.2852103022085
36.1072792770877,-80.28519982835178
36.107275242330495,-80.28518984988288
36.1072713,-80.28518009999999
36.10726710401929,-80.2851699342228
36.10726300286492,-80.28515999818836
36.10725890170956,-80.28515006215456
36.107254800553214,-80.28514012612139
36.107250699395884,-80.28513019008889
36.10724659823759,-80.28512025405703
36.107242497078296,-80.28511031802581
36.1072381889336,-80.28509988052659
36.10723408777226,-80.2850899444966
36.10723031393239,-80.2850808014827
36.10722621276915,-80.28507086545395
36.10722211160494,-80.28506092942582
36.10721801043974,-80.28505099339834
36.10721390927356,-80.28504105737153
36.107209808106404,-80.28503112134537
36.10720570693825,-80.28502118531983
36.10720139878396,-80.28501074782586
36.10719729761377,-80.28500081180158
36.10719319644261,-80.28499087577795
36.107189095270456,-80.28498093975496
36.107184994097324,-80.28497100373262
36.1071808929232,-80.2849610677109
36.10717679174812,-80.28495113168987
36.107172690572035,-80.28494119566946
36.10716858939497,-80.2849312596497
36.107164281231,-80.28492082216107
36.1071601800519,-80.28491088614255
36.10715607887181,-80.2849009501247
36.10715197769074,-80.28489101410747
36.107147876508684,-80.2848810780909
36.10714377532565,-80.28487114207496
36.10713967414164,-80.28486120605969
36.10713557295664,-80.28485127004505
36.107131799094674,-80.28484212704447
36.10712749092111,-80.2848316895611
36.107123389733154,-80.28482175354829
36.10711928854421,-80.2848118175361
36.10711518735429,-80.28480188152457
36.10711108616338,-80.28479194551367
36.10710698497149,-80.28478200950345
36.10710288377863,-80.28477207349385
36.10709878258477,-80.2847621374849
36.107094681389945,-80.28475220147659
36.1070903732067,-80.28474176399855
36.10708627200984,-80.28473182799151
36.10708217081197,-80.2847218919851
36.107078069613124,-80.28471195597935
36.10707396841331,-80.28470201997422
36.107069867212495,-80.28469208396974
36.10706576601072,-80.28468214796592
36.107061664807944,-80.28467221196274
36.107057563604194,-80.28466227596022
36.10705325541129,-80.2846518384875
36.1070491542055,-80.28464190248624
36.107045052998714,-80.28463196648559
36.10704095179096,-80.28462203048561
36.10703685058221,-80.28461209448625
36.10703307669807,-80.28460295149898
36.10702897548743,-80.28459301550085
36.107024874275815,-80.28458307950335
36.107020773063205,-80.28457314350649
36.10701646486072,-80.28456270603907
36.10701236364607,-80.28455277004348
36.10700826243043,-80.28454283404852
36.107004161213816,-80.28453289805421
36.10700005999622,-80.28452296206055
36.10699595877765,-80.28451302606753
36.106991857558086,-80.28450309007518
36.106987756337546,-80.28449315408346
36.10698365511601,-80.28448321809238
36.106979346903856,-80.28447278063028
36.10697524568029,-80.28446284464046
36.106971144455734,-80.28445290865128
36.106967043230206,-80.28444297266272
36.10696294200369,-80.28443303667486
36.106958840776194,-80.2844231006876
36.10695473954772,-80.28441316470101
36.10695063831825,-80.28440322871506
36.10694653708781,-80.28439329272975
36.10694222886598,-80.284382855273
36.1069381276335,-80.28437291928894
36.10693435372719,-80.28436377631495
36.1069302524928,-80.2843538403321
36.10692615125743,-80.28434390434991
36.10692205002109,-80.28433396836834
36.10691794878376,-80.28432403238745
36.10691384754545,-80.28431409640717
36.10690974630615,-80.28430416042757
36.10690543807473,-80.28429372297606
36.10690133683338,-80.28428378699768
36.10689723559105,-80.28427385101996
36.10689313434775,-80.28426391504287
36.10688903310347,-80.28425397906645
36.106884931858204,-80.28424404309065
36.10688083061195,-80.28423410711552
36.106876729364714,-80.28422417114102
36.10687260833085,-80.284214249238
36.10686827773651,-80.28420382326281
36.10686415620051,-80.28419390060203
36.10686036319344,-80.28418476888233
36.106856241655564,-80.28417484622278
36.10685212011669,-80.28416492356388
36.10684799857684,-80.28415500090561
36.10684387703601,-80.28414507824803
36.106839755494214,-80.28413515559109
36.10683563395142,-80.28412523293481
36.106831512407666,-80.28411531027918
36.10682751033311,-80.28410567524969
36.106823388787376,-80.28409575259525
36.10681926724066,-80.28408582994143
36.10681514569296,-80.28407590728828
36.10681102414428,-80.28406598463579
36.10680690259462,-80.28405606198395
36.10680278104399,-80.28404613933274
36.10679865949238,-80.28403621668222
36.10679486647072,-80.28402708497144
36.10679074491722,-80.28401716232216
36.10678641430167,-80.28400673635875
36.106782292746125,-80.2839968137107
36.10677817118959,-80.2839868910633
36.10677404963208,-80.28397696841655
36.106769928073604,-80.28396704577048
36.10676580651413,-80.28395712312503
36.10676201348516,-80.28394799141869
36.1067578919238,-80.28393806877449
36.10675377036146,-80.28392814613093
36.10674964879814,-80.28391822348803
36.10674531817196,-80.28390779753057
36.106741196606606,-80.28389787488894
36.10673707504027,-80.28388795224795
36.10673295347294,-80.28387802960762
36.10672916043665,-80.2838688979057
36.10672503886744,-80.28385897526661
36.10672091729725,-80.28384905262816
36.106716795726086,-80.28383912999034
36.106712674153925,-80.28382920735318
36.106708552580805,-80.28381928471669
36.106704221943986,-80.28380885876518
36.10670010036881,-80.28379893612995
36.10669630732517,-80.28378980443249
36.10669218574811,-80.28377988179847
36.106688064170086,-80.28376995916511
36.10668394259106,-80.28376003653241
36.10667982101106,-80.28375011390035
36.106675699430085,-80.28374019126896
36.10667157784813,-80.28373026863824
36.10666745626519,-80.28372034600815
36.10666345415077,-80.28371071099902
36.10665933256586,-80.28370078837011
36.106655210979966,-80.28369086574186
36.1066510893931,-80.28368094311426
36.10664696780525,-80.2836710204873
36.10664284621642,-80.283661097861
36.10663872462661,-80.28365117523536
36.10663460303582,-80.28364125261037
36.10663080997761,-80.28363212092184
36.10662668838493,-80.28362219829806
36.10662235772691,-80.28361177235836
36.10661823613219,-80.28360184973585
36.10661411453649,-80.28359192711399
36.106609992939816,-80.2835820044928
36.106605871342154,-80.28357208187226
36.10660174974352,-80.28356215925238
36.106597956677966,-80.28355302756827
36.10659383507743,-80.2835431049496
36.10658971347592,-80.2835331823316
36.106585382808326,-80.28352275639722
36.10658126120478,-80.28351283378045
36.10657713960025,-80.28350291116436
36.10657301799475,-80.28349298854893
36.10656889638825,-80.28348306593412
36.106565103315376,-80.28347393425446
36.10656098170699,-80.2834640116409
36.10655686009764,-80.283454089028
36.10655273848729,-80.28344416641573
36.106548616875976,-80.28343424380412
36.10654428619775,-80.28342381787567
36.106540164584395,-80.28341389526533
36.10653604297005,-80.28340397265565
36.10653224988983,-80.28339484098042
36.10652812827361,-80.28338491837195
36.1065240066564,-80.28337499576415
36.10651988503821,-80.28336507315699
36.10651576341904,-80.28335515055048
36.106511641798896,-80.28334522794464
36.106507520177765,-80.28333530533943
36.10650318948889,-80.28332487941692
36.106499396401354,-80.28331574774614
36.10649527477728,-80.28330582514278
36.10649115315222,-80.28329590254006
36.10648703152617,-80.28328597993801
36.10648290989915,-80.28327605733661
36.106478788271154,-80.28326613473585
36.10647466664218,-80.28325621213575
36.10647054501223,-80.28324628953631
36.106466751917424,-80.28323715787002
36.10646242121799,-80.28322673195335
36.10645829958507,-80.28321680935574
36.106454177951186,-80.28320688675878
36.10645005631632,-80.28319696416247
36.10644593468048,-80.28318704156682
36.10644181304364,-80.28317711897182
36.106437691405844,-80.28316719637748
36.10643389830371,-80.28315806471562
36.106429776664015,-80.28314814212251
36.10642565502334,-80.28313821953003
36.10642132431327,-80.28312779361933
36.10641720267055,-80.28311787102813
36.106413081026844,-80.28310794843757
36.106408959382165,-80.28309802584766
36.106404837736505,-80.28308810325842
36.10640104462706,-80.28307897160101
36.10639692297949,-80.283069049013
36.106392801330955,-80.28305912642561
36.10638867968145,-80.28304920383891
36.10638455803097,-80.28303928125285
36.10638022731026,-80.28302885534808
36.10637610565773,-80.28301893276326
36.106371984004234,-80.28300901017913
36.10636819088744,-80.28299987852616
36.10636406923204,-80.28298995594322
36.10635994757566,-80.28298003336096
36.1063558259183,-80.28297011077936
36.106351704259964,-80.2829601881984
36.10634758260064,-80.28295026561808
36.106343460940344,-80.28294034303843
36.10633916348231,-80.28292989802912
36.10633510651728,-80.28291993356065
36.106331049551244,-80.28290996909277
36.10632699258422,-80.28290000462553
36.10632293561623,-80.28289004015893
36.10631887864723,-80.28288007569296
36.10631482167725,-80.28287011122761
36.106310764706286,-80.28286014676289
36.106306707734326,-80.28285018229882
36.10630265076138,-80.28284021783534
36.10629859378745,-80.28283025337252
36.10629453681254,-80.28282028891033
36.10629047983663,-80.28281032444876
36.1062862203371,-80.28279986256602
36.10628216335913,-80.28278989810569
36.10627810638018,-80.28277993364598
36.10627404940025,-80.28276996918689
36.106269992419314,-80.28276000472842
36.106265935437406,-80.28275004027057
36.10626187845451,-80.28274007581338
36.10625782147062,-80.2827301113568
36.10625376448574,-80.28272014690086
36.106249707499884,-80.28271018244556
36.10624565051304,-80.28270021799088
36.1062415935252,-80.28269025353683
36.10623753653638,-80.2826802890834
36.10623347954656,-80.28267032463062
36.106229220031956,-80.28265986275598
36.106225487729766,-80.2826506957805
36.10622143073699,-80.28264073132948
36.106217373743206,-80.28263076687908
36.10621331674844,-80.2826208024293
36.10620925975269,-80.28261083798016
36.106205202755945,-80.28260087353166
36.106201145758206,-80.28259090908378
36.1061970887595,-80.28258094463654
36.1061930317598,-80.28257098018992
36.106188974759114,-80.28256101574394
36.10618491775744,-80.28255105129858
36.10618086075476,-80.28254108685384
36.10617680375112,-80.28253112240975
36.10617274674647,-80.2825211579663
36.106168487215804,-80.28251069610023
36.10616443020912,-80.28250073165796
36.106160373201426,-80.28249076721634
36.10615631619276,-80.28248080277535
36.1061522591831,-80.28247083833499
36.10614820217245,-80.28246087389526
36.10614414516081,-80.28245090945614
36.1061400881482,-80.28244094501768
36.10613603113459,-80.28243098057983
36.10613197411999,-80.28242101614262
36.10612791710441,-80.28241105170605
36.10612386008784,-80.28240108727009
36.106119803070285,-80.28239112283478
36.10611574605174,-80.28238115840009
36.106111486506,-80.2823706965421
36.1061074294854,-80.2823607321086
36.10610337246381,-80.28235076767577
36.106099315441234,-80.28234080324354
36.10609525841767,-80.28233083881197
36.10609120139311,-80.282320874381
36.106087144367585,-80.28231090995068
36.10608308734105,-80.28230094552099
36.10607903031354,-80.28229098109193
36.106074973285025,-80.28228101666348
36.10607091625553,-80.28227105223567
36.106066859225066,-80.28226108780851
36.1060628021936,-80.28225112338197
36.10605874516115,-80.28224115895604
36.106054485600346,-80.28223069710613
36.10605042856585,-80.28222073268144
36.10604637153035,-80.28221076825737
36.106042314493855,-80.28220080383392
36.10603825745638,-80.28219083941109
36.10603420041793,-80.28218087498891
36.106030143378476,-80.28217091056737
36.10602608633804,-80.28216094614646
36.10602202929663,-80.28215098172616
36.10601797225422,-80.28214101730649
36.10601391521083,-80.28213105288748
36.10600985816644,-80.28212108846908
36.10600575431573,-80.28211115559857
36.106001648095074,-80.28210122287106
36.105997334379644,-80.28209078822813
36.10599322815695,-80.28208085550189
36.10598912193325,-80.28207092277628
36.105985015708576,-80.28206099005132
36.105980909482916,-80.28205105732701
36.10597680325628,-80.28204112460337
36.10597302465377,-80.28203198438607
36.10596891842523,-80.28202205166362
36.10596481219572,-80.28201211894181
36.10596070596523,-80.28200218622068
36.10595639223916,-80.28199175158362
36.10595228600661,-80.28198181886373
36.10594817977309,-80.28197188614446
36.10594407353858,-80.28196195342585
36.10593996730311,-80.28195202070789
36.10593586106665,-80.28194208799059
36.105932082454956,-80.28193294777883
36.10592797621659,-80.28192301506274
36.105923869977254,-80.2819130823473
36.10591976373693,-80.28190314963248
36.10591565749562,-80.28189321691835
36.105911343757825,-80.28188278228775
36.10590723751449,-80.28187284957487
36.10590313127015,-80.28186291686261
36.10589902502485,-80.281852984151
36.105894918778546,-80.28184305144003
36.10589114015768,-80.28183391123382
36.10588703390948,-80.28182397852407
36.10588292766032,-80.28181404581498
36.10587882141016,-80.28180411310652
36.10587471515904,-80.28179418039872
36.10587060890692,-80.28178424769158
36.10586629515741,-80.28177381306746
36.10586218890325,-80.28176388036158
36.10585808264811,-80.28175394765633
36.10585397639199,-80.28174401495171
36.105850197761946,-80.281734874751
36.10584609150392,-80.2817249420476
36.10584198524493,-80.28171500934486
36.10583787898494,-80.28170507664278
36.10583377272399,-80.28169514394132
36.10582966646204,-80.28168521124053
36.10582535270188,-80.28167477662231
36.10582124643789,-80.28166484392274
36.105817140172924,-80.28165491122384
36.105813033906976,-80.28164497852558
36.105809255267765,-80.2816358383304
36.1058051489999,-80.28162590563336
36.10580104273107,-80.28161597293696
36.105796936461275,-80.28160604024123
36.105792830190474,-80.28159610754612
36.105788723918714,-80.28158617485168
36.10578461764596,-80.28157624215788
36.10578030387407,-80.28156580754614
36.10577619759928,-80.28155587485357
36.105772091323495,-80.28154594216169
36.105768312675096,-80.28153680197201
36.10576420639742,-80.28152686928132
36.105760100118765,-80.28151693659129
36.10575599383913,-80.28150700390191
36.10575188755851,-80.28149707121315
36.10574778127691,-80.28148713852505
36.10574367499433,-80.2814772058376
36.105739568710774,-80.28146727315081
36.105735254927176,-80.28145683854554
36.10573114864156,-80.28144690585998
36.10572704235498,-80.28143697317508
36.105723263696476,-80.28142783299151
36.105719157408,-80.28141790030782
36.10571505111853,-80.28140796762477
36.10571094482808,-80.28139803494238
36.105706838536655,-80.28138810226065
36.105702732244254,-80.28137816957955
36.10569862595086,-80.2813682368991
36.10569451965648,-80.28135830421928
36.10569020586116,-80.28134786962049
36.10568609956475,-80.28133793694195
36.10568232089708,-80.28132879676392
36.105678214598754,-80.28131886408656
36.10567410829947,-80.28130893140987
36.1056700019992,-80.28129899873383
36.105665895697946,-80.28128906605845
36.105661789395704,-80.28127913338369
36.10565768309249,-80.28126920070959
36.105653576788285,-80.28125926803615
36.10564926298232,-80.28124883344323
36.10564515667606,-80.28123890077102
36.10564137799922,-80.28122976059852
36.10563727169108,-80.28121982792752
36.10563316538196,-80.28120989525719
36.10562905907186,-80.2811999625875
36.10562495276078,-80.28119002991843
36.10562084644871,-80.28118009725006
36.10561674013566,-80.28117016458232
36.105612633821636,-80.28116023191521
36.10560852750662,-80.28115029924876
36.10560421368893,-80.28113986466232
36.105600435002906,-80.28113072449534
36.10559632868493,-80.28112079183069
36.105592222365985,-80.2811108591667
36.10558811604605,-80.28110092650337
36.10558400972514,-80.28109099384068
36.105579903403246,-80.28108106117864
36.10557579708037,-80.28107112851724
36.10557169075651,-80.28106119585648
36.105567584431675,-80.2810512631964
36.10556347810585,-80.28104133053695
36.10555949190813,-80.28103168845436
36.10555538558033,-80.28102175579608
36.10555127925154,-80.28101182313846
36.10554717292178,-80.28100189048145
36.105543066591046,-80.28099195782512
36.10553896025932,-80.28098202516944
36.10553485392663,-80.28097209251439
36.105530747592944,-80.28096215986
36.10552664125827,-80.28095222720624
36.10552253492263,-80.28094229455314
36.1055185487149,-80.28093265247561
36.10551444237727,-80.28092271982368
36.10551033603866,-80.2809127871724
36.10550632853586,-80.28090279813294
36.10550231985134,-80.28089280346909
36.1054983111658,-80.2808828088058
36.10549430247928,-80.28087281414315
36.10549029379177,-80.28086281948111
36.105486285103254,-80.28085282481969
36.10548227641375,-80.28084283015889
36.105478267723264,-80.28083283549869
36.10547425903177,-80.28082284083911
36.10547025033929,-80.28081284618013
36.10546624164582,-80.28080285152177
36.105462232951346,-80.28079285686401
36.10545822425587,-80.28078286220686
36.10545421555942,-80.28077286755035
36.10545020686197,-80.28076287289443
36.105446198163534,-80.28075287823914
36.105442189464085,-80.28074288358445
36.105438180763656,-80.28073288893037
36.10543417206224,-80.28072289427692
36.10543016335982,-80.28071289962406
36.10542647643937,-80.28070370725327
36.105422467735025,-80.28069371260155
36.105418459029686,-80.28068371795047
36.10541445032337,-80.28067372329998
36.105410441616044,-80.28066372865011
36.105406432907735,-80.28065373400086
36.105402424198424,-80.28064373935221
36.10539841548813,-80.2806337447042
36.105394406776846,-80.28062375005678
36.10539039806456,-80.28061375540997
36.105386389351274,-80.28060376076378
36.105382380637,-80.28059376611819
36.105378371921745,-80.28058377147323
36.10537436320548,-80.28057377682887
36.10537035448822,-80.28056378218514
36.10536634576997,-80.280553787542
36.10536233705074,-80.2805437928995
36.10535832833051,-80.2805337982576
36.10535431960929,-80.2805238036163
36.10535031088707,-80.28051380897563
36.105346302163845,-80.28050381433555
36.10534229343964,-80.2804938196961
36.10533848243482,-80.28048431801784
36.105334473708695,-80.28047432337965
36.10533046498159,-80.28046432874208
36.10532645625351,-80.28045433410516
36.10532276930908,-80.28044514174809
36.10531876057907,-80.28043514711229
36.105314751848056,-80.2804251524771
36.10531074311605,-80.28041515784253
36.105306734383056,-80.28040516320857
36.105302725649054,-80.2803951685752
36.10529871691407,-80.28038517394245
36.105294708178086,-80.28037517931034
36.10529069944111,-80.2803651846788
36.105286690703146,-80.2803551900479
36.105282681964184,-80.2803451954176
36.10527867322423,-80.28033520078793
36.10527466448329,-80.28032520615886
36.10527065574134,-80.28031521153042
36.10526664699841,-80.28030521690258
36.10526263825448,-80.28029522227534
36.10525862950957,-80.28028522764872
36.10525462076365,-80.28027523302272
36.10525061201674,-80.28026523839733
36.10524660326883,-80.28025524377254
36.10524259451994,-80.28024524914838
36.10523858577006,-80.28023525452484
36.10523457701918,-80.2802252599019
36.1052305682673,-80.28021526527957
36.10522655951443,-80.28020527065785
36.10522287254691,-80.280196078314
36.105218863792125,-80.28018608369342
36.10521485503634,-80.28017608907348
36.105210846279554,-80.28016609445412
36.10520683752179,-80.2801560998354
36.105202828763026,-80.28014610521727
36.10519882000327,-80.28013611059976
36.10519481124252,-80.28012611598285
36.105190802480784,-80.28011612136658
36.10518679371805,-80.28010612675091
36.105182784954316,-80.28009613213584
36.10517877618959,-80.2800861375214
36.105174767423875,-80.28007614290756
36.10517075865717,-80.28006614829435
36.10516674988946,-80.28005615368174
36.10516274112076,-80.28004615906974
36.105158732351065,-80.28003616445837
36.10515472358039,-80.28002616984759
36.105150714808715,-80.28001617523744
36.10514670603604,-80.2800061806279
36.10514269726237,-80.27999618601896
36.10513868848771,-80.27998619141063
36.10513467971207,-80.27997619680293
36.105130670935424,-80.27996620219584
36.10512666215779,-80.27995620758935
36.10512265337916,-80.27994621298349
36.10511896638761,-80.27993702065338
36.10511495760704,-80.27992702604864
36.10511094882549,-80.27991703144454
36.10510694004295,-80.27990703684104
36.105102931259424,-80.27989704223815
36.1050989224749,-80.27988704763588
36.105094913689385,-80.27987705303421
36.105090904902866,-80.27986705843317
36.10508689611537,-80.27985706383272
36.105082887326866,-80.2798470692329
36.10507887853736,-80.2798370746337
36.105074869746886,-80.27982708003509
36.1050708609554,-80.27981708543712
36.10506685216293,-80.27980709083974
36.10506284336947,-80.27979709624297
36.105058834575004,-80.27978710164683
36.105054825779554,-80.27977710705129
36.10505081698311,-80.27976711245638
36.10504680818566,-80.27975711786206
36.10504279938723,-80.27974712326836
36.105038790587805,-80.27973712867528
36.10503478178738,-80.2797271340828
36.10503077298597,-80.27971713949096
36.10502676418356,-80.2797071448997
36.10502275538016,-80.27969715030908
36.105018746575766,-80.27968715571905
36.10501505956017,-80.27967796340266
36.10501105075386,-80.27966796881377
36.10500704194655,-80.27965797422551
36.105003033138246,-80.27964797963786
36.104999024328954,-80.27963798505083
36.10499501551866,-80.27962799046439
36.10499100670739,-80.27961799587857
36.10498699789511,-80.27960800129337
36.10498298908183,-80.27959800670878
36.10497898026757,-80.27958801212482
36.104974971452314,-80.27957801754145
36.10497096263607,-80.2795680229587
36.104966953818824,-80.27955802837656
36.1049629450006,-80.27954803379505
36.10495893618137,-80.27953803921412
36.10495492736114,-80.27952804463382
36.10495091853992,-80.27951805005412
36.10494690971772,-80.27950805547506
36.104942900894514,-80.2794980608966
36.104938892070315,-80.27948806631875
36.10493488324513,-80.27947807174151
36.10493087441895,-80.27946807716488
36.104926865591764,-80.27945808258887
36.104922856763594,-80.27944808801348
36.104918847934435,-80.27943809343869
36.10491516089573,-80.2794289011355
36.104912850491544,-80.2794180470989
36.10491060441878,-80.27940712461799
36.10490829750517,-80.2793959062784
36.10490605143027,-80.27938498379817
36.10490380535435,-80.27937406131835
36.10490155927737,-80.27936313883892
36.104899252359345,-80.2793519205003
36.10489700628024,-80.27934099802157
36.104894760200104,-80.27933007554321
36.104892514118916,-80.27931915306525
36.10489020719647,-80.27930793472767
36.10488796111316,-80.2792970122504
36.10488571502881,-80.27928608977349
36.10488346894343,-80.27927516729702
36.10488135514438,-80.27926488811998
36.10487910905694,-80.27925396564412
36.10487686296847,-80.27924304316863
36.10487461687896,-80.27923212069358
36.10487230994776,-80.27922090235796
36.10487006385612,-80.27920997988357
36.10486781776344,-80.27919905740957
36.10486557166973,-80.27918813493596
36.10486326473409,-80.27917691660136
36.104861018638246,-80.27916599412843
36.10485877254136,-80.2791550716559
36.104856526443434,-80.27914414918376
36.10485421950337,-80.27913293085017
36.10485197340333,-80.27912200837872
36.10484992043125,-80.27911202506644
36.104847722069024,-80.27910106685677
36.10484598487477,-80.2790900036384
36.10484424767945,-80.2790789404202
36.10484251048306,-80.2790678772022
36.10484080968341,-80.27905704578109
36.10483907248493,-80.27904598256357
36.104837335285396,-80.27903491934623
36.104835634482725,-80.27902408792619
36.1048338972811,-80.27901302470933
36.1048321600784,-80.27900196149265
36.104830459272705,-80.27899113007366
36.104828756568914,-80.27898004636525
36.104827374312926,-80.27896892870622
36.104826015188664,-80.27895799710709
36.10482465606341,-80.27894706550823
36.10482315235027,-80.27893497098245
36.10482179322287,-80.27892403938407
36.10482041096153,-80.27891292172563
36.104819051832095,-80.27890199012772
36.10481769270166,-80.2788910585301
36.10481644925817,-80.27887807304128
36.104815399480174,-80.2788659470195
36.10481436105217,-80.2788539521159
36.104813322622945,-80.27884195721249
36.10481236651581,-80.27882998569532
36.104812035646525,-80.27881699860876
36.1048117292341,-80.27880497153865
36.104811398362095,-80.27879198445221
36.10481109194718,-80.27877995738191
36.10481081197637,-80.2787689683089
36.10481053200457,-80.278757979236
36.10481022657962,-80.27874599115663
36.10480994561231,-80.27873496309275
36.1048096656374,-80.27872397402007
36.10480938566148,-80.2787129849475
36.10480908023206,-80.2787009968685
36.10480879926061,-80.2786899688044
36.10480851928158,-80.27867897973206
36.10480823930156,-80.27866799065986
36.10480793386766,-80.27865600258122
36.10480765289208,-80.27864497451688
36.10480737290894,-80.27863398544488
36.10480709292481,-80.278622996373
36.10480678748643,-80.27861100829475
36.10480650750019,-80.27860001922312
36.1048064893956,-80.27858898973221
36.104806633749206,-80.27857799263508
36.10480677810179,-80.2785669955379
36.10480692245338,-80.27855599844064
36.10480706680396,-80.27854500134332
36.104807211153535,-80.27853400424597
36.1048073555021,-80.27852300714854
36.10480750011354,-80.27851198994824
36.10480765758247,-80.27849999311468
36.104807801927926,-80.2784889960172
36.10480794627239,-80.27847799891967
36.10480809061585,-80.27846700182208
36.104808234958284,-80.2784560047244
36.10480837929973,-80.27844500762669
36.10480852390401,-80.2784339904271
36.104808668243436,-80.27842299332939
36.104808812581865,-80.27841199623161
36.10480895691929,-80.27840099913381
36.10480910125571,-80.2783900020359
36.10480924559113,-80.27837900493796
36.10480938992554,-80.27836800783996
36.10480954764392,-80.27835599090488
36.10480969197623,-80.27834499380688
36.10480983630753,-80.27833399670882
36.10480998063782,-80.27832299961072
36.1048101249671,-80.27831200251254
36.10481026929539,-80.2783010054143
36.10481041362267,-80.278290008316
36.10481055821275,-80.2782789911178
36.10481070253801,-80.27826799401953
36.10481084686227,-80.27825699692119
36.10481099118553,-80.27824599982279
36.10481113550778,-80.27823500272432
36.104811279829036,-80.2782240056258
36.104811437269255,-80.27821200879099
36.10481158185217,-80.27820099159348
36.104811726170304,-80.27818999449492
36.104811870487445,-80.2781789973963
36.10481201480357,-80.27816800029761
36.104812159118694,-80.27815700319886
36.104812303432816,-80.27814600610006
36.104812447745935,-80.27813500900119
36.10481259232179,-80.27812399180438
36.104812736632894,-80.27811299470552
36.104812880942994,-80.27810199760661
36.104813025252085,-80.27809100050764
36.104813169560174,-80.2780800034086
36.10481331386727,-80.27806900630951
36.104813471292026,-80.27805700947407
36.10481361586073,-80.27804599227797
36.104813760164696,-80.27803499517884
36.10481390446767,-80.27802399807962
36.10481404876965,-80.27801300098035
36.10481419307061,-80.27800200388103
36.10481433737056,-80.27799100678165
36.104814481669514,-80.2779800096822
36.10481462623115,-80.2779689924868
36.104814770528094,-80.27795799538737
36.10481491482404,-80.27794699828787
36.10481505911897,-80.27793600118834
36.10481520341289,-80.27792500408873
36.1048153608233,-80.27791300725272
36.10481550266207,-80.27790199499218
36.10481557495831,-80.27789099572023
36.104815647253545,-80.2778799964482
36.10481571954777,-80.27786899717618
36.10481579184099,-80.2778579979041
36.10481586413323,-80.27784699863201
36.10481593642444,-80.2778359993599
36.10481600871466,-80.27782500008774
36.10481608100385,-80.27781400081557
36.10481615986366,-80.27780200160949
36.10481623215076,-80.27779100233725
36.104816304436866,-80.27778000306498
36.104816376721956,-80.27776900379267
36.10481644900604,-80.27775800452032
36.10481652135529,-80.27774699518136
36.10481659363735,-80.27773599590911
36.10481666591843,-80.2777249966368
36.104816738198494,-80.27771399736449
36.104816810477544,-80.27770299809215
36.10481688932629,-80.27769099888592
36.10481696160325,-80.2776799996135
36.1048170338792,-80.27766900034104
36.104817106154144,-80.27765800106857
36.104817178428085,-80.27764700179605
36.104817250701025,-80.27763600252351
36.104817322972956,-80.27762500325095
36.10481739524388,-80.27761400397836
36.104817467513804,-80.27760300470572
36.104817539848845,-80.27759199536845
36.1048176186865,-80.27757999616205
36.104817690953325,-80.27756899688944
36.104817763219124,-80.27755799761684
36.104817835483935,-80.27754699834419
36.10481790774772,-80.27753599907152
36.104817980010516,-80.27752499979883
36.10481805227231,-80.27751400052607
36.10481812453308,-80.27750300125331
36.10481819679287,-80.27749200198053
36.104818275620566,-80.27748000277381
36.104818347878236,-80.27746900350095
36.104818420134904,-80.27745800422805
36.10481849239058,-80.27744700495514
36.10481856471133,-80.27743599561956
36.104818636964986,-80.27742499634671
36.104818709217625,-80.27741399707385
36.10481878146927,-80.27740299780096
36.104818853719905,-80.27739199852803
36.10481892596953,-80.27738099925507
36.10481900478617,-80.27736900004817
36.104819077033696,-80.27735800077514
36.10481914928022,-80.2773470015021
36.10481922152574,-80.277336002229
36.10481929377024,-80.27732500295588
36.10481936601376,-80.27731400368275
36.10481943825626,-80.27730300440956
36.10481951056383,-80.27729199507556
36.10481958280432,-80.27728099580246
36.104819655043805,-80.27726999652933
36.10481973384937,-80.27725799732225
36.104819806086745,-80.27724699804907
36.10481987832312,-80.27723599877585
36.1048199505585,-80.2772249995026
36.104820022792865,-80.2772140002293
36.10482009502623,-80.277203000956
36.10482016725859,-80.27719200168265
36.10482023948994,-80.27718100240929
36.10482031172029,-80.27717000313588
36.10482038394963,-80.27715900386244
36.10482046274412,-80.27714700465503
36.10482053503742,-80.27713599532272
36.10482060726364,-80.27712499604932
36.104820679488874,-80.27711399677591
36.104820751713085,-80.27710299750247
36.10482082393631,-80.27709199822898
36.10482089615852,-80.27708099895547
36.10482096837973,-80.27706999968194
36.10482104059992,-80.27705900040836
36.10482111938445,-80.27704700120081
36.104821191602554,-80.27703600192717
36.104821263819645,-80.27702500265352
36.104821336035734,-80.27701400337982
36.10482140825082,-80.27700300410609
36.1048214804649,-80.27699200483235
36.104821552744,-80.27698099550172
36.10482162495605,-80.27696999622805
36.104821697167125,-80.27695899695435
36.104821769377175,-80.27694799768061
36.104821848150635,-80.27693599847287
36.104821920358596,-80.27692499919907
36.10482199256554,-80.27691399992524
36.104822064771476,-80.27690300065137
36.104822136976416,-80.27689200137749
36.10482220918034,-80.27688100210356
36.10482228138327,-80.27687000282963
36.104822353585185,-80.27685900355563
36.10482242578611,-80.27684800428162
36.104822498052016,-80.27683699495257
36.10482257681441,-80.27682499574466
36.10482264901222,-80.2768139964707
36.10482272120902,-80.27680299719668
36.10482279340482,-80.27679199792267
36.104822865599616,-80.2767809986486
36.1048229377934,-80.27676999937452
36.10482300998617,-80.27675900010041
36.10482308217795,-80.27674800082626
36.10482315436873,-80.27673700155209
36.10482322655849,-80.27672600227787
36.10482330530982,-80.27671400306961
36.10482337749749,-80.27670300379535
36.10482344968414,-80.27669200452104
36.10482352193577,-80.2766809951937
36.10482359412042,-80.27666999591948
36.10482354783144,-80.27665900357921
36.1048234909545,-80.2766479961137
36.10482343411747,-80.27663699656354
36.104823377279416,-80.27662599701343
36.10482332044037,-80.27661499746334
36.10482325843299,-80.27660299795414
36.104823201591834,-80.27659199840409
36.10482314474967,-80.27658099885407
36.10482308790651,-80.27656999930407
36.104823031062345,-80.27655899975409
36.10482297421718,-80.27654800020413
36.10482291737099,-80.27653700065419
36.104822860523804,-80.27652600110429
36.10482280367562,-80.2765150015544
36.10482274682642,-80.27650400200454
36.10482268480797,-80.27649200249562
36.10482262795668,-80.27648100294581
36.10482257110438,-80.27647000339603
36.10482251425106,-80.27645900384626
36.10482245735582,-80.27644799637851
36.1048224005005,-80.27643699682865
36.10481807266397,-80.27642695157975
36.10481413872124,-80.2764179075619
36.10480986754688,-80.2764080882613
36.10480593360242,-80.27639904424463
36.10480166242619,-80.27638922494535
36.104797503763045,-80.27637966431288
36.1047933,-80.27637
36.1047933584544,-80.27635900291884
36.104793416920764,-80.27634800339487
36.10479347538613,-80.27633700387088
36.10479353389377,-80.27632599620475
36.10479359767192,-80.27631399672413
36.10479365613418,-80.2763029972002
36.10479371459543,-80.27629199767624
36.10479377305568,-80.27628099815225
36.10479383151492,-80.27626999862824
36.10479388997315,-80.2762589991042
36.104793948430384,-80.27624799958015
36.104794006886614,-80.27623700005607
36.10479406534183,-80.27622600053195
36.10479412379605,-80.27621500100781
36.10479418756314,-80.27620300152692
36.104794246015246,-80.27619200200274
36.10479430446635,-80.27618100247854
36.10479436291645,-80.27617000295429
36.104794421365554,-80.27615900343005
36.10479447981364,-80.27614800390577
36.10479453830398,-80.27613699624179
36.10479459675006,-80.2761259967176
36.10479465519513,-80.27611499719337
36.1047947136392,-80.27610399766914
36.10479477739522,-80.27609199818812
36.10479483583719,-80.27608099866383
36.10479489427814,-80.27606999913951
36.10479495271811,-80.27605899961517
36.10479501115705,-80.27604800009081
36.104795069595006,-80.27603700056642
36.10479512803194,-80.27602600104201
36.104795186467875,-80.27601500151756
36.1047952449028,-80.2760040019931
36.10479530333672,-80.27599300246862
36.10479536708168,-80.27598100298734
36.10479542551351,-80.2759700034628
36.10479548394432,-80.27595900393824
36.10479554241736,-80.27594799627636
36.10479560084617,-80.27593699675188
36.10479565927396,-80.2759259972274
36.10479571770075,-80.27591499770287
36.10479577612655,-80.27590399817832
36.104795834551325,-80.27589299865376
36.10479589828632,-80.27588099917239
36.104795956709,-80.27586999964775
36.10479601513067,-80.2758590001231
36.10479607355135,-80.27584800059844
36.104796131971014,-80.27583700107374
36.104796190389656,-80.27582600154902
36.104796248807325,-80.27581500202427
36.104796307223985,-80.2758040024995
36.10479636563962,-80.27579300297472
36.10479642405426,-80.2757820034499
36.10479648777817,-80.27577000396825
36.104796546233906,-80.2757589963085
36.104796604645436,-80.27574799678376
36.104796663055964,-80.27573699725897
36.10479672146548,-80.27572599773417
36.10479677987401,-80.27571499820935
36.10479683828151,-80.2757039986845
36.104796896688015,-80.27569299915963
36.10479695509351,-80.27568199963473
36.10479701349801,-80.2756710001098
36.104797077210854,-80.27565900062804
36.10479713561325,-80.27564800110306
36.10479719401464,-80.27563700157806
36.10479725241501,-80.27562600205303
36.10479731081439,-80.27561500252799
36.10479736921276,-80.27560400300291
36.10479742761012,-80.2755930034778
36.10479748600649,-80.27558200395268
36.10479754444501,-80.27557099629504
36.10479760283936,-80.27555999677001
36.10479766654113,-80.27554799728813
36.10479772493339,-80.27553699776306
36.10479778332462,-80.27552599823794
36.10479784171486,-80.2755149987128
36.10479790010409,-80.27550399918765
36.10479795849231,-80.27549299966246
36.104798016879535,-80.27548200013726
36.10479807526574,-80.27547100061203
36.10479813365095,-80.27546000108677
36.104798192035155,-80.27544900156148
36.10479825572587,-80.27543700207934
36.10479831410797,-80.27542600255401
36.104798372489064,-80.27541500302864
36.10479843086915,-80.27540400350327
36.10479848924824,-80.27539300397787
36.10479854766947,-80.27538199632235
36.10479860604654,-80.27537099679705
36.10479866442262,-80.2753599972717
36.104798722797675,-80.27534899774636
36.104798786478426,-80.2753369982641
36.10479884485137,-80.2753259987387
36.104798903223326,-80.27531499921325
36.104798961594284,-80.2753039996878
36.104799019964226,-80.2752930001623
36.104799078333166,-80.27528200063679
36.1047991367011,-80.27527100111126
36.10479919506803,-80.27526000158569
36.10479925343395,-80.2752490020601
36.104799311798864,-80.2752380025345
36.10479937546854,-80.27522600305198
36.10479943383135,-80.27521500352633
36.10479949219317,-80.27520400400063
36.10479955059711,-80.27519299634726
36.1047996089569,-80.27518199682164
36.104799667315696,-80.27517099729603
36.10479972567348,-80.27515999777039
36.10479978403027,-80.27514899824472
36.104799842386036,-80.27513799871903
36.104799900740815,-80.27512699919329
36.104799964399426,-80.27511499971068
36.104800022752094,-80.2751040001849
36.10480008110376,-80.27509300065911
36.10480013945442,-80.2750820011333
36.104800197804074,-80.27507100160744
36.10480025615272,-80.27506000208159
36.104800314500366,-80.27504900255569
36.104800372847,-80.27503800302976
36.10480043119264,-80.27502700350382
36.10480048953727,-80.27501600397787
36.10480055322789,-80.2750039963697
36.10480061157043,-80.2749929968438
36.104800669911945,-80.27498199731792
36.104800728252464,-80.27497099779198
36.104800786591966,-80.27495999826604
36.10480084493047,-80.27494899874007
36.104800903267964,-80.27493799921407
36.10480096160447,-80.27492699968806
36.10480101993995,-80.27491600016201
36.10480108357752,-80.27490400067902
36.104801141910905,-80.27489300115292
36.10480120024329,-80.2748820016268
36.10480125857466,-80.27487100210065
36.10480131690503,-80.27486000257447
36.104801375234395,-80.27484900304827
36.10480143356275,-80.27483800352205
36.10480149189011,-80.27482700399581
36.10480155025952,-80.27481599634666
36.104801608584864,-80.2748049968205
36.10480167221136,-80.2747929973374
36.104801730534604,-80.27478199781119
36.10480178885683,-80.27477099828496
36.10480184717806,-80.27475999875871
36.10480190549829,-80.27474899923243
36.10480196381751,-80.27473799970612
36.104802022135715,-80.27472700017978
36.10480208045293,-80.27471600065344
36.10480213876913,-80.27470500112706
36.10480219708433,-80.27469400160065
36.10480226069976,-80.27468200211727
36.10480231901286,-80.27467100259084
36.104802377324944,-80.27466000306435
36.104802435636024,-80.27464900353783
36.10480249394611,-80.27463800401132
36.10480255229823,-80.27462699636429
36.1048026106063,-80.27461599683785
36.10480266891336,-80.2746049973114
36.10480272721942,-80.2745939977849
36.10480278552447,-80.27458299825841
36.10480284912883,-80.2745709987749
36.104802907431775,-80.27455999924834
36.104802965733725,-80.27454899972176
36.104803024034666,-80.27453800019516
36.1048030823346,-80.27452700066853
36.10480314063352,-80.27451600114186
36.10480319893146,-80.27450500161518
36.10480331783692,-80.27449400531515
36.10480343789218,-80.27448300732277
36.10480356904292,-80.27447099279328
36.10480368909608,-80.27445999480094
36.10480380914824,-80.27444899680852
36.104803929199385,-80.27443799881607
36.10480404924953,-80.27442700082355
36.10480416929867,-80.27441600283099
36.1048042893468,-80.27440500483839
36.104804409393935,-80.27439400684572
36.10480454053578,-80.27438199231709
36.10480466058081,-80.27437099432447
36.10480478062483,-80.2743599963318
36.104804900667844,-80.27434899833906
36.104805020709854,-80.27433800034628
36.10480514075086,-80.27432700235346
36.10480526079087,-80.27431600436057
36.104805380829866,-80.27430500636764
36.10480551196281,-80.27429299183986
36.1048056319997,-80.27428199384698
36.10480575203559,-80.27427099585404
36.10480587207047,-80.27425999786102
36.10480599210435,-80.27424899986798
36.10480611213723,-80.27423800187488
36.104806232169096,-80.27422700388175
36.10480635219996,-80.27421600588855
36.10480647222982,-80.2742050078953
36.10480660335276,-80.27419299336844
36.10480672338052,-80.27418199537523
36.104806843407275,-80.27417099738196
36.10480696343301,-80.27415999938864
36.104807083457764,-80.27414900139529
36.1048072034815,-80.27413800340186
36.10480732350423,-80.2741270054084
36.10480744352594,-80.2741160074149
36.10480757464,-80.27410399288888
36.10480769465963,-80.27409299489538
36.104807814678246,-80.27408199690186
36.104807934695856,-80.27407099890829
36.10480805471246,-80.27406000091466
36.104808174728056,-80.27404900292099
36.104808294742654,-80.27403800492725
36.10480841475624,-80.27402700693345
36.1048085458614,-80.27401499240827
36.10480866587289,-80.27400399441454
36.10480878588337,-80.27399299642073
36.104808905892845,-80.27398199842688
36.104809025901325,-80.27397100043298
36.10480914590879,-80.27396000243903
36.10480926591526,-80.27394900444502
36.10480938592072,-80.27393800645098
36.10480951701697,-80.27392599192665
36.10480963702033,-80.2739149939326
36.10480975702268,-80.27390399593854
36.104809877024024,-80.27389299794444
36.104809997024354,-80.27388199995026
36.104810117023696,-80.27387100195604
36.10481023702202,-80.27386000396177
36.104810357019346,-80.27384900596745
36.104810487924375,-80.27383700815541
36.104810608101936,-80.27382599344966
36.10481072809615,-80.27381499545535
36.10481084808936,-80.27380399746094
36.104810968081566,-80.27379299946652
36.104811088072765,-80.27378200147204
36.10481120806296,-80.27377100347749
36.10481132805215,-80.27376000548291
36.104811448040344,-80.27374900748826
36.1048115791177,-80.2737369929657
36.10481169910379,-80.27372599497109
36.104811819088866,-80.27371499697644
36.10481193907294,-80.27370399898173
36.10481205905601,-80.27369300098698
36.10481217903807,-80.27368200299217
36.10481229901913,-80.27367100499733
36.104812418999174,-80.27366000700243
36.10481255006764,-80.27364799248068
36.10481267004559,-80.27363699448581
36.104812790022535,-80.27362599649089
36.10481290999848,-80.27361499849594
36.10481302997342,-80.27360400050091
36.10481314994734,-80.27359300250583
36.104813269920264,-80.27358200451073
36.104813389892186,-80.27357100651554
36.10481352095175,-80.27355899199465
36.10481364092157,-80.2735479939995
36.10481376089039,-80.27353699600432
36.10481388085819,-80.27352599800908
36.10481400082499,-80.27351500001379
36.10481412079077,-80.27350400201846
36.104814240755566,-80.27349300402307
36.10481436071935,-80.27348200602762
36.1048144915878,-80.27347000821436
36.10481461173172,-80.27345899351216
36.104814731692386,-80.2734479955167
36.10481485165206,-80.27343699752119
36.10481497161073,-80.27342599952564
36.10481509156839,-80.27341500153003
36.10481521152505,-80.27340400353438
36.1048153314807,-80.27339300553867
36.10481546234027,-80.27338100772512
36.10481558247603,-80.27336999302376
36.10481570242857,-80.27335899502806
36.10481582238011,-80.27334799703227
36.104815942330646,-80.27333699903646
36.10481606228017,-80.27332600104057
36.1048161822287,-80.27331500304466
36.10481630217621,-80.27330400504867
36.10481642212273,-80.27329300705266
36.10481655315451,-80.27328099253437
36.104816673098924,-80.27326999453837
36.10481679304232,-80.27325899654232
36.104816912984724,-80.27324799854624
36.104817032926114,-80.2732370005501
36.1048171528665,-80.27322600255388
36.10481727280589,-80.27321500455766
36.10481739274427,-80.27320400656136
36.10481752376715,-80.27319199204392
36.10481764370343,-80.27318099404765
36.1048177636387,-80.27316999605134
36.10481788357297,-80.273158998055
36.104818003506224,-80.27314800005858
36.10481812343849,-80.27313700206213
36.104818243369735,-80.2731260040656
36.104818363299984,-80.27311500606905
36.104818494131834,-80.27310300825457
36.10481861424211,-80.27309199355591
36.10481873416925,-80.27308099555933
36.104818854095384,-80.27306999756271
36.10481897402051,-80.27305899956602
36.10481909394464,-80.2730480015693
36.104819213867756,-80.27303700357253
36.10481933378988,-80.27302600557569
36.104819464612845,-80.2730140077609
36.10481958471496,-80.27300299306312
36.104819704633975,-80.27299199506628
36.10481982455197,-80.27298099706938
36.10481994446897,-80.27296999907244
36.10482006438496,-80.27295900107545
36.10482018429994,-80.2729480030784
36.10482030421392,-80.2729370050813
36.10482043502803,-80.27292500726624
36.10482055512198,-80.27291399256931
36.10482067503285,-80.2729029945722
36.10482079494272,-80.27289199657504
36.10482091485157,-80.27288099857782
36.104821034759446,-80.27287000058055
36.1048211546663,-80.27285900258325
36.10482127457214,-80.27284800458588
36.10482139447698,-80.27283700658846
36.10482147411757,-80.272825004683
36.104821545099654,-80.27281399550687
36.10482161601705,-80.27280299620739
36.10482168693344,-80.27279199690787
36.10482175784883,-80.27278099760834
36.104821835209925,-80.27276899837244
36.10482190612321,-80.27275799907282
36.10482197703549,-80.27274699977319
36.10482204794677,-80.27273600047353
36.10482211885704,-80.27272500117384
36.1048221897663,-80.2727140018741
36.10482226712071,-80.27270200263801
36.10482233802789,-80.27269100333822
36.10482240893404,-80.2726800040384
36.10482247983919,-80.27266900473857
36.10482255080699,-80.27265799556415
36.10482262171013,-80.27264699626438
36.104822699057856,-80.27263499702822
36.10482276995889,-80.2726239977284
36.10482284085893,-80.27261299842856
36.10482291175795,-80.27260199912865
36.10482298265598,-80.27259099982875
36.104823053553005,-80.27258000052879
36.104823130894054,-80.27256800129246
36.10482320178897,-80.27255700199244
36.104823272682886,-80.27254600269241
36.10482334357578,-80.27253500339235
36.104823414467674,-80.27252400409225
36.104823491803145,-80.27251200485573
36.10482356275658,-80.27250099568303
36.10482363364537,-80.27248999638297
36.10482370453316,-80.27247899708289
36.10482377541993,-80.27246799778278
36.10482384630571,-80.27245699848264
36.1048239236345,-80.27244499924609
36.10482399451818,-80.27243399994587
36.10482406540084,-80.27242300064566
36.1048241362825,-80.27241200134539
36.10482420716316,-80.2724010020451
36.10482427804282,-80.27239000274477
36.10482435536492,-80.27237800350804
36.10482442624247,-80.27236700420765
36.10482449711902,-80.27235600490722
36.104824568058156,-80.27234499573623
36.10482463893269,-80.27233399643588
36.104824709806216,-80.27232299713552
36.10482478712165,-80.27231099789871
36.104824857993066,-80.27229999859831
36.1048249288635,-80.27228899929784
36.10482499973291,-80.27227799999737
36.10482507060132,-80.27226700069684
36.10482514146872,-80.2722560013963
36.10482521877747,-80.27224400215931
36.104825289642775,-80.27223300285871
36.10482536050707,-80.27222200355807
36.104825431370365,-80.2722110042574
36.10482550229623,-80.27219999508799
36.1048255795994,-80.27218799585098
36.10482565045958,-80.27217699655037
36.10482572131876,-80.2721659972497
36.10482579217694,-80.27215499794904
36.1048258630341,-80.27214399864833
36.10482593389026,-80.27213299934759
36.104826011186745,-80.27212100011039
36.1048260820408,-80.27211000080959
36.10482615289386,-80.27209900150876
36.10482622374592,-80.2720880022079
36.10482629459696,-80.27207700290701
36.104826365446996,-80.2720660036061
36.1048264427368,-80.27205400436871
36.10482651364829,-80.27204299520099
36.10482658449522,-80.27203199590012
36.10482665534115,-80.27202099659922
36.10482672618607,-80.27200999729828
36.10482679702998,-80.27199899799734
36.104826874313105,-80.27198699875989
36.10482694515492,-80.27197599945887
36.10482701599573,-80.2719650001578
36.10482708683553,-80.27195400085674
36.10482715767433,-80.27194300155561
36.10482722851212,-80.2719320022545
36.10482730578857,-80.27192000301683
36.10482737662425,-80.27190900371563
36.10482744745893,-80.2718980044144
36.104827518356146,-80.27188699524842
36.10482758918882,-80.27187599594727
36.10482766645967,-80.2718639967096
36.10482773729026,-80.27185299740837
36.104827808119815,-80.27184199810715
36.10482787894837,-80.27183099880587
36.104827949775924,-80.27181999950456
36.10482802060248,-80.27180900020323
36.10482809786666,-80.27179700096539
36.10482816869111,-80.27178600166398
36.10482823951456,-80.27177500236256
36.104828310336984,-80.27176400306112
36.10482838115842,-80.27175300375963
36.104828451978854,-80.2717420044581
36.104828529299844,-80.27172999535732
36.10482860011817,-80.27171899605588
36.10482867093548,-80.27170799675442
36.1048287417518,-80.2716969974529
36.10482881256711,-80.2716859981514
36.104828883381415,-80.27167499884983
36.10482896063223,-80.27166299961173
36.10482903144443,-80.27165200031011
36.104829102255636,-80.27164100100848
36.10482917306582,-80.27163000170678
36.10482924387501,-80.27161900240507
36.10482931468318,-80.27160800310335
36.104829391927325,-80.27159600386506
36.104829462733406,-80.27158500456326
36.10482953360195,-80.27157399540067
36.10482960440602,-80.27156299609895
36.104829675209075,-80.2715519967972
36.104829752447635,-80.2715399975589
36.104829823248586,-80.2715289982571
36.10482989404855,-80.27151799895526
36.1048299648475,-80.27150699965338
36.104830035645435,-80.27149600035148
36.104830106442364,-80.27148500104954
36.104830183674245,-80.27147300181105
36.104830254469086,-80.27146200250905
36.10483032526292,-80.27145100320703
36.104830396055746,-80.27144000390498
36.10483046684755,-80.2714290046029
36.10483053770182,-80.27141799544202
36.10483061492702,-80.27140599620348
36.104830685715726,-80.27139499690144
36.10483075650344,-80.27138399759937
36.104830827290144,-80.27137299829728
36.10483089807584,-80.27136199899516
36.104831495273174,-80.27135095715555
36.1048321019411,-80.2713400086534
36.10483271328961,-80.27132897566226
36.10483331995554,-80.27131802715974
36.10483393130203,-80.27130699416851
36.1048345426475,-80.2712959611773
36.10483514931042,-80.27128501267431
36.10483576065386,-80.271273979683
36.10483642246572,-80.27126203586113
36.10483703380705,-80.27125100286972
36.10483764514735,-80.27123996987834
36.10483825180517,-80.27122902137445
36.104838863143435,-80.27121798838297
36.104839469799266,-80.27120703987873
36.10484008113551,-80.27119600688715
36.10484069247073,-80.27118497389559
36.10484129912355,-80.27117402539086
36.104841910456734,-80.27116299239921
36.10484251710756,-80.27115204389412
36.10484312843872,-80.27114101090235
36.10484373976887,-80.27112997791063
36.104844346416684,-80.27111902940506
36.104844957744795,-80.27110799641324
36.104845569071884,-80.27109696342144
36.10484617571669,-80.27108601491537
36.10484678704175,-80.27107498192348
36.10484739368456,-80.27106403341705
36.104848005007604,-80.27105300042506
36.104848616329605,-80.27104196743309
36.10484922296941,-80.27103101892617
36.104849834289396,-80.2710199859341
36.10485082240247,-80.27100897445874
36.104851854624805,-80.27099797909284
36.104852886846125,-80.27098698372676
36.10485391906642,-80.27097598836055
36.104854951285695,-80.27096499299417
36.104855890877,-80.27095498430651
36.10485692309433,-80.27094398893983
36.104857955310656,-80.27093299357304
36.104858987525965,-80.27092199820605
36.10486001974025,-80.27091100283891
36.10486105195351,-80.27090000747165
36.1048626332457,-80.2708889062861
36.10486447476107,-80.27087786578981
36.10486647625338,-80.2708658661712
36.10486831776654,-80.27085482567443
36.10487015927864,-80.27084378517743
36.10487216076741,-80.27083178555797
36.10487400227729,-80.27082074506046
36.104875642930914,-80.27081090876123
36.104877324461334,-80.27080082738559
36.10487896511328,-80.27079099108572
36.104880646641966,-80.27078090970963
36.10488228729225,-80.27077107340915
36.104884794379544,-80.27075992022135
36.104887279387334,-80.27075010839941
36.10489008447313,-80.2707390327747
36.104892569479105,-80.27072922095188
36.104895374562815,-80.27071814532637
36.10489785956697,-80.27070833350267
36.104900203437026,-80.27069907893134
36.10490277791198,-80.27068891383232
36.10490526291356,-80.27067910200752
36.10490783738666,-80.27066893690785
36.104911153098996,-80.27065908119813
36.10491469858639,-80.27064884014123
36.10491808894319,-80.27063904717221
36.10492163442857,-80.27062880611436
36.10492502478351,-80.27061901314426
36.10492841513756,-80.27060922017358
36.10493196061997,-80.27059897911431
36.10493535097217,-80.27058918614256
36.10493860395623,-80.2705797899532
36.10494199430663,-80.27056999698046
36.104945539785106,-80.27055975591936
36.10494893013365,-80.27054996294554
36.10495232048132,-80.27054016997113
36.104955865956825,-80.27052992890859
36.104959256302614,-80.27052013593311
36.104962799999996,-80.2705099
36.10496783723904,-80.27049987471784
36.10497249260764,-80.27049060944445
36.10497723140724,-80.27048117812127
36.10498224909728,-80.2704711917378
36.10498690446304,-80.27046192646229
36.10499192215102,-80.27045194007728
36.104996939837946,-80.27044195369146
36.10500195752382,-80.2704319673048
36.10500661288564,-80.27042270202645
36.10501135167865,-80.27041327069757
36.1050163693615,-80.27040328430853
36.10502102472046,-80.27039401902807
36.10502604240125,-80.27038403263751
36.10503106008098,-80.2703740462461
36.10503571543701,-80.27036478096355
36.10504073311469,-80.2703547945706
36.105045471901136,-80.270345363236
36.10505012725431,-80.27033609795133
36.10505515066753,-80.27032612772484
36.10506013724709,-80.27031711634795
36.10506581980638,-80.27030684724515
36.10507080638402,-80.27029783586669
36.10507616962937,-80.2702881437992
36.10508115620516,-80.27027913241913
36.10508614278006,-80.27027012103832
36.105091825334,-80.27025985193116
36.10509681190698,-80.27025084054877
36.10510179847907,-80.27024182916561
36.105107771964065,-80.27023276179234
36.10511385192535,-80.27022384532037
36.1051199318857,-80.27021492884742
36.105126011845115,-80.27020601237348
36.10513209180361,-80.27019709589855
36.10513817176117,-80.27018817942263
36.10514425171782,-80.27017926294573
36.10515033167353,-80.27017034646784
36.10515612825458,-80.270162145271
36.10516208196627,-80.27015409284131
36.10516803567718,-80.27014604041071
36.10517398938729,-80.27013798797924
36.10517994309662,-80.27012993554688
36.10518589680517,-80.27012188311365
36.10519185051291,-80.27011383067952
36.105197804219884,-80.27010577824451
36.10520375792605,-80.27009772580861
36.10520925586006,-80.27009028980653
36.10521520956474,-80.27008223736892
36.10522116326864,-80.27007418493042
36.10522692461291,-80.27006591960979
36.10523307656059,-80.27005708164158
36.10523882898345,-80.27004881763384
36.105244980929335,-80.27003997966371
36.1052507333505,-80.27003171565421
36.105256885294615,-80.27002287768217
36.10526221167588,-80.27001522572378
36.10526796409459,-80.27000696171173
36.10527411603614,-80.26999812373687
36.10527986845315,-80.26998985972308
36.10528602039292,-80.2699810217463
36.105291772808236,-80.26997275773074
36.10529792474621,-80.26996391975204
36.105303251122244,-80.2699562677878
36.1053090035351,-80.26994800376971
36.10531515547052,-80.26993916578819
36.10532090788169,-80.26993090176835
36.10532705981534,-80.2699220637849
36.105332812224795,-80.2699137997633
36.10533896415665,-80.26990496177795
36.10534471656442,-80.2698966977546
36.1053504424576,-80.26988847182062
36.10535619486375,-80.26988020779557
36.10536194726907,-80.26987194376967
36.10536809919658,-80.26986310577959
36.10537385160019,-80.26985484175194
36.10538000352592,-80.26984600375992
36.10538575592785,-80.2698377397305
36.105391907851796,-80.26982890173659
36.1053972342158,-80.26982124975899
36.105402986615275,-80.26981298572704
36.10540913853666,-80.26980414773028
36.105414890934426,-80.26979588369659
36.10542104285404,-80.26978704569792
36.105426795250104,-80.26977878166247
36.10543294716793,-80.26976994366188
36.10543827352669,-80.26976229167843
36.105444025920306,-80.26975402764045
36.10545017783557,-80.26974518963704
36.10545593022749,-80.2697369255973
36.10546208214098,-80.26972808759197
36.105467834531204,-80.26971982355046
36.1054739864429,-80.26971098554323
36.10547973883142,-80.26970272149997
36.10548506518419,-80.26969506950988
36.10549121709332,-80.26968623149983
36.1054969694794,-80.26967796745404
36.10550312138676,-80.26966912944206
36.10550887377113,-80.26966086539451
36.1055150256767,-80.26965202738062
36.10552077805938,-80.26964376333132
36.10552653044124,-80.26963549928118
36.1055322563099,-80.26962727331868
36.10553800869014,-80.26961900926682
36.105544160591364,-80.2696101712482
36.10554991296989,-80.2696019071946
36.10555606486934,-80.26959306917405
36.10556181724617,-80.2695848051187
36.105567569622174,-80.2695765410625
36.10557329548532,-80.26956831509357
36.105579047859706,-80.26956005103565
36.10558519975479,-80.26955121301039
36.105590952127486,-80.26954294895071
36.10559710402081,-80.26953411092352
36.10560285639179,-80.26952584686211
36.105609008283324,-80.26951700883299
36.105614760652614,-80.26950874476984
36.10562008698811,-80.26950109276052
36.105626238877086,-80.2694922547286
36.10563199124392,-80.26948399066289
36.10563814313111,-80.26947515262904
36.10564389549625,-80.26946688856158
36.10565004738165,-80.26945805052581
36.105655799745094,-80.2694497864566
36.10566155210771,-80.26944152238654
36.10566777929506,-80.269432754749
36.105673670106526,-80.26942463341692
36.10567996254604,-80.26941595838056
36.10568585335587,-80.26940783704664
36.10569214579366,-80.26939916200828
36.10569803660185,-80.26939104067257
36.10570432903793,-80.2693823656322
36.105710219844475,-80.26937424429465
36.10571695857488,-80.26936495396775
36.105722849379696,-80.26935683262836
36.10572914181225,-80.26934815758398
36.10573503261543,-80.26934003624277
36.1057409234178,-80.26933191490069
36.10574721584779,-80.26932323985336
36.10575310664853,-80.26931511850945
36.10575939907681,-80.26930644346014
36.1057652898759,-80.26929832211442
36.10577202859774,-80.26928903177824
36.1057779193951,-80.26928091043067
36.10578421181986,-80.26927223537731
36.105790102615586,-80.26926411402793
36.10579639503863,-80.26925543897259
36.10580228583271,-80.26924731762138
36.105808308560995,-80.2692382935075
36.10581404963738,-80.26922904721576
36.10581979071277,-80.26921980092312
36.10582516047535,-80.26921115264632
36.10583090154883,-80.26920190635194
36.1058362713097,-80.26919325807337
36.10584201238127,-80.26918401177723
36.10584775345184,-80.26917476548019
36.105853123210075,-80.26916611719902
36.10585886427875,-80.2691568709002
36.10586423403526,-80.26914822261732
36.10586997510203,-80.26913897631674
36.10587571616781,-80.26912973001528
36.10588108592167,-80.26912108172976
36.1058861866078,-80.26911175314173
36.10589050805163,-80.26910132246105
36.10589462128667,-80.26909139433141
36.10589840648041,-80.26908225799357
36.10590251971355,-80.26907232986271
36.10590663294571,-80.2690624017312
36.10591095438423,-80.26905197104765
36.10591506761435,-80.26904204291486
36.1059191808435,-80.26903211478145
36.10592329407166,-80.26902218664739
36.105926156583216,-80.26901205910548
36.10592880646555,-80.26900130441649
36.10593131601176,-80.26899111928489
36.10593382555701,-80.26898093415306
36.10593647543638,-80.26897017946274
36.10593898497967,-80.2689599943303
36.105941409430365,-80.26895015454738
36.105944144398414,-80.26893905450595
36.10594659036444,-80.2689288825812
36.105948645561654,-80.2689178984031
36.105950700757816,-80.26890691422469
36.10595293353388,-80.26889498094805
36.105954988727866,-80.26888399676893
36.10595704392078,-80.26887301258952
36.105959099112674,-80.26886202840979
36.10596130651779,-80.26885006836564
36.105962920528256,-80.26883898227464
36.10596453453767,-80.26882789618357
36.105966258104985,-80.26881605756755
36.10596787211221,-80.26880497147603
36.10596948611836,-80.26879388538437
36.105971068672865,-80.26878301531671
36.10597282368624,-80.26877096067523
36.10597440623864,-80.26876009060686
36.1059760202405,-80.2687490045144
36.10597777525033,-80.26873694987223
36.10597935779961,-80.26872607980295
36.10598097179822,-80.26871499370993
36.10598187772986,-80.268703984798
36.105982771527984,-80.26869297159384
36.10598366532509,-80.26868195838954
36.105984559121175,-80.26867094518516
36.105985523272686,-80.26865906505884
36.10598641706666,-80.26864805185413
36.10598731085961,-80.2686370386493
36.10598820465155,-80.26862602544436
36.10598909844246,-80.26861501223937
36.10598999223235,-80.26860399903426
36.10599088602123,-80.26859298582905
36.105991779809074,-80.26858197262374
36.10599267359591,-80.26857095941831
36.105993567381724,-80.26855994621283
36.105994451177274,-80.26854905609453
36.105995344961066,-80.26853804288871
36.10599623874384,-80.26852702968279
36.105997132525594,-80.26851601647675
36.105998106650965,-80.26850401325977
36.105999000430586,-80.26849300005354
36.10599989420919,-80.2684819868472
36.10600078798677,-80.26847097364076
36.10600168176333,-80.26845996043424
36.10600257553886,-80.26844894722761
36.10600345932438,-80.26843805710682
36.106004353097894,-80.26842704389986
36.10600524687041,-80.2684160306928
36.10600614064188,-80.26840501748565
36.10600703441234,-80.26839400427839
36.106007928181796,-80.26838299107105
36.10600882195021,-80.2683719778636
36.1060097157176,-80.26836096465607
36.10601068982735,-80.26834896143725
36.10601158359261,-80.26833794822949
36.10601246736808,-80.26832705810621
36.10601336113133,-80.26831604489813
36.106014254893566,-80.26830503168993
36.10601514865478,-80.26829401848165
36.10601604241497,-80.26828300527328
36.106016936174136,-80.26827199206478
36.10601782993228,-80.26826097885623
36.10601872368942,-80.26824996564756
36.106019617445526,-80.26823895243878
36.106020511200605,-80.26822793922993
36.10602139496612,-80.26821704910418
36.10602228871918,-80.268206035895
36.10602326281333,-80.2681940326742
36.10602415656427,-80.26818301946479
36.10602505031418,-80.26817200625528
36.106025944063084,-80.2681609930457
36.106026837810965,-80.268149979836
36.106027731557816,-80.26813896662618
36.106028625303644,-80.2681279534163
36.10602951904846,-80.2681169402063
36.10603040280394,-80.26810605007805
36.10603129654674,-80.26809503686773
36.10603219028851,-80.26808402365731
36.10603308402927,-80.2680730104468
36.10603397776901,-80.26806199723617
36.106034871507724,-80.26805098402546
36.10603584558624,-80.26803898080284
36.106036739322825,-80.26802796759193
36.106037633058385,-80.2680169543809
36.10603852679293,-80.26800594116978
36.10603941053835,-80.26799505103904
36.10604030427088,-80.26798403782759
36.10604119800239,-80.26797302461604
36.106042166428765,-80.26796202244644
36.106043135203365,-80.26795101823501
36.106044103976956,-80.26794001402345
36.10604507274952,-80.26792900981178
36.10604604152107,-80.26791800559995
36.10604709729485,-80.26790601312219
36.10604806606426,-80.2678950089101
36.106049034832665,-80.26788400469788
36.10605000360004,-80.26787300048552
36.106050972366404,-80.26786199627307
36.106051941131746,-80.26785099206046
36.10605290989608,-80.26783998784772
36.106053878659374,-80.26782898363487
36.10605484742167,-80.26781797942188
36.10605581618294,-80.26780697520876
36.106056784943185,-80.2677959709955
36.106057753702416,-80.26778496678212
36.10605880946279,-80.2677729743025
36.10605977821988,-80.26776197008884
36.10606074697598,-80.26775096587505
36.10606171573103,-80.26773996166112
36.10606268448508,-80.26772895744709
36.10606365323812,-80.26771795323292
36.10606462199012,-80.2677069490186
36.1060655907411,-80.26769594480417
36.10606655949107,-80.26768494058962
36.10606752824003,-80.26767393637492
36.106068496987966,-80.26766293216012
36.10606946573488,-80.26765192794517
36.10607050974827,-80.26764006874824
36.10607147849308,-80.26762906453287
36.106072447236876,-80.26761806031739
36.10607341597966,-80.26760705610177
36.10607438472141,-80.26759605188602
36.10607535346214,-80.26758504767014
36.10607632220186,-80.26757404345413
36.10607729094055,-80.26756303923801
36.10607825967824,-80.26755203502174
36.1060792284149,-80.26754103080535
36.10608019715055,-80.26753002658883
36.106081252885225,-80.26751803410548
36.10608222161874,-80.26750702988869
36.10608319035124,-80.26749602567175
36.10608415908272,-80.2674850214547
36.10608512781317,-80.26747401723752
36.10608609654261,-80.26746301302022
36.10608706527103,-80.26745200880276
36.10608803399843,-80.26744100458518
36.10608900272482,-80.2674300003675
36.10608997145019,-80.26741899614964
36.10609094017453,-80.26740799193169
36.10609190889786,-80.26739698771361
36.10609296461914,-80.26738499522841
36.10609393334034,-80.26737399101005
36.10609490206051,-80.26736298679154
36.106095870779676,-80.26735198257292
36.106096839497816,-80.26734097835417
36.10609780821493,-80.26732997413527
36.10609877693104,-80.26731896991627
36.106099745646134,-80.26730796569711
36.1061007143602,-80.26729696147785
36.10610168307324,-80.26728595725847
36.10610265178527,-80.26727495303892
36.10610362049628,-80.26726394881928
36.106104676204154,-80.26725195633223
36.10610564491305,-80.26724095211229
36.10610661362091,-80.2672299478922
36.10610758232775,-80.26721894367202
36.10610855103357,-80.26720793945171
36.10610951973839,-80.26719693523124
36.1061104767096,-80.26718606428966
36.1061114454124,-80.26717506006881
36.106112414114165,-80.26716405584784
36.106113382814925,-80.26715305162674
36.10611435151466,-80.26714204740551
36.10611540721027,-80.26713005491659
36.10611637590788,-80.26711905069507
36.10611734460448,-80.26710804647345
36.106118313300044,-80.26709704225169
36.106119281994594,-80.2670860380298
36.10612025068813,-80.26707503380776
36.10612121938065,-80.26706402958561
36.106122188072135,-80.26705302536332
36.10612315676262,-80.26704202114092
36.10612412545208,-80.26703101691838
36.10612509414052,-80.26702001269571
36.10612606282795,-80.26700900847291
36.106127118510145,-80.26699701598214
36.10612808719544,-80.26698601175909
36.10612905587971,-80.26697500753586
36.10613002456296,-80.26696400331252
36.106130993245195,-80.26695299908907
36.10613196192643,-80.26694199486546
36.10613293060661,-80.26693099064175
36.106133899285794,-80.2669199864179
36.106134867963966,-80.26690898219391
36.10613583664111,-80.2668979779698
36.10613680531723,-80.26688697374557
36.10613777399234,-80.26687596952121
36.10613882966113,-80.26686397702858
36.106139798334105,-80.26685297280393
36.10614076700606,-80.26684196857916
36.106141735677,-80.26683096435426
36.106142704346915,-80.26681996012923
36.10614367301583,-80.26680895590407
36.10614464168371,-80.26679795167878
36.10614561035058,-80.26678694745337
36.106146579016425,-80.26677594322781
36.106147547681246,-80.26676493900217
36.10614851634505,-80.26675393477636
36.10614957200155,-80.26674194228201
36.10615053453397,-80.26673094578392
36.106151363520226,-80.26672004234169
36.10615220128345,-80.26670902344485
36.106153039045665,-80.2666980045479
36.10615387680684,-80.2666869856509
36.106154714567005,-80.26667596675384
36.10615562768804,-80.26666395663455
36.106156456668224,-80.2666530531909
36.10615729442526,-80.26664203429344
36.10615813218127,-80.26663101539592
36.10615896993625,-80.2666199964983
36.106159883051646,-80.2666079863784
36.1061607208045,-80.26659696748064
36.10616155855634,-80.26658594858279
36.106162387529466,-80.26657504513749
36.10616322527927,-80.26656402623938
36.10616406302807,-80.26655300734119
36.106164976136704,-80.26654099722053
36.10616581388336,-80.26652997832217
36.10616665162901,-80.26651895942373
36.10616748059605,-80.26650805597701
36.10616831833967,-80.2664970370783
36.10616915608227,-80.2664860181795
36.10617006918415,-80.26647400805815
36.10617090692462,-80.26646298915918
36.10617174466405,-80.26645197026015
36.106172582402486,-80.26644095136105
36.10617341136246,-80.26643004791269
36.10617424909886,-80.26641902901329
36.106175162194006,-80.2664070188912
36.10617599992827,-80.26639599999164
36.10617683766151,-80.26638498109202
36.10617767539374,-80.2663739621923
36.10617851312494,-80.26636294329255
36.10617941743716,-80.26635104861981
36.106180255166244,-80.26634002971973
36.10618109289432,-80.26632901081956
36.10618193062137,-80.26631799191935
36.106182768347395,-80.26630697301904
36.10618360607239,-80.26629595411869
36.10618451037801,-80.26628405944439
36.10618534810089,-80.26627304054372
36.10618618582276,-80.26626202164296
36.10618702354362,-80.26625100274214
