46.85123499913666,-96.88303400001593
46.851244000116075,-96.88303406631725
46.85125300005712,-96.88303403263515
46.85126199999817,-96.88303399895304
46.8512709999392,-96.88303396527093
46.851279999880255,-96.8830339315888
46.85128899982129,-96.88303389790666
46.85129799976234,-96.8830338642245
46.851307999696836,-96.88303382679989
46.85131699963788,-96.8830337931177
46.85132599957891,-96.88303375943552
46.851334999519956,-96.88303372575332
46.851343999460994,-96.88303369207111
46.851352999402046,-96.8830336583889
46.851361999343084,-96.88303362470666
46.85137099928413,-96.88303359102441
46.85137999922517,-96.88303355734216
46.8513889991662,-96.88303352365989
46.85139800085766,-96.88303348997107
46.851407000798694,-96.88303345628877
46.85141600073973,-96.88303342260647
46.851425000680784,-96.88303338892416
46.851434000621815,-96.88303335524184
46.851444000556306,-96.88303331781701
46.85145300049735,-96.88303328413467
46.85146200043839,-96.88303325045231
46.851471000379426,-96.88303321676995
46.851480000320485,-96.88303318308756
46.85148900026152,-96.88303314940516
46.85149800020257,-96.88303311572278
46.8515070001436,-96.88303308204036
46.851516000084644,-96.88303304835793
46.851525000025696,-96.8830330146755
46.85153399996673,-96.88303298099304
46.85154299990778,-96.88303294731058
46.851551999848816,-96.88303291362811
46.85156099978985,-96.88303287994563
46.851570999724345,-96.88303284252063
46.85157999966539,-96.88303280883812
46.851588999606435,-96.88303277515563
46.85159799954748,-96.88303274147309
46.851606999488524,-96.88303270779055
46.85161599942956,-96.883032674108
46.8516249993706,-96.88303264042543
46.85163399931164,-96.88303260674286
46.85164299925268,-96.88303257306028
46.851651999193734,-96.88303253937768
46.85166099913477,-96.88303250569507
46.8516700008262,-96.8830324720059
46.851679000767234,-96.88303243832328
46.85168800070828,-96.88303240464063
46.85169700064933,-96.88303237095798
46.851707000583815,-96.8830323335328
46.85171600052486,-96.88303229985011
46.8517250004659,-96.88303226616743
46.85173400040695,-96.88303223248472
46.85174300034799,-96.88303219880201
46.851752000289025,-96.8830321651193
46.85176100023006,-96.88303213143656
46.851769997670665,-96.8830321240042
46.8517789908859,-96.88303248519809
46.85178800287126,-96.88303284714597
46.85179699608647,-96.8830332083401
46.85180600807185,-96.88303357028822
46.85181400204091,-96.88303389134988
46.85182299525614,-96.88303425254436
46.8518320072415,-96.88303461449284
46.85184100045669,-96.88303497568755
46.85184999367189,-96.8830353368824
46.851859005657246,-96.88303569883124
46.85186799887246,-96.88303606002633
46.85187699208764,-96.88303642122155
46.851886004073,-96.88303678317074
46.851893998042044,-96.88303710423335
46.85190299125723,-96.88303746542891
46.851912003242575,-96.88303782737847
46.85192099645776,-96.88303818857426
46.851930008443105,-96.88303855052406
46.85193900165827,-96.8830389117201
46.851947994873456,-96.88303927291626
46.85195700685879,-96.88303963486642
46.85196600007395,-96.88303999606282
46.85197399404299,-96.88304031712639
46.85198300602833,-96.8830406790769
46.85199199924349,-96.88304104027367
46.852000992458656,-96.88304140147054
46.85201000444397,-96.8830417634214
46.85201899765913,-96.88304212461851
46.852027990874284,-96.88304248581576
46.852037002859596,-96.883042847767
46.85204599607475,-96.88304320896448
46.852053990043764,-96.88304353002901
46.85206300202908,-96.88304389198059
46.85207199524421,-96.88304425317841
46.852081007229515,-96.88304461513025
46.852089998594685,-96.8830448594195
46.852098996672105,-96.88304466709484
46.85210799474951,-96.8830444747701
46.852117002821345,-96.88304428223171
46.85212500111239,-96.88304411127628
46.852133999189796,-96.88304391895137
46.8521429972672,-96.8830437266264
46.85215199534461,-96.88304353430135
46.85216100341644,-96.88304334176263
46.85217000149386,-96.88304314943744
46.8521779997849,-96.8830429784817
46.8521869978623,-96.8830427861564
46.85219599593971,-96.88304259383105
46.85220500401153,-96.883042401292
46.852214002088935,-96.88304220896653
46.85222300016637,-96.88304201664097
46.85223199824377,-96.88304182431536
46.852239996534784,-96.8830416533592
46.85224900460661,-96.88304146081985
46.85225800268402,-96.88304126849405
46.852267000761415,-96.88304107616818
46.85227599883883,-96.88304088384226
46.8522846,-96.8830407
46.85229399852507,-96.88304062165966
46.85230299823264,-96.8830405466436
46.85231099797269,-96.88304047996263
46.85231999768024,-96.88304040494651
46.85232900128607,-96.88304032989788
46.85233800099363,-96.88304025488173
46.852347000701194,-96.88304017986553
46.85235600040874,-96.88304010484931
46.85236500011631,-96.88304002983308
46.85237399982385,-96.88303995481681
46.852382999531414,-96.88303987980053
46.852391999238975,-96.88303980478422
46.85240099894653,-96.88303972976787
46.852409998654075,-96.88303965475151
46.85241899836163,-96.88303957973513
46.8524279980692,-96.88303950471871
46.85243699777675,-96.88303942970228
46.8524459974843,-96.8830393546858
46.85245499719186,-96.88303927966932
46.85246399689941,-96.8830392046528
46.85247299660697,-96.88303912963626
46.8524820002128,-96.88303905458721
46.852490999920356,-96.88303897957061
46.85249999962791,-96.883038904554
46.85250999930297,-96.88303882120218
46.85251899901053,-96.8830387461855
46.85252799871809,-96.8830386711688
46.852536998425634,-96.88303859615209
46.85254599813318,-96.88303852113535
46.85255499784075,-96.88303844611859
46.8525639975483,-96.88303837110179
46.852572997255855,-96.88303829608496
46.8525819969634,-96.88303822106812
46.85259100056924,-96.88303814601876
46.8526000002768,-96.88303807100186
46.85260899998435,-96.88303799598495
46.85261799969191,-96.883037920968
46.852626999399455,-96.88303784595102
46.85263599910701,-96.88303777093402
46.85264499881456,-96.88303769591701
46.85265399852212,-96.88303762089997
46.85266299822967,-96.8830375458829
46.852671997937215,-96.8830374708658
46.85268099764477,-96.88303739584869
46.85268999735233,-96.88303732083153
46.852700000925665,-96.88303723744663
46.85270900063321,-96.88303716242943
46.85271800034077,-96.8830370874122
46.85272700004832,-96.88303701239495
46.85273599975588,-96.88303693737768
46.852744999463425,-96.88303686236038
46.85275399917098,-96.88303678734306
46.852762998878525,-96.8830367123257
46.85277199858608,-96.88303663730832
46.85278099829363,-96.88303656229093
46.85278999800118,-96.8830364872735
46.85279899770873,-96.88303641225606
46.852807997416285,-96.88303633723858
46.852817001022125,-96.88303626218858
46.85282600072967,-96.88303618717104
46.85283500043722,-96.8830361121535
46.85284400014477,-96.88303603713592
46.852852999852324,-96.88303596211831
46.85286199955988,-96.8830358871007
46.852870999267424,-96.88303581208305
46.85287999897497,-96.88303573706537
46.85288999865003,-96.88303565371237
46.85289899835758,-96.88303557869465
46.852907998065135,-96.88303550367688
46.85291699777268,-96.8830354286591
46.85292600137851,-96.8830353536088
46.85293500108606,-96.88303527859098
46.852944000793606,-96.88303520357312
46.85295300050116,-96.88303512855524
46.8529620002087,-96.88303505353733
46.85297099991626,-96.88303497851939
46.85297999962381,-96.88303490350144
46.85298899933135,-96.88303482848346
46.852997999038905,-96.88303475346545
46.85300699874645,-96.88303467844742
46.853015998454,-96.88303460342937
46.85302499816156,-96.88303452841127
46.85303400176739,-96.88303445336068
46.85304300147494,-96.88303437834254
46.85305200118248,-96.8830343033244
46.85306092802452,-96.88303742057975
46.85306910077105,-96.88304041115694
46.85307805353744,-96.88304368716064
46.85308606523482,-96.88304661880852
46.85309501800087,-96.88304989481422
46.85310397076673,-96.88305317082097
46.85311198246362,-96.88305610247161
46.85312093522916,-96.88305937848037
46.85312894692574,-96.88306231013281
46.85313789969092,-96.88306558614357
46.85314607243604,-96.88306857672909
46.85315502520087,-96.88307185274189
46.853163036896845,-96.88307478439793
46.853171989661334,-96.88307806041274
46.853180001356996,-96.88308099207059
46.85318895412113,-96.8830842680874
46.8531969658165,-96.88308719974704
46.853205918580294,-96.88309047576587
46.85321409132417,-96.88309346635873
46.85322304408761,-96.88309674237958
46.85323105578236,-96.88309967404284
46.85323999747622,-96.88309966252268
46.85324899640012,-96.88309951862603
46.85325800280147,-96.88309937460973
46.85326700172536,-96.88309923071296
46.85327600064924,-96.88309908681613
46.85328499957313,-96.88309894291926
46.853293998497016,-96.88309879902235
46.85330199754047,-96.88309867111394
46.85331099646436,-96.88309852721693
46.85332000286571,-96.8830983832003
46.85332900178959,-96.88309823930321
46.85333800071349,-96.88309809540605
46.85334699963737,-96.88309795150886
46.85335599856125,-96.8830978076116
46.85336499748513,-96.88309766371431
46.85337399640902,-96.88309751981697
46.853382002929955,-96.8830973917886
46.85339100185382,-96.88309724789117
46.8534000007777,-96.88309710399368
46.85340899970157,-96.88309696009615
46.85341799862546,-96.88309681619857
46.85342699754935,-96.88309667230094
46.85343599647323,-96.88309652840327
46.85344500287459,-96.88309638438596
46.853454001798454,-96.8830962404882
46.8534620008419,-96.88309611257903
46.85347099976579,-96.88309596868116
46.853479998689664,-96.88309582478324
46.853488997613546,-96.88309568088529
46.85349799653741,-96.88309553698727
46.85350700293877,-96.88309539296965
46.85351600186265,-96.88309524907154
46.853525000786526,-96.8830951051734
46.85353399971041,-96.88309496127519
46.85354199875385,-96.88309483336563
46.85355099767772,-96.88309468946734
46.853559996601604,-96.883094545569
46.85356900300295,-96.88309440155103
46.853578001684696,-96.88309428906958
46.8535870010311,-96.88309417692207
46.853596000377514,-96.88309406477454
46.85360499972391,-96.88309395262696
46.85361399907031,-96.88309384047936
46.85362299841672,-96.8830937283317
46.85363199776312,-96.88309361618401
46.85364099710953,-96.8830935040363
46.8536500022835,-96.8830933918159
46.85365900162991,-96.88309327966812
46.8536680009763,-96.88309316752029
46.853677000322705,-96.88309305537241
46.85368599966912,-96.8830929432245
46.853694999015524,-96.88309283107655
46.85370399836192,-96.88309271892857
46.853712997708314,-96.88309260678054
46.85372200288229,-96.88309249455986
46.853731002228706,-96.88309238241176
46.853740001575105,-96.88309227026362
46.85374900092149,-96.88309215811545
46.8537580002679,-96.88309204596723
46.853766999614294,-96.88309193381899
46.85377599896071,-96.8830918216707
46.853784998307106,-96.88309170952238
46.8537939976535,-96.88309159737402
46.85380300282748,-96.88309148515299
46.85381200217387,-96.88309137300455
46.85382000159289,-96.88309127331702
46.85382900093929,-96.88309116116851
46.85383800028569,-96.88309104901997
46.85384699963209,-96.88309093687138
46.85385599897848,-96.88309082472277
46.85386499832489,-96.88309071257412
46.85387399767128,-96.88309060042542
46.85388300284526,-96.88309048820406
46.85389200219165,-96.88309037605528
46.85390100153805,-96.88309026390648
46.85391000088445,-96.88309015175763
46.85391900023084,-96.88309003960876
46.85392799957723,-96.88308992745982
46.853936998923636,-96.88308981531087
46.853945998270035,-96.88308970316187
46.853954997616434,-96.88308959101283
46.8539640027904,-96.88308947879113
46.8539730021368,-96.88308936664204
46.85398200148319,-96.88308925449289
46.85399100082958,-96.8830891423437
46.854000000175965,-96.88308903019448
46.85400899952237,-96.88308891804522
46.85401799886877,-96.88308880589592
46.85402699821516,-96.88308869374659
46.854035997561546,-96.8830885815972
46.85404500273551,-96.88308846937518
46.85405400208192,-96.88308835722573
46.85406300142831,-96.88308824507625
46.85407200077469,-96.88308813292673
46.854081000121084,-96.88308802077717
46.85408999946749,-96.88308790862756
46.854098998813875,-96.88308779647794
46.85410799816025,-96.88308768432826
46.85411699750666,-96.88308757217855
46.85412600268062,-96.88308745995617
46.85413500202702,-96.88308734780638
46.854144001373406,-96.88308723565656
46.85415300071979,-96.88308712350671
46.8541620000662,-96.8830870113568
46.85417099941258,-96.88308689920687
46.854179998758966,-96.8830867870569
46.85418899810536,-96.88308667490689
46.85419799745175,-96.88308656275684
46.85420700262573,-96.88308645053412
46.854216001972105,-96.883086338384
46.85422500131849,-96.88308622623384
46.854233000737494,-96.88308612654477
46.854242000083886,-96.88308601439455
46.854250999430285,-96.88308590224428
46.854259998776676,-96.88308579009397
46.854268998123054,-96.88308567794361
46.854277997469445,-96.88308556579324
46.85428700264342,-96.88308545357019
46.854296001989795,-96.88308534141973
46.85430500133617,-96.88308522926924
46.85431400068258,-96.8830851171187
46.854323000028955,-96.88308500496812
46.85433199937534,-96.88308489281752
46.85434099872173,-96.88308478066688
46.85434999806811,-96.88308466851619
46.8543589974145,-96.88308455636547
46.85436800258846,-96.8830844441421
46.85437700193484,-96.8830843319913
46.85438600128123,-96.88308421984046
46.85439500062762,-96.88308410768958
46.854403999974004,-96.88308399553867
46.85441299932038,-96.88308388338774
46.854421998666766,-96.88308377123674
46.85443099801315,-96.88308365908573
46.85443999735954,-96.88308354693467
46.8544490025335,-96.88308343471094
46.85445800187988,-96.8830833225598
46.85446700122627,-96.88308321040863
46.854476000572646,-96.88308309825743
46.85448499991903,-96.88308298610617
46.854493999265415,-96.88308287395489
46.85450299861179,-96.88308276180358
46.854511997958184,-96.88308264965221
46.854520997304554,-96.88308253750081
46.85453000247851,-96.88308242527675
46.8545390018249,-96.88308231312529
46.854548001171274,-96.88308220097377
46.85455700051766,-96.88308208882222
46.854565999864036,-96.88308197667064
46.85457499921042,-96.88308186451901
46.85458399855679,-96.88308175236735
46.85459299790318,-96.88308164021565
46.85460199724956,-96.88308152806391
46.85461100242351,-96.88308141583951
46.854620001769895,-96.8830813036877
46.85462900111627,-96.88308119153585
46.85463800046265,-96.88308107938397
46.854645999881654,-96.88308097969336
46.85465499922803,-96.88308086754141
46.85466399857441,-96.88308075538941
46.85467299792079,-96.88308064323738
46.854681997267164,-96.88308053108531
46.85469100244112,-96.88308041886057
46.8547000017875,-96.88308030670844
46.85470900113388,-96.88308019455626
46.85471800048024,-96.88308008240404
46.85472699982664,-96.88307997025177
46.85473599917301,-96.88307985809948
46.854744998519394,-96.88307974594714
46.85475399786575,-96.88307963379476
46.85476299721213,-96.88307952164236
46.854772002386085,-96.88307940941729
46.85478100173246,-96.88307929726481
46.85479000107884,-96.88307918511228
46.85479900042521,-96.88307907295973
46.85480799977157,-96.88307896080714
46.85481699911796,-96.88307884865449
46.854825998464335,-96.88307873650183
46.85483499781071,-96.88307862434911
46.85484399715708,-96.88307851219636
46.854853003120496,-96.88307839994795
46.8548620019491,-96.88307824981136
46.854871000777685,-96.88307809967473
46.8548799996063,-96.88307794953805
46.85488899843488,-96.88307779940132
46.854897997263464,-96.88307764926454
46.85490700389332,-96.88307749899755
46.85491600272191,-96.88307734886067
46.85492500155049,-96.88307719872374
46.85493400037909,-96.88307704858674
46.85494299920768,-96.88307689844972
46.85495199803628,-96.88307674831263
46.85496099686486,-96.88307659817549
46.8549700034947,-96.88307644790815
46.85497900232328,-96.88307629777093
46.854988001151874,-96.88307614763363
46.85499699998047,-96.88307599749629
46.855005998809055,-96.88307584735891
46.855014997637646,-96.88307569722147
46.85502399646622,-96.88307554708399
46.85503300309607,-96.8830753968163
46.85504200192465,-96.8830752466787
46.85505100075324,-96.88307509654106
46.855059999581826,-96.8830749464034
46.85506899841041,-96.88307479626565
46.85507799723899,-96.88307464612787
46.85508700386883,-96.88307449585987
46.855096002697415,-96.88307434572198
46.85510500152599,-96.88307419558403
46.85511400035458,-96.88307404544605
46.855122999183166,-96.883073895308
46.85513199801175,-96.88307374516992
46.85514099684033,-96.88307359503177
46.855150003470165,-96.88307344476343
46.85515900229875,-96.88307329462519
46.855168001127325,-96.88307314448689
46.8551769999559,-96.88307299434855
46.85518599878449,-96.88307284421016
46.85519499761306,-96.88307269407173
46.855203996441645,-96.88307254393322
46.855213003071476,-96.88307239366453
46.85522200190005,-96.88307224352594
46.855231000728644,-96.88307209338728
46.85523999955721,-96.8830719432486
46.8552489983858,-96.88307179310985
46.85525799721437,-96.88307164297106
46.85526700384419,-96.88307149270206
46.855276002672774,-96.88307134256316
46.85528500150134,-96.88307119242421
46.85529400032993,-96.88307104228522
46.855302999158496,-96.88307089214616
46.85531199798707,-96.88307074200708
46.85532099681565,-96.88307059186792
46.855330003445474,-96.88307044159858
46.85533900227404,-96.88307029145932
46.85534800110262,-96.88307014132003
46.85535699993119,-96.88306999118068
46.855365998759765,-96.88306984104128
46.855374997588335,-96.88306969090183
46.85538399641691,-96.88306954076232
46.85539300304673,-96.88306939049262
46.8554020018753,-96.88306924035302
46.85541100070387,-96.88306909021337
46.85541999953245,-96.88306894007367
46.85542899836102,-96.88306878993392
46.85543799718958,-96.88306863979412
46.8554470038194,-96.8830684895241
46.85545600264796,-96.88306833938421
46.85546500147654,-96.88306818924424
46.8554740003051,-96.88306803910426
46.85548299913367,-96.8830678889642
46.85549199796223,-96.8830677388241
46.855500996790795,-96.88306758868394
46.855510003420626,-96.88306743841358
46.855519002249196,-96.88306728827334
46.85552800107775,-96.88306713813303
46.85553699990631,-96.88306698799266
46.855545998734875,-96.88306683785227
46.85555499756345,-96.8830666877118
46.85556399639201,-96.8830665375713
46.85557300302182,-96.88306638730059
46.85558200185038,-96.88306623715998
46.85559100067894,-96.88306608701932
46.85559999950752,-96.88306593687861
46.855608998336066,-96.88306578673786
46.85561799716463,-96.88306563659705
46.855627003794446,-96.88306548632603
46.855636002623,-96.88306533618513
46.85564500145157,-96.88306518604416
46.855654000280126,-96.88306503590316
46.85566299910868,-96.8830648857621
46.85567199793724,-96.88306473562099
46.855680996765805,-96.88306458547983
46.855690003395615,-96.88306443520845
46.85569900222417,-96.88306428506719
46.85570800105273,-96.88306413492589
46.85571699988128,-96.88306398478453
46.85572599870984,-96.88306383464311
46.855734997538406,-96.88306368450165
46.85574399636695,-96.88306353436013
46.85575300299676,-96.88306338408842
46.85576200182531,-96.88306323394681
46.85577100065387,-96.88306308380514
46.85577999948243,-96.88306293366342
46.85578899831098,-96.88306278352167
46.85579799713953,-96.88306263337985
46.85580700376933,-96.88306248310782
46.85581600259789,-96.8830623329659
46.85582500142644,-96.88306218282395
46.855834000254994,-96.88306203268193
46.85584299908354,-96.88306188253986
46.8558519979121,-96.88306173239775
46.85586099674065,-96.88306158225558
46.85587000337045,-96.8830614319832
46.855879002198996,-96.88306128184094
46.855888001027544,-96.88306113169862
46.8558969998561,-96.88306098155626
46.85590599868465,-96.88306083141383
46.855914997513196,-96.88306068127137
46.855923996341744,-96.88306053112885
46.85593300297154,-96.88306038085612
46.8559420018001,-96.8830602307135
46.85595100062864,-96.88306008057083
46.855959999457184,-96.8830599304281
46.85596899828573,-96.88305978028534
46.855977997114266,-96.88305963014251
46.85598700374407,-96.88305947986949
46.85599600257262,-96.88305932972656
46.856005001401165,-96.8830591795836
46.8560140002297,-96.88305902944056
46.85602299905824,-96.8830588792975
46.85603199788679,-96.88305872915437
46.85604099671533,-96.88305857901119
46.85605000334514,-96.88305842873781
46.856059002173666,-96.88305827859453
46.856068001002214,-96.88305812845122
46.856076999830755,-96.88305797830785
46.856085998659296,-96.88305782816443
46.85609499748785,-96.88305767802095
46.85610399631637,-96.88305752787741
46.856113002946174,-96.88305737760369
46.85612200177471,-96.88305722746006
46.85613100060325,-96.8830570773164
46.85613999943178,-96.88305692717266
46.85614899826032,-96.88305677702887
46.856157997088864,-96.88305662688505
46.856167003718646,-96.88305647661102
46.85617600254719,-96.88305632646708
46.85618500137572,-96.88305617632311
46.856194000204255,-96.88305602617908
46.85620299903279,-96.883055876035
46.85621199786133,-96.88305572589087
46.85622099668986,-96.8830555757467
46.856230003319645,-96.8830554254723
46.856239002148186,-96.88305527532802
46.85624800097671,-96.88305512518369
46.85625699980525,-96.88305497503931
46.85626599863377,-96.88305482489488
46.85627499746231,-96.8830546747504
46.856283996290855,-96.88305452460587
46.85629300292064,-96.88305437433111
46.856302001749164,-96.8830542241865
46.8563110005777,-96.88305407404181
46.856319999406224,-96.88305392389707
46.85632899823476,-96.8830537737523
46.85633799706329,-96.88305362360745
46.85634700369307,-96.8830534733324
46.85635600252159,-96.88305332318747
46.85636500135011,-96.8830531730425
46.856374000178654,-96.88305302289746
46.85638299900718,-96.88305287275237
46.85639199783571,-96.88305272260723
46.856400996664235,-96.88305257246205
46.856410003294,-96.88305242218665
46.856419002122536,-96.88305227204137
46.85642800095107,-96.88305212189603
46.856436999779596,-96.88305197175065
46.85644599860811,-96.88305182160519
46.856454997436636,-96.88305167145971
46.85646399626517,-96.88305152131417
46.85647300289494,-96.88305137103842
46.85648200172347,-96.88305122089278
46.85649100055198,-96.8830510707471
46.8564999993805,-96.88305092060135
46.856508998209044,-96.88305077045555
46.85651799703756,-96.88305062030973
46.85652700366733,-96.88305047003367
46.85653600249585,-96.88305031988773
46.856545001324356,-96.88305016974174
46.8565540001529,-96.8830500195957
46.85656299898141,-96.88304986944961
46.85657199780993,-96.88304971930346
46.85658099663844,-96.88304956915727
46.856590003268224,-96.88304941888086
46.85659900209675,-96.88304926873457
46.85660800092525,-96.88304911858823
46.85661699975378,-96.88304896844184
46.85662599858229,-96.88304881829538
46.85663499741081,-96.88304866814889
46.85664399623933,-96.88304851800234
46.856653002869095,-96.88304836772559
46.85666200169761,-96.88304821757895
46.85667100052613,-96.88304806743224
46.85667999935463,-96.8830479172855
46.85668899818315,-96.8830477671387
46.856697997011665,-96.88304761699186
46.85670700364143,-96.8830474667148
46.856716002469945,-96.88304731656785
46.85672500129846,-96.88304716642085
46.856734000126984,-96.8830470162738
46.85674299895549,-96.8830468661267
46.856751997783995,-96.88304671597955
46.8567609966125,-96.88304656583236
46.856770003242275,-96.88304641555494
46.85677900207079,-96.88304626540764
46.85678800089929,-96.8830461152603
46.85679699972779,-96.88304596511288
46.85680599855631,-96.88304581496544
46.856814997384824,-96.88304566481794
46.85682399621333,-96.8830455146704
46.85683300284309,-96.88304536439263
46.856842001671595,-96.88304521424497
46.85685100050011,-96.88304506409727
46.85685999932861,-96.88304491394952
46.85686899815712,-96.8830447638017
46.856877996985624,-96.88304461365387
46.856887003615384,-96.8830444633758
46.85689600244389,-96.88304431322784
46.856905001272395,-96.88304416307983
46.8569140001009,-96.88304401293178
46.8569229989294,-96.88304386278368
46.856931997757904,-96.88304371263551
46.85694099658642,-96.88304356248732
46.856950003216156,-96.88304341220889
46.856959002044675,-96.88304326206058
46.856968000873174,-96.88304311191223
46.85697699970168,-96.88304296176382
46.85698599853018,-96.88304281161537
46.85699499735867,-96.88304266146686
46.85700399618718,-96.8830425113183
46.85701300281693,-96.88304236103951
46.85702200164543,-96.88304221089086
46.85703100047393,-96.88304206074216
46.85703999930243,-96.88304191059339
46.85704899813093,-96.88304176044458
46.85705799695942,-96.88304161029573
46.85706700358918,-96.88304146001664
46.85707600241768,-96.88304130986769
46.85708500124616,-96.88304115971869
46.85709400007466,-96.88304100956962
46.85710299890316,-96.8830408594205
46.85711199773166,-96.88304070927134
46.85712099656015,-96.88304055912214
46.8571300031899,-96.8830404088427
46.85713900201839,-96.8830402586934
46.857148000846884,-96.88304010854402
46.85715699967539,-96.88303995839462
46.85716599850388,-96.88303980824514
46.857174997332365,-96.88303965809564
46.85718399616086,-96.88303950794607
46.857193002790616,-96.88303935766629
46.8572020016191,-96.88303920751662
46.857211000447585,-96.88303905736691
46.857219999276076,-96.88303890721716
46.85722899810457,-96.88303875706734
46.85723799693307,-96.88303860691745
46.85724700356281,-96.88303845663738
46.8572560023913,-96.88303830648742
46.85726500121979,-96.88303815633739
46.85727400004827,-96.88303800618733
46.85728299887677,-96.8830378560372
46.85729199770525,-96.88303770588705
46.857300996533745,-96.88303755573682
46.85731000316348,-96.88303740545639
46.85731900199196,-96.88303725530606
46.85732800082045,-96.8830371051557
46.85733699964894,-96.88303695500528
46.85734599847743,-96.88303680485481
46.857354997305904,-96.88303665470428
46.85736399613439,-96.88303650455371
46.857373002764135,-96.88303635427293
46.85738200159262,-96.88303620412225
46.8573910004211,-96.88303605397154
46.85739999924959,-96.88303590382077
46.857408998078064,-96.88303575366993
46.857417996906555,-96.88303560351906
46.85742700353629,-96.88303545323797
46.857436002364764,-96.883035303087
46.85744500119325,-96.88303515293597
46.85745400002172,-96.88303500278491
46.85746299885022,-96.88303485263378
46.857471997678694,-96.8830347024826
46.85748099650717,-96.88303455233138
46.857490003136895,-96.88303440204993
46.857499001965365,-96.8830342518986
46.857508000793864,-96.88303410174723
46.85751699962234,-96.8830339515958
46.85752599845082,-96.88303380144433
46.85753499727929,-96.88303365129279
46.85754399610777,-96.88303350114123
46.857553002737504,-96.88303335085944
46.857562001565974,-96.88303320070774
46.85757100039445,-96.88303305055601
46.85757999922292,-96.88303290040423
46.857588998051405,-96.88303275025241
46.85759799687988,-96.88303260010052
46.85760700350961,-96.88303244981843
46.85761600233807,-96.88303229966645
46.85762500116655,-96.88303214951442
46.857633999995016,-96.88303199936233
46.8576429988235,-96.8830318492102
46.85765199765198,-96.88303169905802
46.85766099648044,-96.88303154890579
46.857670003110165,-96.88303139862333
46.857679001938635,-96.883031248471
46.85768800028888,-96.88303109937655
46.857697000126244,-96.88303104342823
46.857705999963606,-96.88303098747988
46.85771499980097,-96.88303093153152
46.85772399963834,-96.88303087558313
46.85773299947571,-96.88303081963473
46.85774199931306,-96.8830307636863
46.857750999150426,-96.88303070773787
46.857759998987795,-96.88303065178941
46.85776899882516,-96.88303059584094
46.85777799866253,-96.88303053989245
46.85778700140671,-96.88303048392586
46.857796001244076,-96.88303042797732
46.857805001081445,-96.88303037202877
46.85781400091881,-96.88303031608021
46.85782300075618,-96.88303026013162
46.85783200059353,-96.88303020418302
46.8578410004309,-96.88303014823438
46.857850000268265,-96.88303009228572
46.85785900010563,-96.88303003633708
46.857867999943,-96.88302998038839
46.85787699978035,-96.8830299244397
46.85788599961771,-96.88302986849096
46.857894999455084,-96.88302981254223
46.857903999292446,-96.88302975659347
46.857912999129816,-96.8830297006447
46.85792199896718,-96.8830296446959
46.85793099880455,-96.88302958874708
46.857939998641896,-96.88302953279825
46.85794900138609,-96.88302947683133
46.85795800122345,-96.88302942088245
46.857967001060814,-96.88302936493358
46.857976000898184,-96.88302930898466
46.857985000735546,-96.88302925303574
46.857994000572916,-96.8830291970868
46.858003000410264,-96.88302914113783
46.85801200024763,-96.88302908518885
46.858021000085,-96.88302902923984
46.858029999922366,-96.88302897329082
46.85803899975972,-96.88302891734178
46.858047999597076,-96.88302886139272
46.85805699943444,-96.88302880544364
46.85806599927181,-96.88302874949454
46.85807499910918,-96.88302869354544
46.85808399894654,-96.88302863759631
46.85809299878389,-96.88302858164717
46.85810199862126,-96.88302852569798
46.85811100136545,-96.88302846973073
46.85812000120282,-96.88302841378152
46.858129001040176,-96.88302835783229
46.85813800087754,-96.88302830188306
46.8581470007149,-96.88302824593377
46.85815600055226,-96.8830281899845
46.858165000389626,-96.8830281340352
46.858174000226995,-96.88302807808589
46.858183000064344,-96.88302802213654
46.85819199990171,-96.88302796618719
46.858200999739076,-96.8830279102378
46.858209999576445,-96.88302785428841
46.85821899941379,-96.883027798339
46.858227999251156,-96.88302774238956
46.858236999088525,-96.88302768644012
46.85824599892589,-96.88302763049064
46.858254998763236,-96.88302757454115
46.8582639986006,-96.88302751859165
46.858273001344784,-96.88302746262404
46.85828200118216,-96.8830274066745
46.85829100101952,-96.88302735072493
46.858300000856865,-96.88302729477535
46.85830900069423,-96.88302723882575
46.85831800053159,-96.88302718287613
46.85832700036896,-96.88302712692649
46.85833600020633,-96.88302707097684
46.858345000043684,-96.88302701502715
46.85835399988104,-96.88302695907745
46.8583629997184,-96.88302690312774
46.8583729995377,-96.88302684096138
46.858381999375055,-96.88302678501162
46.85839099921242,-96.88302672906185
46.85839999904978,-96.88302667311206
46.858408998887136,-96.88302661716224
46.8584179987245,-96.88302656121242
46.85842699856185,-96.88302650526258
46.85843600130604,-96.88302644929463
46.8584450011434,-96.88302639334475
46.85845400098077,-96.88302633739484
46.85846300081813,-96.88302628144493
46.85847200065549,-96.88302622549497
46.858481000492844,-96.88302616954502
46.8584900003302,-96.88302611359505
46.858499000167576,-96.88302605764504
46.85850800000493,-96.88302600169503
46.85851699984229,-96.88302594574499
46.85852599967965,-96.88302588979494
46.85853499951701,-96.88302583384487
46.85854399935437,-96.88302577789477
46.85855299919174,-96.88302572194466
46.85856199902909,-96.88302566599454
46.85857099886645,-96.88302561004438
46.85857999870382,-96.88302555409422
46.85858899241302,-96.88302549068423
46.85859800303324,-96.88302520362139
46.85860699876409,-96.88302491703278
46.85861599449494,-96.8830246304441
46.85862500511516,-96.88302434338095
46.858634000846,-96.88302405679208
46.85864299657685,-96.88302377020308
46.85865200719706,-96.88302348313967
46.8586610029279,-96.8830231965505
46.85866999865875,-96.88302290996121
46.85867899438959,-96.88302262337186
46.858688005009796,-96.88302233630804
46.85869700074063,-96.88302204971848
46.858705996471464,-96.88302176312884
46.85871500709166,-96.88302147606473
46.858724002822505,-96.88302118947489
46.858732998553336,-96.88302090288494
46.858741994284166,-96.8830206162949
46.858751004904356,-96.8830203292304
46.858760000635186,-96.88302004264018
46.85876999589166,-96.88301972420648
46.858779006511845,-96.88301943714168
46.85878800224267,-96.88301915055116
46.858796997973506,-96.88301886396054
46.85880599370433,-96.88301857736982
46.858815001787285,-96.88301829610423
46.85882400108606,-96.88301817993256
46.858833000384855,-96.88301806376086
46.858841999683655,-96.88301794758912
46.85885099898244,-96.88301783141733
46.85885999828123,-96.88301771524551
46.85886899758002,-96.88301759907365
46.85887800291431,-96.88301748282385
46.85888700221311,-96.88301736665191
46.8588960015119,-96.88301725047992
46.85890500081068,-96.88301713430792
46.85891400010947,-96.88301701813586
46.85892299940825,-96.88301690196377
46.85893199870705,-96.88301678579164
46.85894099800584,-96.88301666961948
46.85894999730462,-96.88301655344726
46.85895900263892,-96.8830164371971
46.858968001937704,-96.88301632102481
46.85897700123649,-96.88301620485248
46.858986000535275,-96.88301608868012
46.85899499983406,-96.88301597250772
46.859003999132845,-96.88301585633528
46.859012998431616,-96.8830157401628
46.859021997730416,-96.88301562399027
46.859031003064715,-96.8830155077398
46.85904000236349,-96.8830153915672
46.85904900166227,-96.88301527539457
46.859058000961056,-96.8830151592219
46.85906700025985,-96.88301504304917
46.859075999558634,-96.88301492687641
46.85908499885741,-96.88301481070363
46.85909399815618,-96.88301469453079
46.859102997454976,-96.88301457835792
46.85911200278927,-96.8830144621071
46.85912100208805,-96.88301434593416
46.85913000138683,-96.88301422976116
46.85913900068561,-96.88301411358813
46.859147999984394,-96.88301399741506
46.85915699928319,-96.88301388124195
46.859165998581965,-96.88301376506882
46.859174997880736,-96.88301364889563
46.85918399717952,-96.88301353272242
46.85919300251382,-96.88301341647124
46.8592020018126,-96.88301330029795
46.85921100111137,-96.8830131841246
46.859220000410154,-96.88301306795123
46.859228999708925,-96.88301295177781
46.85923799900771,-96.88301283560435
46.859246998306496,-96.88301271943087
46.859255997605274,-96.88301260325733
46.85926500293956,-96.88301248700584
46.85927400223833,-96.88301237083222
46.85928300153711,-96.88301225465857
46.8592920008359,-96.88301213848489
46.859301000134664,-96.88301202231116
46.85930999943344,-96.8830119061374
46.85931899873223,-96.88301178996359
46.859327998031006,-96.88301167378975
46.859336997329784,-96.88301155761587
46.85934600266407,-96.88301144136402
46.859356001884926,-96.88301131228185
46.859365001183704,-96.88301119610784
46.859374000482475,-96.8830110799338
46.85938299978126,-96.8830109637597
46.85939199908003,-96.88301084758558
46.85940099837881,-96.88301073141142
46.85940999767758,-96.88301061523724
46.85941900301188,-96.88301049898507
46.859428002310636,-96.8830103828108
46.859437001609415,-96.88301026663648
46.859446000908186,-96.88301015046213
46.85945500020696,-96.88301003428772
46.85946399950575,-96.8830099181133
46.859472998804506,-96.88300980193883
46.85948199810328,-96.8830096857643
46.859490997402055,-96.88300956958977
46.85950000273633,-96.88300945333727
46.859509002035104,-96.88300933716263
46.85951800133388,-96.88300922098796
46.859527000632646,-96.88300910481327
46.85953599993142,-96.88300898863852
46.85954499923019,-96.88300887246373
46.85955399852897,-96.88300875628892
46.85956299782773,-96.88300864011404
46.85957200316201,-96.88300852386124
46.8595810024608,-96.88300840768629
46.859590001759564,-96.88300829151132
46.85959900105832,-96.8830081753363
46.85960800035709,-96.88300805916123
46.85961699965586,-96.88300794298614
46.85962599895463,-96.88300782681101
46.8596349982534,-96.88300771063584
46.859643997552176,-96.88300759446064
46.859653002886446,-96.88300747820746
46.85966200218522,-96.88300736203217
46.85967100148399,-96.88300724585683
46.859680000782745,-96.88300712968147
46.85968899975439,-96.88300697241486
46.8596979982286,-96.88300680105456
46.85970699670282,-96.88300662969421
46.85971600407947,-96.88300645816426
46.859725002553695,-96.88300628680379
46.8597340010279,-96.88300611544328
46.85974299950212,-96.88300594408268
46.859751997976325,-96.88300577272204
46.85976099645054,-96.88300560136135
46.85977000382721,-96.88300542983107
46.859779002301416,-96.88300525847025
46.85978800077562,-96.88300508710938
46.859796999249824,-96.88300491574844
46.85980599772404,-96.88300474438746
46.859814996198246,-96.88300457302643
46.85982400357491,-96.8830044014958
46.85983300204911,-96.88300423013463
46.859842000523315,-96.88300405877342
46.859850998997516,-96.88300388741214
46.85985999747172,-96.88300371605081
46.8598699957764,-96.88300352564926
46.85987900315305,-96.88300335411829
46.85988800162726,-96.88300318275678
46.859897000101455,-96.8830030113952
46.85990599857568,-96.8830028400336
46.85991499704987,-96.8830026686719
46.85992400442653,-96.88300249714064
46.859933002900725,-96.88300232577883
46.859942001374925,-96.88300215441697
46.859950999849126,-96.88300198305507
46.85995999832332,-96.8830018116931
46.85996899679753,-96.88300164033107
46.85997800417418,-96.88300146879946
46.85998700264837,-96.88300129743732
46.859996001122575,-96.88300112607513
46.86000499959677,-96.88300095471287
46.86001399807096,-96.88300078335055
46.860022996545155,-96.88300061198818
46.86003200392181,-96.88300044045623
46.860041002395995,-96.88300026909374
46.860050000870196,-96.88300009773118
46.860058999344396,-96.8829999263686
46.860067997818575,-96.88299975500594
46.860076996292776,-96.88299958364321
46.86008600366943,-96.88299941211092
46.860095002143616,-96.88299924074808
46.86010400061781,-96.88299906938519
46.860112999091996,-96.88299889802225
46.86012199756619,-96.88299872665924
46.860130996040375,-96.88299855529618
46.86014000341702,-96.88299838376354
46.86014900189121,-96.88299821240035
46.8601580003654,-96.88299804103714
46.86016699883958,-96.88299786967384
46.860175997313775,-96.8829976983105
46.86018499578796,-96.88299752694708
46.860194003164594,-96.88299735541409
46.86020300163879,-96.88299718405058
46.860212000112966,-96.882997012687
46.860220998587145,-96.88299684132336
46.86022999706134,-96.88299666995968
46.86023900443798,-96.88299649842638
46.86024900274262,-96.88299630802214
46.8602580012168,-96.88299613665829
46.86026699969098,-96.88299596529436
46.86027599816517,-96.88299579393036
46.86028499663935,-96.88299562256633
46.86029400401599,-96.8829954510327
46.860303002490156,-96.88299527966853
46.860312000964335,-96.88299510830431
46.86032099943852,-96.88299493694005
46.86032999791269,-96.88299476557572
46.86033899638688,-96.88299459421133
46.860348003763505,-96.88299442267734
46.86035700223769,-96.88299425131285
46.86036600071186,-96.88299407994829
46.86037499918603,-96.88299390858367
46.86038399766021,-96.882993737219
46.86039299613438,-96.88299356585426
46.86040200351102,-96.88299339431994
46.860411001985184,-96.8829932229551
46.86042000045936,-96.88299305159018
46.86042899893352,-96.88299288022523
46.86043799740771,-96.8829927088602
46.86044699588187,-96.88299253749513
46.8604560032585,-96.88299236596046
46.86046500173266,-96.88299219459527
46.860474000206835,-96.88299202323002
46.86048299868101,-96.88299185186472
46.86049199715518,-96.88299168049934
46.86050099562935,-96.88299150913392
46.86051000300596,-96.88299133759891
46.860519001480135,-96.88299116623337
46.86052799995431,-96.88299099486778
46.86053699842847,-96.88299082350213
46.86054599690263,-96.88299065213643
46.86055500427925,-96.88299048060112
46.86056400275342,-96.88299030923528
46.86057300122759,-96.88299013786941
46.86058199970175,-96.88298996650347
46.860590998175915,-96.88298979513748
46.86059999665007,-96.88298962377142
46.86060900402669,-96.88298945223578
46.86061800250086,-96.88298928086961
46.86062800018617,-96.88298909796711
46.86063700011665,-96.88298906138947
46.860646000047154,-96.8829890248118
46.86065499997764,-96.88298898823412
46.860663999908134,-96.88298895165643
46.860672999838634,-96.88298891507871
46.86068199976911,-96.882988878501
46.86069099969962,-96.88298884192326
46.860699999630114,-96.88298880534553
46.8607089995606,-96.88298876876776
46.8607179994911,-96.88298873219
46.8607269994216,-96.88298869561221
46.860735999352094,-96.88298865903442
46.86074499928258,-96.88298862245662
46.86075399921308,-96.8829885858788
46.86076299914357,-96.88298854930098
46.86077299906635,-96.88298850865894
46.860782000897046,-96.88298847207335
46.86079100082753,-96.88298843549548
46.86080000075803,-96.8829883989176
46.86080900068853,-96.88298836233972
46.86081800061902,-96.88298832576181
46.86082700054951,-96.8829882891839
46.860836000480006,-96.88298825260597
46.8608450004105,-96.88298821602802
46.860854000341,-96.88298817945007
46.860863000271486,-96.88298814287211
46.86087200020198,-96.88298810629412
46.86088100013249,-96.88298806971615
46.860890000062966,-96.88298803313813
46.860898999993466,-96.88298799656012
46.860908999916234,-96.88298795591787
46.86091799984673,-96.88298791933983
46.86092699977722,-96.88298788276178
46.86093599970772,-96.88298784618371
46.86094499963821,-96.88298780960564
46.8609539995687,-96.88298777302754
46.86096299949919,-96.88298773644944
46.86097199942969,-96.88298769987134
46.86098099936019,-96.88298766329319
46.86098999929068,-96.88298762671506
46.86099899922117,-96.88298759013692
46.86100799915167,-96.88298755355875
46.86101699908215,-96.88298751698058
46.86102600091286,-96.88298748039466
46.861035000843344,-96.88298744381646
46.86104400077384,-96.88298740723826
46.86105400069662,-96.88298736659578
46.86106300062711,-96.88298733001754
46.8610720005576,-96.8829872934393
46.86108100048809,-96.88298725686103
46.861090000418585,-96.88298722028276
46.861099000349085,-96.88298718370447
46.86110800027957,-96.88298714712617
46.861117000210065,-96.88298711054786
46.86112600014056,-96.88298707396953
46.86113500007105,-96.88298703739119
46.86114400000155,-96.88298700081285
46.861152998757056,-96.88298684705786
46.86116199748586,-96.88298669063974
46.86117099621467,-96.88298653422156
46.861180003069215,-96.88298637766206
46.86118900179803,-96.88298622124378
46.86119800052683,-96.88298606482543
46.861206999255636,-96.88298590840704
46.86121599798444,-96.8829857519886
46.86122499671324,-96.8829855955701
46.861234003567795,-96.8829854390103
46.86124300229659,-96.8829852825917
46.86125200102539,-96.88298512617304
46.861260999754194,-96.88298496975433
46.861269998483,-96.88298481333557
46.8612789972118,-96.88298465691676
46.86128800406634,-96.88298450035664
46.86129700279514,-96.88298434393772
46.861306001523936,-96.88298418751876
46.86131500025274,-96.88298403109972
46.861323998981554,-96.88298387468065
46.86133299771035,-96.88298371826153
46.86134199643914,-96.88298356184234
46.86135100329368,-96.88298340528186
46.86136000202248,-96.88298324886259
46.86136900075128,-96.88298309244324
46.86137799948007,-96.88298293602385
46.86138699820888,-96.8829827796044
46.86139599693767,-96.88298262318492
46.86140500379221,-96.88298246662411
46.861414002521,-96.88298231020451
46.8614230012498,-96.88298215378485
46.861431999978585,-96.88298199736515
46.86144099870738,-96.8829818409454
46.86144999743618,-96.88298168452557
46.86145899616498,-96.88298152810572
46.861468003019496,-96.88298137154456
46.8614770017483,-96.88298121512459
46.861486000477086,-96.88298105870457
46.86149499920588,-96.8829809022845
46.86150399793467,-96.88298074586437
46.86151299666346,-96.8829805894442
46.861522003517976,-96.88298043288272
46.861532002105534,-96.8829802590824
46.86154100083432,-96.88298010266206
46.86154999956312,-96.88297994624168
46.8615589982919,-96.88297978982123
46.86156799702068,-96.88297963340072
46.86157700387522,-96.88297947683893
46.86158600260401,-96.88297932041833
46.861595001332795,-96.88297916399767
46.861604000061575,-96.88297900757696
46.86161299879036,-96.8829788511562
46.86162199751915,-96.88297869473539
46.86163099624793,-96.88297853831453
46.861640003102465,-96.88297838175235
46.861649001831246,-96.8829782253314
46.861658000560034,-96.88297806891036
46.86166699928881,-96.8829779124893
46.861675998017596,-96.88297775606817
46.861684996746376,-96.88297759964699
46.861694003600896,-96.8829774430845
46.86170300232968,-96.88297728666322
46.861712001058464,-96.88297713024188
46.861720999787245,-96.88297697382049
46.861729998516026,-96.88297681739905
46.8617389972448,-96.88297666097756
46.86174799597359,-96.88297650455601
46.86175700282811,-96.88297634799316
46.86176600155688,-96.88297619157152
46.86177500028566,-96.88297603514981
46.861783999014435,-96.88297587872805
46.861792997743215,-96.88297572230624
46.861801996471996,-96.88297556588438
46.861811003326515,-96.88297540932122
46.86182000205528,-96.88297525289926
46.861829000784056,-96.88297509647724
46.86183799951284,-96.88297494005516
46.86184699824161,-96.88297478363303
46.861855996970384,-96.88297462721086
46.861865003824896,-96.88297447064738
46.86187400255368,-96.88297431422511
46.86188300128245,-96.88297415780276
46.86189200001122,-96.88297400138038
46.86190099873999,-96.88297384495795
46.861909997468764,-96.88297368853546
46.861918996197545,-96.88297353211291
46.86192800305205,-96.88297337554907
46.86193700178081,-96.88297321912643
46.86194600050959,-96.88297306270373
46.86195499923836,-96.88297290628097
46.86196399796712,-96.88297274985817
46.86197299669589,-96.88297259343531
46.8619820035504,-96.88297243687114
46.86199100227917,-96.88297228044819
46.862000001007935,-96.88297212402517
46.8620089997367,-96.8829719676021
46.86201799846547,-96.88297181117898
46.862026997194235,-96.88297165475582
46.86203598974912,-96.88297149609484
46.86204500211463,-96.88297110394927
46.86205399415525,-96.88297071268795
46.862063006520756,-96.88297032054211
46.86207299767699,-96.88296988580703
46.862082010042485,-96.88296949366092
46.86209100208309,-96.88296910239906
46.86209999412369,-96.88296871113707
46.862109006489185,-96.88296831899056
46.8621189976454,-96.88296788425471
46.86212801001089,-96.88296749210794
46.86213700205149,-96.88296710084539
46.86214599409208,-96.88296670958275
46.862155006457556,-96.88296631743556
46.86216499870121,-96.88296588993673
46.86217399602145,-96.88296566284298
46.86218200543622,-96.88296546068405
46.86219100275645,-96.88296523359016
46.86220000007666,-96.88296500649618
46.86220899739687,-96.88296477940212
46.86221799471709,-96.882964552308
46.862227003834114,-96.88296432491605
46.862236001154336,-96.88296409782177
46.862244998474544,-96.88296387072742
46.86225399579475,-96.88296364363299
46.862263004911775,-96.88296341624073
46.86227200223198,-96.88296318914614
46.86227999984995,-96.88296298728423
46.86228899717015,-96.8829627601895
46.86229799449037,-96.8829625330947
46.86230700360739,-96.88296230570208
46.862316000927585,-96.88296207860712
46.86232499824779,-96.88296185151209
46.862333995568,-96.88296162441699
46.862343004685016,-96.88296139702405
46.86235200200522,-96.88296116992879
46.86236099932541,-96.88296094283345
46.86236999664561,-96.88296071573805
46.86237899396582,-96.88296048864255
46.862387003380576,-96.88296028648207
46.86239600070078,-96.88296005938646
46.862404998020985,-96.88295983229074
46.86241399534117,-96.88295960519497
46.86242300445818,-96.88295937780134
46.86243200177837,-96.88295915070542
46.86244099909856,-96.8829589236094
46.86244999641876,-96.88295869651331
46.86245900553576,-96.8829584691194
46.862468002855955,-96.88295824202316
46.86247700017613,-96.88295801492683
46.86248599749632,-96.88295778783045
46.86249399511428,-96.88295758596692
46.862503004231264,-96.88295735857264
46.86251200155146,-96.88295713147602
46.86252099887164,-96.88295690437934
46.86252999619184,-96.88295667728256
46.862539005308825,-96.88295644988797
46.862548002629,-96.88295622279105
46.86255699994919,-96.88295599569406
46.86256599726938,-96.882955768597
46.86257499458956,-96.88295554149985
46.862584003706544,-96.88295531410488
46.86259200132447,-96.88295511224061
46.862600998644645,-96.88295488514325
46.862609995964824,-96.8829546580458
46.862619005081825,-96.88295443065053
46.862628002402,-96.88295420355294
46.86263699972216,-96.88295397645527
46.862645997042335,-96.88295374935753
46.86265499436251,-96.8829535222597
46.86266399887346,-96.88295330158897
46.86267299860486,-96.8829533734957
46.86268199833626,-96.88295344540242
46.86269100180291,-96.88295351733903
46.86270000153432,-96.88295358924582
46.86271000123588,-96.88295366914228
46.86271900096728,-96.88295374104912
46.86272800069867,-96.88295381295599
46.86273700043008,-96.88295388486287
46.86274600016147,-96.88295395676978
46.86275499989288,-96.8829540286767
46.862763999624285,-96.88295410058369
46.86277399932584,-96.88295418048033
46.86278299905725,-96.88295425238734
46.86279199878864,-96.88295432429437
46.86280099852004,-96.88295439620144
46.86280999825145,-96.88295446810852
46.8628190017181,-96.88295454004547
46.86282800144951,-96.8829546119526
46.86283800115106,-96.88295469184943
46.86284700088246,-96.88295476375663
46.86285600061385,-96.88295483566382
46.86286500034525,-96.88295490757106
46.86287400007666,-96.88295497947831
46.86288299980806,-96.88295505138558
46.862891999539464,-96.88295512329289
46.862901998642826,-96.8829552056279
46.862910997804306,-96.8829553326746
46.86291999696579,-96.88295545972134
46.86292900272676,-96.8829555868613
46.862938001888246,-96.88295571390815
46.86294700104971,-96.88295584095502
46.86295600021119,-96.88295596800194
46.86296499937267,-96.8829560950489
46.86297399853414,-96.8829562220959
46.86298399760244,-96.8829563632593
46.86299299676392,-96.88295649030638
46.8630020025249,-96.8829566174467
46.863011001686374,-96.88295674449387
46.86302000084784,-96.8829568715411
46.86302900000932,-96.88295699858836
46.86303799978535,-96.88295693607509
46.863046999568276,-96.88295687143192
46.86305599935121,-96.88295680678873
46.863064999134124,-96.88295674214551
46.86307399891706,-96.88295667750226
46.86308299869999,-96.882956612859
46.863091998482915,-96.88295654821572
46.863101001623754,-96.8829564835483
46.863110001406675,-96.88295641890498
46.863119001189595,-96.88295635426164
46.86312800097253,-96.88295628961825
46.863137000755465,-96.88295622497488
46.86314500056252,-96.88295616751407
46.86315400034544,-96.88295610287062
46.86316300000789,-96.8829560985254
46.86317200000777,-96.8829560969822
46.86318100000765,-96.88295609543901
46.863190000007535,-96.88295609389581
46.863199000007405,-96.88295609235261
46.863208000007276,-96.88295609080942
46.86321700000716,-96.88295608926623
46.86322600000703,-96.88295608772302
46.86323500000691,-96.88295608617983
46.86324400000677,-96.88295608463662
46.86325300000666,-96.88295608309343
46.863262000006536,-96.88295608155022
46.86327100000641,-96.88295608000703
46.86328000000629,-96.88295607846382
46.86328900000616,-96.88295607692064
46.86329800000603,-96.88295607537744
46.86330700000592,-96.88295607383422
46.863316000005796,-96.88295607229102
46.86332500000568,-96.88295607074782
46.863334000005544,-96.88295606920462
46.86334300000542,-96.88295606766141
46.8633520000053,-96.88295606611821
46.86336100000518,-96.88295606457501
46.863370000005055,-96.8829560630318
46.86337900000493,-96.8829560614886
46.863388000004804,-96.88295605994539
46.863397000004674,-96.88295605840219
46.86340600000455,-96.88295605685899
46.863415000004444,-96.88295605531576
46.86342400000431,-96.88295605377256
46.86343300000419,-96.88295605222935
46.86344200000406,-96.88295605068615
46.86345000000396,-96.8829560493144
46.86345900000383,-96.88295604777119
46.86346800000371,-96.88295604622797
46.86347700000359,-96.88295604468478
46.86348600000346,-96.88295604314155
46.86349500000333,-96.88295604159835
46.8635040000032,-96.88295604005513
46.86351300000308,-96.8829560385119
46.86352200000298,-96.88295603696871
46.863531000002844,-96.8829560354255
46.86354000000272,-96.88295603388227
46.86354900000259,-96.88295603233905
46.86355800000246,-96.88295603079584
46.86356700000235,-96.88295602925263
46.863576000002226,-96.88295602770941
46.863585000002104,-96.8829560261662
46.86359400000197,-96.88295602462297
46.863603000001845,-96.88295602307976
46.86361200000173,-96.88295602153653
46.86362100000161,-96.88295601999332
46.863630000001486,-96.88295601845009
46.86363900000135,-96.88295601690687
46.86364800000123,-96.88295601536366
46.86365700000111,-96.88295601382043
46.86366600000099,-96.8829560122772
46.86367500000086,-96.88295601073399
46.86368400000074,-96.88295600919076
46.86369300000061,-96.88295600764754
46.863702000000494,-96.88295600610431
46.863711000000364,-96.8829560045611
46.86372000000024,-96.88295600301787
46.86372900000012,-96.88295600147464
46.86373799998317,-96.88295599620544
46.863746999604516,-96.88295591082783
46.863755999225866,-96.8829558254502
46.86376399888929,-96.88295574955895
46.863772998510626,-96.88295566418125
46.86378199813199,-96.88295557880353
46.863791002188165,-96.88295549338372
46.86380000180951,-96.88295540800594
46.863809001430866,-96.88295532262813
46.86381800105221,-96.8829552372503
46.86382700067357,-96.88295515187245
46.86383600029491,-96.88295506649456
46.86384499991624,-96.88295498111664
46.863853999537604,-96.88295489573869
46.86386299915895,-96.88295481036072
46.8638719987803,-96.88295472498271
46.86388099840164,-96.88295463960468
46.86388999802298,-96.88295455422661
46.86389900207917,-96.88295446880645
46.863908001700516,-96.88295438342834
46.86391700132186,-96.8829542980502
46.86392600094321,-96.88295421267202
46.86393500056455,-96.8829541272938
46.863944000185896,-96.88295404191557
46.863952999807246,-96.88295395653732
46.86396199942859,-96.88295387115902
46.86397099904994,-96.8829537857807
46.86397999867127,-96.88295370040235
46.86398899829262,-96.88295361502398
46.86399799791397,-96.88295352964558
46.86400700197015,-96.88295344422507
46.86401500163357,-96.8829533683331
46.86402400125492,-96.88295328295462
46.864033000876255,-96.8829531975761
46.864042000497605,-96.88295311219755
46.86405100011895,-96.88295302681898
46.864059999740284,-96.88295294144038
46.86406899936163,-96.88295285606175
46.86407799898298,-96.88295277068309
46.864086998604314,-96.8829526853044
46.86409599822567,-96.88295259992569
46.86410499784701,-96.88295251454694
46.86411400190319,-96.88295242912609
46.86412300152453,-96.88295234374729
46.86413200114587,-96.88295225836846
46.86414100076722,-96.8829521729896
46.86415000038855,-96.8829520876107
46.864159000009906,-96.88295200223179
46.86416799963123,-96.88295191685285
46.86417699925259,-96.88295183147387
46.86418599887393,-96.88295174609486
46.86419499849527,-96.88295166071585
46.86420399811661,-96.88295157533678
46.86421300217279,-96.88295148991561
46.86422200179413,-96.8829514045365
46.86423100141547,-96.88295131915736
46.86424000103682,-96.88295123377819
46.86424900065815,-96.88295114839897
46.86425700032157,-96.88295107250632
46.86426599994291,-96.88295098712707
46.86427499956425,-96.88295090174779
46.86428399918559,-96.88295081636846
46.86429299880693,-96.88295073098912
46.864301998428274,-96.88295064560975
46.86431099804961,-96.88295056023036
46.86432000210579,-96.88295047480885
46.86432900172712,-96.8829503894294
46.864338001348465,-96.88295030404991
46.86434700096982,-96.88295021867039
46.864356000591144,-96.88295013329085
46.86436500021249,-96.88295004791128
46.86437399983382,-96.88294996253168
46.86438299945516,-96.88294987715204
46.86439199907651,-96.88294979177239
46.864400998697846,-96.88294970639271
46.86440999831918,-96.882949621013
46.86441899794052,-96.88294953563324
46.86442800199669,-96.8829494502114
46.86443700161804,-96.88294936483159
46.86444600123938,-96.88294927945176
46.864455000860715,-96.88294919407191
46.86446400048205,-96.88294910869202
46.86447300010338,-96.88294902331211
46.86448199972474,-96.88294893793216
46.864490999346074,-96.88294885255219
46.8644999989674,-96.88294876717218
46.86450799863081,-96.88294869127883
46.86451699825216,-96.88294860589878
46.864525997873486,-96.88294852051868
46.86453500192967,-96.88294843509651
46.864544001551,-96.88294834971636
46.86455300117233,-96.88294826433619
46.864562000793676,-96.88294817895598
46.86457100041501,-96.88294809357576
46.86458000003634,-96.88294800819551
46.864588999657684,-96.88294792281522
46.86459799927902,-96.88294783743491
46.864606998900356,-96.88294775205456
46.86461599852169,-96.8829476666742
46.86462499814302,-96.8829475812938
46.8646340021992,-96.8829474958713
46.86464300182054,-96.88294741049084
46.864652001441875,-96.88294732511035
46.86466100106321,-96.88294723972983
46.864670000684534,-96.8829471543493
46.86467900030588,-96.88294706896873
46.864687999927206,-96.88294698358813
46.864696999548556,-96.88294689820749
46.86470599916988,-96.88294681282684
46.86471499879121,-96.88294672744617
46.86472399841255,-96.88294664206545
46.86473299803389,-96.8829465566847
46.86474200209006,-96.88294647126186
46.86475100171139,-96.88294638588106
46.8647590013748,-96.88294630998699
46.864768000996136,-96.88294622460613
46.86477700061745,-96.88294613922524
46.86478600023881,-96.88294605384434
46.86479499986013,-96.8829459684634
46.86480399948147,-96.88294588308243
46.8648129991028,-96.88294579770142
46.86482199872413,-96.8829457123204
46.864830998345475,-96.88294562693936
46.8648399979668,-96.88294554155827
46.864849002022964,-96.88294545613509
46.8648580016443,-96.88294537075394
46.86486700126562,-96.88294528537277
46.86487599999999,-96.8829452
46.86488500049361,-96.88294507772581
46.86489399971719,-96.88294495546884
46.864902998940764,-96.88294483321182
46.864911998164345,-96.88294471095477
46.86492099738791,-96.88294458869768
46.86493000296171,-96.88294446635427
46.864939002185274,-96.8829443440971
46.86494800140885,-96.88294422183989
46.86495700063242,-96.88294409958263
46.864965999856004,-96.88294397732534
46.86497499907957,-96.88294385506799
46.86498399830313,-96.88294373281062
46.864992997526706,-96.8829436105532
46.865002003100514,-96.88294348820946
46.86501100232409,-96.88294336595196
46.86502000154765,-96.88294324369441
46.86502900077122,-96.88294312143684
46.86503799999479,-96.8829429991792
46.86504699921835,-96.88294287692155
46.86505599844193,-96.88294275466383
46.86506499766549,-96.88294263240608
46.865073996889066,-96.8829425101483
46.86508300246286,-96.8829423878042
46.865092001686435,-96.88294226554632
46.865101000909995,-96.88294214328842
46.86511000013356,-96.88294202103046
46.86511899935712,-96.88294189877246
46.8651279985807,-96.88294177651443
46.86513699780426,-96.88294165425634
46.86514699694156,-96.882941518414
46.86515600251535,-96.88294139606955
46.865165001738916,-96.88294127381137
46.86517400096248,-96.88294115155311
46.86518300018605,-96.88294102929483
46.86519199940961,-96.8829409070365
46.86520099863317,-96.88294078477813
46.86520999785674,-96.88294066251972
46.86521899708031,-96.88294054026127
46.8652280026541,-96.88294041791652
46.86523700187766,-96.88294029565797
46.86524600110121,-96.8829401733994
46.86525500032478,-96.88294005114079
46.865263999548354,-96.88293992888214
46.865272998771914,-96.88293980662344
46.865281997995474,-96.8829396843647
46.865290997219034,-96.88293956210593
46.86530000279282,-96.88293943976085
46.86530900201639,-96.88293931750198
46.86531800123995,-96.88293919524308
46.8653270004635,-96.88293907298413
46.86533599968706,-96.88293895072515
46.86534499891063,-96.88293882846614
46.865353998134196,-96.88293870620706
46.86536299735776,-96.88293858394796
46.86537200293153,-96.88293846160255
46.86538100215509,-96.88293833934334
46.86539000137865,-96.88293821708412
46.86539900060221,-96.88293809482485
46.86540799982577,-96.88293797256554
46.86541699904933,-96.88293785030619
46.86542599827288,-96.8829377280468
46.86543499749644,-96.88293760578736
46.86544400307023,-96.88293748344162
46.86545300229378,-96.8829373611821
46.86546200151734,-96.88293723892255
46.865471000740904,-96.88293711666294
46.86547999996446,-96.88293699440331
46.86548899918801,-96.88293687214363
46.86549799841156,-96.88293674988391
46.865506997635116,-96.88293662762415
46.86551599685868,-96.88293650536434
46.865525002432456,-96.88293638301823
46.865534001656016,-96.88293626075834
46.86554300087956,-96.88293613849842
46.86555200010312,-96.88293601623845
46.86556099932669,-96.88293589397844
46.86556999855023,-96.8829357717184
46.86557899777379,-96.8829356494583
46.86558799699735,-96.88293552719819
46.865597002571114,-96.88293540485174
46.86560600179467,-96.88293528259152
46.86561500101822,-96.88293516033126
46.86562400024178,-96.88293503807097
46.86563299946533,-96.88293491581064
46.86564199868888,-96.88293479355025
46.86565099791244,-96.88293467128983
46.865659997135985,-96.88293454902937
46.86566900270976,-96.88293442668261
46.86567900184704,-96.88293429083755
46.865688001070595,-96.88293416857697
46.86569700029414,-96.88293404631635
46.8657059995177,-96.88293392405568
46.86571499874125,-96.88293380179498
46.865723997964785,-96.88293367953422
46.865732997188346,-96.88293355727343
46.86574200276211,-96.88293343492633
46.86575100198567,-96.88293331266546
46.86576000120922,-96.88293319040454
46.865769000432756,-96.88293306814359
46.865777999656316,-96.88293294588259
46.86578699887986,-96.88293282362154
46.865795998103415,-96.88293270136047
46.865804997326954,-96.88293257909935
46.86581400290073,-96.88293245675192
46.865823002124266,-96.88293233449072
46.865832001347826,-96.88293221222948
46.86584100057137,-96.8829320899682
46.86584999979491,-96.88293196770687
46.86585899901846,-96.88293184544551
46.86586799824201,-96.8829317231841
46.86587699746555,-96.88293160092266
46.86588600303933,-96.88293147857489
46.86589500226287,-96.88293135631336
46.86590400148641,-96.8829312340518
46.86591300070996,-96.88293111179017
46.86592199993349,-96.88293098952852
46.86593099915705,-96.88293086726684
46.86593999838058,-96.8829307450051
46.865948997604136,-96.88293062274332
46.865957996827674,-96.8829305004815
46.86596700240143,-96.88293037813338
46.86597600162498,-96.88293025587147
46.865985000848525,-96.88293013360955
46.86599400007208,-96.88293001134755
46.86600299929561,-96.88292988908555
46.86601199851915,-96.88292976682347
46.866020997742694,-96.88292964456137
46.86602999696623,-96.88292952229924
46.866039002540006,-96.88292939995078
46.86604800176354,-96.88292927768855
46.86605700098707,-96.88292915542628
46.866066000210616,-96.88292903316398
46.86607499943417,-96.88292891090163
46.8660839986577,-96.88292878863923
46.86609299788123,-96.88292866637681
46.86610199710477,-96.88292854411432
46.86611100267853,-96.88292842176556
46.86612000190208,-96.88292829950299
46.866129001125614,-96.8829281772404
46.866138000349146,-96.88292805497777
46.866146999572685,-96.88292793271508
46.866155998796216,-96.88292781045237
46.86616499801977,-96.88292768818961
46.8661739972433,-96.8829275659268
46.86618300281706,-96.88292744357769
46.8661920020406,-96.88292732131481
46.866201001264116,-96.88292719905189
46.86621000048768,-96.88292707678892
46.86621999962493,-96.88292694094113
46.86622899884846,-96.88292681867809
46.86623799807201,-96.882926696415
46.86624699729553,-96.88292657415185
46.86625600286929,-96.88292645180242
46.866265002092824,-96.8829263295392
46.866274001316356,-96.88292620727594
46.866283000539894,-96.88292608501264
46.86629199976343,-96.88292596274931
46.866300998986965,-96.88292584048592
46.86630999821049,-96.88292571822252
46.86631870388709,-96.8829260060639
46.866327997953334,-96.88292551590507
46.866337001836875,-96.88292543446981
46.86634600149273,-96.88292535307278
46.8663550011486,-96.8829252716757
46.86636400080447,-96.88292519027863
46.866373000460335,-96.8829251088815
46.866382000116204,-96.88292502748435
46.866390999772065,-96.88292494608717
46.866399999427934,-96.88292486468995
46.8664089990838,-96.88292478329274
46.86641799873967,-96.88292470189548
46.86642699839554,-96.88292462049819
46.866435998051394,-96.88292453910088
46.86644500193493,-96.88292445766531
46.866454001590796,-96.88292437626792
46.866463001246665,-96.88292429487053
46.86647200090254,-96.88292421347312
46.8664810005584,-96.88292413207566
46.866490000214256,-96.8829240506782
46.866498999870124,-96.8829239692807
46.86650799952599,-96.88292388788315
46.866516999181854,-96.8829238064856
46.86652599883772,-96.882923725088
46.866534998493584,-96.8829236436904
46.866543998149446,-96.88292356229276
46.866553002032994,-96.88292348085685
46.86656200168885,-96.88292339945916
46.86657100134472,-96.88292331806143
46.86658000100057,-96.88292323666369
46.86658900065644,-96.88292315526591
46.86659800031231,-96.8829230738681
46.86660699996817,-96.88292299247027
46.86661599962403,-96.88292291107241
46.86662499927989,-96.88292282967453
46.86663499889752,-96.8829227392324
46.866643998553386,-96.88292265783446
46.866652998209254,-96.88292257643648
46.86666200209278,-96.88292249500026
46.866671001748635,-96.88292241360223
46.866680001404504,-96.88292233220417
46.86668900106037,-96.88292225080609
46.86669800071623,-96.88292216940799
46.86670700037209,-96.88292208800985
46.86671600002795,-96.8829220066117
46.86672499968382,-96.8829219252135
46.86673399933968,-96.88292184381528
46.86674299899554,-96.88292176241704
46.8667519986514,-96.88292168101877
46.86676099830726,-96.88292159962046
46.866769997963125,-96.88292151822213
46.86677900184666,-96.88292143678555
46.86678800150251,-96.88292135538717
46.86679700115837,-96.88292127398876
46.866806000814236,-96.88292119259032
46.866815000470105,-96.88292111119186
46.86682400012596,-96.88292102979338
46.86683299978182,-96.88292094839485
46.86684199943768,-96.88292086699632
46.866850999093536,-96.88292078559775
46.86685999874941,-96.88292070419914
46.866868998405266,-96.88292062280051
46.86687799806113,-96.88292054140186
46.86688700194465,-96.88292045996495
46.86689600160051,-96.88292037856624
46.866905001256384,-96.8829202971675
46.86691400091224,-96.88292021576873
46.8669230005681,-96.88292013436995
46.866932000223954,-96.88292005297113
46.8669409998798,-96.88291997157229
46.86694999953568,-96.88291989017343
46.86695899919153,-96.88291980877452
46.86696799884739,-96.88291972737558
46.866976998503254,-96.88291964597664
46.86698599815911,-96.88291956457766
46.86699500204264,-96.88291948314041
46.8670040016985,-96.88291940174138
46.86701300135436,-96.88291932034231
46.86702200101021,-96.88291923894322
46.86703200062784,-96.88291914849977
46.8670410002837,-96.88291906710062
46.86704999993955,-96.88291898570142
46.86705899959541,-96.88291890430223
46.86706799925127,-96.88291882290301
46.86707699890712,-96.88291874150374
46.867085998562985,-96.88291866010447
46.86709499821884,-96.88291857870514
46.86710399788201,-96.88291849731498
46.86711300175342,-96.88291841615656
46.86712200141162,-96.8829183350361
46.867131001069836,-96.88291825391562
46.86714000072804,-96.8829181727951
46.86714900038625,-96.88291809167454
46.86715800004447,-96.88291801055398
46.86716699970269,-96.88291792943338
46.8671759993609,-96.88291784831274
46.867184999019095,-96.88291776719208
46.86719399867731,-96.88291768607142
46.867201998373496,-96.88291761396412
46.86721099803171,-96.8829175328434
46.86722000190311,-96.88291745168465
46.86722900156131,-96.88291737056387
46.86723800121952,-96.88291728944306
46.86724700087773,-96.88291720832221
46.867256000535946,-96.88291712720135
46.86726500019416,-96.88291704608045
46.867273999852365,-96.88291696495952
46.86728299951057,-96.88291688383858
46.867291999168785,-96.8829168027176
46.86730099882699,-96.8829167215966
46.867309998485204,-96.88291664047556
46.86731899814342,-96.8829165593545
46.8673280020148,-96.88291647819544
46.867337001673015,-96.88291639707433
46.867346001331214,-96.88291631595318
46.86735500098943,-96.88291623483201
46.86736400064764,-96.88291615371082
46.86737300030584,-96.88291607258961
46.86738199996405,-96.88291599146835
46.867390999622266,-96.88291591034708
46.867399999280465,-96.88291582922577
46.86740899893868,-96.88291574810444
46.86741799859689,-96.88291566698308
46.8674269982551,-96.8829155858617
46.867435997913304,-96.88291550474028
46.86744500178468,-96.88291542358087
46.867454001442894,-96.8829153424594
46.867463001101115,-96.88291526133791
46.867472000759314,-96.88291518021639
46.86748100041558,-96.88291509909911
46.86749000007698,-96.88291501835832
46.8674989997384,-96.8829149376175
46.867507999399805,-96.88291485687665
46.867516999061216,-96.88291477613578
46.86752599872262,-96.88291469539487
46.86753499838403,-96.88291461465394
46.867543998045434,-96.882914533913
46.86755300190025,-96.88291445313439
46.86756200156165,-96.88291437239339
46.86757100122307,-96.88291429165234
46.86758000088447,-96.88291421091128
46.86758900054587,-96.88291413017019
46.867598000207295,-96.88291404942908
46.8676069998687,-96.88291396868793
46.867615999530095,-96.88291388794677
46.8676249991915,-96.88291380720557
46.867632998890535,-96.8829137354356
46.86764199855194,-96.88291365469433
46.86765099821335,-96.88291357395306
46.86766000206815,-96.88291349317413
46.86766900172957,-96.88291341243281
46.86767800139096,-96.88291333169146
46.86768700105237,-96.88291325095007
46.867696000713785,-96.88291317020865
46.86770500037519,-96.88291308946722
46.86771400003659,-96.88291300872575
46.867722999697996,-96.88291292798426
46.86773199935941,-96.88291284724274
46.86774099902081,-96.88291276650119
46.86774999868222,-96.88291268575962
46.867758998343625,-96.88291260501802
46.86776799800503,-96.88291252427639
46.86777700185983,-96.8829124434971
46.867786001521246,-96.88291236275543
46.86779500118264,-96.88291228201372
46.86780400084404,-96.88291220127198
46.86781300050545,-96.88291212053022
46.86782200016685,-96.88291203978842
46.867830999828264,-96.88291195904661
46.86783999948967,-96.88291187830477
46.867848999151065,-96.88291179756288
46.86785799881247,-96.882911716821
46.86786699847387,-96.88291163607907
46.86787599813529,-96.88291155533712
46.86788500199008,-96.88291147455752
46.867894001651486,-96.8829113938155
46.86790300131289,-96.88291131307348
46.86791200097429,-96.88291123233141
46.8679210006357,-96.88291115158933
46.86793000029711,-96.88291107084721
46.86793899995851,-96.88291099010506
46.86794799961991,-96.88291090936289
46.867956999281304,-96.8829108286207
46.867965998942715,-96.88291074787847
46.86797499860411,-96.88291066713623
46.86798399826552,-96.88291058639393
46.86799299792692,-96.88291050565164
46.868002001781726,-96.88291042487168
46.86801000148074,-96.8829103531007
46.868019001142144,-96.88291027235832
46.86802800080356,-96.8829101916159
46.86803700046496,-96.88291011087347
46.868046000126355,-96.882910030131
46.86805499978775,-96.88290994938852
46.868063999449156,-96.882909868646
46.86807299911057,-96.88290978790344
46.86808199877197,-96.88290970716088
46.86809099843337,-96.88290962641828
46.86809999809477,-96.88290954567564
46.86810900194956,-96.88290946489538
46.86811800161097,-96.8829093841527
46.86812700127237,-96.88290930340999
46.868136000933774,-96.88290922266724
46.86814500059517,-96.88290914192449
46.86815400025657,-96.88290906118169
46.86816299991797,-96.88290898043888
46.86817199957937,-96.88290889969603
46.868180999240764,-96.88290881895317
46.86818999890217,-96.88290873821026
46.868198998563564,-96.88290865746734
46.86820799822497,-96.88290857672439
46.868217002079774,-96.8829084959438
46.868226001741164,-96.88290841520077
46.868235001402574,-96.88290833445775
46.86824400106397,-96.88290825371469
46.86825300072537,-96.88290817297161
46.86826200038677,-96.88290809222849
46.86827100004816,-96.88290801148534
46.86827999970956,-96.88290793074218
46.868288999370954,-96.88290784999899
46.86829799903236,-96.88290776925577
46.868306998693754,-96.8829076885125
46.86831599835516,-96.88290760776923
46.868324998016554,-96.88290752702592
46.868334001871354,-96.88290744624497
46.868343001532764,-96.88290736550162
46.86835200119415,-96.88290728475823
46.86836100085556,-96.88290720401481
46.86837000051695,-96.88290712327138
46.868379000178344,-96.88290704252792
46.868386999877366,-96.88290697075591
46.86839599953876,-96.8829068900124
46.868404999200166,-96.88290680926886
46.86841399886156,-96.8829067285253
46.86842299852296,-96.88290664778168
46.86843199818435,-96.88290656703806
46.86844100203914,-96.88290648625679
46.868450001700545,-96.88290640551311
46.86845900136194,-96.8829063247694
46.86846800102333,-96.88290624402566
46.86847700068473,-96.88290616328192
46.86848600034613,-96.88290608253813
46.86849500000753,-96.8829060017943
46.868503998895264,-96.88290585579077
46.86851299776543,-96.88290570830402
46.868521996635586,-96.8829055608172
46.868531003165415,-96.88290541320482
46.868540002035566,-96.88290526571792
46.86854900090572,-96.88290511823097
46.86855799977589,-96.88290497074397
46.86856699864603,-96.88290482325692
46.86857599751619,-96.88290467576982
46.86858499638635,-96.88290452828267
46.868594002916176,-96.88290438066993
46.868603001786326,-96.88290423318269
46.868612000656476,-96.88290408569539
46.86862099952663,-96.88290393820805
46.8686299983968,-96.88290379072065
46.86863899726695,-96.88290364323319
46.86864800379677,-96.88290349562016
46.868657002666914,-96.88290334813261
46.8686650016626,-96.88290321703253
46.86867400053275,-96.8829030695449
46.86868299940291,-96.88290292205721
46.868691998273064,-96.88290277456947
46.86870099714321,-96.88290262708168
46.86871000367303,-96.8829024794683
46.86871900254317,-96.88290233198042
46.86872800141333,-96.88290218449248
46.86873700028348,-96.8829020370045
46.868745999153624,-96.88290188951646
46.868754998023775,-96.88290174202838
46.868763996893925,-96.88290159454024
46.86877300342374,-96.88290144692652
46.86878200229389,-96.88290129943829
46.868791001164034,-96.88290115195002
46.86880000003418,-96.88290100446169
46.868808998904335,-96.88290085697331
46.86881799777448,-96.88290070948487
46.86882699664463,-96.8829005619964
46.86883600317442,-96.88290041438233
46.86884500204457,-96.88290026689374
46.868854000914716,-96.88290011940512
46.86886299978486,-96.88289997191644
46.86887199865501,-96.88289982442771
46.868880997525146,-96.88289967693895
46.86888899652083,-96.88289954583776
46.86889800305064,-96.88289939822334
46.86890700192078,-96.88289925073444
46.868916000790925,-96.88289910324546
46.86892499966106,-96.88289895575646
46.86893399853121,-96.88289880826738
46.86894299740135,-96.88289866077827
46.86895200393116,-96.88289851316355
46.86896100280129,-96.88289836567435
46.86897000167143,-96.88289821818509
46.868979000541586,-96.88289807069577
46.868987999411715,-96.8828979232064
46.86899699828185,-96.882897775717
46.86900599715199,-96.88289762822752
46.86901500368179,-96.88289748061247
46.86902400255194,-96.88289733312291
46.869033001422075,-96.8828971856333
46.869042000292204,-96.88289703814364
46.86905099916233,-96.88289689065392
46.869059998032476,-96.88289674316417
46.86906899690262,-96.88289659567437
46.86907800343241,-96.88289644805896
46.86908700230254,-96.88289630056904
46.86909600117268,-96.8828961530791
46.86910500004281,-96.88289600558909
46.86911399891295,-96.88289585809902
46.86912199790862,-96.88289572699671
46.86913099677876,-96.88289557950657
46.86914000330855,-96.88289543189083
46.86914900217869,-96.88289528440058
46.86915800104882,-96.88289513691028
46.869166999918946,-96.88289498941994
46.869175998789075,-96.88289484192954
46.86918499765921,-96.88289469443909
46.86919399652934,-96.88289454694859
46.86920300305914,-96.8828943993325
46.86921200192926,-96.88289425184192
46.869221000799406,-96.88289410435127
46.86922999966952,-96.88289395686057
46.86923899853966,-96.88289380936983
46.86924799740978,-96.88289366187904
46.86925700393958,-96.88289351426265
46.8692660028097,-96.88289336677177
46.86927500167983,-96.88289321928082
46.86928400054996,-96.88289307178984
46.86929299942009,-96.88289292429879
46.86930199829021,-96.8828927768077
46.86931099716034,-96.88289262931656
46.86932000369013,-96.88289248169983
46.86932900256025,-96.88289233420859
