41.512913802641364,-81.65188099693235
41.51292299733177,-81.65188140742363
41.51293200319193,-81.65188151261091
41.51294100250355,-81.65188161772176
41.51295000181518,-81.65188172283261
41.5129590011268,-81.6518818279435
41.51296800043843,-81.65188193305443
41.51297699975005,-81.65188203816537
41.512985999061684,-81.65188214327635
41.5129949983733,-81.65188224838737
41.51300399768493,-81.6518823534984
41.51301299699655,-81.65188245860946
41.5130220028567,-81.65188256379706
41.51303100216834,-81.65188266890817
41.51304000147995,-81.65188277401933
41.513049000791575,-81.65188287913051
41.513058000103186,-81.65188298424172
41.51306699941482,-81.65188308935298
41.51307599872646,-81.65188319446425
41.513084998038075,-81.65188329957554
41.5130939973497,-81.65188340468688
41.51310300320984,-81.65188350987472
41.51311200252147,-81.65188361498612
41.51312100183309,-81.65188372009753
41.51313000114471,-81.65188382520898
41.513139000456334,-81.65188393032045
41.51314799976796,-81.65188403543196
41.513156999079584,-81.6518841405435
41.513165998391194,-81.65188424565507
41.51317499770281,-81.65188435076665
41.51318399701444,-81.65188445587829
41.513193002874594,-81.65188456106641
41.513202002186205,-81.65188466617809
41.51321100149783,-81.6518847712898
41.51322000080944,-81.65188487640155
41.513229000121065,-81.65188498151332
41.51323799943269,-81.65188508662511
41.51324699874431,-81.65188519173695
41.51325599805593,-81.6518852968488
41.51326499736754,-81.65188540196068
41.5132740032277,-81.65188550714909
41.513283002539325,-81.65188561226104
41.513292001850935,-81.651885717373
41.51330100116255,-81.65188582248501
41.51331000047416,-81.65188592759704
41.513317999862274,-81.65188602102998
41.513326999173884,-81.65188612614207
41.51333599848551,-81.65188623125418
41.513344997797134,-81.65188633636633
41.513353997108744,-81.65188644147851
41.51336300296889,-81.6518865466672
41.513372002280505,-81.65188665177944
41.51338100159213,-81.6518867568917
41.51339000090374,-81.65188686200399
41.51339900021536,-81.65188696711631
41.51340799952697,-81.65188707222866
41.513416998838586,-81.65188717734104
41.513425998150204,-81.65188728245344
41.513434997461815,-81.65188738756588
41.51344399677344,-81.65188749267836
41.513453002633575,-81.65188759786734
41.5134620019452,-81.65188770297986
41.51347100125682,-81.65188780809241
41.51348000056842,-81.651887913205
41.51348899988003,-81.6518880183176
41.51349799919164,-81.65188812343025
41.51350699850327,-81.65188822854293
41.51351599781488,-81.65188833365563
41.513524997126495,-81.65188843876837
41.51353400298663,-81.6518885439576
41.51354300229824,-81.6518886490704
41.51355200160986,-81.65188875418322
41.51356100092148,-81.65188885929606
41.51357000023309,-81.65188896440894
41.5135789995447,-81.65188906952184
41.513587998856316,-81.65188917463477
41.51359699816792,-81.65188927974775
41.51360599747954,-81.65188938486074
41.51361499679115,-81.65188948997375
41.51362400265129,-81.6518895951633
41.51363300196291,-81.65188970027637
41.51364200127451,-81.6518898053895
41.513651000586115,-81.65188991050263
41.51365999989774,-81.6518900156158
41.51366899920934,-81.65189012072899
41.513677998520954,-81.65189022584222
41.51368699783256,-81.65189033095548
41.51369599714418,-81.65189043606877
41.51370500300432,-81.65189054125857
41.51371400231592,-81.65189064637191
41.51372300162754,-81.65189075148528
41.51373200093915,-81.6518908565987
41.513741000250754,-81.65189096171213
41.51374999956236,-81.65189106682558
41.513758998873975,-81.65189117193907
41.51376799818558,-81.65189127705258
41.51377699749719,-81.65189138216614
41.51378599680879,-81.65189148727973
41.51379500266893,-81.65189159246981
41.51380400198054,-81.65189169758344
41.51381300129214,-81.65189180269711
41.51382200060375,-81.6518919078108
41.513830999915356,-81.65189201292453
41.51383999922696,-81.65189211803828
41.51384899853857,-81.65189222315206
41.51385799785018,-81.65189232826589
41.51386699716178,-81.65189243337971
41.51387600302192,-81.65189253857008
41.51388500233353,-81.651892643684
41.51389400164514,-81.6518927487979
41.513903000956745,-81.65189285391187
41.51391200026834,-81.65189295902586
41.51392099957995,-81.65189306413987
41.51392999889155,-81.65189316925392
41.51393899820316,-81.65189327436799
41.51394799751476,-81.65189337948209
41.513956996826366,-81.65189348459623
41.5139660026865,-81.65189358978688
41.51397500199811,-81.65189369490108
41.513984,-81.6518938
41.513992999499756,-81.65189376572697
41.51400199942656,-81.6518937314523
41.51401099935339,-81.65189369717761
41.5140199992802,-81.65189366290294
41.514028999207014,-81.65189362862824
41.514037999133826,-81.65189359435352
41.514046999060646,-81.65189356007882
41.51405599898744,-81.65189352580408
41.51406500104955,-81.65189349152122
41.514074000976365,-81.65189345724647
41.51408300090317,-81.65189342297171
41.51409200082998,-81.65189338869695
41.5141010007568,-81.65189335442219
41.51411000068363,-81.6518933201474
41.51411900061043,-81.6518932858726
41.51412800053724,-81.65189325159781
41.51413700046405,-81.65189321732299
41.51414600039086,-81.65189318304817
41.51415500031769,-81.65189314877335
41.51416400024449,-81.6518931144985
41.5141730001713,-81.65189308022366
41.5141820000981,-81.6518930459488
41.51419100002492,-81.65189301167392
41.51419999995174,-81.65189297739904
41.51420899987855,-81.65189294312417
41.51421899979724,-81.65189290504094
41.51422799972405,-81.65189287076603
41.51423699965086,-81.65189283649111
41.514245999577675,-81.6518928022162
41.51425499950448,-81.65189276794125
41.51426399943129,-81.6518927336663
41.51427299935811,-81.65189269939135
41.51428199928493,-81.65189266511638
41.51429099921174,-81.6518926308414
41.51429999913855,-81.65189259656643
41.514308999065356,-81.65189256229144
41.514317998992176,-81.65189252801642
41.51432700105427,-81.65189249373329
41.51433600098109,-81.65189245945825
41.514345000907895,-81.65189242518322
41.5143540008347,-81.65189239090819
41.51436300076151,-81.65189235663314
41.51437200068834,-81.65189232235808
41.51438100061514,-81.65189228808302
41.51439000054196,-81.65189225380793
41.51439900046876,-81.65189221953284
41.51440800039558,-81.65189218525774
41.51441700032239,-81.65189215098263
41.51442600024921,-81.65189211670751
41.514435000176015,-81.6518920824324
41.51444400010283,-81.65189204815725
41.51445300002964,-81.6518920138821
41.51446199995645,-81.65189197960696
41.514470999883265,-81.65189194533178
41.514479999810085,-81.65189191105661
41.51448899973689,-81.65189187678143
41.51449799966371,-81.65189184250623
41.51450699959052,-81.65189180823103
41.51451599951733,-81.65189177395581
41.51452499944415,-81.6518917396806
41.51453399937095,-81.65189170540536
41.51454299929777,-81.65189167113012
41.51455199922459,-81.65189163685486
41.51456099915139,-81.65189160257961
41.514569999078205,-81.65189156830434
41.51457899900502,-81.65189153402906
41.51458800106711,-81.65189149974564
41.51459700099392,-81.65189146547034
41.514606000920736,-81.65189143119503
41.51461500084754,-81.65189139691972
41.514624000774354,-81.65189136264438
41.51463300070118,-81.65189132836905
41.514642000627994,-81.6518912940937
41.51465100055479,-81.65189125981834
41.5146600004816,-81.65189122554298
41.51467000040029,-81.65189118745923
41.5146790003271,-81.65189115318384
41.51468800025391,-81.65189111890845
41.51469700018072,-81.65189108463305
41.51470600010752,-81.65189105035763
41.51471500003434,-81.65189101608222
41.51472399996116,-81.65189098180677
41.51473299988796,-81.65189094753134
41.514741999814774,-81.65189091325588
41.51475099974158,-81.65189087898042
41.5147599996684,-81.65189084470495
41.514768999595205,-81.65189081042946
41.514777999522025,-81.65189077615398
41.51478699944883,-81.65189074187847
41.51479599937564,-81.65189070760296
41.51480499930246,-81.65189067332744
41.51481399922927,-81.65189063905193
41.51482299915608,-81.65189060477638
41.514831999082894,-81.65189057050083
41.5148409990097,-81.65189053622528
41.51484999893652,-81.65189050194971
41.514859000998605,-81.65189046766601
41.514868000925425,-81.65189043339042
41.51487700085223,-81.65189039911482
41.514886000779036,-81.65189036483922
41.514895000705856,-81.6518903305636
41.51490400063267,-81.65189029628799
41.51491300055948,-81.65189026201234
41.514922000486294,-81.6518902277367
41.51493100041311,-81.65189019346104
41.51494000033992,-81.65189015918538
41.514949000266725,-81.65189012490973
41.51495800019352,-81.65189009063404
41.51496700012035,-81.65189005635835
41.514976000047156,-81.65189002208264
41.51498499997397,-81.65188998780694
41.514993999900774,-81.65188995353122
41.51500299982759,-81.6518899192555
41.515011999754385,-81.65188988497975
41.51502099968121,-81.65188985070401
41.515029999608025,-81.65188981642825
41.51503899953484,-81.65188978215248
41.515047999461636,-81.65188974787671
41.51505699938845,-81.65188971360091
41.51506599931527,-81.65188967932512
41.51507499924208,-81.65188964504932
41.51508399916889,-81.65188961077351
41.5150929990957,-81.65188957649768
41.515101999022505,-81.65188954222185
41.515110998949325,-81.65188950794601
41.51512100100327,-81.65188946985359
41.515130000930085,-81.65188943557773
41.5151390008569,-81.65188940130186
41.51514800078372,-81.65188936702597
41.51515700071052,-81.65188933275007
41.5151660001485,-81.6518892996463
41.51517500014455,-81.65188929169112
41.51518300014105,-81.65188928461986
41.51519200013712,-81.65188927666468
41.51520100013316,-81.65188926870951
41.51521000012922,-81.65188926075433
41.515219000125285,-81.65188925279915
41.51522800012134,-81.65188924484397
41.5152370001174,-81.65188923688878
41.51524600011346,-81.65188922893358
41.51525500010952,-81.6518892209784
41.515264000105574,-81.65188921302321
41.51527300010163,-81.65188920506802
41.51528200009769,-81.65188919711281
41.51529100009375,-81.65188918915761
41.51530000008981,-81.65188918120242
41.51530900008586,-81.6518891732472
41.515317000082355,-81.65188916617592
41.51532600007841,-81.65188915822071
41.51533500007447,-81.65188915026549
41.51534400007053,-81.65188914231028
41.51535300006658,-81.65188913435507
41.515362000062645,-81.65188912639987
41.51537100005871,-81.65188911844463
41.515380000054755,-81.65188911048942
41.5153890000508,-81.65188910253418
41.515398000046865,-81.65188909457896
41.515407000042934,-81.65188908662374
41.51541600003898,-81.6518890786685
41.515425000035044,-81.65188907071327
41.5154340000311,-81.65188906275804
41.5154420000276,-81.65188905568671
41.51545100002365,-81.65188904773147
41.51546000001971,-81.65188903977625
41.51546900001577,-81.65188903182099
41.515478000011825,-81.65188902386575
41.51548700000788,-81.65188901591051
41.51549600000395,-81.65188900795525
41.515505,-81.651889
41.51551399423621,-81.65188930407757
41.51552300741528,-81.65188960879563
41.515532001651486,-81.65188991287336
41.51554099588768,-81.65189021695119
41.51555000906677,-81.6518905216695
41.51555900330296,-81.65189082574747
41.51556799753915,-81.65189112982556
41.51557699177534,-81.6518914339037
41.51558600495442,-81.65189173862237
41.515594999190604,-81.6518920427007
41.5156039934268,-81.6518923467791
41.51561300660586,-81.65189265149802
41.51562200084205,-81.6518929555766
41.51563099507823,-81.65189325965525
41.515640008257286,-81.65189356437442
41.515649002493475,-81.65189386845326
41.51565799672965,-81.65189417253217
41.515666990965826,-81.65189447661116
41.51567600414488,-81.65189478133068
41.51568499838106,-81.65189508540985
41.51569399261724,-81.6518953894891
41.51570300579628,-81.65189569420885
41.51571200003245,-81.65189599828828
41.51572099426862,-81.65189630236779
41.515730007447665,-81.6518966070878
41.515739001683826,-81.65189691116748
41.51574799591999,-81.65189721524723
41.51575700909903,-81.6518975199675
41.51576600333518,-81.65189782404744
41.51577499757134,-81.65189812812746
41.51578399180749,-81.65189843220756
41.51579300498653,-81.65189873692816
41.51580199922268,-81.65189904100843
41.51581099345885,-81.65189934508878
41.51582000663786,-81.65189964980965
41.51582900087401,-81.65189995389017
41.51583799511016,-81.65190025797078
41.515847008289185,-81.65190056269189
41.51585600252533,-81.65190086677266
41.51586499676146,-81.65190117085353
41.5158739909976,-81.65190147493446
41.51588300417664,-81.65190177965593
41.51589199841277,-81.65190208373703
41.5159009926489,-81.65190238781824
41.51591000582791,-81.65190269253995
41.515919000064045,-81.65190299662132
41.515927992028594,-81.65190335556478
41.51593700636655,-81.65190371602044
41.515945998305554,-81.65190407558055
41.51595598934892,-81.65190447509188
41.51596500368685,-81.65190483554785
41.51597399562587,-81.65190519510826
41.51598300996381,-81.65190555556444
41.51599200190281,-81.65190591512504
41.51600099384182,-81.65190627468576
41.516010008179755,-81.65190663514223
41.51601900011875,-81.65190699470315
41.51602899116209,-81.65190739421539
41.51603800550001,-81.65190775467218
41.516046997439,-81.65190811423338
41.516055989377996,-81.6519084737947
41.516065003715916,-81.6519088342518
41.5160739956549,-81.65190919381332
41.51608300999282,-81.6519095542706
41.516092001931796,-81.65190991383233
41.516101992975116,-81.65191031334547
41.51611100731302,-81.65191067380307
41.516119999251984,-81.6519110333651
41.51612899119096,-81.65191139292722
41.516138005528866,-81.65191175338514
41.51614699746783,-81.65191211294746
41.5161559894068,-81.65191247250989
41.516165003744696,-81.65191283296808
41.516173995683644,-81.65191319253073
41.51618400912588,-81.65191359294055
41.516193001064835,-81.65191395250339
41.51620199300378,-81.65191431206632
41.51621100734167,-81.65191467252504
41.51621999928061,-81.65191503208818
41.51622899121957,-81.65191539165143
41.516237997986934,-81.65191546756269
41.51624700199468,-81.65191553670753
41.51625600169712,-81.65191560581933
41.51626500139956,-81.65191567493113
41.51627400110202,-81.65191574404295
41.516284000771385,-81.6519158208339
41.51629300047384,-81.65191588994577
41.516302000176275,-81.65191595905765
41.51631099987872,-81.65191602816955
41.516319999581164,-81.65191609728149
41.51632899928361,-81.65191616639343
41.51633799898605,-81.6519162355054
41.51634699868849,-81.65191630461737
41.51635599839093,-81.65191637372938
41.516364998093366,-81.65191644284141
41.51637400210112,-81.6519165119865
41.516383001803554,-81.65191658109856
41.516392001506006,-81.65191665021064
41.51640100120845,-81.65191671932274
41.51641000091088,-81.65191678843486
41.51641900061332,-81.651916857547
41.51642800031576,-81.65191692665915
41.516437999985136,-81.65191700345045
41.51644699968758,-81.65191707256265
41.51645599939002,-81.65191714167486
41.516464999092456,-81.6519172107871
41.51647399879491,-81.65191727989935
41.516482998497345,-81.65191734901164
41.516491998199804,-81.65191741812392
41.51650099790223,-81.65191748723625
41.51651000190998,-81.65191755638162
41.516519001612416,-81.65191762549398
41.516528001314846,-81.65191769460634
41.5165370010173,-81.65191776371874
41.516546000719735,-81.65191783283115
41.51655500042217,-81.65191790194358
41.51656400012462,-81.65191797105602
41.516572999827055,-81.65191804016848
41.5165819995295,-81.65191810928097
41.51659199919889,-81.65191818607263
41.51660099890131,-81.65191825518517
41.51660999860375,-81.65191832429771
41.516618998306186,-81.65191839341027
41.51662799800864,-81.65191846252286
41.51663700201638,-81.65191853166853
41.5166459,-81.6519186
41.51665500233743,-81.6519187547133
41.51666400087993,-81.65191890766242
41.51667299942241,-81.65191906061159
41.51668199796491,-81.6519192135608
41.51669099650739,-81.65191936651006
41.51670100441575,-81.65191953661567
41.51671000295825,-81.65191968956502
41.51671900150074,-81.6519198425144
41.51672800004322,-81.65191999546384
41.51673699858571,-81.65192014841331
41.516745997128204,-81.65192030136284
41.5167549956707,-81.65192045431239
41.516764003740995,-81.65192060742393
41.51677300228348,-81.65192076037357
41.51678300066403,-81.65192093031767
41.51679199920652,-81.6519210832674
41.51680099774901,-81.65192123621718
41.51680999629148,-81.651921389167
41.51681900436179,-81.6519215422788
41.51682800290427,-81.65192169522871
41.51683700144677,-81.65192184817866
41.51684599998924,-81.65192200112864
41.51685499853172,-81.65192215407866
41.51686499691226,-81.65192232402319
41.51687399545476,-81.65192247697331
41.51688300352505,-81.65192263008542
41.51689200206753,-81.65192278303563
41.51690100061001,-81.65192293598587
41.51690999915249,-81.65192308893616
41.51691899769497,-81.6519232418865
41.51692799623747,-81.65192339483687
41.51693700223462,-81.65192312710013
41.51694599727517,-81.65192284501789
41.516954992315725,-81.65192256293555
41.516964004928155,-81.65192228030209
41.5169729999687,-81.6519219982196
41.51698199500924,-81.65192171613702
41.51699100762166,-81.65192143350333
41.51700000266221,-81.65192115142061
41.51700899770276,-81.6519208693378
41.51701799274329,-81.6519205872549
41.517027005355715,-81.6519203046209
41.517036000396246,-81.65192002253787
41.51704499543679,-81.65191974045474
41.517054008049215,-81.6519194578205
41.51706300308973,-81.65191917573722
41.51707199813027,-81.65191889365387
41.517080993170794,-81.65191861157044
41.5170900057832,-81.65191832893586
41.51709900082374,-81.65191804685227
41.517107995864265,-81.65191776476861
41.51711700847666,-81.65191748213381
41.51712600351719,-81.65191720005
41.51713499855772,-81.65191691796609
41.51714399359823,-81.6519166358821
41.51715300621064,-81.651916353247
41.51716200125115,-81.65191607116286
41.51717099629167,-81.65191578907864
41.51717999133219,-81.65191550699434
41.517189003944594,-81.65191522435892
41.5171979989851,-81.65191494227447
41.51720699402561,-81.65191466018993
41.517216006638,-81.65191437755428
41.517225001678504,-81.65191409546959
41.517233996719014,-81.65191381338482
41.517242991759524,-81.65191353129997
41.517252004371905,-81.651913248664
41.51726099941239,-81.651912966579
41.5172695,-81.6519127
41.517279001327616,-81.65191285062009
41.517288000059786,-81.65191299327283
41.51729699879196,-81.65191313592558
41.51730599752413,-81.65191327857839
41.517314996256324,-81.65191342123123
41.51732400387473,-81.651913564025
41.51733300260689,-81.65191370667792
41.517342001339074,-81.65191384933087
41.51735100007124,-81.65191399198388
41.517359998803414,-81.65191413463693
41.51736899753559,-81.65191427729
41.51737799626776,-81.65191441994314
41.51738700388618,-81.65191456273716
41.517396002618334,-81.65191470539035
41.51740500135051,-81.6519148480436
41.51741400008269,-81.6519149906969
41.51742299881485,-81.6519151333502
41.51743199754702,-81.65191527600358
41.51744099627919,-81.65191541865696
41.517451003756726,-81.65191557730166
41.517460002488896,-81.65191571995514
41.517469001221066,-81.65191586260866
41.517477999953236,-81.65191600526224
41.517486998685406,-81.65191614791583
41.51749599741756,-81.65191629056947
41.51750499614974,-81.65191643322316
41.517514003768135,-81.65191657601775
41.5175230025003,-81.65191671867152
41.51753200123247,-81.65191686132532
41.517540999964645,-81.65191700397916
41.51754999869679,-81.65191714663304
41.51755899742896,-81.65191728928697
41.51756799616113,-81.65191743194092
41.51757700377954,-81.65191757473579
41.5175860025117,-81.65191771738982
41.517595001243855,-81.65191786004391
41.517603999976025,-81.65191800269803
41.517612998708174,-81.65191814535218
41.517621997440344,-81.65191828800639
41.51763199603163,-81.6519184465111
41.51764100365004,-81.65191858930625
41.5176500023822,-81.65191873196056
41.51765900111436,-81.65191887461494
41.51766799984653,-81.65191901726934
41.517676998578686,-81.65191915992378
41.517685997310835,-81.65191930257825
41.517694996043,-81.65191944523278
41.5177040036614,-81.6519195880282
41.517713002393556,-81.65191973068279
41.51772200112571,-81.65191987333745
41.51773099985787,-81.65192001599212
41.51773999859003,-81.65192015864683
41.51774899732219,-81.6519203013016
41.51775799605434,-81.6519204439564
41.51776700367274,-81.65192058675211
41.517776002404894,-81.65192072940698
41.51778500113705,-81.6519208720619
41.5177939998692,-81.65192101471686
41.51780299860137,-81.65192115737185
41.51781299719264,-81.65192131587744
41.5178219959248,-81.65192145853253
41.51783100354319,-81.65192160132851
41.51784000227534,-81.65192174398366
41.5178490010075,-81.65192188663887
41.51785799973965,-81.65192202929411
41.5178669984718,-81.6519221719494
41.51787599720395,-81.6519223146047
41.517884995936114,-81.65192245726007
41.517894002250486,-81.65192260002257
41.51790300174228,-81.65192269034291
41.51791200123411,-81.65192278066331
41.51792100072591,-81.65192287098371
41.517930000217724,-81.65192296130412
41.51793899970953,-81.65192305162458
41.51794799920134,-81.65192314194505
41.51795699869316,-81.65192323226555
41.51796599818497,-81.65192332258607
41.51797499767678,-81.65192341290663
41.517984002794776,-81.65192350328367
41.517993002286595,-81.65192359360427
41.5180020017784,-81.65192368392489
41.51801100127022,-81.65192377424555
41.51802000076202,-81.65192386456621
41.518029000253826,-81.65192395488693
41.518037999745644,-81.65192404520765
41.518046999237455,-81.65192413552839
41.51805599872926,-81.65192422584917
41.51806499822106,-81.65192431616998
41.518073997712875,-81.6519244064908
41.51808300283088,-81.65192449686812
41.518092002322696,-81.651924587189
41.5181010018145,-81.6519246775099
41.518110001306304,-81.65192476783083
41.518119000798116,-81.65192485815177
41.51812800028991,-81.65192494847277
41.51813799972526,-81.65192504882943
41.518146999217066,-81.65192513915045
41.51815599870888,-81.65192522947152
41.51816499820069,-81.6519253197926
41.518173997692486,-81.6519254101137
41.5181829971843,-81.65192550043484
41.51819200230231,-81.65192559081245
41.518201001794104,-81.65192568113363
41.51821000128592,-81.65192577145484
41.51821900077772,-81.65192586177608
41.51822800026954,-81.65192595209733
41.518236999761335,-81.65192604241861
41.51824599925313,-81.65192613273992
41.51825499874494,-81.65192622306125
41.518263998236755,-81.6519263133826
41.51827299772856,-81.651926403704
41.51828199722036,-81.6519264940254
41.51829100233836,-81.6519265844033
41.51830000183017,-81.65192667472476
41.51830900132198,-81.65192676504624
41.51831800081377,-81.65192685536775
41.51832700030558,-81.65192694568928
41.51833599979738,-81.65192703601083
41.518344999289184,-81.65192712633241
41.518353998780995,-81.65192721665403
41.5183629982728,-81.65192730697567
41.518371997764596,-81.65192739729731
41.5183809972564,-81.651927487619
41.5183900023744,-81.65192757799717
41.518399001866214,-81.6519276683189
41.51840800135802,-81.65192775864067
41.518417000849816,-81.65192784896246
41.51842600034162,-81.65192793928426
41.51843499983342,-81.6519280296061
41.51844399932523,-81.65192811992796
41.518452998817025,-81.65192821024984
41.51846199830882,-81.65192830057175
41.51847099780063,-81.65192839089369
41.518479997292424,-81.65192848121565
41.51848900241043,-81.6519285715941
41.518498001902245,-81.65192866191612
41.518507001394035,-81.65192875223813
41.51851600088584,-81.65192884256021
41.51852500037763,-81.65192893288229
41.51853399986944,-81.6519290232044
41.518542999361244,-81.65192911352653
41.51855199885304,-81.6519292038487
41.51856099834484,-81.65192929417088
41.51856999783663,-81.6519293844931
41.518578997328454,-81.65192947481533
41.51858800244645,-81.65192956519405
41.51859700193825,-81.65192965551634
41.518606001430044,-81.65192974583866
41.518616000865386,-81.65192984619681
41.518625000357176,-81.65192993651918
41.51863399984898,-81.65193002684155
41.51864299934077,-81.65193011716397
41.518651998832574,-81.65193020748642
41.518660998324386,-81.65193029780887
41.518669997816176,-81.65193038813136
41.51867899730797,-81.65193047845389
41.51868800242597,-81.6519305688329
41.51869700191778,-81.65193065915547
41.51870600140956,-81.65193074947805
41.51871500090137,-81.65193083980067
41.51872400039316,-81.65193093012331
41.51873299988495,-81.65193102044597
41.518741999376765,-81.65193111076867
41.51875099886856,-81.65193120109139
41.51875999836035,-81.65193129141413
41.518768997852156,-81.65193138173689
41.518777997343946,-81.65193147205969
41.518787002461956,-81.65193156243897
41.518796001953746,-81.6519316527618
41.518805001445536,-81.65193174308469
41.51881400093733,-81.65193183340756
41.51882300042913,-81.65193192373049
41.51883199992094,-81.65193201405343
41.518840999412724,-81.6519321043764
41.51884999890452,-81.65193219469938
41.518858998396325,-81.65193228502241
41.51886799788811,-81.65193237534544
41.51887699737991,-81.65193246566851
41.518886002497915,-81.65193255604807
41.518895001989705,-81.6519326463712
41.5189040014815,-81.65193273669433
41.51891300097329,-81.6519328270175
41.51892200046509,-81.6519329173407
41.51893099995688,-81.65193300766393
41.518939999448676,-81.65193309798715
41.51894900006812,-81.65193308782467
41.51895800005846,-81.65193307537277
41.51896700004881,-81.65193306292085
41.518976000039146,-81.65193305046891
41.51898500002949,-81.65193303801699
41.518994000019816,-81.65193302556506
41.51900300001017,-81.65193301311312
41.519012000000515,-81.65193300066117
41.519021999989775,-81.65193298682568
41.519030999980124,-81.65193297437375
41.51903999997046,-81.6519329619218
41.519048999960816,-81.65193294946984
41.51905799995116,-81.65193293701789
41.519066999941494,-81.65193292456593
41.51907599993183,-81.65193291211396
41.51908499992217,-81.65193289966199
41.51909399991252,-81.65193288721002
41.51910299990287,-81.65193287475805
41.5191119998932,-81.65193286230607
41.51912099988354,-81.65193284985409
41.51912999987388,-81.6519328374021
41.51913899986423,-81.65193282495011
41.519147999854574,-81.65193281249813
41.51915699984492,-81.65193280004613
41.51916599983525,-81.65193278759413
41.5191749998256,-81.65193277514213
41.51918399981594,-81.65193276269014
41.519192999806286,-81.65193275023812
41.51920199979662,-81.65193273778611
41.519210999786964,-81.65193272533409
41.519219999777306,-81.65193271288207
41.519228999767655,-81.65193270043005
41.51923799975799,-81.65193268797803
41.51924699974833,-81.65193267552598
41.51925599973867,-81.65193266307396
41.519264999729025,-81.65193265062193
41.51927399971936,-81.6519326381699
41.51928399970863,-81.6519326243343
41.51929299969896,-81.65193261188223
41.51930199968932,-81.65193259943018
41.51931099967966,-81.65193258697812
41.51931999966999,-81.65193257452607
41.51932899966033,-81.65193256207401
41.51933799965067,-81.65193254962195
41.51934699964103,-81.65193253716987
41.519355999631365,-81.65193252471781
41.51936499962171,-81.65193251226574
41.51937399961204,-81.65193249981367
41.519383000378006,-81.65193248736051
41.51939200036836,-81.65193247490842
41.5194010003587,-81.65193246245633
41.51941000034903,-81.65193245000424
41.519419000339376,-81.65193243755215
41.51942800032971,-81.65193242510004
41.51943700032007,-81.65193241264794
41.51944600031041,-81.65193240019585
41.519455000300745,-81.65193238774373
41.51946400029108,-81.65193237529161
41.51947300028142,-81.6519323628395
41.51948200027178,-81.65193235038737
41.519491000262114,-81.65193233793525
41.519500000252464,-81.65193232548312
41.5195090002428,-81.651932313031
41.51951800023313,-81.65193230057886
41.51952700022347,-81.65193228812672
41.519536000213826,-81.65193227567458
41.51954600020309,-81.65193226183887
41.51955500019343,-81.65193224938672
41.519564000183784,-81.65193223693457
41.51957300017412,-81.65193222448242
41.519582000164455,-81.65193221203026
41.5195910001548,-81.6519321995781
41.51960000014515,-81.65193218712592
41.51960900013549,-81.65193217467376
41.519618000125824,-81.65193216222158
41.51962700011617,-81.65193214976941
41.519636000106516,-81.65193213731723
41.519645000096844,-81.65193212486506
41.51965400008719,-81.65193211241287
41.519663000077536,-81.65193209996067
41.51967200006788,-81.65193208750848
41.51968100005821,-81.65193207505628
41.51969000004855,-81.65193206260409
41.51969900003891,-81.65193205015188
41.51970800002925,-81.65193203769968
41.51971700001958,-81.65193202524746
41.519726000009925,-81.65193201279526
41.51973500000026,-81.65193200034304
41.51974399999062,-81.65193198789082
41.519752999980966,-81.65193197543859
41.519761999971294,-81.65193196298637
41.51977099996163,-81.65193195053413
41.51977999995197,-81.65193193808189
41.519788999942314,-81.65193192562967
41.51979799993266,-81.65193191317742
41.519807999921916,-81.65193189934159
41.51981699991227,-81.65193188688934
41.519825999902615,-81.65193187443708
41.51983499989295,-81.65193186198483
41.519843999883285,-81.65193184953257
41.519852999873635,-81.65193183708031
41.51986199986398,-81.65193182462805
41.51987099985433,-81.65193181217577
41.51987979999999,-81.65193180000001
41.519888999938296,-81.65193179505913
41.51989799993684,-81.65193179022563
41.519905999935546,-81.65193178592918
41.519914999934095,-81.65193178109568
41.519923999932644,-81.65193177626217
41.51993299993118,-81.65193177142866
41.519941999929735,-81.65193176659517
41.51995099992827,-81.65193176176166
41.51995999992682,-81.65193175692815
41.51996799992553,-81.65193175263168
41.51997699992407,-81.65193174779819
41.51998599992262,-81.65193174296466
41.51999499992116,-81.65193173813115
41.52000399991971,-81.65193173329763
41.52001299991825,-81.65193172846412
41.520021999916786,-81.6519317236306
41.52003099991534,-81.65193171879707
41.52003899991404,-81.65193171450062
41.520047999912606,-81.6519317096671
41.52005699991114,-81.65193170483356
41.52006599990968,-81.65193170000005
41.52007500068747,-81.65193174293852
41.52008400057264,-81.65193178587323
41.52009300045783,-81.65193182880795
41.520102000343,-81.65193187174268
41.52011100022818,-81.65193191467742
41.52012000011336,-81.65193195761218
41.52012899999853,-81.65193200054695
41.52013799988372,-81.65193204348172
41.52014699976889,-81.65193208641651
41.52015599965408,-81.65193212935132
41.52016499953924,-81.65193217228614
41.52017399942443,-81.65193221522097
41.52018299930961,-81.6519322581558
41.52019199919479,-81.65193230109065
41.52020099907997,-81.65193234402551
41.52020999896514,-81.65193238696038
41.520218998850325,-81.65193242989527
41.52022799873551,-81.65193247283017
41.52023700129497,-81.65193251577784
41.52024600118015,-81.65193255871276
41.52025500106532,-81.6519326016477
41.52026400095051,-81.65193264458264
41.52027300083568,-81.65193268751761
41.52028200072086,-81.65193273045257
41.520291000606036,-81.65193277338756
41.52030000049121,-81.65193281632256
41.52030900037639,-81.65193285925756
41.520318000261575,-81.65193290219257
41.52032700014676,-81.6519329451276
41.520336000031925,-81.65193298806265
41.520343999929864,-81.65193302622714
41.52035299981504,-81.6519330691622
41.52036199970022,-81.65193311209728
41.5203709995854,-81.65193315503237
41.52037999947057,-81.65193319796747
41.52038899935575,-81.65193324090258
41.520397999240934,-81.6519332838377
41.5204069991261,-81.65193332677285
41.52041599901128,-81.65193336970799
41.52042499889645,-81.65193341264315
41.520433998781634,-81.65193345557832
41.520442998666816,-81.6519334985135
41.52045200122628,-81.65193354146146
41.52046100111146,-81.65193358439666
41.52047000099664,-81.65193362733189
41.52047900088183,-81.65193367026713
41.52048800076699,-81.65193371320235
41.52049700065216,-81.65193375613762
41.52050600053734,-81.65193379907288
41.52051500042253,-81.65193384200818
41.520524000307695,-81.65193388494346
41.520533000192884,-81.65193392787876
41.52054200007805,-81.65193397081408
41.52055099996322,-81.65193401374941
41.52055999984841,-81.65193405668475
41.52056899973359,-81.65193409962009
41.52057799961876,-81.65193414255546
41.52058699950394,-81.65193418549084
41.52059599938911,-81.65193422842621
41.52060499927428,-81.65193427136161
41.520613999159465,-81.65193431429704
41.52062299904464,-81.65193435723246
41.520631998929815,-81.65193440016789
41.520640998815,-81.65193444310334
41.520649998700186,-81.65193448603878
41.52065900125965,-81.65193452898701
41.52066800114482,-81.65193457192251
41.520677001029995,-81.65193461485799
41.52068600091517,-81.6519346577935
41.52069500080035,-81.65193470072903
41.520704000685534,-81.65193474366455
41.5207130005707,-81.6519347866001
41.520722000455876,-81.65193482953566
41.52073100034105,-81.65193487247122
41.52074000022624,-81.65193491540678
41.520749000111415,-81.65193495834238
41.52075799999658,-81.65193500127799
41.52076699988176,-81.6519350442136
41.52077599976693,-81.65193508714923
41.520784999652115,-81.65193513008487
41.52079399953729,-81.6519351730205
41.52080299942247,-81.65193521595619
41.52081199930764,-81.65193525889185
41.5208209991928,-81.65193530182754
41.52082999907799,-81.65193534476323
41.52083899896317,-81.65193538769894
41.52084799884834,-81.65193543063467
41.520856998733514,-81.65193547357039
41.520866001292994,-81.6519355165189
41.52087500117817,-81.65193555945466
41.5208835,-81.6519356
41.52089200238297,-81.65193586210249
41.52090099759111,-81.65193613939736
41.52090999279925,-81.6519364166923
41.520919005278934,-81.65193669451975
41.520928000487054,-81.65193697181483
41.5209369956952,-81.65193724910999
41.520946008174874,-81.65193752693769
41.52095400391544,-81.65193777342242
41.520962999123554,-81.6519380507178
41.520971994331695,-81.65193832801326
41.520981006811354,-81.65193860584124
41.520990002019474,-81.65193888313688
41.52099899722762,-81.65193916043256
41.52100799243573,-81.65193943772834
41.52101700491539,-81.65193971555664
41.521025000655946,-81.65193996204191
41.52103399586406,-81.6519402393379
41.521043008343725,-81.65194051716642
41.521052003551844,-81.65194079446258
41.521060998759964,-81.6519410717588
41.52106999396807,-81.65194134905511
41.521079006447735,-81.65194162688393
41.52108700218827,-81.65194187336967
41.52109599739638,-81.6519421506662
41.521104992604485,-81.65194242796281
41.52111400508413,-81.65194270579194
41.52112300029224,-81.65194298308869
41.52113199550035,-81.65194326038554
41.52114100798,-81.65194353821488
41.5211499991183,-81.65194379614891
41.52115799885133,-81.65194373442473
41.52116699855098,-81.65194366498503
41.52117599825065,-81.6519435955453
41.52118499795031,-81.65194352610554
41.52119400197504,-81.65194345663241
41.521203001674685,-81.65194338719262
41.52121200137436,-81.6519433177528
41.52122100107401,-81.65194324831297
41.52123000077367,-81.65194317887313
41.52123900047332,-81.65194310943326
41.521248000172974,-81.65194303999337
41.521256999872634,-81.65194297055346
41.5212659995723,-81.65194290111353
41.52127499927195,-81.6519428316736
41.521283998971604,-81.65194276223363
41.52129299867126,-81.65194269279364
41.52130199837092,-81.65194262335365
41.52131099807058,-81.65194255391361
41.52132000209531,-81.65194248444021
41.52132900179497,-81.65194241500014
41.52133800149463,-81.65194234556007
41.52134700119428,-81.65194227611997
41.52135600089394,-81.65194220667983
41.5213650005936,-81.6519421372397
41.52137400029325,-81.65194206779955
41.5213829999929,-81.65194199835938
41.521391999692554,-81.65194192891917
41.52140099939221,-81.65194185947897
41.521409999091865,-81.65194179003873
41.52141899879153,-81.65194172059847
41.521427998491184,-81.65194165115821
41.521436998190836,-81.6519415817179
41.52144599789049,-81.65194151227759
41.52145500191522,-81.6519414428039
41.52146400161488,-81.65194137336354
41.52147300131454,-81.65194130392317
41.52148200101419,-81.65194123448278
41.521491000713844,-81.65194116504237
41.5215000004135,-81.65194109560194
41.52150900011315,-81.6519410261615
41.52151799981281,-81.65194095672103
41.52152699951246,-81.65194088728055
41.52153599921212,-81.65194081784004
41.52154499891178,-81.65194074839951
41.521553998611424,-81.65194067895897
41.52156299831108,-81.6519406095184
41.521571998010735,-81.65194054007783
41.52158100203546,-81.65194047060385
41.52159000173512,-81.65194040116323
41.52159900143478,-81.65194033172259
41.52160700116781,-81.65194026999757
41.52161600086746,-81.65194020055688
41.521625000567106,-81.65194013111619
41.52163400026676,-81.65194006167548
41.52164299996642,-81.65193999223473
41.52165199966607,-81.65193992279397
41.521660999365714,-81.65193985335321
41.521669999065374,-81.65193978391243
41.52167899876502,-81.65193971447161
41.52168799846468,-81.65193964503078
41.52169699816434,-81.65193957558992
41.521705997864,-81.65193950614905
41.52171500188871,-81.6519394366748
41.52172400158837,-81.65193936723388
41.52173300128802,-81.65193929779296
41.52174200098768,-81.651939228352
41.521751000687324,-81.65193915891103
41.52176000038697,-81.65193908947005
41.52176900008663,-81.65193902002905
41.52177799978628,-81.65193895058803
41.52178699948594,-81.65193888114698
41.52179599918559,-81.65193881170592
41.52180499888524,-81.65193874226483
41.52181399858489,-81.65193867282373
41.521822998284534,-81.6519386033826
41.521831997984194,-81.65193853394148
41.52184100200893,-81.65193846446694
41.52185000170857,-81.65193839502575
41.521859001408224,-81.65193832558457
41.52186800110787,-81.65193825614335
41.521877000807535,-81.65193818670211
41.52188600050718,-81.65193811726085
41.521895000206825,-81.65193804781958
41.52190399990648,-81.65193797837829
41.52191299960613,-81.65193790893697
41.52192199930579,-81.65193783949563
41.521930999005434,-81.65193777005429
41.521939998705086,-81.65193770061292
41.521948998404746,-81.65193763117152
41.52195799810439,-81.65193756173011
41.52196700212911,-81.65193749225531
41.52197600182876,-81.65193742281386
41.521985001528414,-81.65193735337239
41.521994001228066,-81.6519372839309
41.52200300092772,-81.6519372144894
41.52201200062737,-81.65193714504785
41.522021000327015,-81.65193707560633
41.52203000002666,-81.65193700616476
41.52203899972631,-81.65193693672316
41.522047999425965,-81.65193686728156
41.5220569991256,-81.65193679783995
41.52206499885864,-81.65193673611404
41.52207399855829,-81.65193666667238
41.52208299825794,-81.6519365972307
41.52209199795758,-81.651936527789
41.52210100198231,-81.65193645831391
41.52211000168196,-81.65193638887216
41.52211900138161,-81.65193631943042
41.522128001081256,-81.65193624998864
41.52213700078091,-81.65193618054684
41.52214600048055,-81.65193611110503
41.522155000180206,-81.6519360416632
41.52216399987985,-81.65193597222135
41.5221729995795,-81.65193590277947
41.52218199927914,-81.65193583333757
41.52219099897879,-81.65193576389568
41.522199998678445,-81.65193569445374
41.52220899837809,-81.65193562501179
41.52221799807775,-81.65193555556982
41.522227002102476,-81.65193548609447
41.52223600180211,-81.65193541665245
41.52224500150176,-81.65193534721043
41.522254001201404,-81.65193527776837
41.52226300090106,-81.65193520832631
41.52227200060071,-81.65193513888423
41.522281000300346,-81.65193506944212
41.52229,-81.65193500000001
41.52229460548505,-81.6519246857411
41.52229894860533,-81.65191495906053
41.52230388345457,-81.6519039071634
41.52230822657269,-81.65189418048098
41.522312832053075,-81.65188386621855
41.5223171751691,-81.65187413953437
41.522322110013384,-81.6518630876333
41.5223267154902,-81.65185277336826
41.52233105860296,-81.65184304668131
41.52233566407747,-81.65183273241455
41.522340336554095,-81.65182226808847
41.52234494202622,-81.65181195381993
41.52234928513472,-81.65180222712934
41.522353890604556,-81.65179191285905
41.52235882543887,-81.65178086095017
41.522363168544125,-81.65177113425685
41.522367774010384,-81.65176081998392
41.52237211711351,-81.65175109328885
41.522377051942904,-81.65174004137603
41.52238139504389,-81.65173031467906
41.52238600050547,-81.65172000040265
41.52239060596586,-81.65170968612539
41.52239494906364,-81.65169995942578
41.522399883886806,-81.6516889075081
41.522404226982445,-81.65167918080662
41.522408832438146,-81.65166886652585
41.52241317553168,-81.6516591398226
41.522418110349925,-81.65164808790101
41.52242271580203,-81.65163777361761
41.522427058892305,-81.6516280469116
41.522431664342136,-81.65161773262649
41.5224363367949,-81.65160726827918
41.52244094224235,-81.65159695399225
41.52244528532835,-81.65158722728263
41.52244989077351,-81.651576912994
41.522454825581775,-81.65156586106458
41.522459168664525,-81.6515561343522
41.52246377410609,-81.65154582006095
41.522468117186754,-81.65153609334678
41.522473051990076,-81.65152504141344
41.52247739506858,-81.6515153146974
41.52248200050547,-81.65150500040265
41.522486605941175,-81.65149468610703
41.522490949016465,-81.65148495938837
41.52249588381359,-81.65147390745015
41.52250022688672,-81.65146418072962
41.52250483231775,-81.65145386643051
41.52250917538878,-81.6514441397082
41.522514110180964,-81.65143308776605
41.52251871560841,-81.65142277346429
41.52252305867619,-81.65141304673925
41.52252766410133,-81.6514027324358
41.522532336530226,-81.65139226806723
41.522536941953,-81.65138195376197
41.522541285016516,-81.65137222703326
41.52254589043698,-81.6513619127263
41.522550825219184,-81.65135086077635
41.522555168279446,-81.6513411340449
41.522559773696344,-81.6513308197353
41.5225641167545,-81.65132109300207
41.522569051531775,-81.6513100410482
41.52257339458778,-81.6513003143131
41.522578,-81.65129
41.522582880036445,-81.65127890586105
41.52258717646478,-81.65126913847715
41.522592056498716,-81.6512580443362
41.52259660953133,-81.6512476935878
41.522601232956276,-81.65123718280756
41.52260578598651,-81.65122683205742
41.52261040940914,-81.65121632127513
41.52261496243697,-81.65120597052322
41.52261984246322,-81.65119487637641
41.52262413888274,-81.65118510898522
41.522629018906485,-81.65117401483644
41.52263357192942,-81.65116366408104
41.52263819534504,-81.65115315329267
41.522642748365584,-81.65114280253552
41.522647628384156,-81.65113170838285
41.52265225179622,-81.65112119759137
41.5226568048131,-81.65111084683154
41.52266142822285,-81.65110033603801
41.522665981237346,-81.65108998527643
41.52267086124952,-81.6510788911188
41.522675157656884,-81.65106912371755
41.52268003766655,-81.65105802955793
41.52268459067616,-81.65104767879288
41.522689213918824,-81.65103716847028
41.52269377946656,-81.65102682632046
41.522698414607255,-81.6510163265209
41.52270298015261,-81.65100598436932
41.52270754569675,-81.65099564221694
41.522712180833956,-81.65098514241438
41.52271674637572,-81.65097480026022
41.52272105394317,-81.65096504248251
41.52272594704999,-81.65095395829967
41.52273025461527,-81.65094420052012
41.52273514771958,-81.65093311633528
41.522739713255355,-81.65092277417678
41.52274402081736,-81.65091301639453
41.52274891391787,-81.65090193220679
41.5227532214777,-81.65089217442271
41.52275778700878,-81.65088183226075
41.52276242213335,-81.6508713324471
41.52276698766203,-81.65086099028336
41.52277155318953,-81.6508506481188
41.522776188310615,-81.65084014830212
41.52278075383571,-81.65082980613582
41.52278538895449,-81.65081930631709
41.5227899544772,-81.65080896414901
41.52279451999871,-81.6507986219801
41.52279915511401,-81.65078812215836
41.52280372063313,-81.65077777998769
41.52280802817993,-81.65076802219279
41.522812921262855,-81.65075693799146
41.5228172288075,-81.65074718019471
41.52282212188789,-81.65073609599139
41.52282668740103,-81.65072575381637
41.522830994942396,-81.65071599601694
41.52283588801899,-81.6507049118107
41.522840195558175,-81.65069515400944
41.52284476106662,-81.65068481183097
41.52284939616928,-81.65067431199812
41.52285396167533,-81.6506639698179
41.522858854745614,-81.6506528856068
41.52286316227936,-81.65064312780099
41.522867727781815,-81.65063278561817
41.52287236287868,-81.65062228578024
41.522876928378764,-81.65061194359566
41.52288149387762,-81.65060160141026
41.52288612897101,-81.65059110156935
41.52289069446749,-81.65058075938217
41.52289532955858,-81.65057025953918
41.52289989505268,-81.65055991735025
41.52290420257667,-81.65055015953631
41.52290909563317,-81.6505390753145
41.52291366112366,-81.65052873312297
41.52291796864438,-81.65051897530634
41.52292286169707,-81.65050789108163
41.52292716921561,-81.65049813326316
41.522932062265795,-81.65048704903647
41.522936369782165,-81.65047729121616
41.522940935265574,-81.65046694901945
41.52294582831196,-81.65045586478983
41.52295013582505,-81.65044610696683
41.52295470130487,-81.65043576476752
41.522959336379834,-81.65042526491041
41.522963901857274,-81.65041492270933
41.52296820936606,-81.65040516488276
41.522973102404976,-81.6503940806473
41.52297766787881,-81.65038373844364
41.52298230294798,-81.65037323858147
41.522986868419444,-81.65036289637601
41.5229911759228,-81.6503531385449
41.52299606895538,-81.65034205430459
41.52300063442325,-81.65033171209657
41.52300494192332,-81.65032195426275
41.5230098349521,-81.65031087001954
41.52301414245,-81.65030111218388
41.52301903547629,-81.6502900279387
41.523023342972,-81.65028027010119
41.52302790843277,-81.65026992788796
41.5230326,-81.6502593
41.52303721789083,-81.65024917733086
41.52304189842753,-81.65023891733507
41.52304657896304,-81.65022865733842
41.523051321424916,-81.6502182615921
41.523056001958075,-81.65020800159358
41.52306068249004,-81.65019774159418
41.5230650922706,-81.65018807509452
41.523070105478126,-81.65017708584347
41.52307478600657,-81.65016682584131
41.5230791957839,-81.6501571593388
41.523084208987704,-81.6501461700847
41.52308888951259,-81.65013591007981
41.52309329928672,-81.65012624357449
41.523097979809336,-81.65011598356783
41.523102993008145,-81.65010499430967
41.52310740277905,-81.65009532780151
41.523112083298116,-81.65008506779212
41.52311676381601,-81.65007480778186
41.52312177700984,-81.65006381851967
41.52312618677643,-81.65005415200777
41.52313086729078,-81.65004389199476
41.52313554780393,-81.6500336319809
41.523140290244235,-81.6500232362148
41.52314497075505,-81.65001297619904
41.523149651264674,-81.65000271618243
41.52315406102488,-81.64999304966499
41.52315907420885,-81.64998206039469
41.52316375471493,-81.64997180037534
41.523168164471926,-81.64996213385504
41.523172844975726,-81.64995187383393
41.52317785815469,-81.64994088455961
41.52318226790846,-81.64993121803649
41.52318694840873,-81.64992095801261
41.5231916289078,-81.64991069798786
41.523196371334514,-81.6499003022093
41.52320105183125,-81.64989004218268
41.523205732326794,-81.64987978215518
41.523210142074184,-81.64987011562651
41.52321515524328,-81.6498591263441
41.52321983573528,-81.64984886631387
41.523224245479454,-81.64983919978235
41.52322892596918,-81.64982893975035
41.523233939133284,-81.64981795046393
41.523238348874244,-81.64980828392957
41.52324302936042,-81.64979802389483
41.52324804252081,-81.64978703460534
41.523252723004546,-81.64977677456875
41.523257132741186,-81.64976710803067
41.52326181322265,-81.64975684799231
41.52326682637803,-81.6497458586988
41.523271236111455,-81.64973619215789
41.52327591658938,-81.6497259321168
41.52328059706611,-81.64971567207482
41.52328533947125,-81.64970527627645
41.523290019945634,-81.64969501623263
41.523294700418816,-81.64968475618791
41.52329911014587,-81.64967508964143
41.52330412329139,-81.64966410033982
41.52330880376104,-81.64965384029237
41.523313213484876,-81.64964417374307
41.523317893952246,-81.64963391369386
41.523322907092776,-81.64962292438818
41.523327316813386,-81.64961325783607
41.52333199727723,-81.64960299778409
41.523336677739884,-81.64959273773125
41.523341420131416,-81.64958234192041
41.523346100591716,-81.64957208186571
41.52335078105082,-81.64956182181014
41.52335519076505,-81.64955215525245
41.52336020389571,-81.64954116593869
41.52336488435129,-81.64953090588037
41.5233692940623,-81.64952123931984
41.523373974515586,-81.64951097925976
41.523378987641266,-81.64949998994197
41.523383668092116,-81.64948972988002
41.52338807779881,-81.64948006331579
41.52339275824738,-81.64946980325209
41.52339777136806,-81.64945881393025
41.523402181071546,-81.64944914736319
41.52340686151658,-81.64943888729674
41.52341154196041,-81.64942862722943
41.52341638221074,-81.6494183203316
41.52342116538477,-81.64940813860929
41.52342594855762,-81.64939795688606
41.52343106879765,-81.64938705765941
41.52343585196809,-81.64937687593425
41.52344063513736,-81.64936669420815
41.52344513580826,-81.64935711382104
41.52345025604338,-81.6493462145902
41.52345503920917,-81.64933603286123
41.52345982237378,-81.64932585113135
41.523464605537214,-81.64931566940052
41.52346944327064,-81.64930537150526
41.52347422643177,-81.64929518977252
41.52347900959173,-81.64928500803883
41.52348412981815,-81.64927410880057
41.523488912975694,-81.64926392706496
41.523493696132064,-81.64925374532842
41.52349819679123,-81.64924416493061
41.52350331701275,-81.64923326568814
41.52350810016563,-81.64922308394873
41.523512883317345,-81.64921290220839
41.52351766646788,-81.64920272046714
41.523522786684374,-81.64919182122048
41.52352728733712,-81.64918224081678
41.52353207048418,-81.64917205907267
41.52353685363005,-81.64916187732764
41.52354197384164,-81.64915097807673
41.52354675698511,-81.64914079632976
41.52355153042627,-81.64913063093562
41.52355615886884,-81.64912012486391
41.523560717266214,-81.64910977778374
41.52356501846541,-81.649100014513
41.52356990410147,-81.64908892462803
41.523574205298495,-81.64907916135544
41.52357876369117,-81.64906881427184
41.52358339212688,-81.6490583081941
41.523587950517175,-81.64904796110874
41.52359283614692,-81.64903687121891
41.52359713733847,-81.64902710794179
41.52360169572517,-81.64901676085385
41.52360632415509,-81.64900625477105
41.52361088253939,-81.64899590768135
41.523615183726655,-81.64898614440068
41.523620069348915,-81.64897505450503
41.52362462772961,-81.64896470741276
41.5236289289136,-81.6489549441294
41.523633814532054,-81.64894385423088
41.523638115713865,-81.64893409094566
41.523642674089864,-81.64892374384996
41.52364730250944,-81.64891323775814
41.52365186088304,-81.64890289066066
41.52365648930031,-81.64889238456679
41.52366104767154,-81.64888203746756
41.523665606041554,-81.64887169036751
41.52367023445533,-81.64886118427063
41.52367479282295,-81.64885083716882
41.523679093995014,-81.64884107387554
41.52368397959967,-81.64882998396632
41.52368828076954,-81.6488202206712
41.52369283913247,-81.64880987356597
41.52369772473332,-81.64879878365386
41.52370202589992,-81.64878902035606
41.52370658425924,-81.64877867324824
41.52371121266266,-81.64876816714236
41.5237157710196,-81.64875782003277
41.523720399420725,-81.64874731392482
41.52372495777527,-81.64873696681347
41.52372925893541,-81.64872720351025
41.52373414452625,-81.64871611359037
41.523738700756596,-81.64870576807255
41.52374328334312,-81.64869521960395
41.52374779281801,-81.64868483942446
41.523752375402196,-81.64867429095385
41.52375688487467,-81.64866391077263
41.523761719347505,-81.6486527824816
41.52376597692661,-81.6486429821171
41.523770811396915,-81.64863185382411
41.5237753939752,-81.64862130534846
41.523779903441586,-81.64861092516291
41.52378473790798,-81.64859979686703
41.523788995481524,-81.64858999649798
41.52379382994539,-81.64857886820016
41.523798087516745,-81.64856906782933
41.52380292197806,-81.64855793952957
41.52380717954721,-81.64854813915696
41.523812014006005,-81.64853701085526
41.523816848463426,-81.64852588255258
41.52382110602921,-81.64851608217724
41.523825940484095,-81.6485049538726
41.52383019804769,-81.64849515349546
41.52383503265575,-81.64848402555636
41.523839576048005,-81.64847366821543
41.52384419043286,-81.64846314903261
41.523848733822724,-81.64845279168993
41.5238530216481,-81.64844301694177
41.52385789159274,-81.64843191516061
41.523862179415936,-81.64842214041064
41.52386704935807,-81.64841103862753
41.52387133717907,-81.64840126387574
41.52387588056182,-81.64839090652792
41.52388075050014,-81.64837980474194
41.52388503831786,-81.64837002998746
41.52388958169701,-81.6483596726371
41.523894196069186,-81.64834915344323
41.52389873944595,-81.64833879609111
41.523903353815804,-81.64832827689523
41.52390789719017,-81.64831791954136
41.52391218500142,-81.64830814478151
41.52391705492969,-81.64829704298779
41.52392159830046,-81.64828668563136
41.523926212664506,-81.64827616643046
41.523930756032875,-81.64826580907229
41.52393504383865,-81.64825603430796
41.5239399137606,-81.6482449325094
41.523944201564184,-81.64823515774326
41.523948744927836,-81.64822480038167
41.52395335928502,-81.64821428117477
41.52395790264627,-81.64820392381145
41.523962772561894,-81.64819282200807
41.52396706036001,-81.64818304723744
41.52397160371766,-81.64817268987154
41.52397621806903,-81.64816217065965
41.52398076142429,-81.64815181329197
41.52398537577334,-81.64814129407803
41.523989919126215,-81.64813093670867
41.523994206917855,-81.64812116193265
41.52399907682343,-81.64811006012154
41.5240036201727,-81.64809970274962
41.52400790796105,-81.64808992797091
41.52401277786282,-81.64807882615695
41.524017065648984,-81.64806905137645
41.524021935548234,-81.6480579495605
41.524026223332214,-81.64804817477817
41.524030874245476,-81.64803789840711
41.524035528841765,-81.64802761936703
41.52403991559716,-81.64801793181378
41.5240449017307,-81.64800692061155
41.52404928848395,-81.6479972330564
41.52405394307559,-81.64798695401272
41.52405832982676,-81.64797726645574
41.52406298441612,-81.64796698741031
41.52406763900427,-81.64795670836405
41.52407235729143,-81.64794628864334
41.52407701187724,-81.64793600959521
41.5240813986231,-81.64792632203363
41.52408605320662,-81.64791604298375
41.524090707788936,-81.64790576393303
41.52409509453162,-81.64789607636872
41.52410008065041,-81.6478850651546
41.524104467390956,-81.6478753775884
41.52410912196864,-81.64786509853407
41.52411377654513,-81.6478548194789
41.52411816328249,-81.64784513190999
41.524122817856686,-81.64783485285305
41.52412720459197,-81.64782516528236
41.5241321907022,-81.64781415406128
41.52413684527285,-81.64780387500163
41.524141232004894,-81.64779418742815
41.52414588657325,-81.64778390836676
41.52415027330321,-81.64777422079145
41.52415492786929,-81.6477639417283
41.524159913972106,-81.6477529305013
41.52416430069883,-81.64774324292318
41.52416895526135,-81.64773296385735
41.52417334198601,-81.64772327627743
41.52417799654624,-81.64771299720984
41.52418265110527,-81.64770271814139
41.524187369364306,-81.64769229839514
41.52419202392098,-81.64768201932483
41.524196410640315,-81.64767233174031
41.52420106519472,-81.64766205266827
41.52420571974792,-81.64765177359536
41.524210106464075,-81.64764208600813
41.52421476101499,-81.64763180693349
41.52421980118703,-81.64762083696613
41.524224234345915,-81.64761119217215
41.524228941246996,-81.64760095182041
41.52423398196529,-81.64758998521089
41.52423841512097,-81.64758034041404
41.52424312201853,-81.64757010005954
41.52424782891491,-81.64755985970416
41.52425286962822,-81.64754889309056
41.524257302779624,-81.64753924828992
41.52426200967246,-81.64752900793177
41.52426671656413,-81.64751876757273
41.52427148353027,-81.64750839651155
41.52427619041958,-81.64749815615063
41.524280897307726,-81.64748791578882
41.524285604194674,-81.64747767542613
41.52429037115626,-81.64746730436075
41.52429507804087,-81.64745706399616
41.524299784924295,-81.64744682363069
41.52430421806506,-81.64743717882065
41.52430925876358,-81.64742621219476
41.52431396564349,-81.64741597182653
41.5243186725222,-81.6474057314574
41.524323105658674,-81.6473960866436
41.52432814635222,-81.64738512001361
41.524332853227406,-81.6473748796417
41.524337286360684,-81.64736523482505
41.524341993233605,-81.64735499445135
41.52434703392219,-81.64734402781728
41.52435174079267,-81.64733378744172
41.52435617392165,-81.64732414262127
41.524360880789864,-81.64731390224392
41.524365921473475,-81.64730293560578
41.52437035459925,-81.64729329078249
41.52437506146394,-81.64728305040235
41.52437976832743,-81.64727281002132
41.52438480900608,-81.6472618433791
41.52438924212756,-81.64725219855202
41.52439394898754,-81.64724195816824
41.52439865584633,-81.64723171778355
41.52440342278075,-81.64722134669299
41.52440812963721,-81.6472111063064
41.52441283649247,-81.64720086591895
41.52441726960761,-81.64719122108626
41.524422310276435,-81.64718025443582
41.52442701712817,-81.6471700140456
41.52443172397873,-81.6471597736545
41.524436157089575,-81.64715012881801
41.52444119775342,-81.64713916216351
41.52444590460044,-81.64712892176964
41.5244503377081,-81.6471192769303
41.52445504455285,-81.64710903653462
41.52446008521173,-81.64709806987604
41.52446479205406,-81.64708782947848
41.52446922515741,-81.64707818463536
41.52447393199746,-81.64706794423603
41.524478972651366,-81.64705697757336
41.52448340575152,-81.64704733272741
41.52448811258804,-81.64703709232528
41.524492819423386,-81.64702685192226
41.52449786007232,-81.64701588525551
41.52450229316819,-81.64700624040579
41.524507,-81.646996
41.524511619613726,-81.64698569574995
41.524516305275576,-81.64697524417306
41.52452092488692,-81.6469649399212
41.52452554449707,-81.6469546356685
41.52453023015546,-81.64694418408854
41.52453484976325,-81.64693387983401
41.524539205429114,-81.64692416431124
41.52454415502477,-81.6469131239956
41.52454877462899,-81.64690281973841
41.52455313029161,-81.6468931042129
41.52455807988349,-81.64688206389428
41.524562699484136,-81.64687175963445
41.52456705514351,-81.64686204410614
41.52457167474186,-81.64685173984458
41.52457636038884,-81.64684128825438
41.52458097998481,-81.64683098399102
41.5245855995796,-81.64682067972679
41.52459028522314,-81.6468102281335
41.52459490481555,-81.64679992386748
41.52459952440676,-81.64678961960058
41.524604210046846,-81.64677916800423
41.52460882963569,-81.64676886373555
41.524613185284295,-81.64675914819807
41.52461813485998,-81.64674810786659
41.52462275444525,-81.64673780359522
41.524627110090606,-81.64672808805497
41.524632059662515,-81.64671704772051
41.524636679244225,-81.64670674344649
41.52464103488633,-81.6466970279035
41.524645984454466,-81.64668598756604
41.52465034009442,-81.64667627202117
41.52465495967146,-81.64666596774362
41.52465990923583,-81.6466549274032
41.52466426487252,-81.64664521185557
41.524668884446,-81.64663490757535
41.52467350401828,-81.64662460329428
41.524678189640056,-81.64661415168155
41.52468280920996,-81.64660384739867
41.52468716484132,-81.64659413184648
41.52469211439699,-81.64658309149915
41.52469673396333,-81.64657278721361
41.52470108959144,-81.64656307165868
41.52470603914334,-81.64655203130835
41.52471065870612,-81.64654172702015
41.52471501433097,-81.64653201146245
41.524719963879114,-81.64652097110915
41.524724319501814,-81.64651125554957
41.52472893905992,-81.64650095125783
41.52473388860431,-81.64648991090156
41.52473824422375,-81.64648019533922
41.524742863778286,-81.64646989104483
41.524747813318896,-81.64645885068556
41.52475216893509,-81.64644913512048
41.52475678848605,-81.64643883082343
41.52476147408724,-81.6464283791922
41.524766093635854,-81.64641807489333
41.52477071469444,-81.64640776778923
41.52477545717401,-81.64639737209477
41.52478013774229,-81.6463871121087
41.52478515098389,-81.64637612288601
41.524789831549725,-81.64636586289808
41.52479451211437,-81.6463556029093
41.52479925458816,-81.64634520720956
41.52480393515046,-81.64633494721889
41.52480894838573,-81.64632395799111
41.52481362894558,-81.64631369799861
41.524818371414746,-81.64630330229461
41.52482305197225,-81.64629304230021
41.52482773252855,-81.64628278230495
41.524832745757514,-81.64627179307206
41.524837155548255,-81.64626212660069
41.52484216877474,-81.64625113736571
41.52484684932626,-81.64624087736674
41.52485186255016,-81.64622988812967
41.52485627233654,-81.64622022165447
41.52486095288453,-81.64620996165276
41.5248659661047,-81.64619897241263
41.524870646650214,-81.6461887124091
41.524875389105546,-81.64617831669243
41.52488006964873,-81.64616805668699
41.52488508286384,-81.64615706744273
41.52488976340457,-81.64614680743546
41.52489450585528,-81.64613641171451
41.52489918639367,-81.64612615170537
41.524903866930856,-81.64611589169536
41.524908709870324,-81.64610477479053
41.524912972131254,-81.64609497836724
41.52491781209531,-81.64608385414144
41.52492207435406,-81.64607405771635
41.52492658907526,-81.64606368102514
41.52493117657214,-81.64605313706174
41.52493569129092,-81.6460427603688
41.52494027878548,-81.64603221640337
41.52494479350187,-81.64602183970871
41.524949055754114,-81.64601204327835
41.52495389570809,-81.6460009190449
41.52495815795813,-81.64599112261271
41.524962672669794,-81.64598074591471
41.52496726015744,-81.64597020194337
41.524971774866685,-81.64595982524364
41.52497636235201,-81.64594928127026
41.524980877058866,-81.64593890456882
41.524985139302395,-81.64592910813133
41.524989979246314,-81.64591798389027
41.52499424148765,-81.64590818745098
41.52499908142903,-81.645897063208
41.525003343668175,-81.6458872667669
41.52500785836789,-81.64587689006038
41.525012445843984,-81.64586634607907
41.52501696054131,-81.64585596937084
41.525021800476324,-81.64584484512308
41.525026062709976,-81.64583504867757
41.52503057740368,-81.6458246719668
41.52503516487392,-81.64581412798054
41.52503967956522,-81.64580375126806
41.525043941794564,-81.64579395481904
41.52504878172205,-81.6457828305656
41.52505304394919,-81.64577303411477
41.525057883874126,-81.64576190985939
41.52506214609908,-81.64575211340677
41.52506666078326,-81.64574173668922
41.52507124824425,-81.64573119269501
41.52507576292602,-81.64572081597574
41.52508035038471,-81.64571027197952
41.525084865064066,-81.64569989525855
41.525089127282506,-81.64569009880061
41.525093967197385,-81.6456789745376
41.52509822941364,-81.64566917807788
41.52510306932598,-81.64565805381292
41.525107331540035,-81.64564825735141
41.52511203740333,-81.6456380307335
41.52511675120768,-81.64562779557288
41.52512119047727,-81.6456181565109
41.52512590427934,-81.64560792134849
41.52513061808023,-81.64559768618518
41.525135057346674,-81.64558804712046
41.525140105258515,-81.6455770864885
41.52514481905588,-81.64556685132241
41.525149258319125,-81.64555721225481
41.52515397211424,-81.64554697708691
41.52515868590815,-81.64553674191815
41.52516312516825,-81.64552710284778
41.525167838959895,-81.64551686767719
41.52517255275037,-81.64550663250573
41.525176992007324,-81.6454969934326
41.52518170579551,-81.64548675825935
41.525186479163,-81.64547639371648
41.52519119294886,-81.64546615854131
41.52519590673354,-81.64545592336525
41.525200345985226,-81.64544628428742
41.525205059767636,-81.64543604910956
41.525209773548866,-81.64542581393084
41.52521421279741,-81.64541617485021
41.525218926576365,-81.64540593966969
41.52522364035413,-81.64539570448828
41.525228079599536,-81.64538606540488
41.525233127486985,-81.64537510475273
41.52523784126124,-81.64536486956854
41.52524228050344,-81.64535523048227
41.5252469954032,-81.64534499616153
41.525251765562935,-81.64533480423749
41.52525625472045,-81.64532521269973
41.525261024877935,-81.64531502077386
41.525265795034244,-81.64530482884709
41.52527056518938,-81.64529463691942
41.52527539085774,-81.64528432637849
41.52528016101056,-81.64527413444885
41.5252849311622,-81.6452639425183
41.525289701312666,-81.64525375058683
41.525294190461764,-81.64524415904144
41.52529896060998,-81.64523396710813
41.52530373075701,-81.6452237751739
41.525308500902895,-81.64521358323877
41.52531332656232,-81.64520327268939
41.52531809670587,-81.64519308075232
41.52532286684824,-81.64518288881432
41.52532735598999,-81.64517329726222
41.525332126130124,-81.64516310532237
41.52533689626907,-81.64515291338162
41.525341666406845,-81.64514272143997
41.525346492058475,-81.64513241088314
41.52535126219395,-81.64512221893952
41.52535603232823,-81.645112026995
41.52536080246134,-81.64510183504956
41.52536529159465,-81.64509224348983
41.52537006172551,-81.64508205154254
41.525374831855196,-81.64507185959435
41.5253796019837,-81.64506166764525
41.52538442762641,-81.64505135707994
41.5253891977526,-81.6450411651289
41.52539396787762,-81.64503097317694
41.52539873800147,-81.64502078122406
41.52540322712636,-81.64501118965669
41.52540799724796,-81.64500099770196
41.52541276736837,-81.64499080574633
41.52541753748762,-81.64498061378978
41.52542236312139,-81.64497030321601
41.52542713323832,-81.64496011125752
41.525431903354075,-81.64494991929811
41.52543667346865,-81.6449397273378
41.52544116258512,-81.64493013576278
41.52544593269744,-81.64491994380063
41.525450387379,-81.64490928847256
41.52545475714131,-81.64489881914852
41.52545888978434,-81.64488891792487
41.52546334084332,-81.64487825381832
41.52546771060204,-81.64486778449192
41.525472161658634,-81.64485712038348
41.525476294297306,-81.64484721915642
41.525480664052445,-81.64483674982766
41.52548511510555,-81.64482608571642
41.52548924774094,-81.64481618448686
41.52549361749251,-81.64480571515574
41.52549806854215,-81.6447950510417
41.525502201174255,-81.64478514980962
41.525506889338516,-81.64477391759307
41.525511021968384,-81.64476401635932
41.52551515459722,-81.64475411512475
41.5255198427577,-81.64474288290555
41.5255239753843,-81.6447329816693
41.525528108009865,-81.64472308043224
41.52553279616656,-81.64471184821038
41.525536928789876,-81.64470194697164
41.52554137982791,-81.64469128284816
41.525545749565076,-81.64468081350753
41.52554988218513,-81.6446709122663
41.52555433321967,-81.64466024814003
41.525558702953255,-81.64464977879706
41.52556315398543,-81.64463911466889
41.525567286601095,-81.64462921342425
41.5255716563311,-81.64461874407891
41.52557610735979,-81.64460807994797
41.52558023997218,-81.64459817870082
41.52558460969862,-81.64458770935312
41.52558906072382,-81.64457704521938
41.525593193332945,-81.64456714396974
41.52559788147063,-81.64455591173444
41.525602014077506,-81.64454601048314
41.52560614668336,-81.64453610923101
41.52561070000001,-81.64452519999999
41.525615349118375,-81.64451529228128
41.52562012828968,-81.64450510740387
41.52562490745979,-81.64449492252555
41.525630023522325,-81.64448401969284
41.52563480269004,-81.64447383481257
41.52563929981026,-81.64446425100037
41.52564407897572,-81.64445406611826
41.52564919503332,-81.64444316328132
41.52565397419638,-81.6444329783973
41.52565875335826,-81.64442279351233
41.52566325047317,-81.6444132096953
41.5256680296328,-81.64440302480848
41.52567314568426,-81.64439212196632
41.52567792484148,-81.64438193707757
41.52568270399752,-81.64437175218791
41.52568720110713,-81.64436216836606
41.52569198026093,-81.64435198347454
41.52569709630624,-81.64434108062716
41.525701875457614,-81.64433089573369
41.525706654607816,-81.64432071083934
41.52571115171213,-81.64431112701264
41.52571626775252,-81.64430022416104
41.52572104689925,-81.6442900392638
41.5257258260448,-81.64427985436565
41.52573060518916,-81.64426966946658
41.52573510228817,-81.64426008563507
41.525740218322404,-81.64424918277824
41.525744997463306,-81.6442389978763
41.525749776603014,-81.64422881297344
41.52575455574155,-81.64421862806967
41.52575938972711,-81.644208326277
41.52576416886334,-81.64419814137126
41.5257689479984,-81.64418795646462
41.525773727132275,-81.64417777155705
41.525778501556694,-81.64416759656851
41.525783225781694,-81.64415718274381
41.52578788675591,-81.64414690834222
41.525792547728905,-81.64413663393975
41.5257972719505,-81.6441262201119
41.525801932921155,-81.64411594570758
41.52580659389062,-81.64410567130243
41.52581131810878,-81.64409525747145
41.525815979075894,-81.64408498306442
41.525820640041815,-81.64407470865653
41.52582536425655,-81.64406429482241
41.5258300252201,-81.64405402041267
41.52583468618248,-81.64404374600207
41.52583907857969,-81.64403406360091
41.5258440713538,-81.64402305775239
41.52584873231262,-81.64401278333905
41.525853124706614,-81.64400310093507
41.52585811747698,-81.64399209508353
41.52586277843225,-81.64398182066748
41.525867170823005,-81.64397213826071
41.52587216358962,-81.64396113240612
41.525876824541356,-81.64395085798735
41.52588121692888,-81.64394117557777
41.52588620969175,-81.64393016972015
41.525890870639934,-81.64391989529868
41.52589526302424,-81.64391021288625
41.52590025578336,-81.64389920702563
41.525904916728,-81.64388893260143
41.52590957767143,-81.64387865817638
41.52591430186446,-81.64386824432252
41.52591896280554,-81.64385796989562
41.52592362374542,-81.64384769546787
41.52592801612217,-81.64383801304895
41.52593300887256,-81.64382700718124
41.525937669808904,-81.64381673275078
41.52594206218243,-81.64380705032904
41.52594705492907,-81.64379604445833
41.52595171586186,-81.64378577002515
41.52595610823215,-81.6437760876006
41.52596110097505,-81.64376508172684
41.52596576190429,-81.64375480729093
41.525970154271356,-81.64374512486359
41.52597514701052,-81.6437341189868
41.5259798079362,-81.64372384454818
41.52598420030004,-81.64371416211802
41.52598919303544,-81.6437031562382
41.5259938539576,-81.64369288179685
41.5259982463182,-81.64368319936389
41.526002907238066,-81.64367292492079
41.52600806069482,-81.64366205141305
41.526012880771,-81.64365189900418
41.52601741402802,-81.64364235071243
41.52602223410196,-81.64363219830167
41.52602705417473,-81.64362204589
41.52603187424634,-81.64361189347738
41.52603669431678,-81.64360174106385
41.5260412275686,-81.64359219276729
41.526046047636804,-81.64358204035186
41.526050867703844,-81.6435718879355
41.52605568776971,-81.6435617355182
41.52606022101739,-81.6435521872178
41.52606504108103,-81.6435420347986
41.526069861143505,-81.6435318823785
41.52607468120481,-81.64352172995744
41.52607921444832,-81.6435121816532
41.5260840345074,-81.64350202923025
41.52608885456532,-81.64349187680638
41.52609401321952,-81.64348101119788
41.52609883327502,-81.64347085877205
41.52610336651328,-81.64346131046291
41.52610818656657,-81.64345115803516
41.52611300661869,-81.64344100560648
41.526117826669626,-81.6434308531769
41.52612235990373,-81.64342130486392
41.526127179952454,-81.64341115243242
41.526132,-81.643401
41.52613640206984,-81.64339029499168
41.52614072000715,-81.64337979457412
41.52614512207458,-81.64336908956398
41.52614975591552,-81.64335782091956
41.52615415798049,-81.64334711590745
41.52615824413835,-81.64333717911987
41.52616287797539,-81.64332591047278
41.526167280036795,-81.64331520545781
41.52617159796542,-81.64330470503472
41.52617600002444,-81.64329400001792
41.52618040208227,-81.64328329500013
41.52618472000722,-81.64327279457466
41.526189122062654,-81.643262089555
41.526193600000006,-81.6432512
41.52619809787893,-81.64324107759836
41.52620268634298,-81.64323075133291
41.52620734289042,-81.64322027184323
41.52621193135209,-81.64320994557599
41.52621651981255,-81.64319961930791
41.52622117635652,-81.64318913981523
41.52622576481461,-81.64317881354538
41.526230092764266,-81.64316907354336
41.52623500981199,-81.64315800777894
41.52623933775949,-81.64314826777508
41.52624392621289,-81.64313794150172
41.52624884325684,-81.64312687573438
41.52625317120105,-81.64311713572779
41.52625775965087,-81.64310680945184
41.526262416184544,-81.64309632994997
41.52626700463198,-81.64308600367222
41.52627159307822,-81.64307567739365
41.52627624960843,-81.64306519788876
41.52628083805228,-81.6430548716084
41.52628516598896,-81.64304513159547
41.526289754430515,-81.64303480531342
41.52629441095619,-81.64302432580449
41.52629899939536,-81.64301399952065
41.526303587833326,-81.64300367323598
41.52630824435554,-81.64299319372401
41.52631283279112,-81.64298286743755
41.52631716072026,-81.64297312741829
41.52632207774424,-81.64296206163526
41.52632666617625,-81.64295173534617
41.52633099410212,-81.6429419953242
41.52633591112232,-81.64293092953824
41.52634023904603,-81.6429211895144
41.52634482747335,-81.64291086322183
41.52634948984891,-81.64290038904781
41.52635408456334,-81.64289006716189
41.52635867927656,-81.64287974527514
41.52636301279152,-81.64287001015927
41.52636793637499,-81.64285894946778
41.526372269887794,-81.64284921435006
41.52637686459633,-81.64283889245982
41.52638178817602,-81.64282783176539
41.52638612168555,-81.64281809664494
41.52639071639051,-81.64280777475207
41.52639504989793,-81.64279803962985
41.52639997347268,-81.64278697893151
41.526404306977945,-81.64277724380744
41.52640890167822,-81.64276692191109
41.52641382524918,-81.64275586120979
41.526418158751184,-81.642746126083
41.52642275344788,-81.642735804184
41.52642708694778,-81.64272606905543
41.526432010513794,-81.64271500835024
41.52643634401153,-81.6427052732198
41.52644093870355,-81.64269495131732
41.52644586226579,-81.64268389060919
41.52645019576026,-81.64267415547603
41.526454790448696,-81.64266383357092
41.52645912394106,-81.64265409843598
41.52646404749836,-81.64264303772397
41.52646864218321,-81.64263271581622
41.52647297567231,-81.64262298067857
41.52647789922583,-81.64261191996358
41.52648223271277,-81.64260218482406
41.526486827392944,-81.64259186291284
41.526491160877775,-81.64258212777156
41.526496084426356,-81.64257106705267
41.52650067910295,-81.64256074513882
41.526505012584515,-81.6425510099948
41.526509936129315,-81.64253994927299
41.526514269608725,-81.64253021412708
41.526518864280625,-81.64251989220976
41.52652319775794,-81.64251015706212
41.52652812129779,-81.6424990963364
41.52653271596612,-81.64248877441642
41.52653704944016,-81.64247903926604
41.52654197297623,-81.64246797853735
41.526546306448104,-81.64245824338512
41.526550901111754,-81.64244792146167
41.5265554957742,-81.64243759953737
41.52656015811265,-81.64242712557508
41.52656475277272,-81.642416803649
41.52656908623923,-81.64240706849228
41.52657400976658,-81.64239600775674
41.52657834323093,-81.64238627259815
41.52658293788631,-81.64237595066857
41.5265875325405,-81.64236562873816
41.52659219487096,-81.64235515476878
41.52659678952277,-81.64234483283659
41.526601122981745,-81.6423350976735
41.52660582428265,-81.64232386903899
41.52660995939376,-81.64231396973643
41.52661441305052,-81.64230330784376
41.52661878557008,-81.64229284018685
41.526623239224456,-81.6422821782923
41.52662761174157,-81.64227171063379
41.52663206539357,-81.64226104873735
41.526636200498075,-81.6422511494297
41.52664089155787,-81.64223991917892
41.52664502666013,-81.64223001986959
41.52664916176136,-81.64222012055944
41.52665385281736,-81.64220889030598
41.52665798791635,-81.64219899099416
41.52666267896978,-81.64218776073893
41.52666681406654,-81.64217786142541
41.52667126770804,-81.64216719952043
41.52667564021189,-81.64215673185316
41.526680093851006,-81.64214606994629
41.52668422894339,-81.64213617062936
41.526688919989176,-81.64212494036869
41.526693055079306,-81.64211504105009
41.526698006397424,-81.64210438498597
41.526702796800656,-81.64209381851724
41.526707800756625,-81.64208382205045
41.52671280471146,-81.64207382558264
41.52671780866516,-81.64206382911385
41.52672281261774,-81.64205383264402
41.526727816569185,-81.64204383617319
41.52673282051949,-81.64203383970134
41.52673782446867,-81.64202384322849
41.52674317433655,-81.64201315570442
41.526748178283405,-81.64200315922942
41.526753182229136,-81.64199316275341
41.52675818617373,-81.64198316627639
41.52676319011717,-81.64197316979835
41.52676819405949,-81.64196317331931
41.52677319800068,-81.64195317683925
41.52677820194074,-81.64194318035818
41.52678351482861,-81.6419325666817
41.52678886468559,-81.64192187914743
41.52679386862207,-81.64191188266325
41.52679887255744,-81.64190188617803
41.52680387649166,-81.64189188969179
41.52680888042475,-81.64188189320454
41.526813884356706,-81.6418718967163
41.52681888828754,-81.64186190022703
41.52682389221724,-81.64185190373675
41.5268288961458,-81.64184190724545
