39.12706999593487,-84.50837878425489
39.127061001241415,-84.50837906588488
39.12705200654798,-84.5083793475148
39.12704299302334,-84.50837962973429
39.1270339983299,-84.50837991136407
39.12702500363645,-84.50838019299378
39.127016008942995,-84.50838047462342
39.12700699541835,-84.50838075684263
39.1269980007249,-84.50838103847211
39.126989006031465,-84.50838132010153
39.126979992506804,-84.50838160232051
39.12697099781333,-84.50838188394981
39.12696200311989,-84.50838216557901
39.12695300842644,-84.50838244720815
39.12694399490178,-84.50838272942683
39.12693500020831,-84.50838301105583
39.12692500610448,-84.50838332397684
39.12691599257981,-84.50838360619531
39.12690699788635,-84.50838388782407
39.126898003192885,-84.50838416945277
39.12688900849942,-84.5083844510814
39.12687999497475,-84.50838473329958
39.12687100028128,-84.50838501492805
39.12686200558782,-84.50838529655645
39.12685299206312,-84.50838557877441
39.12684399736967,-84.50838586040268
39.12683500267619,-84.50838614203087
39.12682600798272,-84.50838642365899
39.12681699445803,-84.50838670587666
39.12680799976455,-84.50838698750465
39.12679900507108,-84.50838726913256
39.126789991546396,-84.50838755135
39.126780996852915,-84.50838783297776
39.126772002159434,-84.50838811460545
39.12676300746595,-84.50838839623307
39.12675399394125,-84.50838867845023
39.12674499924778,-84.50838896007772
39.12673600455429,-84.5083892417051
39.126726991029585,-84.50838952392206
39.12671799633609,-84.50838980554933
39.12670900164261,-84.50839008717651
39.12670000694912,-84.50839036880363
39.12669099342441,-84.50839065102028
39.12668199873092,-84.50839093264725
39.126673004037414,-84.50839121427416
39.12666399051271,-84.50839149649059
39.12665399640884,-84.5083918094092
39.12664500171534,-84.50839209103589
39.12663600702182,-84.50839237266248
39.12662699349711,-84.50839265487863
39.12661799880361,-84.50839293650509
39.12660900411011,-84.50839321813147
39.126600009416606,-84.50839349975779
39.126590995891874,-84.50839378197365
39.126582001198365,-84.50839406359982
39.126573006504856,-84.50839434522592
39.12656399298014,-84.50839462744156
39.12655499828662,-84.50839490906752
39.1265460035931,-84.5083951906934
39.12653700889959,-84.50839547231921
39.126527995374865,-84.50839575453456
39.12651900068134,-84.50839603616022
39.126510005987825,-84.50839631778582
39.12650099246308,-84.50839660000096
39.12649199776957,-84.50839688162641
39.126483003076046,-84.5083971632518
39.12647400838252,-84.5083974448771
39.12646499485779,-84.50839772709196
39.12645600016425,-84.50839800871712
39.126447005470716,-84.50839829034221
39.12643799194597,-84.50839857255684
39.126428997252454,-84.50839885418179
39.12642000255892,-84.50839913580666
39.12641100786537,-84.50839941743146
39.12640199434063,-84.50839969964582
39.126392999647095,-84.50839998127047
39.12638400495355,-84.50840026289507
39.126373992018394,-84.5084005764008
39.12636499732486,-84.50840085802523
39.126356002631326,-84.5084011396496
39.12634700793779,-84.50840142127389
39.12633799441302,-84.50840170348773
39.12632899971947,-84.50840198511187
39.12632000502593,-84.50840226673594
39.126310991501164,-84.50840254894956
39.12630199680762,-84.5084028305735
39.12629300211405,-84.50840311219736
39.126284007420495,-84.50840339382114
39.126274993895734,-84.50840367603448
39.12626599920218,-84.50840395765812
39.12625700450863,-84.50840423928169
39.126247990983856,-84.5084045214948
39.12623899629029,-84.50840480311824
39.126230001596724,-84.5084050847416
39.126221006903165,-84.50840536636488
39.1262119933784,-84.50840564857769
39.12620299868482,-84.50840593020084
39.12619400399125,-84.50840621182391
39.12618500929769,-84.50840649344691
39.12617599599523,-84.50840618745009
39.12616700281617,-84.50840586818443
39.1261580096371,-84.50840554891883
39.12614899510977,-84.50840522889546
39.12614000193071,-84.50840490963002
39.126131008751635,-84.50840459036468
39.126121994224306,-84.50840427034153
39.12611300104522,-84.50840395107635
39.12610500710827,-84.50840366728515
39.12609599258093,-84.50840334726225
39.12608699940185,-84.5084030279973
39.12607800622278,-84.50840270873243
39.12606899169543,-84.50840238870977
39.12605999851635,-84.50840206944507
39.12605100533725,-84.50840175018044
39.12604199080991,-84.50840143015803
39.12603299763082,-84.50840111089357
39.12602400445173,-84.5084007916292
39.12601498992437,-84.50840047160703
39.12600599674527,-84.50840015234283
39.125997003566184,-84.50839983307868
39.125989009629194,-84.50839954928843
39.125979995101844,-84.50839922926657
39.12597100192275,-84.50839891000267
39.12596200874364,-84.50839859073886
39.12595299421628,-84.50839827071725
39.12594400103716,-84.5083979514536
39.125935007858054,-84.50839763219004
39.12592599333069,-84.50839731216868
39.12591700004857,-84.50839700401691
39.12590800223394,-84.5083971847777
39.125899004419324,-84.50839736553846
39.125889994517735,-84.50839754654199
39.12588099670312,-84.50839772730264
39.12587199888849,-84.50839790806324
39.12586300107388,-84.50839808882381
39.12585400325924,-84.50839826958432
39.125846005201815,-84.5083984302603
39.125836995300205,-84.50839861126356
39.125827997485594,-84.50839879202393
39.12581899967096,-84.50839897278426
39.125810001856344,-84.50839915354456
39.12580100404172,-84.50839933430481
39.125791994140116,-84.50839951530783
39.12578299632548,-84.50839969606797
39.12577399851086,-84.50839987682808
39.125765000696234,-84.50840005758815
39.12575600288161,-84.50840023834816
39.125747005066984,-84.50840041910813
39.12573799516537,-84.50840060011087
39.12572899735075,-84.50840078087073
39.12571999953612,-84.50840096163057
39.12571100172149,-84.50840114239035
39.125702003906845,-84.5084013231501
39.12569299400525,-84.5084015041526
39.12568399619062,-84.50840168491224
39.125674998375985,-84.50840186567184
39.12566600056135,-84.5084020464314
39.12565700274671,-84.5084022271909
39.12564800493209,-84.50840240795036
39.12563899503047,-84.50840258895259
39.12562999721584,-84.50840276971196
39.12562199915838,-84.50840293038691
39.12561300134376,-84.5084031111462
39.12560400352912,-84.50840329190542
39.12559500571448,-84.50840347266461
39.12558599581286,-84.50840365366658
39.12557699799822,-84.50840383442566
39.125568000183584,-84.50840401518471
39.12555900236895,-84.50840419594371
39.1255500045543,-84.50840437670269
39.125540994652674,-84.50840455770441
39.12553199683804,-84.50840473846327
39.12552299902341,-84.50840491922209
39.12551400120877,-84.50840509998086
39.12550500339412,-84.50840528073958
39.125496005579464,-84.50840546149827
39.12548699567785,-84.50840564249972
39.125477997863214,-84.50840582325831
39.12546900000043,-84.50840599962201
39.12546000001977,-84.50840598261324
39.12545100003912,-84.50840596560447
39.12544200005846,-84.5084059485957
39.12543300007781,-84.50840593158692
39.125424000097155,-84.50840591457816
39.12541500011649,-84.5084058975694
39.12540600013584,-84.50840588056064
39.125397000155196,-84.5084058635519
39.12538800017454,-84.50840584654317
39.12537900019388,-84.50840582953442
39.12537000021322,-84.50840581252568
39.125361000232566,-84.50840579551695
39.125352000251915,-84.50840577850822
39.12534300027126,-84.5084057614995
39.12533400029059,-84.50840574449079
39.12532500030995,-84.50840572748207
39.12531600032929,-84.50840571047337
39.12530700034864,-84.50840569346465
39.125298000367984,-84.50840567645595
39.125289000387326,-84.50840565944725
39.125279000408824,-84.50840564054872
39.125270000428166,-84.50840562354003
39.12526100044752,-84.50840560653134
39.12525200046686,-84.50840558952265
39.12524300048619,-84.508405572514
39.12523400050554,-84.50840555550532
39.12522500052489,-84.50840553849665
39.12521600054424,-84.50840552148799
39.12520700056359,-84.50840550447933
39.125197999445575,-84.50840548746852
39.12518899946493,-84.50840547045988
39.12517999948427,-84.50840545345123
39.12517099950362,-84.5084054364426
39.12516199952296,-84.50840541943396
39.125152999542294,-84.50840540242532
39.12514399956165,-84.50840538541671
39.12513499958099,-84.50840536840808
39.12512599960034,-84.50840535139946
39.125116999619685,-84.50840533439084
39.12510799963902,-84.50840531738224
39.12509899965838,-84.50840530037364
39.125089999677726,-84.50840528336504
39.12508099969707,-84.50840526635645
39.125071999716404,-84.50840524934785
39.125062999735746,-84.50840523233927
39.12505399975509,-84.50840521533068
39.125044999774445,-84.50840519832211
39.12503599979379,-84.50840518131352
39.12502699981312,-84.50840516430495
39.12501699983462,-84.50840514540656
39.12500799985396,-84.50840512839798
39.12499899987332,-84.50840511138942
39.124989999892655,-84.50840509438088
39.124980999912,-84.50840507737233
39.12497199993134,-84.50840506036378
39.12496299995069,-84.50840504335525
39.124953999970046,-84.50840502634671
39.124944999989374,-84.50840500933819
39.124936000008724,-84.50840499232966
39.124927000028066,-84.50840497532114
39.124918000047415,-84.50840495831261
39.124909000066765,-84.5084049413041
39.12490000008611,-84.5084049242956
39.12489100010545,-84.50840490728709
39.12488200012479,-84.50840489027858
39.12487300014414,-84.50840487327008
39.124864000163484,-84.5084048562616
39.124855000182826,-84.50840483925312
39.124846000202176,-84.50840482224463
39.12483700022151,-84.50840480523615
39.12482800024086,-84.50840478822768
39.1248190002602,-84.5084047712192
39.12481000027954,-84.50840475421074
39.12480100029889,-84.50840473720228
39.12479200031824,-84.50840472019384
39.12478300033758,-84.50840470318538
39.12477400035693,-84.50840468617692
39.124765000376264,-84.50840466916848
39.124756000395614,-84.50840465216004
39.12474600041711,-84.50840463326178
39.12473700043646,-84.50840461625336
39.12472839999999,-84.50840459999999
39.124718997579194,-84.50840484668444
39.12471000130601,-84.50840508271303
39.12470100503283,-84.50840531874155
39.124691992976516,-84.5084055551841
39.124682996703314,-84.50840579121251
39.124674000430126,-84.50840602724085
39.12466500415693,-84.50840626326914
39.12465600788374,-84.50840649929737
39.124646995827426,-84.5084067357396
39.12463799955422,-84.50840697176771
39.12462900328102,-84.50840720779574
39.12462000700782,-84.50840744382373
39.12461099495151,-84.50840768026575
39.124601998678315,-84.5084079162936
39.1245930024051,-84.50840815232141
39.12458400613189,-84.50840838834915
39.12457499407559,-84.50840862479092
39.12456599780238,-84.50840886081853
39.12455700152917,-84.5084090968461
39.12454800525595,-84.50840933287358
39.124538993199636,-84.50840956931512
39.12452999692643,-84.5084098053425
39.12452100065322,-84.50841004136981
39.12451200438001,-84.50841027739708
39.12450299232367,-84.50841051383836
39.124493996050454,-84.50841074986549
39.12448499977725,-84.50841098589257
39.12447600350404,-84.50841122191959
39.12446700723082,-84.50841145794654
39.12445799517448,-84.50841169438753
39.12444899890127,-84.50841193041437
39.124440002628056,-84.50841216644113
39.12443100635484,-84.50841240246785
39.12442199429849,-84.5084126389086
39.124412998025264,-84.50841287493519
39.12440400175205,-84.50841311096173
39.12439500547883,-84.5084133469882
39.124385993422486,-84.5084135834287
39.12437699714926,-84.50841381945504
39.12436800087604,-84.50841405548135
39.12435900460281,-84.50841429150758
39.124349992546456,-84.50841452794783
39.12434099627322,-84.50841476397396
39.124331999999995,-84.508415
39.124323,-84.508415
39.124314,-84.508415
39.124305,-84.508415
39.124296,-84.508415
39.124287,-84.508415
39.124278,-84.508415
39.124269,-84.508415
39.12426,-84.508415
39.124251,-84.508415
39.124242,-84.508415
39.124233,-84.508415
39.124224,-84.508415
39.124215,-84.508415
39.124205999999994,-84.508415
39.124197,-84.508415
39.124188,-84.508415
39.124179,-84.508415
39.12417,-84.508415
39.124161,-84.508415
39.124152,-84.508415
39.124143,-84.508415
39.124134,-84.508415
39.12412500000001,-84.508415
39.124116,-84.508415
39.124107,-84.508415
39.12409799999999,-84.508415
39.124089,-84.508415
39.124080000000006,-84.508415
39.12407100000001,-84.508415
39.124061999999995,-84.508415
39.124053,-84.508415
39.124043,-84.508415
39.124034,-84.508415
39.124025,-84.508415
39.12401599999999,-84.508415
39.124007,-84.508415
39.123998,-84.508415
39.123989,-84.508415
39.12398,-84.508415
39.12397099999999,-84.508415
39.123962,-84.508415
39.123953,-84.508415
39.123944,-84.508415
39.123935,-84.508415
39.12392599999999,-84.508415
39.123917,-84.508415
39.123908,-84.508415
39.123899,-84.508415
39.12389,-84.508415
39.123881,-84.508415
39.123872,-84.508415
39.12386299999999,-84.508415
39.123853999999994,-84.508415
39.123845,-84.508415
39.123836,-84.508415
39.123827,-84.508415
39.123818,-84.508415
39.123809,-84.508415
39.1238,-84.508415
39.123791,-84.508415
39.123782,-84.508415
39.123773,-84.508415
39.123764,-84.508415
39.123755,-84.508415
39.123746,-84.508415
39.123737,-84.508415
39.123728,-84.508415
39.123718999999994,-84.508415
39.12371,-84.508415
39.123701,-84.508415
39.123692,-84.508415
39.12368299999999,-84.508415
39.123674,-84.508415
39.123665,-84.508415
39.123656,-84.508415
39.123647000000005,-84.508415
39.123638,-84.508415
39.123629,-84.508415
39.123619999999995,-84.508415
39.123611,-84.508415
39.12360199999999,-84.508415
39.12359299999999,-84.508415
39.123584,-84.508415
39.123574999999995,-84.508415
39.123566000000004,-84.508415
39.12355699999999,-84.508415
39.123548,-84.508415
39.123539,-84.508415
39.123529999999995,-84.508415
39.123521,-84.508415
39.123512,-84.508415
39.123503,-84.508415
39.123493999999994,-84.508415
39.123485,-84.508415
39.123475,-84.508415
39.123466,-84.508415
39.123456999999995,-84.508415
39.123448,-84.508415
39.123439,-84.508415
39.12343,-84.508415
39.123421,-84.508415
39.123412,-84.508415
39.123403,-84.508415
39.123394,-84.508415
39.123385,-84.508415
39.123376,-84.508415
39.123367,-84.508415
39.123358,-84.508415
39.123349000000005,-84.508415
39.12334,-84.508415
39.123331,-84.508415
39.123322,-84.508415
39.123313,-84.508415
39.123304000000005,-84.508415
39.123295,-84.508415
39.123286,-84.508415
39.123277,-84.508415
39.123268,-84.508415
39.123259,-84.508415
39.12325,-84.508415
39.123241,-84.508415
39.123231999999994,-84.508415
39.123223,-84.508415
39.123214,-84.508415
39.123205,-84.508415
39.12319599999999,-84.508415
39.12318698331575,-84.50841549338999
39.123177999505394,-84.50841598498099
39.12316898282111,-84.5084164783707
39.123159000809586,-84.50841702458264
39.12314998412532,-84.5084175179721
39.123141000314924,-84.50841800956259
39.123132016504535,-84.50841850115296
39.123122999820254,-84.50841899454204
39.12311401600986,-84.50841948613214
39.12310499932556,-84.50841997952098
39.123095017314,-84.50842052573192
39.123086000629705,-84.50842101912048
39.12307701681928,-84.50842151071008
39.12306800013497,-84.50842200409839
39.12305901632454,-84.50842249568774
39.12304999964023,-84.5084229890758
39.123041006315006,-84.5084233037572
39.1230319919988,-84.5084236151355
39.12302299845733,-84.5084239257961
39.123014004915845,-84.50842423645662
39.12300499059965,-84.50842454783468
39.122995997058155,-84.50842485849503
39.122987003516684,-84.50842516915533
39.1229780099752,-84.50842547981554
39.12296899565899,-84.50842579119329
39.122960002117495,-84.50842610185333
39.12295100857601,-84.5084264125133
39.12294199425979,-84.5084267238908
39.12293200143591,-84.50842706906836
39.12292300789442,-84.50842737972809
39.122913993578194,-84.50842769110535
39.122905000036695,-84.50842800176491
39.12289600649519,-84.50842831242439
39.12288699217897,-84.50842862380142
39.12287799863746,-84.50842893446074
39.12286900509596,-84.50842924511998
39.12285999077972,-84.50842955649676
39.12285099723822,-84.50842986715585
39.12284200369671,-84.50843017781486
39.1228330101552,-84.50843048847378
39.12282399583896,-84.50843079985026
39.12281500229744,-84.50843111050902
39.12280600875592,-84.50843142116771
39.12279699443968,-84.50843173254393
39.12278800089817,-84.50843204320248
39.12277900735664,-84.50843235386093
39.1227699930404,-84.50843266523691
39.12276099949887,-84.5084329758952
39.122752005957345,-84.50843328655343
39.1227429916411,-84.50843359792917
39.122733998099555,-84.50843390858722
39.12272500455803,-84.50843421924519
39.12271599024178,-84.5084345306207
39.12270699670023,-84.50843484127851
39.1226980031587,-84.50843515193625
39.12268900961717,-84.50843546259392
39.122679995300906,-84.50843577396911
39.12267100175935,-84.50843608462661
39.12266200821781,-84.50843639528402
39.12265299390155,-84.50843670665898
39.12264400035999,-84.50843701731624
39.122635006818456,-84.50843732797343
39.12262599250217,-84.50843763934813
39.12261699896062,-84.50843795000516
39.12260800541907,-84.5084382606621
39.12259899110279,-84.50843857203658
39.122589997561235,-84.50843888269337
39.12258100401968,-84.50843919335007
39.122571989703395,-84.50843950472431
39.122562996161825,-84.50843981538087
39.12255400262027,-84.50844012603733
39.12254400979631,-84.50844047121109
39.122534995480024,-84.508440782585
39.12252600193845,-84.50844109324122
39.122517008396876,-84.50844140389735
39.12250799408059,-84.50844171527103
39.122499000539015,-84.50844202592701
39.12249000699743,-84.50844233658292
39.12248099268114,-84.50844264795634
39.122471999139556,-84.50844295861211
39.122463005597986,-84.50844326926777
39.122453991281674,-84.50844358064096
39.12244499774009,-84.50844389129647
39.122436004198505,-84.50844420195189
39.1224269898822,-84.50844451332485
39.122417996340616,-84.50844482398013
39.12240900279902,-84.50844513463531
39.122400009257426,-84.50844544529042
39.12239099494111,-84.50844575666305
39.12238200139953,-84.508446067318
39.122373007857924,-84.50844637797287
39.122363993541605,-84.50844668934528
39.122355000000006,-84.50844699999999
39.12234600002999,-84.50844697882346
39.122337000059986,-84.50844695764695
39.12232800008997,-84.50844693647043
39.12231900011996,-84.50844691529392
39.12231000014996,-84.50844689411741
39.12230100017994,-84.50844687294092
39.12229200020993,-84.50844685176442
39.12228300023992,-84.50844683058794
39.12227400026991,-84.50844680941145
39.1222650002999,-84.50844678823498
39.122256000329884,-84.50844676705852
39.122246000363205,-84.5084467435291
39.12223700039319,-84.50844672235266
39.122228000423185,-84.50844670117618
39.122219000453185,-84.50844667999975
39.122210000483165,-84.5084466588233
39.122201000513144,-84.50844663764686
39.12219200054315,-84.50844661647044
39.12218300057313,-84.50844659529402
39.122174000603124,-84.50844657411758
39.12216500063311,-84.50844655294117
39.122156000663104,-84.50844653176476
39.12214700069309,-84.50844651058836
39.12213799930692,-84.50844648940863
39.1221289993369,-84.50844646823222
39.12211999936689,-84.50844644705583
39.12211099939689,-84.50844642587946
39.12210199942687,-84.50844640470308
39.12209299945687,-84.5084463835267
39.12208399948685,-84.50844636235034
39.12207499951684,-84.50844634117398
39.122065999546834,-84.50844631999762
39.12205699957682,-84.50844629882127
39.122047999606814,-84.50844627764492
39.1220389996368,-84.50844625646857
39.12202899967012,-84.50844623293932
39.12201999970011,-84.50844621176299
39.1220109997301,-84.50844619058667
39.12200199976009,-84.50844616941035
39.12199299979008,-84.50844614823404
39.12198399982006,-84.50844612705772
39.12197499985005,-84.50844610588143
39.12196599988005,-84.50844608470513
39.12195699991003,-84.50844606352884
39.121947999940026,-84.50844604235256
39.12193899997001,-84.50844602117627
39.12193,-84.50844599999999
39.12192098500419,-84.50844665934011
39.121912013887,-84.50844731547083
39.12190299889117,-84.50844797481061
39.121893983895326,-84.50844863415021
39.121885012778115,-84.50844929028044
39.12187599778227,-84.5084499496197
39.12186698278641,-84.50845060895881
39.12185801166917,-84.50845126508854
39.1218489966733,-84.50845192442729
39.12183998167742,-84.5084525837659
39.12183101056017,-84.50845323989512
39.12182199556427,-84.50845389923337
39.121812980568365,-84.50845455857147
39.12180400945108,-84.50845521470019
39.121794994455165,-84.50845587403795
39.12178597945924,-84.50845653337554
39.12177700834194,-84.50845718950374
39.12176799334599,-84.508457848841
39.12175902222868,-84.50845850496889
39.12175000723272,-84.5084591643058
39.12174099223676,-84.50845982364254
39.12173202111943,-84.50846047976994
39.121723006123446,-84.50846113910633
39.12171399112746,-84.50846179844257
39.121705020010104,-84.50846245456947
39.1216960050141,-84.50846311390536
39.12168699001809,-84.5084637732411
39.121678018900724,-84.50846442936748
39.12166900390469,-84.50846508870288
39.12165998890866,-84.50846574803812
39.12165101779126,-84.50846640416398
39.12164200279523,-84.50846706349887
39.12163298765844,-84.50846772313233
39.12162401727255,-84.50846838748785
39.121615002457624,-84.50846905513366
39.121606984352226,-84.50846964896206
39.12159801396633,-84.5084703133171
39.121588999151385,-84.50847098096243
39.121579984336435,-84.50847164860757
39.12157101395051,-84.5084723129621
39.12156199913554,-84.50847298060691
39.121552984320566,-84.50847364825155
39.12154401393462,-84.50847431260557
39.121534999119625,-84.50847498024986
39.12152598430463,-84.508475647894
39.12151701391865,-84.5084763122475
39.12150799910364,-84.5084769798913
39.12149898428862,-84.5084776475349
39.12149001390264,-84.50847831188791
39.12148199579714,-84.50847890571421
39.121472980982105,-84.50847957335733
39.121464010596085,-84.50848023770985
39.12145499578102,-84.50848090535263
39.121445980965966,-84.50848157299524
39.121437010579925,-84.50848223734725
39.12142799576485,-84.50848290498952
39.121418980949755,-84.50848357263162
39.12141001056369,-84.50848423698312
39.12140099574859,-84.50848490462488
39.121391980933474,-84.50848557226648
39.12138301054739,-84.50848623661747
39.12137399573227,-84.5084869042587
39.12136498091713,-84.50848757189979
39.121357007240604,-84.50848816243357
39.121347992327934,-84.50848882705674
39.121338977441944,-84.50848949149744
39.12133000677311,-84.50849015267895
39.12132099188711,-84.50849081711931
39.12131202121823,-84.50849147830048
39.121303006332205,-84.5084921427405
39.12129399144618,-84.50849280718036
39.1212850207773,-84.50849346836102
39.121277002632254,-84.50849405933604
39.12126798774621,-84.5084947237754
39.121259017077286,-84.50849538495558
39.121250002191225,-84.50849604939461
39.12124098730515,-84.50849671383345
39.12123201663623,-84.50849737501314
39.121223001750145,-84.50849803945164
39.12121398686405,-84.50849870388998
39.12120601293609,-84.5084992916048
39.12119699804998,-84.50849995604284
39.12118798316387,-84.50850062048067
39.121179012494885,-84.50850128165938
39.12116999760876,-84.50850194609689
39.12116098272263,-84.50850261053422
39.121152012053635,-84.5085032717124
39.12114299716748,-84.50850393614941
39.12113497902233,-84.50850452712206
39.12112600835329,-84.50850518829974
39.121116993467126,-84.50850585273625
39.12110797858095,-84.5085065171726
39.12109900791191,-84.50850717834977
39.121089993025706,-84.50850784278579
39.12108102235664,-84.50850850396264
39.12107200747043,-84.5085091683983
39.12106398932522,-84.50850975936976
39.12105501865615,-84.50851042054612
39.12104600376991,-84.5085110849813
39.12103700576951,-84.50851134461611
39.121026993690116,-84.50851162310727
39.12101799787932,-84.5085118733303
39.12100900206852,-84.50851212355329
39.1210000062577,-84.50851237377621
39.120990993712844,-84.50851262446453
39.1209809983675,-84.50851290248985
39.12097200255669,-84.50851315271257
39.12096300674589,-84.50851340293522
39.12095399420101,-84.50851365362328
39.12094399885567,-84.5085139316483
39.120935003044856,-84.50851418187075
39.12092600723403,-84.50851443209316
39.12091699468916,-84.50851468278094
39.12090799887835,-84.50851493300321
39.12089801215131,-84.5085152335294
39.120889000654095,-84.50851601257071
39.120879989156876,-84.50851679161181
39.120871973181515,-84.5085174845902
39.12086301348458,-84.50851825915281
39.120854001987325,-84.50851903819334
39.12084499049006,-84.50851981723368
39.120835978992794,-84.50852059627381
39.120827019295795,-84.50852137083564
39.120818007798505,-84.50852214987538
39.120808996301214,-84.50852292891491
39.1207999848039,-84.50852370795425
39.12079102510687,-84.5085244825153
39.12078201360953,-84.50852526155424
39.12077300211218,-84.50852604059298
39.12076399061483,-84.50852681963153
39.12075497911748,-84.50852759866989
39.12074601942038,-84.50852837322992
39.120737007923,-84.50852915226788
39.1207279964256,-84.50852993130563
39.1207189849282,-84.50853071034318
39.12071002523108,-84.50853148490245
39.12070101373365,-84.5085322639396
39.12069200223621,-84.50853304297655
39.120682990738764,-84.50853382201332
39.12067397924131,-84.50853460104987
39.12066601506604,-84.50853528954613
39.12065700356856,-84.50853606858233
39.12064799207108,-84.5085368476183
39.120638980573574,-84.50853762665409
39.12063002087637,-84.5085384012116
39.12062100937885,-84.508539180247
39.12061199788131,-84.50853995928219
39.12060298638378,-84.50854073831717
39.120593974886226,-84.50854151735197
39.120585015188965,-84.5085422919085
39.12057600369139,-84.50854307094288
39.12056699219381,-84.50854384997709
39.12055798069622,-84.50854462901108
39.12054902099891,-84.50854540356681
39.120540009501305,-84.50854618260041
39.12053099800369,-84.50854696163383
39.12052198650604,-84.50854774066703
39.12051302680871,-84.50854851522196
39.12050401531105,-84.50854929425478
39.120495003813375,-84.50855007328738
39.12048599231571,-84.5085508523198
39.120476980818026,-84.50855163135202
39.120469016642566,-84.50855231984443
39.120460005144864,-84.50855309887626
39.120450993647154,-84.5085538779079
39.120441982149416,-84.50855465693935
39.120433022451984,-84.50855543149252
39.12042401095424,-84.50855621052358
39.120414999456486,-84.5085569895544
39.120405987958726,-84.50855776858506
39.12039697646093,-84.50855854761552
39.12038801676346,-84.50855932216771
39.120379005265654,-84.50856010119776
39.120369993767845,-84.5085608802276
39.120360982270036,-84.50856165925727
39.1203520225725,-84.50856243380868
39.12034301107466,-84.50856321283793
39.120333999576815,-84.50856399186698
39.12032498807895,-84.50856477089586
39.12031597658109,-84.5085655499245
39.12030702396101,-84.50856633299946
39.12029802937708,-84.50856740826961
39.120289034793146,-84.50856848353949
39.120279968867735,-84.5085695673377
39.120270974283756,-84.50857064260704
39.12026197969973,-84.50857171787608
39.12025298511571,-84.50857279314486
39.120243990531684,-84.50857386841338
39.120234995947605,-84.50857494368161
39.1202250098921,-84.50857613747614
39.12021601530801,-84.50857721274382
39.120207020723875,-84.5085782880112
39.12019802613973,-84.5085793632783
39.12018903155557,-84.50858043854514
39.12017996562994,-84.5085815223403
39.12017097104573,-84.50858259760658
39.1201619764615,-84.50858367287259
39.12015298187727,-84.50858474813832
39.120143987293005,-84.5085858234038
39.12013499270871,-84.508586898669
39.120125006652984,-84.50858809246016
39.12011601206866,-84.50858916772478
39.12010701748431,-84.50859024298911
39.12009802289995,-84.5085913182532
39.120089028315554,-84.50859239351699
39.120080033731156,-84.50859346878052
39.1200709678053,-84.50859455257232
39.12006197322085,-84.5085956278353
39.12005297863637,-84.50859670309801
39.12004398405189,-84.50859777836042
39.12003399799594,-84.50859897214852
39.120025399999996,-84.50860000000002
39.1200159957726,-84.50860092889475
39.120006989209934,-84.50860181851026
39.11999798264725,-84.50860270812554
39.11998997024646,-84.50860349954317
39.11998102278943,-84.50860438331992
39.11997201622671,-84.50860527293453
39.11996300966397,-84.50860616254893
39.119954003101235,-84.5086070521631
39.11994499653849,-84.50860794177706
39.119935989975716,-84.50860883139077
39.11992698341293,-84.50860972100428
39.11991797685013,-84.50861061061752
39.119908970287334,-84.50861150023057
39.11990002283018,-84.50861238400529
39.11989101626734,-84.50861327361787
39.11988200970449,-84.50861416323023
39.11987300314163,-84.50861505284236
39.119863996578744,-84.50861594245427
39.11985499001586,-84.50861683206595
39.11984598345296,-84.50861772167741
39.11983697689003,-84.50861861128863
39.11982802943277,-84.50861949506155
39.119819022869834,-84.50862038467233
39.11981001630688,-84.50862127428287
39.1198010097439,-84.5086221638932
39.11979200318091,-84.50862305350329
39.119782996617914,-84.50862394311315
39.11977399005491,-84.50862483272279
39.11976498349189,-84.5086257223322
39.11975597692884,-84.5086266119414
39.119747029471455,-84.50862749571229
39.11973802290839,-84.50862838532102
39.11972901634532,-84.50862927492952
39.119721003944164,-84.50863006634113
39.11971199738105,-84.5086309559492
39.11970299081794,-84.50863184555706
39.11969398425481,-84.50863273516468
39.11968497769166,-84.50863362477207
39.1196759711285,-84.50863451437925
39.11966702367101,-84.50863539814814
39.11965801710782,-84.50863628775485
39.11964901054463,-84.50863717736135
39.1196400039814,-84.50863806696762
39.119630997418184,-84.50863895657366
39.119621990854945,-84.50863984617948
39.1196129842917,-84.50864073578505
39.11960397772843,-84.50864162539041
39.11959497116514,-84.50864251499556
39.11958602370753,-84.50864339876242
39.11957701714422,-84.5086442883671
39.11956801058089,-84.50864517797154
39.11955900401757,-84.50864606757577
39.119549997454214,-84.50864695717978
39.11954099089086,-84.50864784678355
39.11953198432748,-84.50864873638709
39.11952297776409,-84.50864962599042
39.11951403030637,-84.50865050975547
39.11950502374296,-84.50865139935834
39.11949601717953,-84.50865228896097
39.11948701061608,-84.50865317856339
39.11947800405263,-84.50865406816558
39.119468997489165,-84.50865495776753
39.119459990925684,-84.50865584736928
39.11945197852417,-84.50865663877484
39.119442971960666,-84.50865752837615
39.119434024502816,-84.50865841213921
39.119425017939285,-84.50865930174007
39.119416011375726,-84.5086601913407
39.119407004812174,-84.5086610809411
39.119397998248594,-84.50866197054127
39.11938899789604,-84.50866296859624
39.11937999801266,-84.50866397033684
39.119370998129256,-84.50866497207721
39.11936199824585,-84.5086659738173
39.119352998362395,-84.50866697555716
39.119343998478946,-84.50866797729675
39.119334998595484,-84.50866897903609
39.119325998711986,-84.50866998077518
39.1193169988285,-84.508670982514
39.11930799894496,-84.50867198425257
39.11929899906143,-84.5086729859909
39.11928999917788,-84.50867398772895
39.11928099929431,-84.50867498946677
39.11927199941073,-84.50867599120431
39.11926299952711,-84.50867699294162
39.11925399964348,-84.50867799467866
39.11924499975985,-84.50867899641545
39.11923599987619,-84.50867999815199
39.11922699999251,-84.50868099988827
39.119218000108816,-84.5086820016243
39.11920900022511,-84.50868300336006
39.11920000034139,-84.50868400509557
39.119191000457654,-84.50868500683085
39.119182000573886,-84.50868600856583
39.119173000690104,-84.50868701030059
39.11916400080631,-84.50868801203508
39.119155000922504,-84.50868901376933
39.11914600103867,-84.5086900155033
39.119137001154826,-84.50869101723704
39.119128001270965,-84.5086920189705
39.119119001387084,-84.50869302070373
39.11911000150319,-84.50869402243669
39.119101001619285,-84.50869502416941
39.119092001735346,-84.50869602590186
39.1190830018514,-84.50869702763406
39.119074001967434,-84.508698029366
39.11906500208345,-84.50869903109769
39.11905600219945,-84.50870003282913
39.11904700231543,-84.5087010345603
39.119038002431395,-84.50870203629123
39.11902900254734,-84.50870303802189
39.119020002663284,-84.50870403975232
39.119011002779196,-84.50870504148247
39.119002002895094,-84.50870604321237
39.118993003010985,-84.50870704494203
39.118984003126855,-84.50870804667143
39.11897500324269,-84.50870904840056
39.118966003358516,-84.50871005012945
39.118957003474335,-84.50871105185809
39.118948003590134,-84.50871205358645
39.118939003705904,-84.50871305531456
39.1189309964198,-84.50871394656178
39.11892199653555,-84.50871494828941
39.118912996651275,-84.5087159500168
39.11890399676699,-84.50871695174392
39.118894996882695,-84.5087179534708
39.11888599699837,-84.50871895519742
39.11887699711402,-84.50871995692378
39.11886799722967,-84.50872095864989
39.1188589973453,-84.50872196037574
39.11884999746091,-84.50872296210134
39.118840997576505,-84.5087239638267
39.11883199769207,-84.50872496555178
39.118822997807634,-84.5087259672766
39.118813997923176,-84.50872696900119
39.118804998038705,-84.5087279707255
39.11879599815421,-84.50872897244957
39.11878699826969,-84.50872997417339
39.11877799838518,-84.50873097589695
39.118768998500634,-84.50873197762026
39.11875999861606,-84.5087329793433
39.11875099873149,-84.5087339810661
39.11874199884689,-84.50873498278864
39.11873299896227,-84.50873598451092
39.118723999077645,-84.50873698623295
39.11871499919301,-84.50873798795473
39.11870599930834,-84.50873898967623
39.118696999423655,-84.5087399913975
39.118687999538956,-84.50874099311851
39.11867899965425,-84.50874199483927
39.11866999976953,-84.50874299655976
39.11866099988477,-84.50874399828001
39.118652000000004,-84.50874499999999
39.118642992272,-84.50874586654112
39.11863398454399,-84.50874673308202
39.11862497681597,-84.5087475996227
39.11861702113299,-84.50874836495677
39.11860801340494,-84.50874923149703
39.118599005676884,-84.50875009803708
39.11858999794881,-84.5087509645769
39.11858099022073,-84.5087518311165
39.118571982492625,-84.50875269765588
39.11856297476452,-84.50875356419503
39.11855501908146,-84.50875432952778
39.11854601135333,-84.50875519606652
39.11853700362518,-84.50875606260503
39.11852799589701,-84.50875692914333
39.11851898816883,-84.5087577956814
39.118509980440656,-84.50875866221926
39.11850103029714,-84.5087595232173
39.11849202256893,-84.5087603897547
39.11848400930109,-84.50876116062551
39.118474994498854,-84.5087618852244
39.11846598096897,-84.50876260293848
39.11845701518653,-84.5087633168504
39.1184470054586,-84.50876411388762
39.118437991928694,-84.5087648316011
39.118428978398796,-84.50876554931442
39.11842001261632,-84.5087662632256
39.1184109990864,-84.50876698093855
39.11840198555647,-84.50876769865131
39.118393019773954,-84.50876841256193
39.118384006244,-84.50876913027435
39.11837499271405,-84.50876984798654
39.11836597918409,-84.50877056569858
39.118357013401535,-84.50877127960848
39.11834799987155,-84.50877199732014
39.11833898634156,-84.50877271503163
39.11833002055899,-84.50877342894098
39.11832100702899,-84.5087741466521
39.11831199349896,-84.50877486436303
39.11830297996894,-84.50877558207378
39.11829401418633,-84.50877629598241
39.1182850006563,-84.5087770136928
39.11827598712624,-84.508777731403
39.11826702134361,-84.50877844531108
39.11825800781353,-84.50877916302092
39.118248994283455,-84.50877988073057
39.118239980753366,-84.50878059844004
39.1182310149707,-84.5087813123474
39.11822200144059,-84.50878203005648
39.11821298791048,-84.50878274776541
39.118204022127784,-84.50878346167221
39.11819500859767,-84.50878417938078
39.11818599506752,-84.50878489708913
39.118176981537374,-84.50878561479733
39.11816801575464,-84.50878632870341
39.11815900222447,-84.50878704641124
39.1181499886943,-84.50878776411886
39.11813997896603,-84.50878856114915
39.118131013183266,-84.50878927505448
39.11812199965306,-84.50878999276155
39.11811298612285,-84.50879071046843
39.11810402034007,-84.50879142437321
39.11809500680984,-84.50879214207974
39.118085993279585,-84.50879285978608
39.11807697974935,-84.50879357749223
39.11806801396653,-84.50879429139628
39.11805900043626,-84.50879500910207
39.11804998690598,-84.50879572680769
39.11804102112313,-84.5087964407112
39.118032007592845,-84.50879715841643
39.11802299406254,-84.50879787612149
39.11801398053224,-84.50879859382636
39.11800501474935,-84.50879930772915
39.117996001219026,-84.50880002543366
39.11798698768869,-84.50880074313797
39.117978021905785,-84.50880145704022
39.117969008375425,-84.50880217474418
39.117959994845066,-84.50880289244795
39.11796103048145,-84.50881399484031
39.11796224941463,-84.50882595778083
39.11796336818189,-84.5088369376768
39.11796460406782,-84.50884906702049
39.117965722832864,-84.50886004691678
39.117966791952156,-84.50887174846739
39.11796088661913,-84.50887986292102
39.117954126106696,-84.5088891524647
39.1179478336404,-84.50889779886896
39.11794154117322,-84.50890644527206
39.117935635836645,-84.50891455972142
39.117928875320125,-84.50892384926027
39.11792258285015,-84.5089324956599
39.11791629037926,-84.50894114205835
39.11791084896019,-84.5089498951948
39.1179067118691,-84.50895980006844
39.117902350075106,-84.50897024291416
39.11789821298189,-84.50898014778636
39.117894075887655,-84.50899005265782
39.117889938792416,-84.50899995752854
39.117885801696154,-84.50900986239853
39.11788166459888,-84.50901976726776
39.117877527500596,-84.50902967213625
39.11787339040129,-84.509039577004
39.11786968780772,-84.50904985044154
39.117866536661644,-84.50906077803361
39.117863010772346,-84.50907300516059
39.11785985962385,-84.50908393275151
39.117856708474214,-84.50909486034182
39.117853303958,-84.5091066665544
39.117850031428794,-84.50911801505627
39.11784732423254,-84.50912906819121
39.11784581851915,-84.50914096183168
39.11784428686939,-84.50915306033326
39.117842781153506,-84.509164953973
39.1178413728164,-84.50917607840942
39.117839867098134,-84.50918797204851
39.11783833544336,-84.50920007054937
39.117837382199994,-84.50921093537575
39.11783668756696,-84.50922196731827
39.11783593037911,-84.50923399271738
39.117835235743875,-84.50924502465983
39.11783448509706,-84.50925694613886
39.11783379045964,-84.50926797808111
39.11783309582119,-84.50927901002336
39.11783233862743,-84.50929103542211
39.11783165053026,-84.50930196344368
39.11783089333414,-84.5093139888422
39.1178302,-84.50932499999999
39.11782890949879,-84.50933698380943
39.117827728428345,-84.50934795141605
39.117826422803915,-84.50936007563936
39.11782524173128,-84.50937104324562
39.117823955005484,-84.5093829919505
39.11782277393068,-84.50939395955623
39.11782146830134,-84.50940608377914
39.11782028722431,-84.50941705138449
39.11781900049377,-84.50942900008833
39.117817713761994,-84.50944094879186
39.117816532681665,-84.50945191639642
39.11781522704614,-84.50946404061874
39.11781404596361,-84.50947500822294
39.117812759227064,-84.50948695692543
39.11781157814236,-84.5094979245291
39.11781027250193,-84.50951004875101
39.11780909141502,-84.50952101635431
39.1178078046737,-84.50953296505578
39.11780651793116,-84.50954491375691
39.117805317939286,-84.50955605688004
39.11780403119434,-84.50956800558075
39.11780285010192,-84.50957897318285
39.11780156335461,-84.50959092188296
39.11780036335822,-84.50960206500582
39.117799076608506,-84.50961401370549
39.1177978955117,-84.50962498130671
39.11779660875961,-84.5096369300058
39.11779540875872,-84.50964807312836
39.117794122004234,-84.509660021827
39.11779283524853,-84.50967197052533
39.1177916541462,-84.50968293812537
39.117790348486054,-84.5096950623456
39.11778916738154,-84.50970602994528
39.11778788062105,-84.50971797864258
39.117786699514355,-84.50972894624172
39.1177853938493,-84.50974107046153
39.117784212740396,-84.50975203806033
39.11778292597514,-84.50976398675658
39.11778163920867,-84.50977593545252
39.117780439194114,-84.50978707857422
39.117779152425236,-84.50979902726974
39.11777797131082,-84.50980999486734
39.117776683072286,-84.50982193297652
39.11777526706719,-84.50983305647908
39.11777387727623,-84.5098439740465
39.11777233730738,-84.5098560713335
39.11777094751424,-84.50986698890034
39.11776953150469,-84.50987811240238
39.117768017747586,-84.50989000375326
39.11776662795123,-84.50990092131917
39.117765211938334,-84.50991204482074
39.11776369817774,-84.50992393617057
39.11776228216259,-84.50993505967185
39.117760892361936,-84.50994597723664
39.11775935238218,-84.50995807452203
39.11775796257935,-84.50996899208624
39.11775657277548,-84.50997990965011
39.11775503279211,-84.50999200693491
39.117753642986045,-84.51000292449821
39.117752226963105,-84.51001404799851
39.117750713191974,-84.51002593934535
39.11774929716676,-84.51003706284537
39.11774790735642,-84.51004798040755
39.11774636736577,-84.5100600776913
39.11774497755324,-84.5100709952529
39.11774358773967,-84.51008191281417
39.1177420477454,-84.51009401009732
39.11774065792965,-84.51010492765799
39.11773924189666,-84.51011605115701
39.11773772811498,-84.51012794250092
39.117736312079714,-84.51013906599964
39.117734922259686,-84.5101499835592
39.11773338225813,-84.51016208084131
39.1177319924359,-84.51017299840032
39.11773060261264,-84.51018391595898
39.11772906260747,-84.51019601324047
39.117727672782024,-84.51020693079856
39.117726032615806,-84.51021901752486
39.117723108532644,-84.51022805831587
39.11771990890192,-84.5102379510519
39.11771670927025,-84.5102478437874
39.117711120990585,-84.51025811392375
39.11770533754775,-84.51026831783227
39.117698888686725,-84.51027772701937
39.1176910226759,-84.51028305560956
39.11768394022174,-84.51028785340193
39.117676074210074,-84.51029318199012
39.117668208197976,-84.51029851057724
39.117659935899404,-84.51030255727481
39.11765206521386,-84.51030445041421
39.11764405461441,-84.51030637720675
39.11763507766843,-84.51030853643444
39.11762706706884,-84.51031046322605
39.1176190564692,-84.51031239001722
39.11761002643693,-84.51031446378443
39.11760201269233,-84.51031522266221
39.11759399894772,-84.51031598153986
39.117584990572105,-84.51031683460586
39.11757697682747,-84.51031759348311
39.11756802514839,-84.5103184411797
39.117560011403754,-84.51031920005661
39.11755097075321,-84.5103207507535
39.11754194258055,-84.51032251066094
39.11753400676233,-84.51032405762982
39.11752497858957,-84.51032581753641
39.11751595041677,-84.51032757744255
39.11750703696072,-84.51032931498597
39.11749800878779,-84.51033107489123
39.11748898061484,-84.51033283479605
39.11748093007954,-84.51033440412492
39.117472016623275,-84.51033614166661
39.11746298845017,-84.51033790157015
39.117453960277,-84.51033966147324
39.117445046820585,-84.51034139901363
39.117436018647304,-84.51034315891583
39.11742796811174,-84.51034472824236
39.11741898173124,-84.51034571375419
39.117409978829556,-84.51034666828895
39.11740097592786,-84.51034762282346
39.11739197302616,-84.51034857735773
39.11738297012442,-84.51034953189176
39.117374030615665,-84.51035047970429
39.117365027713895,-84.51035143423783
39.11735602481213,-84.51035238877114
39.11734702191034,-84.51035334330417
39.117338019008535,-84.510354297837
39.11732901610672,-84.51035525236956
39.117320013204875,-84.51035620690189
39.11731101030303,-84.51035716143397
39.117302007401165,-84.51035811596581
39.117293004499274,-84.5103590704974
39.11728499487616,-84.51035991971654
39.11727599197423,-84.51036087424768
39.117266989072306,-84.51036182877857
39.11725798617037,-84.51036278330922
39.117248983268425,-84.51036373783963
39.11723998036646,-84.51036469236979
39.11723097746445,-84.51036564689971
39.11722197456244,-84.51036660142938
39.11721297166043,-84.51036755595884
39.1172039687584,-84.51036851048802
39.11719502924933,-84.51036945829574
39.11718602634726,-84.51037041282446
39.11717702344517,-84.51037136735292
39.117168020543076,-84.51037232188115
39.117159017640965,-84.51037327640913
39.11715001473884,-84.51037423093686
39.11714101183669,-84.51037518546435
39.11713200893453,-84.5103761399916
39.117123999311154,-84.51037698920686
39.11711499640898,-84.51037794373364
39.11710599350676,-84.5103788982602
39.117096990604544,-84.5103798527865
39.11708798770231,-84.51038080731256
39.11707898480007,-84.51038176183837
39.1170699818978,-84.51038271636396
39.11706097899552,-84.51038367088928
39.11705197609322,-84.51038462541437
39.11704297319091,-84.51038557993921
39.117033970288574,-84.51038653446382
39.117025030779224,-84.51038748226699
39.11701602787685,-84.51038843679112
39.11700702497447,-84.51038939131499
39.116998022072096,-84.51039034583862
39.11698901916969,-84.510391300362
39.11698001626726,-84.51039225488515
39.11697200664365,-84.51039310409675
39.116963003741205,-84.51039405861944
39.116954000838746,-84.51039501314187
39.116944997936265,-84.51039596766408
39.116935995033764,-84.51039692218605
39.11692699213125,-84.51039787670776
39.116917989228725,-84.51039883122922
39.11690898632619,-84.51039978575045
39.11689998342363,-84.51040074027144
39.11689098052105,-84.51040169479218
39.116881977618455,-84.51040264931267
39.116872974715854,-84.51040360383293
39.11686397181323,-84.51040455835293
39.116855032303576,-84.51040550615156
39.116846029400925,-84.51040646067108
39.11683702649825,-84.51040741519036
39.11682802359556,-84.5104083697094
39.11682001397173,-84.51040921891736
39.116811011069025,-84.51041017343594
39.11680200816629,-84.51041112795428
39.116793005263546,-84.51041208247239
39.11678400236079,-84.51041303699023
39.116774999458016,-84.51041399150783
39.11676599655522,-84.51041494602521
39.116756993652416,-84.51041590054233
39.1167479907496,-84.5104168550592
39.116738987846766,-84.51041780957584
39.11672998494391,-84.51041876409224
39.116720982041045,-84.51041971860838
39.116711979138145,-84.51042067312429
39.11670297623526,-84.51042162763996
39.116693973332346,-84.51042258215537
39.1166850338224,-84.51042352994943
39.116676030919464,-84.51042448446438
39.1166670280165,-84.51042543897906
39.11665901839241,-84.51042628818315
39.11665001548942,-84.51042724269739
39.11664101258642,-84.51042819721138
39.11663200968339,-84.51042915172513
39.116623006780344,-84.51043010623863
39.116614003877295,-84.5104310607519
39.11660500097424,-84.51043201526491
39.116595998071155,-84.51043296977768
39.116586995168056,-84.51043392429021
39.116577992264936,-84.51043487880251
39.11656898936181,-84.51043583331455
39.11655998645866,-84.51043678782635
39.116550983555506,-84.51043774233793
39.116541980652336,-84.51043869684922
39.11653297774914,-84.5104396513603
39.11652397484593,-84.51044060587114
39.116514971942706,-84.51044156038172
39.11650702571138,-84.51044240286107
39.11649802280812,-84.51044335737122
39.11648901990485,-84.51044431188109
39.11648001700158,-84.51044526639075
39.11647100843926,-84.51044614431903
39.11646200112921,-84.51044701931048
39.11645299381913,-84.5104478943017
39.11644398650905,-84.51044876929271
39.11643497919896,-84.5104496442835
39.11642597188884,-84.51045051927404
39.116417022724896,-84.51045138861592
39.11640801541475,-84.51045226360604
39.11639900810461,-84.51045313859592
39.116390000794446,-84.51045401358559
39.11638099348426,-84.51045488857503
39.11637198617407,-84.51045576356425
39.11636397321543,-84.51045654195985
39.11635502405138,-84.51045741130022
39.11634601674116,-84.5104582862888
39.11633700943092,-84.51045916127714
39.11632800212066,-84.51046003626529
39.11631899481039,-84.51046091125319
39.11630998750012,-84.51046178624087
39.11630098018983,-84.51046266122833
39.11629197287953,-84.51046353621557
39.116283023715376,-84.51046440555416
39.11627401640504,-84.51046528054094
39.1162650090947,-84.51046615552751
39.11625600178434,-84.51046703051387
39.116246994473975,-84.51046790549998
39.11623798716359,-84.51046878048588
39.11622997420477,-84.51046955887854
39.11622102504054,-84.51047042821561
39.11621201773012,-84.51047130320086
39.116203010419675,-84.5104721781859
39.11619400310923,-84.5104730531707
39.11618499579878,-84.51047392815529
39.1161759884883,-84.51047480313966
39.11616698117782,-84.51047567812381
39.11615797386732,-84.51047655310772
39.11614902470297,-84.510477422443
39.11614001739245,-84.51047829742649
39.116131010081915,-84.51047917240973
39.11612200277136,-84.51048004739276
39.116112995460796,-84.51048092237556
39.11610398815022,-84.51048179735814
39.11609597519123,-84.51048257574786
39.11608702602681,-84.51048344508162
39.11607801871619,-84.51048432006355
39.116069011405564,-84.51048519504528
39.11606000409491,-84.51048607002677
39.11605099678425,-84.51048694500804
39.1160419894736,-84.51048781998908
39.11603298216292,-84.51048869496991
39.116023974852226,-84.5104895699505
39.11601502568769,-84.5104904392825
39.116006018376964,-84.51049131426265
39.115997011066234,-84.51049218924258
39.1159880037555,-84.51049306422229
39.11597940370626,-84.51049394619965
39.115970016610525,-84.51049519927939
39.1159610368973,-84.51049644266305
39.115952963372216,-84.51049756057034
39.11594398365893,-84.51049880395342
39.11593500394562,-84.51050004733618
39.11592602423227,-84.51050129071862
39.11591696211694,-84.51050254551059
39.11590798240354,-84.51050378889241
39.11589900269013,-84.5105050322739
39.11589002297668,-84.51050627565509
39.11588096086124,-84.51050753044578
39.11587198114775,-84.51050877382633
39.115863001434214,-84.51051001720656
39.11585402172067,-84.51051126058648
39.11584495960511,-84.5105125153759
39.11583597989151,-84.51051375875518
39.11582700017788,-84.51051500213416
39.115818020464225,-84.5105162455128
39.115809040750555,-84.51051748889114
39.11579997863486,-84.51051874367897
39.115790998921135,-84.51051998705667
39.11578201920738,-84.51052123043407
39.11577303949359,-84.51052247381114
39.11576397737779,-84.51052372859769
39.11575499766396,-84.51052497197414
39.115746017950094,-84.51052621535025
39.1157370382362,-84.51052745872607
39.115727976120304,-84.51052871351135
39.11571998499658,-84.51052982000151
39.11571100528261,-84.5105310633764
39.115702025568616,-84.51053230675099
39.115692963452624,-84.51053356153503
39.11568398373858,-84.51053480490897
39.11567500402451,-84.5105360482826
39.11566602431039,-84.51053729165594
39.115656962194294,-84.5105385464387
39.115647982480155,-84.51053978981139
39.11563900276597,-84.51054103318376
39.11563002305176,-84.51054227655581
39.115620960935544,-84.5105435313373
39.1156119812213,-84.51054477470872
39.115603001507004,-84.51054601807984
39.1155940217927,-84.51054726145063
39.11558504207836,-84.5105485048211
39.11557597996202,-84.510549759601
39.11556700024763,-84.51055100297084
39.11555802053322,-84.51055224634038
39.11554904081878,-84.5105534897096
39.115539980675756,-84.51055473932313
39.115530988631754,-84.5105558466466
39.11552199658774,-84.5105569539698
39.11551300454369,-84.5105580612927
39.11550401249963,-84.51055916861534
39.11549502045554,-84.51056027593769
39.11548602841143,-84.51056138325976
39.11547703636732,-84.51056249058155
39.11546797086275,-84.5105636069493
39.11545897881858,-84.51056471427053
39.11544998677439,-84.51056582159147
39.11544099473018,-84.51056692891214
39.11543200268596,-84.51056803623251
39.11542301064171,-84.5105691435526
39.11541401859743,-84.51057025087242
39.115405026553134,-84.51057135819195
39.11539603450883,-84.5105724655112
39.115386969004064,-84.51057358187641
39.115377976959714,-84.5105746891951
39.115368984915335,-84.5105757965135
39.11535999287094,-84.51057690383163
39.11535100082653,-84.51057801114948
39.11534200878209,-84.51057911846705
39.11533301673763,-84.51058022578432
39.115324024693145,-84.51058133310133
39.115315032648645,-84.51058244041805
39.115305967143705,-84.51058355678069
39.11529697509915,-84.51058466409684
39.11528798305459,-84.51058577141272
39.11527899101,-84.51058687872832
39.1152699989654,-84.51058798604362
39.11526100692077,-84.51058909335866
39.11525201487612,-84.51059020067339
39.11524302283144,-84.51059130798787
39.115234030786766,-84.51059241530204
39.11522496528164,-84.51059353166214
39.1152159732369,-84.51059463897576
39.11520698119215,-84.5105957462891
39.115197989147376,-84.51059685360217
39.11518899710258,-84.51059796091494
39.11518000505777,-84.51059906822742
39.115170022059104,-84.51060029756918
39.11516103001426,-84.51060140488109
39.11515203796937,-84.5106025121927
39.11514297246404,-84.51060362855021
39.115133980419124,-84.51060473586126
39.115124988374184,-84.51060584317204
39.11511599632922,-84.51060695048254
39.11510700428424,-84.51060805779274
39.11509801223924,-84.51060916510266
39.115089020194205,-84.51061027241231
39.11508002814916,-84.51061137972168
39.11507103610409,-84.51061248703077
39.115061970598575,-84.51061360338572
39.11505297855347,-84.51061471069424
39.11504398650833,-84.51061581800248
39.115034994705695,-84.51061692364652
39.115025997226944,-84.51061796000756
39.115016999748185,-84.51061899636834
39.115008002269406,-84.51062003272885
39.114999004790604,-84.5106210690891
39.11499000731178,-84.51062210544907
39.114981009832945,-84.51062314180881
39.11497201235408,-84.51062417816826
39.114963014875215,-84.51062521452745
39.114954017396315,-84.51062625088638
39.11494501991742,-84.51062728724504
39.114936022438485,-84.51062832360346
39.11492702495954,-84.51062935996158
39.114918027480584,-84.51063039631946
39.11490903000159,-84.51063143267707
39.11490003252259,-84.51063246903442
39.11489103504356,-84.51063350539151
39.11488196877448,-84.51063454967176
39.11487297129543,-84.51063558602831
39.11486397381635,-84.51063662238462
39.11485497633727,-84.51063765874065
39.11484597885815,-84.5106386950964
39.11483698137902,-84.51063973145192
39.11482798389988,-84.51064076780715
39.11481898642071,-84.51064180416212
39.114809988941516,-84.51064284051684
39.11480099146232,-84.51064387687127
39.114791993983104,-84.51064491322545
39.11478299650387,-84.51064594957937
39.11477399902461,-84.51064698593302
39.11476500154532,-84.51064802228643
39.114756004066024,-84.51064905863954
39.114747006586725,-84.51065009499241
39.1147380091074,-84.51065113134501
39.114729011628036,-84.51065216769734
39.11472001414867,-84.51065320404942
39.11471101666929,-84.51065424040124
39.114702019189885,-84.51065527675277
39.11469302171047,-84.51065631310406
39.114684024231025,-84.51065734945509
39.11467502675156,-84.51065838580584
39.11466602927209,-84.51065942215632
39.11465703179259,-84.51066045850656
39.114648034313085,-84.51066149485652
39.114639036833545,-84.51066253120622
39.114629970563946,-84.51066357547906
39.114620973084385,-84.51066461182822
39.114611975604795,-84.51066564817712
39.11460297812519,-84.51066668452577
39.114593980645566,-84.51066772087415
39.114584983165926,-84.51066875722228
39.114575985686265,-84.51066979357013
39.1145669882066,-84.51067082991771
39.114557990726894,-84.51067186626504
39.11454899324717,-84.5106729026121
39.114539995767444,-84.5106739389589
39.1145309982877,-84.51067497530545
39.11452200080792,-84.51067601165173
39.114513003328135,-84.51067704799772
39.11450400584833,-84.51067808434347
39.11449500836851,-84.51067912068895
39.11448601088866,-84.51068015703416
39.1144770134088,-84.51068119337911
39.11446801592892,-84.51068222972381
39.11445901844902,-84.51068326606823
39.1144500209691,-84.5106843024124
39.11444102348917,-84.51068533875629
39.114432026009226,-84.51068637509994
39.11442302852926,-84.51068741144331
39.11441403104926,-84.51068844778642
39.11440602564593,-84.51068936986044
39.11439702816589,-84.51069040620305
39.11438796189581,-84.51069145046874
39.11437896441575,-84.51069248681081
39.11436996693566,-84.51069352315264
39.114360969455575,-84.51069455949418
39.11435197197546,-84.51069559583549
39.114342974495315,-84.5106966321765
39.11433397701516,-84.51069766851727
39.114324979535,-84.51069870485777
39.11431598205481,-84.510699741198
39.114306984574604,-84.51070077753798
39.11429798709438,-84.51070181387767
39.11428898961413,-84.51070285021714
39.11427999213388,-84.51070388655631
39.1142709946536,-84.51070492289524
39.114261997173294,-84.51070595923389
39.11425299969298,-84.51070699557228
39.114244002212644,-84.5107080319104
39.11423500473229,-84.51070906824827
39.11422600725193,-84.51071010458587
39.11421700977154,-84.5107111409232
39.11420801229113,-84.51071217726027
39.1141990148107,-84.51071321359709
39.11419001733026,-84.51071424993363
39.11418101984981,-84.51071528626993
39.11417202236933,-84.51071632260593
39.11416302488882,-84.51071735894169
39.1141540274083,-84.51071839527718
39.11414502992777,-84.5107194316124
39.11413596365717,-84.51072047587066
39.11412696617659,-84.51072151220535
39.114117968696,-84.51072254853979
39.11410897121539,-84.51072358487396
39.11409997373477,-84.51072462120786
39.11409097625412,-84.5107256575415
39.11408197877347,-84.51072669387489
39.114072981292765,-84.51072773020802
39.114063983812066,-84.51072876654086
39.114054986331354,-84.51072980287346
39.11404598885062,-84.51073083920578
39.11403699136987,-84.51073187553784
39.11402799388909,-84.51073291186964
39.11401899640829,-84.51073394820118
39.114009998927486,-84.51073498453245
39.11400100144667,-84.51073602086345
39.11399200396582,-84.51073705719419
