44.93924667341936,-123.01984895058318
44.93924754531521,-123.01983593941223
44.939248339457954,-123.01982404523346
44.93924920859627,-123.01981102779581
44.9392500115548,-123.0197990015397
44.93925088069024,-123.0197859841018
44.939251683646106,-123.01977395784549
44.9392524866007,-123.01976193158907
44.93925334691363,-123.0197490462265
44.93925414986558,-123.01973701996967
44.939255018993904,-123.01972400253094
44.93925582194321,-123.01971197627394
44.93925669106866,-123.01969895883497
44.93925748519719,-123.01968706465235
44.93925828814256,-123.01967503839487
44.93925915726377,-123.01966202095527
44.9392599602065,-123.01964999469756
44.93926082932484,-123.01963697725776
44.939261632264895,-123.01962495099984
44.939262426385746,-123.01961305681519
44.93926329549984,-123.01960003937478
44.939264098436006,-123.0195880131164
44.939264967547224,-123.01957499567575
44.93926577048071,-123.01956296941714
44.93926663958906,-123.01954995197626
44.93926743370212,-123.01953805778952
44.93926823663169,-123.0195260315304
44.9392691,-123.01951309999998
44.93926473967051,-123.01950119021693
44.939260218277,-123.01948884050984
44.939255907934154,-123.01947706727049
44.93925138653743,-123.01946471756553
44.93924707619161,-123.01945294432845
44.93924276584438,-123.01944117109252
44.93923824444289,-123.01942882139078
44.939239228970266,-123.01941603713297
44.93924020439918,-123.01940403314812
44.93924126002851,-123.01939104216964
44.93924223545477,-123.01937903818441
44.93924329108123,-123.01936604720548
44.93924434670622,-123.01935305622622
44.93924532212845,-123.01934105224032
44.93924637775056,-123.01932806126061
44.93924735317014,-123.01931605727428
44.93924840878937,-123.01930306629409
44.9392493842063,-123.01929106230732
44.93925043982268,-123.01927807132658
44.93925141523694,-123.01926606733942
44.93925247085045,-123.0192530763582
44.939253446262065,-123.0192410723706
44.939254501872696,-123.0192280813889
44.93925549028775,-123.01921591733989
44.93925654589548,-123.0192029263579
44.93925760150173,-123.01918993537564
44.939258576906624,-123.01917793138713
44.93925963251,-123.01916494040444
44.939260607912246,-123.01915293641551
44.93926166351276,-123.01913994543223
44.93926263891235,-123.0191279414429
44.939263694510004,-123.01911495045917
44.93926466990694,-123.0191029464694
44.939265725501706,-123.01908995548516
44.939266700896,-123.01907795149496
44.93926775648791,-123.01906496051026
44.939268731879544,-123.01905295651963
44.93926978746858,-123.01903996553439
44.93927076285757,-123.01902796154336
44.93927181844373,-123.0190149705576
44.939272874028404,-123.01900197957163
44.93927384941336,-123.01898997557994
44.93927490499517,-123.01897698459345
44.93927588037747,-123.0189649806013
44.939276935956414,-123.01895198961435
44.939277911336056,-123.0189399856218
44.93927896691214,-123.01892699463431
44.939279942289126,-123.01891499064135
44.93928099786235,-123.01890199965334
44.93928197323668,-123.01888999565993
44.939283028807026,-123.01887700467147
44.93928400417871,-123.01886500067764
44.93928505974618,-123.01885200968867
44.93928611531216,-123.01883901869942
44.93928709067983,-123.01882701470495
44.93928797109818,-123.01881399610613
44.939288782888006,-123.01880197074908
44.93928966157444,-123.0187889544049
44.93929046434866,-123.01877706256029
44.93929134303225,-123.01876404621562
44.93929222171436,-123.01875102987081
44.93929303349749,-123.01873900451301
44.93929391217672,-123.01872598816792
44.93929472395719,-123.01871396280991
44.93929560263354,-123.01870094646456
44.93929640539862,-123.0186890546175
44.93929728407212,-123.01867603827168
44.939298162744116,-123.01866302192572
44.93929897451791,-123.01865099656695
44.93929985318704,-123.01863798022067
44.93930066495818,-123.01862595486172
44.93930154362442,-123.01861293851522
44.939302413276636,-123.01860005567825
44.93930322504376,-123.01858803031872
44.93930410370566,-123.01857501397159
44.93930491547012,-123.01856298861186
44.93930579412914,-123.01854997226447
44.939306605890934,-123.01853794690453
44.939307475534726,-123.01852506406526
44.93930835418941,-123.01851204771722
44.93930916594719,-123.01850002235676
44.939310044599,-123.01848700600846
44.93931085635411,-123.01847498064778
44.93931173500303,-123.01846196429922
44.939312546755495,-123.01844993893835
44.93931341638939,-123.01843705609642
44.939314295033974,-123.01842403974722
44.93931510678241,-123.01841201438582
44.93931598542411,-123.01839899803633
44.939316797169894,-123.01838697267472
44.93931767580872,-123.01837395632496
44.93931855444604,-123.01836093997508
44.93931935717584,-123.01834904811852
44.939320235810314,-123.01833603176821
44.93932104754942,-123.01832400640583
44.93932192618101,-123.01831099005518
44.93932273791746,-123.0182989646926
44.939323616546176,-123.01828594834171
44.93932448616163,-123.01827306549482
44.939325297894065,-123.01826104013168
44.93932617651845,-123.01824802378017
44.93932698824821,-123.01823599841683
44.93932786686971,-123.01822298206505
44.93932867859681,-123.01821095670151
44.93932955721544,-123.01819794034947
44.939330426821,-123.0181850574999
44.93933123854408,-123.01817303213582
44.93933211715836,-123.01816001578314
44.9393329288788,-123.01814799041884
44.939333807490186,-123.0181349740659
44.939334686100096,-123.01812195771281
44.93933549781648,-123.01810993234817
44.93933643309864,-123.01809706282839
44.93933737860594,-123.01808405492324
44.93933825218323,-123.01807203658342
44.93933919768765,-123.01805902867785
44.93934014319059,-123.01804602077212
44.93934101676384,-123.01803400243188
44.939341962263896,-123.0180209945258
44.93934290776246,-123.0180079866195
44.93934378133168,-123.01799596827877
44.93934472682736,-123.01798296037214
44.93934567232155,-123.01796995246534
44.93934661781425,-123.01795694455832
44.939347491378044,-123.01794492621698
44.93934842643378,-123.01793206186031
44.93934937192215,-123.01791905395254
44.939350245481926,-123.01790703561056
44.939351190967415,-123.01789402770243
44.939352136451404,-123.01788101979412
44.939353010007146,-123.01786900145169
44.939353955488265,-123.017855993543
44.93935490096789,-123.01784298563412
44.93935584644603,-123.01782997772507
44.93935671999635,-123.01781795938203
44.939357665471604,-123.0178049514726
44.93935861094537,-123.017791943563
44.939359484491646,-123.01777992521951
44.93936041952885,-123.01776706085748
44.93936136499828,-123.01775405294711
44.93936231046622,-123.01774104503653
44.93936318400711,-123.01772902669222
44.93936412947216,-123.01771601878129
44.93936507493572,-123.0177030108702
44.93936594847258,-123.01769099252543
44.93936689393327,-123.01767798461398
44.93936783939246,-123.01766497670232
44.939368712925265,-123.01765295835709
44.93936965838158,-123.01763995044512
44.9393706038364,-123.01762694253291
44.939371549289746,-123.0176139346205
44.93937241238387,-123.01760205981981
44.939373357834356,-123.01758905190687
44.93937430328336,-123.01757604399373
44.93937517680673,-123.0175640256472
44.939376122252845,-123.0175510177337
44.93937706769748,-123.01753800982002
44.93937794121682,-123.01752599147308
44.93937888665856,-123.01751298355902
44.93938001712723,-123.01750000298397
44.93938106396454,-123.01748801114408
44.93938211080057,-123.01747601930396
44.93938324362309,-123.0174630424446
44.93938429045647,-123.01745105060398
44.93938542327613,-123.01743807374402
44.939386470106875,-123.01742608190285
44.9393875319172,-123.0174139184499
44.939388664732576,-123.01740094158927
44.939389711559365,-123.01738894974756
44.939390758384874,-123.01737695790558
44.939391891196024,-123.01736398104408
44.93939293801889,-123.01735198920163
44.93939407082717,-123.01733901233955
44.93939511764739,-123.01732702049654
44.93939616446634,-123.01731502865329
44.93939729727038,-123.01730205179032
44.9393983440867,-123.01729005994656
44.93939947688788,-123.01727708308302
44.93940053868192,-123.01726491962965
44.939401585494274,-123.01725292778534
44.939402718291184,-123.01723995092112
44.93940376510087,-123.01722795907628
44.93940489789494,-123.01721498221146
44.93940594470199,-123.01720299036609
44.93940699150776,-123.0171909985205
44.93940812951922,-123.0171780280593
44.93940942516816,-123.01716609210924
44.939410849847896,-123.01715296747078
44.939412251549975,-123.01714005449615
44.939413570170935,-123.01712790688127
44.93941497187013,-123.01711499390593
44.939416373567866,-123.01710208093006
44.939417692184676,-123.01708993331468
44.93941909387953,-123.01707702033809
44.93942038951777,-123.01706508438521
44.93942181418555,-123.01705195974517
44.93942321587606,-123.01703904676734
44.93942453448595,-123.01702689915126
44.93942593617358,-123.01701398617269
44.93942733785973,-123.01700107319363
44.93942865646546,-123.01698892557707
44.93943005814874,-123.0169760125973
44.93943135377628,-123.01696407664156
44.93943277843212,-123.01695095199995
44.939434180111064,-123.01693803901888
44.93943549870987,-123.0169258914016
44.93943690038593,-123.01691297841987
44.939438302060516,-123.01690006543761
44.939439620655165,-123.01688791781983
44.939441022326875,-123.01687500483682
44.939442423997114,-123.01686209185334
44.9394437425876,-123.0168499442351
44.93944514425497,-123.01683703125086
44.93944646284268,-123.01682488363238
44.93944786450718,-123.0168119706474
44.93944926617021,-123.01679905766193
44.93945058475376,-123.016786910043
44.93945198641391,-123.01677399705676
44.93945338807258,-123.01676108407007
44.93945470665198,-123.01674893645064
44.939456111079004,-123.0167360433742
44.939458434225074,-123.01672416955637
44.939460828345865,-123.01671193297248
44.93946315148928,-123.01670005915352
44.939465292865584,-123.01668911435809
44.9394676869823,-123.01667687777298
44.93947001012185,-123.01666500395238
44.939472333260106,-123.0166531301311
44.93947472737264,-123.01664089354477
44.93947705050824,-123.01662901972237
44.939479373642534,-123.01661714589936
44.939481767750884,-123.01660490931177
44.93948390911748,-123.01659396451237
44.93948498465599,-123.01658099758819
44.93948600820765,-123.01656800129008
44.939487031757814,-123.01655500499176
44.93948805530649,-123.01654200869316
44.939489078853676,-123.01652901239434
44.93949010239936,-123.01651601609525
44.939491125943555,-123.01650301979595
44.93949207169286,-123.01649101126873
44.939493095234184,-123.01647801496897
44.939494118774014,-123.01646501866897
44.939495142312374,-123.01645202236868
44.93949616584922,-123.01643902606818
44.93949718938458,-123.01642602976742
44.939498212918465,-123.0164130334664
44.939499158658215,-123.01640102493779
44.93950005208021,-123.0163880070893
44.939500939787564,-123.01637499180373
44.93950182749342,-123.01636197651804
44.93950264762049,-123.01634995203342
44.939503535323475,-123.01633693674742
44.93950441382627,-123.01632405633065
44.93950523394931,-123.0163120318455
44.939506121647966,-123.01629901655886
44.93950700934511,-123.01628600127205
44.93950782946411,-123.01627397678656
44.93950871715838,-123.0162609614995
44.93950960485115,-123.01624794621227
44.93951041576763,-123.0162360565943
44.93951130345754,-123.01622304130659
44.93951219114599,-123.0162100260187
44.93951307883292,-123.01619701073069
44.93951389894249,-123.01618498624411
44.93951478662654,-123.01617197095585
44.9395156743091,-123.01615895566741
44.939516494414626,-123.01614693118051
44.93951737289606,-123.01613405075793
44.93951826057427,-123.01612103546887
44.93951908067578,-123.0161090109814
44.93951996835113,-123.01609599569204
44.93952085602498,-123.0160829804025
44.939521676122425,-123.01607095591473
44.9395225637934,-123.01605794062492
44.93952344226483,-123.01604506019962
44.939524262358276,-123.01603303571126
44.939525150024906,-123.01602002042081
44.93952603769004,-123.01600700513023
44.93952692535367,-123.01599398983947
44.93952774544169,-123.01598196535065
44.93952863310244,-123.01596895005962
44.939529511563876,-123.01595606963157
44.93953033164788,-123.01594404514222
44.9395312193043,-123.01593102985052
44.93953210695921,-123.0159180145587
44.939532927039174,-123.01590599006899
44.93953381469121,-123.01589297477688
44.93953470234176,-123.01587995948462
44.93953552241767,-123.01586793499457
44.93953640086775,-123.01585505456346
44.939537288513954,-123.01584203927054
44.93953810858586,-123.01583001477994
44.93953899622918,-123.01581699948674
44.939539883871014,-123.01580398419341
44.939540771511346,-123.0157909688999
44.939541591577814,-123.01577894440885
44.93954247001789,-123.01576606397498
44.93954335765389,-123.01575304868084
44.93954417771635,-123.01574102418923
44.939545065349456,-123.0157280088948
44.939545952981085,-123.01571499360023
44.93954677303949,-123.01570296910828
44.93954766066823,-123.01568995381342
44.93954854829549,-123.01567693851838
44.93954935915271,-123.01566504888427
44.93955024677711,-123.01565203358878
44.939551134400006,-123.01563901829311
44.93955195445036,-123.01562699380025
44.9395528420704,-123.01561397850433
44.939553729688924,-123.01560096320827
44.93955461730595,-123.01558794791202
44.93955542815395,-123.01557605827536
44.93955631576814,-123.01556304297866
44.93955720338083,-123.01555002768178
44.93955802342174,-123.01553800318788
44.93955891103155,-123.01552498789071
44.93955979863987,-123.01551197259342
44.93956061867674,-123.01549994809918
44.93956150628219,-123.0154869328016
44.93956238468943,-123.0154740523588
44.93956320472229,-123.01546202786403
44.93956409232338,-123.01544901256578
44.93956501588822,-123.01543600225173
44.93956586949794,-123.01542398150477
44.93956679341005,-123.01541097072138
44.939567647017114,-123.01539894997413
44.93956857092635,-123.0153859391904
44.93956948487051,-123.01537306871718
44.939570338473565,-123.01536104796936
44.93957126237846,-123.01534803718489
44.93957211597884,-123.01533601643679
44.93957303988088,-123.01532300565198
44.9395739637814,-123.01530999486705
44.93957481737774,-123.01529797411852
44.9395757412754,-123.01528496333323
44.93957659486909,-123.01527294258442
44.93957751876386,-123.01525993179882
44.93957843269387,-123.01524706132165
44.93957928628354,-123.0152350405722
44.93958021017397,-123.01522202978589
44.93958106376099,-123.01521000903621
44.93958198764856,-123.01519699824955
44.939582841232905,-123.01518497749962
44.93958376511759,-123.01517196671264
44.93958468900079,-123.0151589559255
44.93958554258109,-123.01514693517514
44.939586456498404,-123.01513406469432
44.9395873100761,-123.01512204394349
44.93958823395356,-123.01510903315548
44.939589157829545,-123.01509602236729
44.939590011403176,-123.01508400161603
44.93959093527628,-123.01507099082751
44.93959178884727,-123.01505897007598
44.93959271271749,-123.01504595928718
44.93959363658622,-123.01503294849816
44.93959448019043,-123.01502106805098
44.93959540405631,-123.0150080572614
44.93959625762063,-123.01499603650902
44.93959718148364,-123.01498302571913
44.93959810534515,-123.01497001492908
44.939598958905414,-123.01495799417627
44.939599882764064,-123.01494498338587
44.93960073632166,-123.0149329626328
44.93960166017742,-123.01491995184207
44.93960251373237,-123.01490793108876
44.93960342762285,-123.01489506060032
44.939604351474266,-123.0148820498089
44.9396052050252,-123.01487002905495
44.93960612887375,-123.01485701826319
44.93960698242202,-123.01484499750897
44.939607906267696,-123.01483198671689
44.93960882501872,-123.01481897923497
44.93960954054668,-123.01480694547675
44.9396102490667,-123.01479502955668
44.93961102363531,-123.01478200280481
44.93961173915934,-123.01476996904624
44.93961244767553,-123.0147580531252
44.939613222239885,-123.01474502637295
44.939613937759994,-123.01473299261409
44.93961465327883,-123.01472095885518
44.93961542083247,-123.01470804993941
44.93961613634866,-123.01469601618022
44.939616851863576,-123.014683982421
44.9396176,-123.0146714
44.9396184910749,-123.01465892743494
44.939619410464296,-123.01464605852595
44.93962033993612,-123.01463304846962
44.93962119868447,-123.01462102832929
44.93962212815342,-123.01460801827265
44.93962305762087,-123.01459500821582
44.939623916365186,-123.01458298807506
44.93962484582976,-123.0145699780179
44.93962570457141,-123.01455795787683
44.939626634033125,-123.01454494781935
44.939627563493325,-123.0145319377617
44.93962841214734,-123.01452005876502
44.9396293416047,-123.01450704870678
44.93963027106057,-123.01449403864837
44.93963112979418,-123.0144820185063
44.93963205924716,-123.01446900844758
44.93963298869867,-123.01445599838863
44.939633847428226,-123.01444397824612
44.93963477687686,-123.01443096818687
44.93963570632398,-123.01441795812745
44.9396365650495,-123.01440593798452
44.93963748441047,-123.0143930690674
44.93963841385327,-123.01438005900722
44.93963927257476,-123.01436803886368
44.93964020201468,-123.01435502880318
44.93964113145311,-123.0143420187425
44.93964199017056,-123.01432999859855
44.93964291960611,-123.01431698853752
44.93964384904017,-123.01430397847632
44.93964470775358,-123.01429195833194
44.93964563718476,-123.01427894827042
44.93964656661444,-123.0142659382087
44.93964741524088,-123.01425405920418
44.93964834466773,-123.01424104914194
44.939649274093064,-123.01422803907948
44.93965013279844,-123.01421601893405
44.93965106222091,-123.01420300887126
44.939651920923616,-123.01419098872553
44.939652850343194,-123.01417797866246
44.9396537797613,-123.01416496859919
44.93965463845997,-123.014152948453
44.93965556787519,-123.01413993838942
44.93965648720629,-123.01412706946378
44.93965734590095,-123.01411504931698
44.93965827531182,-123.01410203925265
44.93965920472121,-123.01408902918813
44.93966006341183,-123.01407700904093
44.93966099281834,-123.01406399897606
44.93966191850869,-123.01405099028068
44.93966269696149,-123.01403796385729
44.93966346833587,-123.01402505585723
44.93966424678569,-123.01401202943346
44.93966502523403,-123.01399900300959
44.93966580368087,-123.01398597658564
44.93966658212619,-123.01397295016162
44.939667353493256,-123.01396004215985
44.93966813193563,-123.01394701573547
44.93966891037649,-123.01393398931098
44.93966968881586,-123.0139209628864
44.93967046017708,-123.01390805488323
44.939671238613485,-123.01389502845832
44.939672017048395,-123.01388200203328
44.93967279548181,-123.01386897560819
44.939673602679015,-123.01385595084612
44.939674340860705,-123.01384404216898
44.939675148166344,-123.01383101833008
44.939675893955624,-123.01381898688096
44.939676701258385,-123.01380596304195
44.93967750094953,-123.01379306197362
44.93967824673478,-123.01378103052406
44.939679054033206,-123.01376800668453
44.93967979981579,-123.0137559752349
44.93968060711132,-123.01374295139522
44.939681345281265,-123.01373104271515
44.939682152573944,-123.01371801887507
44.93968295986512,-123.0137049950349
44.93968370564103,-123.01369296358472
44.939684505319455,-123.01368006251322
44.939685251092726,-123.0136680310627
44.939686058378165,-123.01365500722198
44.93968680414878,-123.01364297577133
44.93968761143134,-123.0136299519304
44.93968841110267,-123.01361705085718
44.93968915686926,-123.01360501940616
44.939689964147476,-123.01359199556474
44.939690709911396,-123.01357996411359
44.93969151718674,-123.01356694027197
44.93969225533838,-123.01355503158743
44.93969306261087,-123.01354200774546
44.93969386988185,-123.01352898390341
44.9396946156391,-123.0135169524517
44.9396954152977,-123.01350405137532
44.939696161052304,-123.0134920199233
44.939696968317556,-123.01347899608066
44.93969771406948,-123.01346696462852
44.939698521331856,-123.01345394078571
44.93969932098337,-123.01344103970763
44.93970006673129,-123.01342900825507
44.9397008739893,-123.01341598441178
44.93970161973456,-123.0134039529591
44.93970241938044,-123.01339105187957
44.93970316512306,-123.01337902042657
44.93970397237535,-123.01336599658272
44.93970477962614,-123.01335297273876
44.93970552536471,-123.01334094128552
44.9397063250035,-123.01332804020429
44.93970707073942,-123.01331600875076
44.939707877984496,-123.01330298490622
44.939708623717756,-123.01329095345257
44.93970942335092,-123.01327805236988
44.93971023059163,-123.01326502852491
44.93971097632087,-123.01325299707085
44.9397117835587,-123.01323997322562
44.93971252928527,-123.01322794177145
44.93971332891135,-123.01321504068706
44.9397140746353,-123.01320300923254
44.93971466634404,-123.01318997013948
44.93971520229199,-123.01317801810407
44.93971578689789,-123.01316498092855
44.93971632284324,-123.01315302889262
44.93971690744628,-123.013139991717
44.93971748805087,-123.01312704367754
44.9397180279892,-123.01311500250486
44.939718612587875,-123.01310196532918
44.93971914852664,-123.01309001329213
44.93971973312247,-123.01307697611634
44.93972026905863,-123.01306502407877
44.93972085365159,-123.01305198690292
44.93972138958516,-123.01304003486487
44.93972197417525,-123.01302699768887
44.939722514102996,-123.01301495651616
44.93972309469344,-123.01300200847426
44.93972363461853,-123.01298996730148
44.93972421520616,-123.01297701925904
44.939724755128616,-123.01296497808623
44.939725335713426,-123.01295203004324
44.93972587563323,-123.01293998887036
44.93972645621522,-123.01292704082685
44.93972699613237,-123.01291499965389
44.939727580708144,-123.01290196247763
44.93972811662605,-123.01289001043683
44.93972870206782,-123.01287696493506
44.93972946340609,-123.01286405454019
44.939730231635586,-123.01285102726212
44.939730999863585,-123.01283799998396
44.93973176809009,-123.01282497270573
44.93973247775112,-123.0128129385348
44.93973323908218,-123.01280002813833
44.939734007304324,-123.01278700085967
44.939734775524975,-123.01277397358095
44.939735543744135,-123.01276094630217
44.93973630506933,-123.01274803590427
44.939737073285514,-123.01273500862511
44.93973784150022,-123.0127219813459
44.93973860971341,-123.01270895406658
44.93973931246978,-123.01269703677498
44.93974008068011,-123.01268400949532
44.93974084888896,-123.01267098221562
44.93974161709629,-123.01265795493585
44.939742378409896,-123.0126450445352
44.93974314661426,-123.01263201725506
44.93974391481715,-123.01261898997485
44.93974468301853,-123.01260596269456
44.93974544432627,-123.01259305229253
44.939746153962716,-123.01258101811976
44.93974692215973,-123.01256799083907
44.939747690355276,-123.0125549635583
44.939748447777205,-123.01254205242323
44.93974921197953,-123.01252902481731
44.93974991792041,-123.01251699039064
44.93975068211984,-123.01250396278462
44.93975143949712,-123.01249105145345
44.93975214543398,-123.01247901702644
44.93975290962907,-123.01246598942001
44.939753673822665,-123.01245296181351
44.9397543729349,-123.01244104366043
44.939755137125644,-123.0124280160536
44.93975590131488,-123.01241498844674
44.93975660724365,-123.01240295401928
44.93975736460955,-123.01239004268545
44.93975812879444,-123.01237701507816
44.9397588347192,-123.01236498065036
44.939759598901205,-123.01235195304297
44.93976035626135,-123.0123390417078
44.939761062182086,-123.01232700727968
44.93976182635974,-123.01231397967187
44.939762590535885,-123.01230095206397
44.93976328963231,-123.01228903390724
44.93976405380562,-123.01227600629902
44.93976481797742,-123.01226297869071
44.93976558214773,-123.01224995108235
44.93976628123885,-123.01223803292437
44.939767045406306,-123.01222500531567
44.939767809572245,-123.01221197770688
44.9397685154795,-123.01219994327796
44.93976927282253,-123.01218703193882
44.939770036984115,-123.01217400432965
44.939770742887355,-123.0121619699004
44.939771507046075,-123.01214894229113
44.93977226438335,-123.01213603095064
44.939772970282554,-123.01212399652107
44.93977373443692,-123.01211096891139
44.93977449176992,-123.01209805756986
44.9397751976651,-123.01208602313994
44.93977596181511,-123.01207299552986
44.93977672596363,-123.01205996791968
44.939777425035,-123.01204804975701
44.939778189180664,-123.01203502214652
44.93977895332481,-123.01202199453597
44.93977965921192,-123.01200996010563
44.939780416533544,-123.01199704876143
44.93978118067335,-123.01198402115045
44.93978188655643,-123.01197198671977
44.93978265069337,-123.01195895910872
44.93978340800924,-123.01194604776317
44.939784172143206,-123.0119330201517
44.93978487802088,-123.01192098572068
44.93978564215196,-123.01190795810916
44.939786399462086,-123.01189504676226
44.93978710533573,-123.01188301233091
44.93978786946246,-123.01186998471893
44.939788633587696,-123.01185695710689
44.93978933263794,-123.01184503893933
44.93979009676032,-123.01183201132694
44.93979086088119,-123.01181898371452
44.93979156674677,-123.01180694928273
44.93979232404552,-123.01179403793319
44.939793088162034,-123.01178101032035
44.9397937940236,-123.01176897588822
44.93979455813724,-123.01175594827528
44.939795317035006,-123.01174304173519
44.93979611034222,-123.01173101452568
44.93979696903958,-123.01171799592431
44.93979782773544,-123.01170497732284
44.9397986864298,-123.01169195872122
44.93979954512267,-123.01167894011945
44.93980032981495,-123.01166704341715
44.93980118850496,-123.0116540248149
44.939802047193496,-123.01164100621257
44.93980290588051,-123.0116279876101
44.93980369917552,-123.01161596039948
44.939804557859674,-123.01160294179672
44.939805407934365,-123.01159005370029
44.93980626661555,-123.0115770350971
44.93980712575963,-123.01156401687562
44.93980793431486,-123.01155199118573
44.9398088095031,-123.01153897443741
44.939809684689855,-123.01152595768892
44.93981055987511,-123.01151294094024
44.9398113594834,-123.0115010482385
44.9398122346658,-123.01148803148939
44.939813109846725,-123.01147501474013
44.93981398502614,-123.0114619979907
44.93981479357053,-123.01144997229973
44.939815668747066,-123.01143695555008
44.93981654392212,-123.01142393880026
44.93981734352116,-123.01141204609605
44.939818218693354,-123.01139902934572
44.93981909386405,-123.01138601259527
44.93981996903326,-123.01137299584471
44.939820777568215,-123.01136097015278
44.93982165273454,-123.01134795340192
44.939822527899366,-123.01133493665093
44.9398233941216,-123.01132205288533
44.93982420265116,-123.01131002719275
44.93982507781165,-123.01129701044114
44.93982595297063,-123.01128399368939
44.939826828128126,-123.01127097693747
44.93982763665226,-123.01125895124449
44.939828511806866,-123.01124593449232
44.93982937801911,-123.01123305072402
44.93983025317077,-123.01122003397133
44.93983106168948,-123.01120800827769
44.93983193683827,-123.01119499152476
44.939832811985546,-123.01118197477169
44.939833620500224,-123.01116994907773
44.939834495644625,-123.01115693232438
44.93983536184686,-123.01114404855338
44.9398362369883,-123.01113103179956
44.939837045497576,-123.01111900610493
44.93983792063614,-123.01110598935084
44.93983879577321,-123.0110929725966
44.939839670908775,-123.0110799558422
44.93984047941264,-123.01106793014716
44.939841345604854,-123.01105504637349
44.93984222073608,-123.01104202961845
44.93984309586581,-123.01102901286332
44.93984390436428,-123.01101698716762
44.93984477949112,-123.0110039704122
44.93984565461648,-123.01099095365663
44.93984652080005,-123.01097806988058
44.93984732929311,-123.01096604418424
44.939848204414126,-123.01095302742807
44.939849079533644,-123.01094001067172
44.93984995465166,-123.01092699391525
44.9398507631393,-123.01091496821846
44.93985163825443,-123.01090195146172
44.939852504427996,-123.01088906768302
44.939853312911616,-123.01087704198571
44.939854188022416,-123.01086402522833
44.93985506313172,-123.01085100847085
44.93985593823953,-123.01083799171319
44.93985674671772,-123.01082596601543
44.93985762182265,-123.01081294925753
44.93985848798619,-123.01080006547613
44.939859363088175,-123.01078704871769
44.93986017156096,-123.01077502301929
44.93986101588685,-123.01076200205345
44.93986185912288,-123.01074898179091
44.939862638131835,-123.01073695322673
44.93986347306353,-123.01072406114575
44.939864316295214,-123.01071104088261
44.939865095300156,-123.01069901231796
44.939865938528946,-123.01068599205462
44.93986678175625,-123.01067297179112
44.93986756075714,-123.01066094322623
44.939868395680286,-123.01064805114306
44.93986923890325,-123.01063503087904
44.93987001790013,-123.01062300231366
44.939870861120205,-123.01060998204939
44.939871704338785,-123.010596961785
44.93987248333162,-123.01058493321938
44.93987331824621,-123.01057204113401
44.93987416146044,-123.0105590208691
44.93987500467318,-123.01054600060402
44.93987578366061,-123.01053397203779
44.93987662687046,-123.01052095177252
44.93987746177786,-123.0105080596853
44.93987824076127,-123.01049603111863
44.93987908396678,-123.01048301085275
44.93987992717079,-123.01046999058681
44.93988070615016,-123.01045796201986
44.93988154935129,-123.01044494175368
44.93988238425014,-123.01043204966422
44.93988316322549,-123.0104200210968
44.93988400625026,-123.01040700078586
44.939884826641794,-123.01039397820347
44.93988558452947,-123.01038194776245
44.93988639705967,-123.01036904992264
44.93988721744686,-123.01035602733974
44.93988803783257,-123.0103430047567
44.939888858216754,-123.01032998217356
44.93988961609764,-123.01031795173198
44.93989042862064,-123.01030505389035
44.93989124900048,-123.01029203130672
44.93989206937885,-123.01027900872296
44.939892889755704,-123.0102659861391
44.939893647629795,-123.0102539556969
44.93989450062773,-123.01024092524317
44.93989546490115,-123.01022806959634
44.939896366102474,-123.01021605480597
44.93989734147712,-123.01020305111942
44.93989831685028,-123.0101900474327
44.93989921804756,-123.01017803264183
44.939900193417834,-123.0101650289547
44.939901094612466,-123.01015301416349
44.939902069979865,-123.01014001047598
44.93990297117183,-123.01012799568446
44.93990394653637,-123.01011499199653
44.93990484772568,-123.01010297720467
44.939905823087344,-123.01008997351637
44.93990679844752,-123.01007696982786
44.93990769963278,-123.01006495503549
44.93990867499008,-123.01005195134658
44.93990957617269,-123.01003993655388
44.93991055152711,-123.01002693286456
44.939911441603556,-123.010015066107
44.93991241695514,-123.01000206241707
44.939913318132454,-123.00999004762353
44.939914293481166,-123.00997704393328
44.939915268828386,-123.00996404024274
44.93991617000167,-123.00995202544865
44.93991714534602,-123.00993902175776
44.93991804651665,-123.00992700696335
44.93991902185813,-123.00991400327207
44.939919923026096,-123.00990198847734
44.939920898364704,-123.00988898478568
44.93992179953001,-123.0098769699906
44.93992277486574,-123.00986396629851
44.939923750199966,-123.00985096260625
44.939924651361245,-123.00983894781069
44.93992559999999,-123.0098263
44.93992674951329,-123.00981395345498
44.93992786476661,-123.00980197487117
44.93992898001866,-123.00978999628708
44.93993009526943,-123.00977801770276
44.93993121051895,-123.0097660391181
44.939932325767174,-123.00975406053318
44.93993344101415,-123.00974208194796
44.939934573265795,-123.0097299207056
44.9399356885102,-123.00971794212002
44.93993689527303,-123.00970498054001
44.93993801051478,-123.00969300195379
44.9399391,-123.00968130000001
44.93993994179614,-123.009668992055
44.93994083194913,-123.00965597706065
44.939941722100635,-123.00964296206608
44.93994254448912,-123.00963093782181
44.939943425388186,-123.0096180580663
44.93994424777403,-123.00960603382156
44.93994513791981,-123.00959301882627
44.939946028064085,-123.00958000383079
44.93994685044589,-123.00956797958573
44.9399477405873,-123.00955496458997
44.939948630727216,-123.00954194959407
44.939949443855625,-123.00953006058647
44.939950333992684,-123.00951704559004
44.939951224128244,-123.00950403059348
44.93995204650199,-123.0094920063475
44.93995293663468,-123.00947899135068
44.93995375900577,-123.00946696710447
44.93995464913557,-123.00945395210735
44.939955539263885,-123.00944093711006
44.93995635238182,-123.00942904809962
44.93995724250729,-123.00941603310186
44.939958132631254,-123.00940301810394
44.93995895499429,-123.00939099385681
44.93995984511538,-123.0093779788586
44.93996066747575,-123.00936595461127
44.93996155759396,-123.00935293961281
44.93996243846178,-123.00934005984872
44.939963260818125,-123.00932803560086
44.939964150932006,-123.00931502060169
44.939965041044374,-123.00930200560241
44.939965863396694,-123.00928998135416
44.93996675350619,-123.00927696635459
44.9399676436142,-123.00926395135487
44.939968456713764,-123.00925206233939
44.93996934681892,-123.00923904733915
44.93997016916455,-123.00922702309015
44.939971059266846,-123.00921400808963
44.93997194936762,-123.00920099308897
44.93997277170921,-123.00918896883958
44.93997366180712,-123.00917595383864
44.93997455190353,-123.00916293883753
44.93997536499262,-123.00915104981922
44.93997625508618,-123.0091380348176
44.939977077421105,-123.00912601056744
44.93997796751179,-123.0091129955656
44.93997885760097,-123.00909998056356
44.93997967993184,-123.00908795631307
44.93998057001816,-123.00907494131071
44.939981450854724,-123.00906206153817
44.939982273181585,-123.00905003728711
44.939983163263555,-123.00903702228415
44.93998405334403,-123.00902400728101
44.93998487566684,-123.0090119830296
44.93998576574444,-123.00899896802618
44.93998658806459,-123.00898694377456
44.939987468891275,-123.00897406399928
44.93998835896452,-123.00896104899522
44.93998918128065,-123.00894902474303
44.93999007135104,-123.0089360097387
44.939990961419916,-123.00892299473422
44.93999178373201,-123.00891097048168
44.93999267379801,-123.00889795547691
44.939993496107434,-123.00888593122414
44.93999437692277,-123.00887305144578
44.93999526698442,-123.00886003644035
44.93999608928985,-123.00884801218706
44.93999697934863,-123.00883499718135
44.939997869405914,-123.00882198217546
44.93999869170729,-123.0088099579218
44.9399995817617,-123.0087969429157
44.94000046256701,-123.00878406313456
44.94000128486439,-123.00877203888034
44.94000217491445,-123.00875902387357
44.94000299720915,-123.00874699961909
44.94000388725633,-123.00873398461204
44.94000477730202,-123.00872096960478
44.94000559959268,-123.00870894534997
44.94000648038812,-123.00869606556616
44.94000737042947,-123.00868305055832
44.94000819271611,-123.00867102630295
44.94000908275458,-123.00865801129476
44.94000990503856,-123.00864598703919
44.94001079507416,-123.00863297203075
44.94001097672771,-123.0086199993637
44.940011154748476,-123.00860700423092
44.94001134646151,-123.00859300947245
44.94001152485362,-123.00857998700938
44.94001170286985,-123.00856699187645
44.940011880884605,-123.00855399674343
44.94001205889789,-123.00854100161024
44.94001223690971,-123.00852800647695
44.94001241492005,-123.00851501134355
44.94001259330326,-123.00850198888135
44.9400123908094,-123.0084889869603
44.94001217359761,-123.00847599420774
44.94001195638434,-123.00846300145531
44.94001173916961,-123.00845000870302
44.94001153866238,-123.00843801539334
44.940011320887294,-123.00842498929299
44.94001110366823,-123.00841199654089
44.940010886447716,-123.00839900378894
44.940010685935164,-123.00838701047958
44.94001046815424,-123.00837398437871
44.94001025092941,-123.00836099162696
44.9400100337031,-123.00834799887537
44.940009833185215,-123.00833600556636
44.94000961595607,-123.00832301281508
44.94000939816788,-123.00830998671354
44.94000918093578,-123.0082969939623
44.94000898041256,-123.00828500065361
44.94000876317763,-123.0082720079027
44.94000854594124,-123.00825901515188
44.94000832814574,-123.00824598904975
44.94000812761716,-123.00823399574136
44.94000791037646,-123.00822100299078
44.94000769313429,-123.00820801024034
44.940007475332976,-123.00819498413767
44.94000727479906,-123.00818299082962
44.94000705755258,-123.0081699980794
44.94000684030462,-123.00815700532931
44.94000662305518,-123.00814401257935
44.940006421958245,-123.00813198591838
44.940006204705966,-123.0081189931685
44.940005987452224,-123.00810600041873
44.940005770197004,-123.00809300766916
44.94000555294031,-123.00808001491973
44.94000535183664,-123.00806798825808
44.94000513457711,-123.0080549955087
44.94000491731612,-123.00804200275948
44.94000470005365,-123.00802901001038
44.940004498944596,-123.0080169833482
44.940004281679286,-123.00800399059915
44.940004064412506,-123.00799099785027
44.94000384714425,-123.00797800510153
44.940003646587634,-123.00796601179513
44.94000342875874,-123.00795298569011
44.94000321148617,-123.00793999294156
44.940002994212136,-123.00792700019318
44.94000279365017,-123.0079150068871
44.94000257637331,-123.00790201413902
44.94000235853712,-123.00788898803336
44.9400021412573,-123.00787599528533
44.94000194069001,-123.00786400197958
44.94000172340735,-123.00785100923184
44.940001506123224,-123.00783801648424
44.940001288279745,-123.00782499037797
44.94000108770712,-123.00781299707255
44.94000087041868,-123.00780000432516
44.94000065312877,-123.00778701157789
44.94000043527947,-123.0077739854711
44.94000023470149,-123.00776199216602
44.94000001740727,-123.007748999419
44.93999980011157,-123.00773600667205
44.9399996573252,-123.00772300751036
44.93999952557966,-123.00771101039794
44.93999938261328,-123.00769799161417
44.93999923988604,-123.00768499474228
44.93999910813653,-123.0076729976299
44.93999896540647,-123.00766000075821
44.93999882267493,-123.00764700388667
44.93999869092143,-123.00763500677449
44.939998548187056,-123.0076220099031
44.93999840521055,-123.00760899111823
44.93999826247323,-123.00759599424686
44.93999813071439,-123.00758399713483
44.93999798797424,-123.0075710002636
44.93999784523261,-123.00755800339245
44.939997713469786,-123.00754600628073
44.939997570725325,-123.00753300940978
44.93999742773869,-123.0075199906238
44.93999729597189,-123.00750799351212
44.93999715322311,-123.00749499664123
44.939997010472865,-123.00748199977043
44.93999687870208,-123.00747000265902
44.939996735949,-123.00745700578841
44.93999659319444,-123.00744400891787
44.93999646117895,-123.00743198989007
44.93999631842156,-123.00741899301953
44.93999617566268,-123.00740599614906
44.93999604388396,-123.00739399903796
44.93999590112225,-123.00738100216769
44.939995674535695,-123.00736801136311
44.93999544665024,-123.00735498440578
44.939995236856554,-123.00734299173041
44.939995009578645,-123.0073299996656
44.939994782299266,-123.0073170076009
44.939994572501604,-123.00730501492595
44.93999434460896,-123.00729198796805
44.93999411732527,-123.00727899590359
44.939993890040114,-123.00726600383929
44.93999368023712,-123.0072540111647
44.93999345233867,-123.00724098420628
44.9399932250492,-123.00722799214219
44.93999301524222,-123.00721599946779
44.93999278794991,-123.00720300740404
44.939992560656144,-123.00719001534038
44.9399923327504,-123.0071769883814
44.939992122938094,-123.00716499570737
44.93999189564,-123.007152003644
44.93999166834044,-123.00713901158072
44.93999144042888,-123.00712598462123
44.93999123061123,-123.00711399194752
44.939991003307355,-123.00710099988456
44.939990776002006,-123.00708800782164
44.93999056618039,-123.00707601514837
44.93999033826166,-123.00706298818831
44.939990110951996,-123.00704999612564
44.93998988364087,-123.00703700406316
44.93998967381391,-123.00702501139025
44.93998944588936,-123.00701198442965
44.93998921857392,-123.0069989923674
44.939989008742984,-123.00698699969469
44.939988808703845,-123.00697400584558
44.93998860975439,-123.00696101192514
44.93998842563977,-123.0069489869932
44.939988226687476,-123.00693599307279
44.939988027733705,-123.0069229991525
44.939987844082765,-123.00691100476466
44.93998764512618,-123.00689801084462
44.939987461004925,-123.00688598591198
44.939987262045484,-123.00687299199201
44.93998706308457,-123.00685999807216
44.93998687942704,-123.00684800368472
44.939986680463306,-123.0068350097651
44.93998649633543,-123.00682298483177
44.93998629736885,-123.00680999091223
44.93998609840079,-123.00679699699282
44.93998591473667,-123.00678500260572
44.93998571576578,-123.00677200868657
44.93998553209904,-123.00676001429977
44.93998533265755,-123.00674698983339
44.939985133682356,-123.00673399591437
44.93998495001163,-123.00672200152776
44.9399847510336,-123.006709007609
44.93998456736026,-123.0066970132226
44.9399843679116,-123.00668398875557
44.93998416892926,-123.00667099483702
44.93998398525194,-123.00665900045075
44.939983786266765,-123.00664600653243
44.939983602586835,-123.00663401214645
44.939983403130995,-123.00662098767872
44.93998320414151,-123.0066079937606
44.939983020457596,-123.00659599937474
44.939982821465286,-123.00658300545685
44.939982637778755,-123.00657101107122
44.939982438315745,-123.00655798660287
44.93998223931911,-123.00654499268514
44.939982055628604,-123.00653299829969
44.93998185662913,-123.00652000438224
44.939981672936014,-123.006508009997
44.93998147346583,-123.00649498552798
44.93998127446205,-123.0064819916107
44.93998109076495,-123.00646999722561
44.939980891758346,-123.00645700330861
44.93998070805863,-123.00644500892376
44.939980509049185,-123.00643201500702
44.93998030957034,-123.00641899053721
44.93998012586665,-123.00640699615255
44.93997992685289,-123.00639400223595
44.93997974314658,-123.00638200785151
44.93997954413,-123.00636901393518
44.939979344643966,-123.00635598946474
44.93997916093368,-123.00634399508047
44.939978961912786,-123.00633100116428
44.93997877819989,-123.00631900678026
44.93997857917616,-123.00630601286436
44.93997837968295,-123.00629298839323
44.93997819596606,-123.00628099400934
44.939977997957584,-123.00626800004163
44.93997787541154,-123.00625600253986
44.93997774265193,-123.00624300524638
44.93997762010327,-123.00623100774474
44.93997749734517,-123.0062189898608
44.939977364581345,-123.00620599256735
44.93997724202882,-123.00619399506573
44.939977109262166,-123.00618099777243
44.939976986707016,-123.006169000271
44.93997686415062,-123.00615700276965
44.939976731379765,-123.00614400547661
44.93997660882075,-123.00613200797541
44.93997647583883,-123.00611899029842
44.93997635327721,-123.0061069927972
44.939976230714315,-123.00609499529602
44.93997609722858,-123.00608199734626
44.93997591951079,-123.00606900219691
44.93997575546229,-123.00605700667452
44.93997557774168,-123.00604401152545
44.93997539964643,-123.00603098909166
44.939975235593955,-123.00601899356941
44.93997505786903,-123.00600599842042
44.939974880142614,-123.00599300327158
44.939974702414744,-123.00598000812285
44.939974538356935,-123.00596801260104
44.93997436025303,-123.00595499016643
44.939974182520835,-123.00594199501785
44.939974004787175,-123.00592899986931
44.93997384072403,-123.00591700434774
44.93997366298754,-123.00590400919951
44.939973484876354,-123.00589098676416
44.93997332080921,-123.00587899124265
44.93997314306841,-123.00586599609453
44.939972965326135,-123.00585300094653
44.93997278758237,-123.00584000579863
44.9399726235099,-123.00582801027763
44.93997244539006,-123.0058149878414
44.93997226764199,-123.00580199269363
44.93997208989244,-123.005788997546
44.939971925814646,-123.0057770020252
44.93997174806227,-123.00576400687781
44.93997157030843,-123.00575101173052
44.939971392179814,-123.00573798929344
44.93997122809666,-123.00572599377288
44.9399710503385,-123.00571299862575
44.939970872578876,-123.0057000034787
44.93997070849176,-123.00568800795847
44.93997053072928,-123.00567501281166
44.93997035259202,-123.00566199037374
44.939970174826605,-123.00564899522696
44.93997001073415,-123.00563699970694
44.93996983296589,-123.00562400456039
44.939969655196165,-123.00561100941394
44.93996947705161,-123.00559798697527
44.939969312953814,-123.00558599145549
44.93996913517977,-123.00557299630921
44.93996895740426,-123.00556000116302
44.93996879330249,-123.00554800564356
44.939968615524144,-123.00553501049757
44.93996843737095,-123.00552198805809
44.93996825958964,-123.00550899291216
44.939968095482534,-123.00549699739292
44.9399679176984,-123.00548400224719
44.939967739912795,-123.00547100710163
44.93996756212572,-123.00545801195615
44.93996739763984,-123.00544598914239
44.93996721984993,-123.0054329939969
44.939967042058534,-123.00541999885158
44.939966877942105,-123.00540800333289
44.93996670014789,-123.00539500818778
44.9399665223522,-123.00538201304279
44.93996634418157,-123.00536899060161
44.93996618005979,-123.00535699508316
44.93996600225979,-123.00534399993829
44.9399658244583,-123.00533100479355
44.93996564665535,-123.00531800964893
44.939965482154754,-123.00530598683349
44.93996530434896,-123.00529299168888
44.9399651265417,-123.00527999654439
44.939964948732964,-123.0052670014
44.93996478460051,-123.00525500588222
44.93996460678895,-123.00524201073809
44.93996442860237,-123.00522898829533
44.93996426446594,-123.00521699277765
44.93996408665005,-123.00520399763364
44.93996390883271,-123.00519100248974
44.93996373101388,-123.00517800734596
44.93996356687211,-123.00516601182873
44.93996338867688,-123.00515298938512
44.93996321085374,-123.00513999424146
44.93996303302912,-123.00512699909794
44.93996286888202,-123.00511500358095
44.939962691054575,-123.00510200843766
44.93996251322565,-123.0050890132945
44.93996234870097,-123.00507699047644
44.93996217086921,-123.00506399533324
44.93996199303598,-123.0050510001902
44.939961815201265,-123.0050380050473
44.939961651044854,-123.00502600953087
44.93996147283368,-123.00501298708564
44.93996129499466,-123.00499999194282
44.93996111715417,-123.00498699680014
44.93996095299241,-123.00497500128394
44.93996077514909,-123.00496200614151
44.939960597304285,-123.00494901099918
44.93996043276488,-123.00493698817944
44.939960254917246,-123.00492399303714
44.939960077068136,-123.00491099789494
44.939959899217556,-123.00489800275284
44.93995973504647,-123.00488600723718
44.93995955719306,-123.00487301209536
44.93995937896447,-123.00485998964842
44.939959201108095,-123.00484699450661
44.939959036931675,-123.00483499899117
44.939958859072476,-123.00482200384961
44.939958681211806,-123.0048090087081
44.93995850334966,-123.00479601356673
44.93995833879416,-123.00478399074527
44.93995816092918,-123.00477099560393
44.93995798306272,-123.00475800046267
44.939957818876984,-123.00474600494779
44.939957641007695,-123.00473300980678
44.939957462763154,-123.00471998735833
44.9399572848909,-123.00470699221734
44.939957120699844,-123.00469499670268
44.939956942824764,-123.00468200156193
44.939956764948214,-123.00466900642131
44.93995658707019,-123.00465601128082
44.93995642249997,-123.00464398845766
44.93995624461911,-123.00463099331715
44.93995606673677,-123.00461799817678
44.939955902536376,-123.00460600266268
44.939955724651206,-123.00459300752254
44.939955546764565,-123.0045800123825
44.93995536850261,-123.00456698993233
44.93995520429687,-123.00455499441848
44.93995502640592,-123.00454199927857
44.93995484851349,-123.00452900413879
44.939954670619585,-123.00451600899912
44.939954506034645,-123.00450398617434
44.93995432813791,-123.00449099103469
44.93995415023969,-123.00447799589516
44.93995398602465,-123.00446600038185
44.93995380812361,-123.00445300524255
44.93995363022108,-123.00444001010335
44.939953451943175,-123.0044269876516
44.9399532877228,-123.00441499213849
44.93995310981597,-123.00440199699948
44.93995293190766,-123.00438900186053
44.93995275399788,-123.00437600672169
44.93995258977217,-123.00436401120908
44.9399524114856,-123.00435098875647
44.93995223357151,-123.00433799361781
44.93995205565595,-123.00432499847919
44.93995189142489,-123.00431300296678
44.939951713506495,-123.00430000782848
44.939951535586616,-123.00428701269027
44.939951370977596,-123.00427498986285
44.939951193054895,-123.00426199472462
44.93995101513072,-123.00424899958657
44.93995083720505,-123.00423600444859
44.939950672964684,-123.00422400893672
44.93995049466217,-123.00421098648253
44.93995031673221,-123.00419799134471
44.93995013880077,-123.00418499620699
44.93994997455504,-123.00417300069535
44.93994979662077,-123.00416000555785
44.939949618685034,-123.00414701042048
44.9399494540613,-123.0041349875914
44.939949276122704,-123.00412199245405
44.939949098182645,-123.0041089973168
44.93994892024111,-123.0040960021797
44.93994875598608,-123.00408400666863
44.93994857804172,-123.00407101153175
44.939948399721786,-123.00405798907586
44.93994822177447,-123.004044993939
44.9399480575141,-123.00403299842814
44.93994787956395,-123.00402000329152
44.939947701612326,-123.00400700815501
44.939947523659235,-123.00399401301863
44.93994735901939,-123.00398199018777
44.93994718106346,-123.0039689950514
44.939947003106056,-123.00395599991512
44.93994683883637,-123.00394400440481
44.93994666087613,-123.0039310092688
44.93994648254025,-123.00391798681132
44.93994630457705,-123.0039049916753
44.93994614030203,-123.00389299616525
44.939945962336004,-123.00388000102946
44.9399457843685,-123.00386700589381
44.939945606399526,-123.00385401075825
44.939945441744975,-123.00384198792574
44.93994526377316,-123.0038289927902
44.93994508579987,-123.0038159976548
44.939944921515526,-123.00380400214529
44.939944743539414,-123.00379100701011
44.93994456556182,-123.00377801187506
44.93994438720853,-123.00376498941586
44.93994422291885,-123.0037529939066
44.93994404493694,-123.00373999877164
44.939943866953556,-123.00372700363687
44.93994368896871,-123.00371400850217
44.939943524673694,-123.00370201299332
44.93994334631174,-123.00368899053329
44.93994316832258,-123.00367599539872
44.93994300402359,-123.00366399989
44.93994282603158,-123.00365100475568
44.93994264803812,-123.00363800962145
44.93994246966888,-123.0036249871607
44.939942305364546,-123.0036129916522
44.93994209585887,-123.00359999690112
44.939941885397616,-123.00358700370485
44.939941674934886,-123.00357401050874
44.9399414801369,-123.00356198447795
44.93994126967133,-123.00354899128192
44.93994105920428,-123.003535998086
44.93994084873577,-123.00352300489024
44.93994065445584,-123.0035110111712
44.93994044346107,-123.00349798566313
44.93994023298825,-123.00348499246755
44.93994002251394,-123.00347199927214
44.93993982822866,-123.0034600055534
44.93993961775154,-123.00344701235824
44.93993940674947,-123.00343398684953
44.93993919626939,-123.00342099365443
44.93993900197878,-123.00340899993603
44.93993879149586,-123.0033960067412
44.939938581011475,-123.00338301354651
44.93993837000212,-123.00336998803719
44.93993817570617,-123.00335799431907
44.93993796521747,-123.0033450011246
44.9399377547273,-123.00333200793024
44.939937544235654,-123.00331901473605
44.93993734941084,-123.00330698870258
44.939937138916356,-123.00329399550843
44.9399369284204,-123.00328100231441
44.93993671792298,-123.00326800912053
44.93993652361635,-123.00325601540325
44.93993631259252,-123.00324298989266
44.93993610209078,-123.00322999669899
44.93993589158758,-123.00321700350545
44.939935697275615,-123.00320500978846
44.93993548624597,-123.00319198427734
44.93993527573845,-123.003178991084
44.939935065229456,-123.00316599789079
44.939934870912154,-123.00315400417409
44.93993466040032,-123.00314101098122
44.93993444936339,-123.00312798546943
44.939934238848615,-123.00311499227652
44.93993404452598,-123.0031029985602
44.939933834008364,-123.00309000536762
44.939933623489274,-123.00307701217517
44.93993341244505,-123.00306398666272
44.93993321811707,-123.0030519929467
44.93993300759368,-123.00303899975445
44.93993279706882,-123.00302600656234
44.93993258654247,-123.00301301337035
44.93993239168546,-123.00300098733359
44.93993218115628,-123.00298799414172
44.93993197062563,-123.00297500094993
44.9399317600935,-123.00296200775828
44.93993156575485,-123.00295001404305
44.93993135469615,-123.00293698852938
44.93993114415972,-123.00292399533794
44.93993093362182,-123.00291100214666
44.93993073927781,-123.00289900843173
44.93993052873708,-123.0028860152407
44.93993031767109,-123.0028729897264
44.939930107127395,-123.00285999653543
44.93992991277806,-123.00284800282081
44.939929702231545,-123.00283500963013
44.939929491159745,-123.00282198411526
44.93992928061027,-123.00280899092462
44.9399290862556,-123.00279699721035
44.93992887570328,-123.00278400401999
44.93992866514951,-123.00277101082979
44.93992845407042,-123.00275798531428
44.939928259710406,-123.0027459916003
44.93992804915232,-123.00273299841028
44.93992783859275,-123.00272000522041
44.93992762803172,-123.00270701203067
44.9399274331425,-123.00269498599066
44.939927222578625,-123.00268199280099
44.93992701201327,-123.00266899961144
44.93992680144646,-123.00265600642204
44.93992660707577,-123.00264401270888
44.93992639598222,-123.00263098719212
44.93992618541108,-123.00261799400293
44.939925974838474,-123.00260500081384
44.93992578046246,-123.00259300710101
44.939925569887016,-123.00258001391224
44.93992535878617,-123.00256698839482
44.93992514820776,-123.0025539952061
44.93992495382641,-123.00254200149355
44.93992474324519,-123.0025290083051
44.9399245326625,-123.0025160151168
44.93992432155435,-123.00250298959872
44.93992412716766,-123.0024909958865
44.939923916580646,-123.0024780026984
44.93992370599217,-123.00246500951043
44.939923495441256,-123.00245201617433
44.93992330228368,-123.00243999030982
44.93992309358574,-123.00242699699996
44.939922884886336,-123.00241400369022
44.9399226922394,-123.00240200986597
44.93992248302251,-123.00238898451552
44.93992227431878,-123.00237599120595
44.939922065613594,-123.00236299789657
44.93992187296133,-123.00235100407262
44.93992166425329,-123.00233801076347
44.93992145502911,-123.00232498541241
44.93992126237286,-123.00231299158865
44.93992105366053,-123.00229999827972
44.939920844946705,-123.0022870049709
44.93992065228649,-123.0022750111475
44.939920443055115,-123.0022619857958
44.939920234337,-123.0022489924872
44.939920041672806,-123.00223699866396
44.939919832951844,-123.00222400535561
44.93991962422942,-123.00221101204741
44.93991941499075,-123.00219798669508
44.939919222321215,-123.00218599287217
44.93991901359447,-123.00217299956417
44.93991880486625,-123.00216000625628
44.939918612192756,-123.00214801243374
44.939918402946915,-123.00213498708077
44.93991819421438,-123.00212199377309
44.939918001536896,-123.00210999995072
44.939917792801545,-123.00209700664333
44.93991758406471,-123.00208401333605
44.93991737481158,-123.00207098798242
44.93991718212875,-123.00205899416038
44.93991697338761,-123.00204600085328
44.93991676464499,-123.00203300754634
44.9399165719582,-123.00202101372469
44.93991636269788,-123.00200798837042
44.93991615395095,-123.00199499506368
44.939915961260176,-123.00198300124215
44.939915752510416,-123.0019700079357
44.93991554375919,-123.00195701462937
44.93991535054954,-123.00194498875958
44.939915141795474,-123.00193199545325
44.93991493303993,-123.00191900214712
44.93991472428292,-123.00190600884112
44.93991453158283,-123.0018940150203
44.93991432230804,-123.00188098966477
44.93991411354671,-123.00186799635897
44.93991392084265,-123.0018560025383
44.939913712078486,-123.00184300923276
44.93991350331285,-123.00183001592734
44.93991331008984,-123.00181799005624
44.939913101321366,-123.00180499675086
44.93991289255143,-123.00179200344563
44.939912699839404,-123.00178000962558
44.939912490551635,-123.00176698426884
44.939912281777374,-123.0017539909638
44.93991207300166,-123.00174099765893
44.9399118802843,-123.00172900383916
44.93991167150573,-123.00171601053454
44.93991146221067,-123.00170298517716
44.93991126948932,-123.00169099135759
44.93991106070646,-123.00167799805317
44.93991085192211,-123.00166500474887
44.93991065919679,-123.00165301092966
44.939910449894555,-123.00163998557166
44.9399102411059,-123.00162699226756
44.939910032315765,-123.0016139989636
44.939909839585106,-123.00160200514469
44.93990963079216,-123.001589011841
44.939909421482625,-123.00157598648237
44.93990922874798,-123.00156399266363
44.93990901995072,-123.00155099936016
44.93990881115197,-123.0015380060568
44.93990861841336,-123.00152601223843
44.93990840909665,-123.00151298687915
44.9399082002936,-123.00149999357598
44.93990800755101,-123.00148799975781
44.939907798745125,-123.00147500645494
44.939907589937754,-123.00146201315219
44.939907380613754,-123.00144898779226
44.93990718786583,-123.00143699397437
44.939906979054165,-123.00142400067182
44.939906770241016,-123.00141100736941
44.939906577489126,-123.00139901355193
44.93990636815794,-123.00138598819136
44.93990615934048,-123.00137299488912
44.9399059665846,-123.00136100107181
44.93990575776431,-123.00134800776983
44.93990554894256,-123.00133501446803
44.93990535566745,-123.0013229885916
44.939905146842854,-123.00130999528983
44.93990493801678,-123.0012970019882
44.93990472918924,-123.00128400868672
44.93990453642405,-123.00127201487008
44.93990432707839,-123.00125898950826
44.939904118246545,-123.00124599620698
44.93990392547737,-123.0012340023905
44.93990371664269,-123.00122100908949
44.93990350780652,-123.0012080157886
44.939903314518055,-123.00119598991083
44.939903105679065,-123.00118299660998
44.93990289634689,-123.00117000385285
44.93990265439718,-123.00115701284639
44.939902430365855,-123.0011449840028
44.93990218841331,-123.00113199299642
44.93990194645929,-123.00111900199019
44.93990172311582,-123.00110701029229
44.939901480467114,-123.00109398214008
44.93990123850878,-123.0010809911341
44.93990099654898,-123.0010680001283
44.939900773200165,-123.00105600843077
44.93990053123753,-123.00104301742527
44.93990028858154,-123.00102998927254
44.939900046615946,-123.00101699826715
44.9398998232618,-123.00100500657003
44.939899581293375,-123.0009920155649
44.93989933863157,-123.00097898741171
44.93989909666021,-123.00096599640672
44.93989887330071,-123.00095400470995
44.939898631326514,-123.0009410137053
44.93989838865889,-123.00092798555164
44.939898165295425,-123.00091599385513
44.93989792331692,-123.0009030028507
44.93989768133693,-123.0008900118465
44.93989743866349,-123.00087698369235
44.939897215294685,-123.00086499199621
44.9398969733104,-123.00085200099223
44.93989673132463,-123.00083900998838
44.939896488645374,-123.00082598183378
44.93989626527123,-123.00081399013804
44.93989602328116,-123.00080099913448
44.93989578128962,-123.00078800813107
44.9398955392966,-123.00077501712786
44.939895315225066,-123.00076298828061
44.93989507322921,-123.0007499972775
44.93989483123188,-123.00073700627449
44.93989458923309,-123.0007240152717
44.93989436515617,-123.00071198642397
44.939894123154545,-123.00069899542125
44.939893881151434,-123.00068600441868
44.939893657762646,-123.00067401272415
44.93989341506457,-123.00066098456807
44.93989317305716,-123.00064799356576
44.939892931048256,-123.00063500256363
44.93989270765414,-123.00062301086949
44.93989243974793,-123.00060998189807
44.939892171845095,-123.00059699292606
44.9398919039408,-123.00058400395427
44.93989165664322,-123.00057201413429
44.93989138788774,-123.00055898403252
44.93989111997913,-123.000545995061
44.93989085206905,-123.00053300608967
44.93989060476613,-123.00052101627014
44.93989033600483,-123.000507986168
44.93989006809044,-123.00049499719697
44.93988980017458,-123.00048200822614
44.939889552866326,-123.00047001840704
44.93988928409922,-123.00045698830449
44.93988901617906,-123.00044399933395
44.939888768866815,-123.00043200951517
44.939888500095364,-123.00041897941223
44.93988823217089,-123.00040599044203
44.93988796424494,-123.00039300147198
44.93988771692737,-123.00038101165364
44.9398874481501,-123.0003679815503
44.93988718021984,-123.0003549925806
44.93988691228811,-123.00034200361101
44.939886664965215,-123.00033001379315
44.939886396182125,-123.00031698368939
44.939886128246094,-123.00030399472017
44.93988586030858,-123.0002910057511
44.93988561298034,-123.00027901593366
44.939885344191445,-123.00026598582953
44.939885076249624,-123.00025299686075
44.93988480830634,-123.00024000789219
44.93988456097275,-123.00022801807522
44.939884292178036,-123.00021498797068
44.939884024230444,-123.00020199900239
44.9398837768929,-123.00019000918569
44.93988350894246,-123.00017702021776
44.93988324014193,-123.00016399011285
44.93988297218855,-123.00015100114507
44.93988272484566,-123.0001390113288
44.939882456040785,-123.00012598122353
44.939882188083104,-123.00011299225606
44.939881920123945,-123.00010000328874
44.93988167277571,-123.00008801347293
44.939881403965025,-123.00007498336727
44.93988113600156,-123.00006199440028
44.93988086803662,-123.00004900543348
44.93988062068305,-123.0000370156181
44.93988035186655,-123.00002398551207
44.93988008389729,-123.00001099654554
44.93987981592657,-122.99999800757921
44.93987956856769,-122.99998601776431
44.93987929993727,-122.99997299387276
44.93987916690086,-122.99995999659045
44.939879044096706,-122.99994799909915
44.93987891105746,-122.99993500181702
44.93987877801675,-122.99992200453497
44.93987864497454,-122.99990900725302
44.93987852216506,-122.99989700976205
44.93987838891095,-122.99988399205455
44.939878255864436,-122.99987099477265
44.93987812281645,-122.9998579974908
44.93987800000163,-122.99984599999999
44.93987786695081,-122.99983300271832
44.93987773389851,-122.99982000543675
44.93987760084475,-122.99980700815529
44.93987747781547,-122.99979499023752
44.939877344758855,-122.99978199295595
44.93987721170079,-122.99976899567453
44.93987707864124,-122.9997559983932
44.93987695581573,-122.99974400090281
44.93987682275334,-122.99973100362159
44.939876689689484,-122.99971800634056
44.93987655662416,-122.99970500905955
44.93987643358415,-122.99969299114042
44.93987630051598,-122.99967999385939
44.939876167446336,-122.99966699657845
44.93987603437522,-122.99965399929759
44.93987591153903,-122.99964200180762
44.93987577846507,-122.99962900452694
44.93987564538965,-122.99961600724636
44.939875512312746,-122.99960300996581
44.93987538926203,-122.9995909920454
44.93987525618228,-122.99957799476482
44.939875123101075,-122.99956499748438
44.93987499001839,-122.99955200020398
44.93987486717151,-122.99954000271448
44.939874734086,-122.99952700543426
44.939874600999,-122.99951400815415
44.93987447793893,-122.99950199023255
44.9398743448491,-122.99948899295237
44.93987421175779,-122.99947599567228
44.939874078665,-122.99946299839229
44.939873955808814,-122.99945100090315
44.939873822713196,-122.99943800362334
44.93987368961611,-122.99942500634363
44.93987355651755,-122.99941200906399
44.939873433446756,-122.99939999114103
44.939873300345354,-122.99938699386135
44.939873167242474,-122.99937399658174
44.939873034138124,-122.99936099930227
44.939872911271266,-122.99934900181356
44.93987277816407,-122.99933600453423
44.93987264505542,-122.99932300725497
44.93987251194528,-122.99931000997583
44.93987238886378,-122.99929799205154
44.939872255750814,-122.99928499477234
44.939872122636366,-122.99927199749324
44.93987198952045,-122.99925900021422
44.9398718666429,-122.99924700272597
44.93987173352415,-122.99923400544712
44.939871600403904,-122.99922100816836
44.93987146707288,-122.9992079904522
44.939871344189996,-122.99919599296409
44.93987121106546,-122.99918299568537
44.939871077939436,-122.99916999840676
44.93987094481194,-122.99915700112818
44.93987082192372,-122.9991450036404
44.9398706887934,-122.99913200636203
44.9398705556616,-122.99911900908373
44.93987042231897,-122.9991059913663
44.9398702994254,-122.99909399387865
44.93987016628929,-122.99908099660041
44.9398700331517,-122.99906799932222
44.93986991025417,-122.99905600183479
44.93986977711374,-122.99904300455684
44.939869643971846,-122.99903000727896
44.93986951082848,-122.99901701000115
44.939869387716215,-122.99900499207303
44.93986925457,-122.99899199479518
44.93986912142232,-122.99897899751745
44.93986898827317,-122.99896600023975
44.93986886536494,-122.99895400275278
44.939868732212965,-122.99894100547527
44.93986859861867,-122.99892801267107
44.93986839259483,-122.99891498760624
44.939868202878365,-122.99890299359532
44.939867997350774,-122.99889000008363
44.939867791821705,-122.99887700657209
44.93986758629117,-122.99886401306067
44.93986739607025,-122.9988519874961
44.93986719053688,-122.99883899398473
44.93986698500203,-122.99882600047349
44.9398667794657,-122.99881300696238
44.939866589738564,-122.99880101295228
44.93986638370025,-122.99878798788619
44.939866178159626,-122.99877499437528
44.93986597261751,-122.9987620008645
44.939865782885036,-122.99875000685468
44.9398655773401,-122.99873701334418
44.939865371294495,-122.99872398827742
44.93986516574661,-122.998710994767
44.939864976008785,-122.99869900075748
44.939864770458065,-122.99868600724729
44.939864564905875,-122.99867301373725
44.93986435885298,-122.99865998866984
44.93986416910982,-122.99864799466062
44.93986396355332,-122.99863500115076
44.93986375799533,-122.99862200764105
44.93986355243589,-122.99860901413146
44.93986336218813,-122.99859698856413
44.93986315662585,-122.9985839950546
44.93986295106208,-122.99857100154522
44.939862745496846,-122.99855800803594
44.93986255574302,-122.99854601402753
44.93986234967565,-122.99853298895883
44.9398621441061,-122.99851999544975
44.93986193853508,-122.99850700194081
44.93986174877591,-122.99849500793269
44.93986154320206,-122.998482014424
44.939861337127404,-122.99846898935466
44.93986113155061,-122.99845599584606
44.939860941786094,-122.99844400183822
44.939860736206455,-122.99843100832986
44.93986053062536,-122.99841801482168
44.939860324543396,-122.99840498975168
44.93986011895934,-122.9983919962435
44.93985992918813,-122.9983800022361
44.939859723601245,-122.99836700872824
44.939859518012874,-122.9983540152205
44.939859311923634,-122.99834099014981
44.939859122147084,-122.99832899614272
44.939858916554414,-122.99831600263516
44.93985871096026,-122.99830300912775
44.93985850536464,-122.99829001562043
44.93985831508332,-122.99827799004969
44.93985810948487,-122.99826499654247
44.93985790388493,-122.99825200303533
44.939857698283525,-122.99823900952838
44.93985750849631,-122.99822701552209
44.93985730239258,-122.99821399045014
44.93985709816554,-122.99820099821883
44.93985698908765,-122.99818900019801
44.93985687091853,-122.99817600234218
44.939856752747936,-122.99816300448641
44.93985663457585,-122.99815000663074
44.93985652549263,-122.9981380086102
44.93985640715277,-122.9981249926119
44.93985628897638,-122.99811199475623
44.93985617988917,-122.9980999967357
44.939856061709946,-122.9980869988802
44.93985594352925,-122.99807400102475
44.93985583443807,-122.99806200300443
44.93985571625453,-122.99804900514917
44.93985559806953,-122.99803600729398
44.939855488809386,-122.99802399112934
44.93985537062154,-122.99801099327405
44.93985525243222,-122.99799799541886
44.93985514333308,-122.99798599739877
44.93985502514093,-122.99797299954373
44.939854906947296,-122.99796000168878
44.93985479784417,-122.99794800366887
44.93985467964771,-122.99793500581411
44.93985456144977,-122.99792200795939
44.939854452177656,-122.99790999179322
44.939854333976875,-122.99789699393838
44.93985421577462,-122.9978839960837
44.93985410666355,-122.99787199806403
44.93985398845846,-122.9978590002095
44.9398538702519,-122.997846002355
44.939853761136845,-122.99783400433557
44.93985364292746,-122.99782100648125
44.93985352471658,-122.99780800862703
44.939853415432495,-122.99779599245929
44.93985329721879,-122.99778299460496
44.93985317900361,-122.99776999675073
44.9398530698806,-122.99775799873152
44.93985295166258,-122.99774500087744
44.9398528334431,-122.99773200302346
44.9398527243161,-122.99772000500444
44.93985260609377,-122.9977070071506
44.93985248770489,-122.99769399114656
44.93985237857392,-122.99768199312756
44.93985226034728,-122.99766899527373
44.939852142119165,-122.99765599741998
44.939852023889586,-122.9976429995663
44.93985191475327,-122.99763100154762
44.939851796520855,-122.99761800369407
44.939851678286956,-122.99760500584064
44.93985156914667,-122.99759300782216
44.93985145074482,-122.99757999181662
44.93985133250661,-122.99756699396319
44.939851223362346,-122.99755499594472
44.9398511051213,-122.99754199809142
44.93985098687878,-122.99752900023825
44.939850877730535,-122.99751700222
44.93985075948518,-122.99750400436695
44.93985064123836,-122.99749100651397
44.93985053208613,-122.99747900849592
44.939850413671316,-122.9974659924889
44.93985029542017,-122.99745299463589
44.93985018626397,-122.99744099661787
44.93985006801,-122.99742799876508
44.93984994975455,-122.99741500091238
44.93984984059437,-122.99740300289457
44.93984972233609,-122.99739000504199
44.939849604076336,-122.9973770071895
44.93984949474698,-122.99736499101587
44.939849376484396,-122.99735199316335
44.93984925822032,-122.99733899531087
44.93984914905218,-122.99732699729327
44.939849030785275,-122.99731399944093
44.939848912516894,-122.9973010015887
44.93984880334478,-122.99728900357132
44.939848685073564,-122.99727600571924
44.93984856680088,-122.99726300786725
44.93984845745955,-122.99725099169208
44.939848339184024,-122.99723799384
44.93984822090703,-122.997224995988
44.93984811172695,-122.99721299797086
44.93984799344712,-122.99720000011904
44.93984787516581,-122.99718700226725
44.93984776598175,-122.99717500425032
44.93984764769761,-122.99716200639872
44.93984752941199,-122.9971490085472
44.939847410959636,-122.99713599253576
44.93984730177024,-122.9971239945189
44.93984700762358,-122.99711099965249
44.939846733811954,-122.99709901213477
44.93984643614107,-122.99708598011745
44.93984616232681,-122.99707399259991
44.9398458656933,-122.99706100612276
44.93984559187644,-122.99704901860558
44.93984529419985,-122.99703598658792
44.93984502038037,-122.99702399907089
44.93984472374119,-122.99701101259429
44.93984444887882,-122.9969989795361
44.93984415223681,-122.99698599305965
44.93984385559332,-122.99697300658342
44.93984358176725,-122.99696101906707
44.93984328408061,-122.99694798704883
44.93984301025193,-122.99693599953261
44.93984271360277,-122.99692301305691
44.939842438731134,-122.99691097999806
44.939842142079144,-122.99689799352251
44.93984186824523,-122.99688600600683
44.939841571590414,-122.99687301953166
44.9398412967135,-122.99686098647243
44.93984100005585,-122.99684799999747
44.9398407262167,-122.99683601248226
44.9398404285158,-122.99682298046311
44.93984015467404,-122.99681099294807
44.939839858010714,-122.99679800647361
44.93983958416634,-122.99678601895896
44.93983928645974,-122.99677298693949
44.939839012612744,-122.99676099942494
44.939838715943765,-122.99674801295106
44.939838441053666,-122.99673597989083
44.939838144381845,-122.9967229934171
44.93983784770855,-122.99671000694356
44.93983757385497,-122.99669801942973
44.93983727613833,-122.99668498740964
44.93983700228213,-122.99667299989596
44.93983741463894,-122.99666002665428
44.93983780241448,-122.9966479872986
44.93983822026483,-122.99663501415922
