44.038945000591276,-123.08967609764964
44.03893600830426,-123.0896764291813
44.03892699548474,-123.08967676664186
44.03891800200029,-123.0896771033784
44.03890900851581,-123.08967744011483
44.03889999569628,-123.08967777757509
44.038891002211805,-123.0896781143113
44.038882008727356,-123.08967845104743
44.038872995907816,-123.0896787885074
44.038864002423345,-123.08967912524331
44.03885500893887,-123.08967946197912
44.03884599611933,-123.08967979943878
44.038836003358796,-123.08968017358944
44.03882700987432,-123.08968051032494
44.03881799705476,-123.08968084778427
44.03880900357028,-123.08968118451956
44.03879999075073,-123.08968152197868
44.03879099726624,-123.08968185871377
44.03878200378175,-123.08968219544877
44.038772990962194,-123.08968253290757
44.0387639974777,-123.08968286964236
44.03875500399321,-123.08968320637703
44.03874599117365,-123.08968354383556
44.038736997689135,-123.08968388057002
44.03872800420464,-123.08968421730438
44.038718991385075,-123.0896845547626
44.03870999790056,-123.08968489149676
44.03870100185313,-123.08968514787693
44.03869200458723,-123.089685366056
44.03868399448985,-123.08968556029667
44.03867499722396,-123.08968577847563
44.03866599995808,-123.0896859966545
44.0386570026922,-123.08968621483329
44.038648005426296,-123.08968643301205
44.03863999532891,-123.08968662725243
44.03863099806301,-123.08968684543103
44.03862200079712,-123.08968706360957
44.03861300353124,-123.08968728178807
44.03860400626534,-123.08968749996649
44.03859599616794,-123.08968769420657
44.03858699890205,-123.08968791238487
44.038578001636154,-123.0896881305631
44.03856900437027,-123.08968834874128
44.038559994576644,-123.08968856722313
44.03855199700697,-123.08968876115917
44.038542999741054,-123.08968897933713
44.038534002475174,-123.08968919751503
44.03852500218471,-123.08968888178887
44.03851600812932,-123.08968856013605
44.0385069956047,-123.08968823782281
44.03849800154929,-123.08968791617019
44.038489007493894,-123.08968759451764
44.03847999496928,-123.0896872722047
44.03847100091386,-123.08968695055236
44.03846200685845,-123.08968662890011
44.03845299433382,-123.08968630658747
44.03844400027842,-123.0896859849354
44.038435006223004,-123.08968566328346
44.03842599369836,-123.08968534097112
44.03841699964296,-123.08968501931935
44.038408005587534,-123.08968469766769
44.038398993062884,-123.08968437535563
44.038389999007464,-123.08968405370418
44.03838100495204,-123.08968373205279
44.03837199242739,-123.08968340974103
44.03836299837197,-123.08968308808986
44.038354004316545,-123.08968276643878
44.03834499179188,-123.08968244412733
44.03833599773645,-123.08968212247643
44.03832700368103,-123.08968180082567
44.03831799115636,-123.08968147851446
44.03830899710093,-123.0896811568639
44.03830000304549,-123.08968083521341
44.03829100899006,-123.08968051356302
44.038281996465386,-123.08968019125223
44.03827300240994,-123.08967986960205
44.038264008354496,-123.08967954795195
44.038254995829824,-123.08967922564146
44.038246001774375,-123.08967890399155
44.03823700771893,-123.08967858234175
44.038228994533746,-123.0896782957704
44.03822000047829,-123.08967797412078
44.03821100642283,-123.08967765247125
44.03820199389814,-123.08967733016135
44.03819299984269,-123.089677008512
44.03818400578723,-123.08967668686279
44.038174993262544,-123.08967636455316
44.03816599920707,-123.08967604290413
44.038157005151604,-123.08967572125519
44.038147992626904,-123.08967539894584
44.03813899857143,-123.08967507729713
44.03813000451598,-123.08967475564849
44.03812099199126,-123.08967443333944
44.038111997935786,-123.08967411169101
44.03810300388032,-123.08967379004267
44.03809399135561,-123.0896734677339
44.038084997300125,-123.08967314608576
44.03807600324464,-123.08967282443768
44.03806699071993,-123.08967250212926
44.03805799666445,-123.08967218048139
44.03804900260897,-123.08967185883363
44.038040008553466,-123.08967153718596
44.038030996028745,-123.0896712148779
44.03802200197325,-123.08967089323043
44.038013007917755,-123.08967057158307
44.03800399539304,-123.0896702492753
44.037995001337535,-123.08966992762812
44.03798600728202,-123.08966960598104
44.03797699475731,-123.08966928367356
44.0379680007018,-123.08966896202669
44.0379590066463,-123.08966864037988
44.03794999412156,-123.08966831807273
44.037941001032905,-123.08966798593562
44.03793202131165,-123.08966670981457
44.03792304159036,-123.0896654336939
44.037913989186144,-123.08966414724456
44.0379050094648,-123.08966287112466
44.03789602974342,-123.08966159500515
44.03788705002202,-123.08966031888603
44.03787799761769,-123.08965903243822
44.03786901789622,-123.08965775631987
44.03785904850378,-123.08965633955873
44.037850068782284,-123.08965506344116
44.037841016377826,-123.08965377699498
44.037832036656255,-123.0896525008782
44.03782305693464,-123.08965122476184
44.037814077213014,-123.08964994864581
44.03780509749136,-123.0896486725302
44.037796045086765,-123.08964738608596
44.037787065365045,-123.08964610997111
44.0377780856433,-123.08964483385665
44.03776910592153,-123.08964355774256
44.03776005351682,-123.08964227129988
44.03775107379499,-123.08964099518658
44.037742094073145,-123.08963971907367
44.03773205199733,-123.08963829198954
44.037723072275426,-123.08963701587744
44.03771401987058,-123.08963572943674
44.0377050401486,-123.0896344533254
44.037695987743675,-123.08963316688546
44.03768700802164,-123.08963189077491
44.03767802829959,-123.08963061466476
44.037668975894604,-123.08962932822598
44.037659996172486,-123.08962805211658
44.037650942506716,-123.08962645909764
44.03764099394771,-123.089624048329
44.03763201593598,-123.08962187274736
44.037623037924185,-123.08961969716638
44.037614059912286,-123.08961752158605
44.03760496035764,-123.08961531655378
44.03759598234558,-123.08961314097472
44.03758700433346,-123.08961096539635
44.03757802632124,-123.08960878981863
44.03756904830893,-123.08960661424155
44.03755994875388,-123.08960440921257
44.037550970741414,-123.08960223363678
44.03754199272888,-123.08960005806166
44.03753301471626,-123.0895978824872
44.03752403670355,-123.08959570691337
44.03751493714808,-123.08959350188768
44.0375059591352,-123.08959132631517
44.03749698112226,-123.08958915074331
44.037488003109225,-123.08958697517208
44.037479025096104,-123.08958479960151
44.03746994143689,-123.08958240190582
44.03746101668094,-123.0895798855223
44.03745291249837,-123.08957760050461
44.03744398774221,-123.08957508412252
44.037435062985956,-123.08957256774116
44.03742695880309,-123.08957028272542
44.03741803404662,-123.08956776634548
44.03740992986358,-123.08956548133104
44.037401005106894,-123.08956296495253
44.03739194038693,-123.08956040911148
44.03738397616677,-123.08955816356227
44.03737505140977,-123.08955564718593
44.03736694722625,-123.08955336217471
44.03735802246905,-123.08955084579979
44.03734895774857,-123.0895482899624
44.03734100606252,-123.08954596837754
44.037332066687696,-123.08954265215343
44.037322948326434,-123.08953926953212
44.03731400895123,-123.08953595330996
44.037303956987714,-123.0895322243544
44.03729501761211,-123.08952890813428
44.03728607823632,-123.08952559191518
44.03727695987409,-123.08952220929892
44.03726802049792,-123.08951889308175
44.03725908112157,-123.08951557686554
44.03725001445235,-123.08951193433084
44.03724189508499,-123.08950847671713
44.03723306262626,-123.08950471543623
44.03722494325849,-123.08950125782442
44.037216110799285,-123.08949749654558
44.03720799143112,-123.08949403893567
44.03719908809068,-123.08949056298589
44.037190923697935,-123.08948737853133
44.03718294618599,-123.08948426696901
44.03717404156523,-123.08948079379661
44.037166064052954,-123.089477682236
44.037156972550825,-123.08947413617422
44.037148995038194,-123.0894710246153
44.03714101752541,-123.08946791305723
44.03713206937722,-123.08946460378237
44.03712307752747,-123.08946155723577
44.03711408567757,-123.08945851069004
44.03710492853482,-123.08945540814211
44.0370959366846,-123.0894523615982
44.03708694483422,-123.0894493150552
44.037077952983694,-123.08944626851311
44.037068961132995,-123.08944322197189
44.037059969282154,-123.08944017543159
44.03705104160606,-123.0894368002348
44.03704196994541,-123.08943314430256
44.03703309043134,-123.08942956580766
44.03702401877024,-123.08942590987753
44.03701513925574,-123.08942233138472
44.03700699015802,-123.08941904725482
44.0369981106431,-123.08941546876397
44.03698903898113,-123.08941181283801
44.03698007203663,-123.0894085341502
44.03697102665124,-123.08940582765055
44.03696198126573,-123.08940312115169
44.036954039453946,-123.08940074485739
44.0369449940682,-123.08939803836002
44.03693594868233,-123.0893953318635
44.036927051092846,-123.08939266959038
44.036918005706724,-123.08938996309547
44.036908960320474,-123.08938725660134
44.03690006273064,-123.08938459433062
44.03689197312159,-123.08938217381859
44.036882927735,-123.08937946732681
44.036874030144766,-123.08937680505834
44.03686498475793,-123.08937409856816
44.03685593937096,-123.08937139207879
44.036847041780376,-123.08936872981269
44.03683799639315,-123.0893660233249
44.03683004362115,-123.08936367653578
44.03682095874471,-123.08936130592073
44.036812004140124,-123.08935896929964
44.036802919263515,-123.08935659868604
44.03679396465874,-123.08935426206635
44.036785010053876,-123.08935192544735
44.03677592517698,-123.08934955483585
44.036766970571925,-123.08934721821828
44.03675801596679,-123.08934488160136
44.0367489310896,-123.08934251099198
44.03673997648426,-123.08934017437649
44.03673102187883,-123.08933783776169
44.03672193700135,-123.08933546715444
44.03671298239575,-123.08933313054105
44.03670402779004,-123.08933079392833
44.03669494291228,-123.0893284233232
44.036685988306374,-123.08932608671188
44.03667703370037,-123.08932375010127
44.03666794882234,-123.08932137949826
44.03665899421615,-123.08931904288904
44.036650039609874,-123.08931670628051
44.03664103998328,-123.08931462305037
44.036632024117566,-123.08931277262732
44.03662300825179,-123.08931092220483
44.036613992385945,-123.08930907178289
44.03660497652005,-123.08930722136151
44.03659606446476,-123.08930539224684
44.03658704859873,-123.08930354182654
44.03657803273267,-123.08930169140683
44.036569016866544,-123.08929984098766
44.036560001000346,-123.08929799056907
44.036550985134106,-123.08929614015103
44.03654196926779,-123.08929428973353
44.03653305721209,-123.08929246062269
44.03652404134564,-123.0892906102063
44.03651502547917,-123.0892887597905
44.03650503091871,-123.08928670850825
44.036496015052094,-123.08928485809359
44.03648699918543,-123.0892830076795
44.036477983318704,-123.08928115726597
44.03646896745191,-123.089279306853
44.03646002852166,-123.08927762328591
44.03645097748817,-123.0892762973362
44.03644200133581,-123.08927498235674
44.03643302518341,-123.08927366737765
44.03642298511968,-123.08927219653927
44.03641400896721,-123.08927088156102
44.03640503281473,-123.08926956658321
44.036395981781055,-123.08926824063592
44.03638700562849,-123.08926692565886
44.03637704044576,-123.08926546579261
44.03636798941198,-123.08926413984656
44.036359013259336,-123.08926282487076
44.03635001346704,-123.08926168073252
44.03634100230871,-123.08926094526657
44.03633099458126,-123.08926012846368
44.03632198342291,-123.08925939299822
44.03631301430091,-123.08925866096386
44.03630400314253,-123.08925792549883
44.03629399541504,-123.08925710869694
44.03628498425665,-123.0892563732324
44.036276015134625,-123.08925564119896
44.036266007407086,-123.08925482439784
44.03625699624867,-123.08925408893398
44.03624798509024,-123.08925335347035
44.036239015968164,-123.08925262143784
44.036229008240596,-123.08925180463773
44.036219998263846,-123.08925116796522
44.03621100012402,-123.08925098800202
44.036201002190865,-123.08925078804302
44.036192004051046,-123.08925060807996
44.03618299557696,-123.08925042791029
44.03617399743712,-123.08925024794733
44.03616399950397,-123.08925004798859
44.036155001364136,-123.08924986802575
44.0361460032243,-123.08924968806296
44.03613600529114,-123.0892494881044
44.036126996817075,-123.08924930793505
44.036117998677234,-123.08924912797245
44.0361090005374,-123.0892489480099
44.03609900260424,-123.08924874805156
44.0360900044644,-123.08924856808913
44.03608099851613,-123.08924853455359
44.03607199869311,-123.08924859007038
44.0360629988701,-123.08924864558713
44.036053999047105,-123.08924870110387
44.03604499922408,-123.0892487566206
44.036035999401086,-123.08924881213731
44.03602699957807,-123.08924886765402
44.03601799975506,-123.08924892317069
44.03600899993206,-123.08924897868734
44.03600000010905,-123.08924903420397
44.035991000286046,-123.08924908972061
44.03598200046302,-123.08924914523722
44.03597300064003,-123.08924920075383
44.03596400081701,-123.08924925627038
44.03595500099401,-123.08924931178693
44.035946001171,-123.0892493673035
44.03593699815996,-123.08924942283967
44.03592799833696,-123.08924947835617
44.03591899851395,-123.08924953387267
44.03590999869095,-123.08924958938915
44.03590099886793,-123.0892496449056
44.03589199904492,-123.08924970042204
44.03588299922192,-123.08924975593847
44.0358739993989,-123.08924981145488
44.03586599955622,-123.08924986080278
44.03585699973321,-123.08924991631916
44.03584799991021,-123.08924997183551
44.03583900008721,-123.08925002735184
44.035830000264184,-123.08925008286818
44.035821000441175,-123.0892501383845
44.03581200061816,-123.08925019390077
44.03580300079516,-123.08925024941705
44.03579400097217,-123.0892503049333
44.035785001149144,-123.08925036044953
44.035776001326134,-123.08925041596575
44.03576699831511,-123.08925047150163
44.035757998492095,-123.08925052701782
44.03574899866909,-123.08925058253399
44.03573999884607,-123.08925063805015
44.035730999023066,-123.0892506935663
44.03572199920005,-123.0892507490824
44.03571299937705,-123.08925080459852
44.035703999554045,-123.08925086011459
44.035694999731014,-123.08925091563067
44.03568599990801,-123.08925097114671
44.035677000085,-123.08925102666277
44.03566800026199,-123.08925108217878
44.03565900043898,-123.08925113769477
44.03565000061596,-123.08925119321077
44.03564099990923,-123.08925100719624
44.03563200267885,-123.08925078761659
44.0356230054485,-123.089250568037
44.03561399560868,-123.08925034814976
44.0356049983783,-123.0892501285703
44.03559600114792,-123.08924990899091
44.03558800360982,-123.08924971380928
44.03557899377,-123.0892494939223
44.03556999653962,-123.08924927434308
44.03556099930924,-123.08924905476397
44.03555200207887,-123.08924883518489
44.035543004848485,-123.08924861560591
44.03553399500867,-123.08924839571922
44.03552499777829,-123.08924817614037
44.0355160005479,-123.08924795656156
44.03550700331753,-123.08924773698284
44.03549799347769,-123.08924751709647
44.03548899624731,-123.08924729751787
44.03547999901693,-123.08924707793935
44.0354720014788,-123.08924688275847
44.03546300424842,-123.08924666318008
44.0354539944086,-123.089246443294
44.035444997178196,-123.08924622371573
44.035435999947815,-123.08924600413752
44.03542700271741,-123.0892457845594
44.03541800548703,-123.08924556498134
44.0354089956472,-123.08924534509559
44.03539999841681,-123.08924512551766
44.0353910011864,-123.08924490593976
44.03538200395601,-123.08924468636198
44.03537299411619,-123.0892444664765
44.035364996578046,-123.08924427129634
44.03535599934765,-123.08924405171874
44.035347002117255,-123.08924383214121
44.03533800488686,-123.08924361256372
44.03532899504702,-123.08924339267857
44.035319995483135,-123.08924311863032
44.03531098268883,-123.08924245465842
44.03530200786313,-123.08924179348386
44.03529399227166,-123.08924120297615
44.03528501744593,-123.08924054180197
44.035276004651614,-123.08923987783088
44.03526798906012,-123.0892392873237
44.03525901423438,-123.08923862615009
44.03525000144001,-123.08923796217955
44.0352410121942,-123.08923683418075
44.035231959837006,-123.08923554614475
44.035223969902034,-123.08923440927833
44.035214990322366,-123.08923313159835
44.03520601074268,-123.08923185391879
44.03519695838538,-123.08923056588431
44.035187978805624,-123.08922928820549
44.03517899922584,-123.08922801052708
44.03517004406345,-123.08922658052236
44.035161026496176,-123.0892247477603
44.03515200892883,-123.0892229149988
44.03514299136145,-123.08922108223783
44.03513397379398,-123.08921924947741
44.03512495622647,-123.08921741671753
44.035116041506804,-123.08921560486135
44.035107023939176,-123.0892137721026
44.035098006371484,-123.0892119393444
44.03508898880374,-123.08921010658673
44.03507998255314,-123.08920828614461
44.0350709862909,-123.08920722484208
44.03506199002863,-123.08920616353988
44.03505299376633,-123.089205102238
44.03504399750402,-123.08920404093645
44.03503500124169,-123.08920297963519
44.03502600497934,-123.08920191833427
44.03501700871696,-123.08920085703369
44.03500801245456,-123.08919979573339
44.03499901619216,-123.08919873443344
44.03499001992973,-123.08919767313382
44.03498095795277,-123.08919529840065
44.0349720195201,-123.08919286146988
44.034962945391634,-123.08919038754443
44.034954006958756,-123.08918795061514
44.03494493283009,-123.08918547669117
44.03493503139236,-123.08918277721479
44.03492595726348,-123.08918030329237
44.03491701883018,-123.08917786636606
44.0349079447011,-123.08917539244513
44.03489900626759,-123.08917295552027
44.034889929408635,-123.08917041085817
44.034881090621056,-123.08916747256438
44.034873035271595,-123.08916479471114
44.034864033952516,-123.08916180238847
44.03485503263329,-123.08915881006672
44.034846031313904,-123.08915581774585
44.0348379759639,-123.08915313989567
44.034828974644235,-123.08915014757646
44.03481997332441,-123.08914715525816
44.03481191797403,-123.08914447741024
44.034802916653916,-123.0891414850936
44.03479407786488,-123.08913854680824
44.034786022514105,-123.08913586896261
44.03477702119357,-123.08913287664853
44.03476801987287,-123.0891298843353
44.034759964521704,-123.08912720649201
44.0347509632007,-123.08912421418046
44.03474196187957,-123.0891212218698
44.03473390652801,-123.08911854402876
44.034724905206595,-123.08911555171979
44.034716066416244,-123.08911261344196
44.034707065094516,-123.08910962113474
44.03469900974244,-123.08910694329677
44.034690008420405,-123.08910395099122
44.03468100709825,-123.08910095868656
44.034672951745776,-123.08909828085089
44.034663950423315,-123.0890952885479
44.034654949100705,-123.0890922962458
44.03464689374783,-123.08908961841243
44.034637892424946,-123.089086626112
44.03462909743123,-123.08908351105124
44.034620927990375,-123.08908036137302
44.034612014944344,-123.0890769250034
44.03460310189809,-123.08907348863475
44.034594003801566,-123.08906998092223
44.03458601941008,-123.08906690259246
44.03457692131316,-123.0890633948819
44.03456800826614,-123.0890599585172
44.03455909521892,-123.08905652215348
44.03455092577664,-123.08905337248244
44.03454201272904,-123.08904993612063
44.03453309968123,-123.08904649975982
44.034524930238426,-123.08904335009144
44.034516017190235,-123.08903991373253
44.03450691909174,-123.08903640602998
44.03449800604314,-123.0890329696731
44.03449002164974,-123.08902989135292
44.03448092355067,-123.08902638365336
44.03447201050149,-123.08902294729936
44.034464026107564,-123.08901986898181
44.034454928007904,-123.08901636128519
44.03444601495813,-123.0890129249341
44.034437101908175,-123.08900948858401
44.03442893246343,-123.0890063389255
44.03442001941309,-123.08900290257732
44.034410921312436,-123.08899939488572
44.03440200826168,-123.08899595853957
44.03439402386636,-123.08899288022903
44.03438492576511,-123.08898937254041
44.03437601271379,-123.08898593619718
44.03436802831795,-123.0889828578892
44.034358930216094,-123.08897935020356
44.03435009343206,-123.08897557722337
44.034341976453746,-123.088972106546
44.034332945811066,-123.08896824520298
44.034324117084516,-123.08896447019687
44.03431600010554,-123.08896099952243
44.03430696946215,-123.08895713818264
44.03429905439914,-123.08895375384584
44.03429002375529,-123.08894989250817
44.0342819067755,-123.08894642183756
44.03427307804754,-123.0889426468377
44.03426404740298,-123.08893878550325
44.03425593042253,-123.08893531483551
44.034247101693886,-123.08893153983882
44.03423898471302,-123.08892806917301
44.03422995406751,-123.08892420784284
44.03422112533817,-123.0889204328493
44.03421300835666,-123.08891696218637
44.03420397771045,-123.08891310085944
44.03419606264494,-123.08890971653392
44.03418703199824,-123.08890585520906
44.034178915015914,-123.08890238454998
44.034170086285165,-123.08889860956269
44.03416105563776,-123.08889474824109
44.034152938654806,-123.08889127758492
44.03414410992333,-123.08888750260077
44.03413599293994,-123.08888403194648
44.03412696229161,-123.08888017062915
44.034119047224216,-123.08887678631203
44.03411001657542,-123.08887292499679
44.034100985926365,-123.08886906368271
44.034093070858354,-123.08886567936844
44.03408404020883,-123.08886181805643
44.034075923223966,-123.0888583474089
44.034067094490425,-123.08885457243412
44.034058063840185,-123.08885071112537
44.03404994685467,-123.08884724048077
44.03404111812042,-123.08884346550914
44.034033001134496,-123.08883999486643
44.03402397048333,-123.08883613356193
44.034016055413446,-123.08883274925606
44.034007024761806,-123.0888288879537
44.03399799410992,-123.08882502665243
44.033990079039405,-123.0888216423494
44.03398104838705,-123.08881778105024
44.03397293139965,-123.08881431041426
44.033964102663305,-123.08881053545204
44.03395507201022,-123.08880667415613
44.033946955022195,-123.08880320352306
44.03393812628514,-123.088799428564
44.03393000929669,-123.08879595793285
44.033920978642676,-123.08879209664119
44.03391306357029,-123.08878871234656
44.03390403291583,-123.08878485105703
44.033895002261104,-123.08878098976861
44.03388688527159,-123.08877751914227
44.0338780565329,-123.08877374419052
44.03386993954297,-123.0887702735661
44.033860908887306,-123.08876641228193
44.03385299381347,-123.08876302799386
44.033843963157345,-123.08875916671184
44.03383493250097,-123.08875530543092
44.03382701742649,-123.08875192114569
44.033817986769655,-123.08874805986689
44.033809869778246,-123.08874458924917
44.03380104103747,-123.08874081430682
44.033792010379905,-123.08873695303124
44.03378389338786,-123.08873348241646
44.03377506464638,-123.08872970747726
44.03376694765391,-123.08872623686439
44.03375791699543,-123.08872237559306
44.03375000191907,-123.08871899131624
44.03374097126011,-123.08871513004704
44.03373194060091,-123.08871126877898
44.03372402552394,-123.08870788450501
44.033714994864276,-123.08870402323903
44.033706877870316,-123.08870055263287
44.03369804912674,-123.08869677770309
44.033689018466355,-123.08869291644034
44.03368090147178,-123.0886894458371
44.0336720727275,-123.08868567091045
44.03366395573249,-123.08868220030912
44.03365492507117,-123.08867833905063
44.03364700999232,-123.08867495478509
44.03363797933053,-123.08867109352873
44.03362894866848,-123.0886672322735
44.03362103358901,-123.08866384801077
44.0336120029265,-123.08865998675765
44.03360388593003,-123.08865651616307
44.03359505718365,-123.08865274124577
44.03358602652043,-123.0886488799959
44.033577909523316,-123.08864540940422
44.033569080776225,-123.0886416344901
44.03356096377869,-123.0886381639003
44.03355193311453,-123.08863430265468
44.0335440180332,-123.08863091840038
44.03353498736856,-123.08862705715686
44.03352595670369,-123.08862319591447
44.033518041621726,-123.088619811663
44.03350901095639,-123.0886159504227
44.03350089395738,-123.08861247983965
44.03349206520819,-123.08860870493493
44.03348394820876,-123.08860523435378
44.033474917542485,-123.08860137311775
44.03346608879259,-123.08859759821618
44.03345797179254,-123.08859412763796
44.03344894112553,-123.08859026640516
44.0334410260417,-123.08858688216212
44.03344069306789,-123.0885739956498
44.03344078096553,-123.08856199689565
44.0334408688619,-123.0885499981414
44.033440964081564,-123.08853699949096
44.03344105197533,-123.08852500073661
44.03344113986784,-123.08851300198222
44.0334412350833,-123.08850000333156
44.0334413229732,-123.08848800457707
44.03344141086183,-123.08847600582253
44.0334415061769,-123.08846299300193
44.03344159406292,-123.08845099424745
44.033441689271356,-123.08843799559672
44.033441777154756,-123.08842599684215
44.0334418650369,-123.0884139980875
44.03344196024115,-123.08840099943663
44.033442048120676,-123.08838900068189
44.03344213599895,-123.08837700192709
44.033442231199004,-123.088364003276
44.033442319074666,-123.0883520045211
44.03344240694907,-123.08834000576614
44.03344249468289,-123.08832701846408
44.03344226751581,-123.08831499022504
44.033442022163804,-123.08830199919014
44.033441776810335,-123.0882890081554
44.033441550328895,-123.08827701643119
44.033441304282945,-123.0882639888813
44.03344105892516,-123.08825099784683
44.03344083243976,-123.08823900612286
44.03344058707915,-123.0882260150887
44.03344034102738,-123.08821298753834
44.033440114537996,-123.08820099581459
44.03343986917309,-123.08818800478069
44.03343962380669,-123.08817501374693
44.03343939662361,-123.08816298550643
44.03343915125439,-123.08814999447277
44.0334389058837,-123.08813700343929
44.033438679386364,-123.08812501171622
44.03343843332309,-123.08811198416498
44.033438187948086,-123.08809899313172
44.03343796144678,-123.08808700140888
44.03343771606894,-123.08807401037596
44.03343746999987,-123.08806098282429
44.033437243494575,-123.08804899110164
44.03343700071731,-123.08803600000995
44.03343708679496,-123.08802400120467
44.03343716569838,-123.08801300229977
44.03343725177363,-123.08800100349437
44.033437330674836,-123.0879900045894
44.033437416747674,-123.08797800578387
44.03343750280521,-123.087965993364
44.03343758557982,-123.08795399446886
44.0334376752509,-123.08794099566575
44.0334377580229,-123.08792899677053
44.033437847691154,-123.08791599796727
44.033437930460536,-123.08790399907193
44.03343802012595,-123.0878910002686
44.03343810289272,-123.08787900137315
44.033438192555295,-123.0878660025697
44.03343827531943,-123.08785400367414
44.03343836497919,-123.08784100487057
44.033438454637455,-123.08782800606696
44.03343853748967,-123.08781599382812
44.03343862714511,-123.08780299502456
44.03343870990266,-123.08779099612896
44.03343879955526,-123.08777799732533
44.0334388823102,-123.08776599842959
44.033438971959974,-123.08775299962586
44.033439054712304,-123.08774100073003
44.03343914435923,-123.08772800192617
44.033439227108936,-123.08771600303025
44.03343931675305,-123.08770300422627
44.03343939950014,-123.08769100533026
44.0334394891414,-123.08767800652615
44.033439578873185,-123.08766499438141
44.0334396616163,-123.08765299548543
44.033439751253255,-123.08763999668136
44.03343983399377,-123.08762799778525
44.03343992362788,-123.08761499898114
44.033440006365765,-123.08760300008493
44.03344009599706,-123.08759000128066
44.03344017873232,-123.08757800238433
44.03344026836078,-123.08756500357997
44.03344035109342,-123.08755300468356
44.033440440719055,-123.08754000587906
44.03344053043516,-123.08752699373623
44.03344061316384,-123.08751499483986
44.03344070281429,-123.08750199599474
44.03344078639729,-123.08748999712127
44.033440876944134,-123.08747699834159
44.033440960524516,-123.08746499946801
44.033441051068515,-123.08745200068823
44.03344113464628,-123.08744000181453
44.033441225187445,-123.08742700303463
44.0334413087626,-123.08741500416082
44.03344139930094,-123.08740200538085
44.03344148287348,-123.08739000650692
44.03344157350282,-123.08737699425288
44.03344165707274,-123.08736499537908
44.0334417476054,-123.08735199659904
44.033441831172695,-123.08733999772514
44.03344192170253,-123.08732699894499
44.03344200526722,-123.08731500007096
44.03344209579422,-123.08730200129071
44.033442179356285,-123.08729000241661
44.03344226988045,-123.08727700363623
44.03344235343991,-123.087265004762
44.033442443961235,-123.08725200598153
44.03344252761189,-123.08723999363559
44.03344261813038,-123.08722699485521
44.033442701684606,-123.08721499598096
44.03344279220026,-123.08720199720048
44.03344287575186,-123.08718999832612
44.03344296626469,-123.08717699954555
44.03344304981368,-123.08716500067106
44.03344314032367,-123.08715200189036
44.033443223870044,-123.08714000301582
44.0334433143772,-123.08712700423496
44.03344339792097,-123.0871150053603
44.033443488425284,-123.08710200657934
44.033443572060214,-123.08708999423551
44.0334436625617,-123.08707699545468
44.03344374610021,-123.08706499657998
44.03344383659886,-123.08705199779904
44.03344392013478,-123.08703999892427
44.033444010630596,-123.08702700014318
44.03344409416388,-123.08701500126831
44.03344418465687,-123.08700200248713
44.03344426818755,-123.08699000361213
44.033444358677706,-123.08697700483084
44.03344444220576,-123.08696500595575
44.03344453278683,-123.08695199370757
44.033444616312266,-123.08693999483255
44.03344470679676,-123.08692699605126
44.03344479031957,-123.08691499717617
44.03344488080123,-123.08690199839472
44.03344496432144,-123.08688999951953
44.03344505480025,-123.08687700073799
44.033445138317845,-123.08686500186266
44.033445228793816,-123.08685200308102
44.0334453123088,-123.08684000420558
44.03344540278194,-123.08682700542381
44.03344548629431,-123.0868150065483
44.03344557685833,-123.0868019943022
44.03344566036808,-123.08678999542677
44.033445750835554,-123.086776996645
44.033445834342686,-123.08676499776948
44.033445924807324,-123.08675199898758
44.03344600831184,-123.08674000011192
44.03344609877365,-123.08672700132989
44.03344618227554,-123.08671500245416
44.03344627273452,-123.08670200367206
44.033446356233796,-123.0866900047962
44.033446446689936,-123.08667700601394
44.03344653028029,-123.08666499367608
44.03344662073358,-123.08665199489396
44.03344670422763,-123.08663999601809
44.033446794678106,-123.08662699723584
44.03344687816953,-123.08661499835988
44.03344696861717,-123.08660199957752
44.03344705210598,-123.08659000070146
44.033447142550784,-123.08657700191897
44.033447226036984,-123.08656500304281
44.033447316478956,-123.0865520042602
44.03344739996254,-123.08654000538392
44.03344767904197,-123.08652698668473
44.033447936125604,-123.08651499735012
44.03344821463148,-123.08650200890412
44.033448493135865,-123.08648902045795
44.033448751104295,-123.08647698967454
44.033449029605855,-123.08646400122822
44.0334492866829,-123.08645201189297
44.03344956607035,-123.08643898199861
44.03344984456761,-123.08642599355201
44.033450101640696,-123.08641400421646
44.03345038013512,-123.0864010157695
44.03345063809429,-123.08638898498681
44.03345091658587,-123.08637599653969
44.03345119507599,-123.08636300809239
44.033451452142494,-123.08635101875626
44.033451731518426,-123.08633798886261
44.03345198858231,-123.08632599952638
44.033452267066764,-123.08631301107859
44.033452546438376,-123.08629998118526
44.03345280349828,-123.0862879918487
44.03345308197843,-123.08627500340063
44.03345333903572,-123.08626301406376
44.03345361840162,-123.08624998417079
44.03345389687747,-123.08623699572236
44.0334541539308,-123.08622500638522
44.0334544324038,-123.08621201793646
44.03345469034306,-123.08619998715528
44.033454968813246,-123.08618699870637
44.03345524728195,-123.08617401025731
44.033455505217205,-123.08616197947646
44.03345578368308,-123.08614899102726
44.033456040727195,-123.08613700168932
44.03345631919025,-123.08612401323978
44.033456598540305,-123.08611098334784
44.03345685558045,-123.08609899400963
44.03345713403918,-123.08608600555976
44.033457391076716,-123.08607401622123
44.033457456924985,-123.08606100399513
44.033457511192545,-123.0860489957262
44.03345756993817,-123.08603599623993
44.03345762416359,-123.08602399671412
44.03345768290638,-123.08601099722776
44.03345773712918,-123.08599899770186
44.03345779586913,-123.08598599821543
44.03345785008933,-123.08597399868944
44.03345790882645,-123.085960999203
44.03345796304402,-123.08594899967692
44.03345802177831,-123.08593600019039
44.03345807599326,-123.08592400066429
44.03345813472472,-123.0859110011776
44.03345818893706,-123.08589900165147
44.03345824766568,-123.08588600216473
44.033458306392816,-123.085873002678
44.033458360601195,-123.08586100315169
44.03345841932549,-123.08584800366489
44.03345847353125,-123.08583600413854
44.033458532292194,-123.08582299591248
44.03345858649533,-123.08581099638626
44.03345864521396,-123.0857979968995
44.03345869941448,-123.08578599737322
44.03345875813028,-123.08577299788638
44.03345881232818,-123.08576099836004
44.03345887104115,-123.08574799887313
44.03345892523644,-123.0857359993467
44.03345898394658,-123.08572299985974
44.03345903813923,-123.08571100033326
44.03345909684654,-123.08569800084616
44.03345915103658,-123.08568600131962
44.03345920974105,-123.0856730018325
44.033459263928485,-123.0856610023059
44.03345932263012,-123.0856480028187
44.033459376814946,-123.085636003292
44.033459435513734,-123.0856230038047
44.03345948969594,-123.08561100427795
44.03345954843135,-123.08559799605523
44.03345960261093,-123.0855859965286
44.033459661304065,-123.0855729970414
44.03345971548103,-123.08556099751469
44.033459774171334,-123.08554799802742
44.03345982834567,-123.08553599850067
44.03345988703314,-123.0855229990133
44.033459941204875,-123.08551099948647
44.0334599998895,-123.08549799999905
44.033460054058615,-123.08548600047216
44.033460112740414,-123.0854730009846
44.03346016690692,-123.08546100145766
44.03346022558588,-123.08544800197008
44.033460279749754,-123.08543600244305
44.03346033842588,-123.0854230029554
44.03346039258715,-123.08541100342828
44.033460451260446,-123.08539800394055
44.0334605054585,-123.08538599568159
44.03346056412895,-123.08537299619402
44.03346061828499,-123.08536099666699
44.033460676952615,-123.08534799717931
44.033460731106025,-123.08533599765222
44.033460789770814,-123.08532299816447
44.03346084392162,-123.08531099863731
44.03346090258357,-123.08529799914947
44.03346095673176,-123.08528599962224
44.033461015390884,-123.08527300013438
44.03346106953644,-123.08526100060708
44.033461128192734,-123.08524800111911
44.033461182335685,-123.08523600159172
44.03346124098914,-123.08522300210369
44.03346129512947,-123.08521100257624
44.03346135378008,-123.08519800308814
44.033461407917805,-123.08518600356062
44.03346146656559,-123.08517300407243
44.03346152074007,-123.08516099581686
44.03346157938501,-123.08514799632883
44.0334616335175,-123.08513599680138
44.03346169215962,-123.08512299731328
44.03346174628948,-123.08511099778576
44.03346180492876,-123.08509799829757
44.03346185905601,-123.08508599876998
44.033461917692456,-123.08507299928169
44.0334619718171,-123.08506099975405
44.0334620304507,-123.08504800026573
44.033462084572726,-123.08503600073799
44.0334621432035,-123.08502300124962
44.0334622018328,-123.08501000176115
44.03346225595084,-123.08499800223333
44.033462314577314,-123.08498500274482
44.03346236869274,-123.08497300321689
44.033462427316366,-123.08496000372833
44.033462481429176,-123.08494800420034
44.03346254008932,-123.08493499598751
44.03346259419952,-123.08492299645967
44.03346265281748,-123.08490999697115
44.03346270692506,-123.08489799744325
44.033462765540186,-123.08488499795466
44.033462819645145,-123.08487299842668
44.03346287825744,-123.08485999893801
44.03346293235978,-123.08484799940996
44.03346299096924,-123.08483499992124
44.03346304506898,-123.0848230003931
44.0334631036756,-123.08481000090431
44.033463157772715,-123.08479800137616
44.033463216376504,-123.08478500188723
44.033463270471,-123.084773002359
44.03346332907196,-123.08476000287003
44.03346338316384,-123.08474800334172
44.03346344176196,-123.08473500385267
44.03346349585123,-123.0847230043243
44.03346355448582,-123.08470999611478
44.03346360857247,-123.08469799658656
44.033463667164916,-123.08468499709758
44.03346372124895,-123.08467299756927
44.03346377983857,-123.08465999808023
44.03346383391998,-123.08464799855184
44.03346389250676,-123.08463499906271
44.033463946585556,-123.08462299953425
44.03346400516951,-123.0846100000451
44.033464059245695,-123.08459800051654
44.03346411782681,-123.0845850010273
44.03346417190037,-123.08457300149873
44.03346423047866,-123.08456000200937
44.03346428454961,-123.0845480024807
44.03346434312505,-123.08453500299129
44.03346439719339,-123.08452300346258
44.033464455765994,-123.08451000397307
44.03346450987099,-123.08449799572747
44.033464568440756,-123.08448499623812
44.033464622503864,-123.08447299670948
44.03346468107081,-123.08445999722005
44.0334647351313,-123.08444799769133
44.033464793695394,-123.08443499820184
44.033464847753265,-123.08442299867306
44.033464906314535,-123.08440999918348
44.03346496036979,-123.08439799965461
44.033465018928226,-123.08438500016494
44.03346507298087,-123.08437300063602
44.033465131536474,-123.08436000114634
44.03346518558649,-123.08434800161734
44.03346524413926,-123.08433500212753
44.03346529818666,-123.08432300259847
44.03346537198169,-123.08431000411277
44.03346544055245,-123.0842980048708
44.03346551489919,-123.08428499463677
44.03346558346734,-123.08427299539494
44.03346565203422,-123.08426099615306
44.033465726313594,-123.08424799697433
44.03346579487786,-123.08423599773238
44.033465869154405,-123.08422299855351
44.03346593771605,-123.08421099931147
44.03346601198975,-123.08419800013255
44.033466080548784,-123.08418600089041
44.03346614910657,-123.08417400164824
44.03346622337609,-123.08416100246914
44.03346629193125,-123.08414900322688
44.03346636619793,-123.08413600404772
44.03346643475048,-123.08412400480539
44.0334665033649,-123.08411199451069
44.03346657762738,-123.08409899533162
44.03346664617605,-123.08408699608935
44.03346672043571,-123.08407399691016
44.03346678898176,-123.0840619976678
44.03346686323857,-123.08404899848851
44.033466931782016,-123.08403699924607
44.033467000324194,-123.08402500000358
44.033467074576826,-123.08401200082419
44.0334671431164,-123.08400000158161
44.03346721736618,-123.08398700240207
44.03346728590313,-123.08397500315941
44.03346735443883,-123.08396300391671
44.03346742868442,-123.08395000473706
44.0334674972175,-123.08393800549428
44.03346757152337,-123.0839249952654
44.03346764005383,-123.08391299602273
44.03346770858304,-123.08390099678002
44.0334677828216,-123.08388799760034
44.033467851348185,-123.08387599835754
44.03346792558391,-123.08386299917777
44.03346799410789,-123.0838509999349
44.033468068340774,-123.08383800075508
44.03346813686214,-123.08382600151208
44.03346820538224,-123.08381400226905
44.03346827961094,-123.08380100308908
44.03346834812843,-123.08378900384595
44.03346842235428,-123.08377600466589
44.03346849086916,-123.0837640054227
44.03346855944586,-123.08375199513324
44.03346863366752,-123.08373899595324
44.03346870217852,-123.08372699671011
44.03346877639735,-123.08371399753004
44.033468844905734,-123.08370199828684
44.033468919121724,-123.08368899910663
44.033468987627494,-123.08367699986333
44.03346905613201,-123.08366500062
44.0334691303438,-123.08365200143966
44.0334691988457,-123.08364000219626
44.03346896372567,-123.08362700129562
44.03346874234073,-123.08361500920284
44.033468502505634,-123.08360201776917
44.03346828045915,-123.08358998998268
44.03346805907034,-123.08357799789015
44.03346781923104,-123.08356500645671
44.03346759783963,-123.08355301436444
44.03346735733853,-123.08353998723646
44.03346713594449,-123.08352799514427
44.03346689609954,-123.08351500371121
44.033466674702886,-123.08350301161927
44.03346643419609,-123.08348998449087
44.033466212796824,-123.08347799239903
44.03346597294621,-123.08346500096637
44.03346575154433,-123.08345300887481
44.03346551169088,-123.08344001744243
44.03346528962734,-123.08342798965444
44.03346506822158,-123.08341599756308
44.03346482836393,-123.08340300613096
44.033464606955576,-123.08339101403992
44.033464366436014,-123.08337798691049
44.033464145025036,-123.08336599481952
44.033463905161724,-123.08335300338778
44.03346368374813,-123.08334101129708
44.03346344322288,-123.08332798416723
44.03346322180667,-123.0833159920766
44.03346298193769,-123.08330300064523
44.03346276051887,-123.0832910085549
44.03346253909879,-123.0832790164647
44.03346229856647,-123.0832659893343
44.03346207714378,-123.08325399724419
44.03346183726779,-123.08324100581333
44.03346161584247,-123.08322901372351
44.03346137530446,-123.08321598659266
44.03346115387653,-123.08320399450291
44.03346091399487,-123.08319100307247
44.03346069256433,-123.08317901098297
44.03346045202062,-123.08316598385171
44.03346023058746,-123.08315399176229
44.033460009153046,-123.08314199967302
44.03345976926437,-123.08312900824312
44.03345954782735,-123.08311701615412
44.03345930727658,-123.08310398902233
44.03345908583694,-123.0830919969334
44.03345884594258,-123.08307900550388
44.03345862450033,-123.08306701341525
44.03345838394387,-123.08305398628302
44.03345816249899,-123.08304199419445
44.03345792259897,-123.0830290027653
44.03345770115149,-123.08301701067703
44.033457479043435,-123.08300498288503
44.03345723913922,-123.08299199145611
44.033457017687866,-123.08297999936806
44.03345677778082,-123.08296700793946
44.03345655632687,-123.08295501585167
44.03345631575763,-123.08294198871847
44.033456094301044,-123.08292999663077
44.033455854388336,-123.08291700520253
44.03345563292914,-123.0829050131151
44.03345539381532,-123.08289198854722
44.03345521351779,-123.08287999379053
44.033455018194054,-123.08286699947088
44.033454837893906,-123.08285500471442
44.03345464256733,-123.08284201039501
44.03345446182759,-123.08282998656883
44.03345426649816,-123.08281699224946
44.03345408619278,-123.08280499749324
44.03345389086054,-123.08279200317415
44.03345371055255,-123.08278000841817
44.03345351521748,-123.0827670140993
44.033453319443915,-123.08275399070929
44.03345313913194,-123.08274199595347
44.033452943792554,-123.08272900163476
44.033452763477975,-123.08271700687914
44.03345256813575,-123.08270401256068
44.03345238738151,-123.08269198873299
44.033452192036464,-123.08267899441461
44.03345201171663,-123.08266699965924
44.03345181636875,-123.08265400534106
44.03345163604632,-123.08264201058591
44.03345144025853,-123.0826289871946
44.033451259933486,-123.08261699243948
44.033451064579936,-123.08260399812158
44.03345086922491,-123.08259100380381
44.03345068889588,-123.08257900904906
44.033450493100915,-123.08256598565713
44.033450312769276,-123.0825539909024
44.03345011740858,-123.08254099658487
44.03344993707434,-123.08252900183038
44.033449741710804,-123.0825160075131
44.03344956137394,-123.08250401275883
44.03344936557045,-123.08249098936614
44.03344918523096,-123.08247899461189
44.03344898986177,-123.08246600029491
44.03344880951966,-123.0824540055409
44.033448614147645,-123.08244101122416
44.03344841833696,-123.08242798783077
44.03344823799089,-123.0824159930769
44.033448042614566,-123.08240299876036
44.03344786226587,-123.0823910040067
44.0334476668867,-123.08237800969037
44.03344748609819,-123.08236598585914
44.03344729071619,-123.08235299154285
44.03344711036227,-123.08234099678947
44.03344691497744,-123.0823280024734
44.033446734620895,-123.08231600772022
44.03344653923323,-123.08230301340444
44.03344635843684,-123.08229098957244
44.03344616304635,-123.08227799525665
44.03344596765437,-123.08226500094102
44.03344578729125,-123.08225300618822
44.033445591896445,-123.08224001187281
44.033445411093425,-123.08222798804013
44.033445215695785,-123.08221499372475
44.03344503532742,-123.08220299897224
44.03344483992695,-123.08219000465708
44.03344465955598,-123.08217800990475
44.03344446371536,-123.08216498650874
44.03344428334178,-123.08215299175646
44.03344408793565,-123.08213999744156
44.03344390755944,-123.0821280026895
44.03343499708279,-123.08212736068741
44.03342599822168,-123.0821272198735
44.033416999360576,-123.08212707905965
44.03340800049947,-123.08212693824584
44.03340000151181,-123.08212681307803
44.0333910026507,-123.08212667226431
44.03338200378958,-123.08212653145063
44.03337299684159,-123.08212639051045
44.033363997980466,-123.08212624969681
44.03335499911936,-123.08212610888327
44.03334600025824,-123.08212596806976
44.03333800127059,-123.08212584290222
44.03332900240949,-123.08212570208877
44.033320003548376,-123.08212556127539
44.033310996600356,-123.0821254203355
44.03330199773926,-123.08212527952219
44.03329299887813,-123.08212513870893
44.03328400001703,-123.0821249978957
44.03327500115591,-123.08212485708252
44.03326700216825,-123.08212473191527
44.033258003307125,-123.0821245911022
44.03324899635913,-123.08212445016258
44.03323999749801,-123.08212430934958
44.03323099395043,-123.08212308069021
44.03322201660545,-123.0821217785136
44.03321197585213,-123.08212032208853
44.03320299850709,-123.08211901991272
44.03319402116202,-123.08211771773733
44.0331849696507,-123.08211640480441
44.03317599230556,-123.08211510262977
44.033166025718295,-123.08211365696488
44.03315697420689,-123.08211234403318
44.03314799686164,-123.08211104185979
44.033138945350196,-123.08210972892891
44.033129968004914,-123.08210842675629
44.03312100548076,-123.0821069624731
44.03311194139095,-123.08210440129756
44.03310301756162,-123.08210187975519
44.03309395347157,-123.08209931858116
44.03308599000964,-123.08209706840427
44.03307692591939,-123.08209450723167
44.033068002089635,-123.08209198569222
44.03305893799916,-123.08208942452117
44.033050974536835,-123.08208717434687
44.033042050706776,-123.08208465280961
44.03303298661598,-123.08208209164076
44.03302406278569,-123.08207957010497
44.03301595906237,-123.08207728030096
44.03300703523186,-123.08207475876662
44.03299797114063,-123.08207219760071
44.03298904730992,-123.08206967606786
44.032980939323835,-123.08206732652954
44.03297198035953,-123.08206410569542
44.032963021395055,-123.08206088486227
44.0329540624304,-123.08205766403007
44.032944929280546,-123.08205438057765
44.032935970315535,-123.08205115974735
44.03292701135035,-123.082047938918
44.03291805238499,-123.08204471808955
44.032909093419455,-123.08204149726207
44.03289995530833,-123.08203818664329
44.032890991814405,-123.08203403418507
44.03288202832018,-123.08202988172803
44.03287306482568,-123.0820257292722
44.032864101330894,-123.0820215768176
44.03285603798409,-123.08201784136924
44.03284685894854,-123.08201358906516
44.03283789545292,-123.08200943661402
44.032828931957006,-123.08200528416405
44.03281996846082,-123.0820011317153
44.03281098830019,-123.08199603986485
44.03280201604053,-123.08199094534501
44.032793900939815,-123.08198633752822
44.03278492867937,-123.08198124301111
44.032775956418504,-123.08197614849544
44.03276698415721,-123.08197105398119
44.03275886905502,-123.08196644616947
44.032749896792936,-123.08196135165795
44.032740915810514,-123.08195624373992
44.03273301292129,-123.08195096259111
44.03272482940001,-123.08194549391006
44.03271692650989,-123.08194021276383
44.03270793052109,-123.08193420115084
44.03270002763002,-123.08192892000734
44.03269212473849,-123.08192363886515
44.03268394121487,-123.08191817019095
44.03267603832245,-123.08191288905132
44.032667042331056,-123.08190687744583
44.03265913943768,-123.08190159630895
44.03265095591217,-123.08189612764028
44.03264305301789,-123.08189084650597
44.032634869491474,-123.08188537784
44.03262696659629,-123.0818800967083
44.03261878306894,-123.08187462804503
44.03261071771967,-123.08186868477114
44.03260283567178,-123.08186239863646
44.03259495362328,-123.08185611250323
44.03258707157417,-123.08184982637145
44.032579942105684,-123.08184414044327
44.03257174982203,-123.08183760689558
44.03256386777114,-123.08183132076809
44.03255598571963,-123.08182503464208
44.03254885624901,-123.08181934871916
44.03254097419636,-123.08181306259593
44.032533092143076,-123.08180677647418
44.03252489985574,-123.08180024293554
44.03251701780122,-123.08179395681677
44.03250988832792,-123.0817882709004
44.03250200627225,-123.08178198478443
44.03249412421597,-123.08177569866987
44.032485931925564,-123.08176916513882
44.03247880245013,-123.08176347922769
44.03247103509431,-123.08175790364434
44.032462929917955,-123.0817521924187
44.032455114574326,-123.08174668542229
44.032447009396975,-123.08174097419943
44.03243890421913,-123.08173526297797
44.032431088874034,-123.08172975598558
44.03242298369518,-123.08172404476689
44.03241516834911,-123.08171853777712
44.03240706316924,-123.08171282656119
44.0323992478222,-123.08170731957405
44.03239114264134,-123.08170160836089
44.0323833272933,-123.08169610137641
44.03237522211144,-123.08169039016599
44.03236711692907,-123.08168467895698
44.03236009735243,-123.08167973270703
44.032351874362554,-123.08167446252817
44.03234304780118,-123.08166982402228
44.03233485862284,-123.0816655204732
44.03232603206077,-123.0816608819698
44.0323178428818,-123.081656578423
44.032309016319076,-123.08165193992211
44.03230106484038,-123.08164776129324
44.03229200057607,-123.08164299787924
44.03228404909675,-123.08163881925263
44.032274984831744,-123.0816340558412
44.032267033351836,-123.08162987721684
44.032257969086125,-123.08162511380797
44.0322500176056,-123.08162093518584
44.0322409533392,-123.08161617177954
44.03223300185805,-123.08161199315965
44.032225050376624,-123.08160781454085
44.0322159861092,-123.08160305113832
44.03220803462715,-123.08159887252172
44.03219897035905,-123.08159410912177
44.03219101887638,-123.08158993050745
44.03218195460759,-123.08158516711005
44.03217400312432,-123.08158098849796
44.03216493885481,-123.08157622510312
44.03215698737093,-123.0815720464933
44.032147923100744,-123.08156728310104
44.03213997161625,-123.08156310449345
44.032131400000004,-123.0815586
44.032122947825016,-123.0815563852133
44.03211399469618,-123.08155403915865
44.032106007292235,-123.08155194616064
44.03209705416322,-123.08154960010731
44.0320889359571,-123.08154747283547
44.03207998282789,-123.08154512678348
44.0320710296986,-123.08154278073215
44.032063042294254,-123.08154068773713
44.03205408916479,-123.08153834168712
44.032045970958244,-123.08153621441834
44.03203701782859,-123.08153386836965
44.03202903042393,-123.08153177537699
44.0320200456561,-123.08152958539101
44.032011036764324,-123.08152766613829
44.0320020278725,-123.08152574688614
44.031993018980614,-123.08152382763457
44.031983033010505,-123.08152170022727
44.03197402411847,-123.0815197809769
44.03196501522639,-123.08151786172714
44.031956006334234,-123.08151594247794
44.03194699744203,-123.0815140232293
44.03193798854975,-123.08151210398127
44.0319289796574,-123.08151018473382
44.0319189936868,-123.08150805733104
44.03191003898022,-123.08150646783439
44.03190098644823,-123.0815051850115
44.03189200641199,-123.08150391246228
44.03188302637572,-123.08150263991344
44.03187404633944,-123.081501367365
44.03186499380733,-123.08150008454365
44.03185601377097,-123.08149881199597
44.03184604400786,-123.08149739919601
44.03183706397146,-123.08149612664914
44.03182801143923,-123.0814948438294
44.03181903140277,-123.0814935712833
44.031810002684395,-123.08149283890194
44.03180100751631,-123.08149254892547
44.03179199569405,-123.08149225841221
44.03178399998908,-123.0814920006555
44.031775004820986,-123.08149171067929
44.03176599299873,-123.0814914201663
44.03175699783063,-123.08149113019027
44.031748002662525,-123.08149084021433
44.03173900749442,-123.08149055023844
44.03173099513529,-123.08149029194534
44.03172199996718,-123.08149000196964
44.03171300479907,-123.08148971199405
44.03170400963096,-123.08148942201852
44.0316949978087,-123.08148913150623
44.03168600264059,-123.08148884153088
44.0316780069356,-123.0814885837751
44.03166899511333,-123.08148829326305
44.031660003508065,-123.0814882011175
44.03165099136987,-123.08148850523469
44.03164199666429,-123.08148880876351
44.031633001958696,-123.08148911229225
44.0316240072531,-123.0814894158209
44.031614995114914,-123.08148971993772
44.03160600040932,-123.08149002346617
44.03159700570372,-123.08149032699455
44.031587993565516,-123.0814906311111
44.03157899885992,-123.08149093463929
44.031570004154325,-123.08149123816739
44.031560992016125,-123.08149154228366
44.031551997310515,-123.08149184581157
44.031543002604906,-123.08149214933938
44.031534007899296,-123.0814924528671
44.031524995761096,-123.08149275698301
44.03151600105548,-123.08149306051054
44.03150700634987,-123.081493364038
44.03149799421165,-123.0814936681536
44.03148899950603,-123.08149397168089
44.03148000480042,-123.08149427520803
44.0314709926622,-123.08149457932339
44.03146199795657,-123.0814948828504
44.03145300325095,-123.08149518637728
44.031444008545336,-123.08149548990409
44.0314349964071,-123.08149579401905
44.03142600170149,-123.08149609754567
44.03141700699584,-123.08149640107222
44.03140799485762,-123.0814967051869
44.031399000151985,-123.08149700871324
44.031390005446355,-123.08149731223948
44.03138099330811,-123.08149761635391
44.031371998602474,-123.08149791987996
44.031363003896836,-123.08149822340594
44.03135399175861,-123.08149852752008
44.03134499705296,-123.08149883104588
44.03133600234732,-123.08149913457159
44.03132700764166,-123.08149943809718
44.031317995503414,-123.08149974221097
44.031309000797776,-123.08150004573638
44.031300006092124,-123.0815003492617
44.031290993953874,-123.0815006533752
44.03128199924821,-123.08150095690037
44.03127300454256,-123.0815012604254
44.031263992404305,-123.08150156453861
44.031254997698646,-123.08150186806348
44.031246002992994,-123.08150217158827
44.03123700828733,-123.08150247511296
44.03122799614907,-123.08150277922581
44.031219001443404,-123.08150308275029
44.03121000673774,-123.08150338627472
44.031200996061806,-123.08150354364022
44.03119199735822,-123.0815036938709
44.031182998654664,-123.08150384410155
44.03117399995109,-123.08150399433212
44.03116500124752,-123.08150414456267
44.031156002543945,-123.08150429479316
44.03114700384037,-123.08150444502364
44.031137996508456,-123.08150459539807
44.031128997804885,-123.08150474562845
44.03111999910131,-123.08150489585877
44.031111000397736,-123.08150504608903
44.03110200169415,-123.08150519631928
44.03109300299058,-123.08150534654945
44.03108399565866,-123.08150549692363
44.031074996955084,-123.08150564715372
44.031065998251506,-123.08150579738376
44.03105699954793,-123.08150594761375
44.03104800084435,-123.08150609784371
44.03103900214077,-123.08150624807362
44.031030003437195,-123.08150639830346
44.031020996105276,-123.08150654867734
44.03101199740169,-123.0815066989071
44.031002998698106,-123.08150684913683
44.03099399999453,-123.08150699936651
44.03098500129095,-123.08150714959612
44.03097600258737,-123.08150729982573
44.03096700388379,-123.08150745005527
44.03095799655187,-123.08150760042881
44.030947997992335,-123.08150776735043
44.03093899928874,-123.08150791757983
44.03093000058516,-123.08150806780915
44.03092100188158,-123.08150821803848
44.030912003178,-123.08150836826773
44.03090299584607,-123.081508518641
44.03089399714249,-123.08150866887017
44.0308849984389,-123.0815088190993
44.03087599973532,-123.08150896932837
44.030867001031744,-123.08150911955742
44.030858002328145,-123.0815092697864
44.03084900362455,-123.08150942001534
44.03083999629263,-123.08150957038828
44.03083099758904,-123.08150972061715
44.03082199888545,-123.08150987084593
44.03081300018187,-123.0815100210747
44.03080400147828,-123.08151017130342
44.03079500277469,-123.0815103215321
44.030786004071096,-123.08151047176072
44.03077699673917,-123.08151062213334
44.03076799803558,-123.08151077236187
44.03075899933199,-123.08151092259035
44.0307500006284,-123.0815110728188
44.03074100192481,-123.08151122304722
44.03073200322122,-123.08151137327555
44.03072299588928,-123.08151152364789
44.03071399718568,-123.08151167387615
44.03070499848209,-123.08151182410437
44.030695999778494,-123.08151197433254
44.0306870010749,-123.08151212456065
44.03067800237132,-123.08151227478874
44.030669003667725,-123.08151242501675
44.030659996335785,-123.0815125753888
44.030650997632186,-123.08151272561673
44.03064199892859,-123.08151287584464
44.030633000224995,-123.08151302607249
44.0306240015214,-123.08151317630029
44.0306150028178,-123.08151332652804
44.03060600411421,-123.08151347675575
44.030596996782265,-123.08151362712745
44.03058799807867,-123.08151377735507
44.03057899937507,-123.08151392758265
44.03057000067147,-123.0815140778102
44.03056100196787,-123.08151422803766
44.03055200326428,-123.08151437826511
44.03054299593232,-123.08151452863655
44.03053399722873,-123.08151467886388
44.03052499852513,-123.08151482909118
44.030515999821525,-123.08151497931844
44.030507001117925,-123.08151512954564
44.03049800241432,-123.08151527977283
44.03048900371073,-123.08151542999994
44.03047999637877,-123.08151558037105
44.03047099767517,-123.08151573059808
44.030461998971575,-123.08151588082507
44.03045300026797,-123.081516031052
