39.984288043052935,-75.15361998907852
39.9842896944697,-75.15363107750561
39.98429145299005,-75.15364288508749
39.98429310440455,-75.15365397351515
39.984294899327324,-75.15366602553816
39.984296550739494,-75.15367711396617
39.98429830925509,-75.15368892154976
39.984299960665,-75.1537000099783
39.9843017555828,-75.15371206200243
39.98430337058587,-75.15372290599186
39.98430516550121,-75.15373495801661
39.984306816906546,-75.15374604644606
39.98430861181938,-75.15375809847127
39.98431037032658,-75.15376990605789
39.98431202172844,-75.15378099448807
39.98431381663752,-75.15379304651417
39.984315431632865,-75.15380389050632
39.98431722653949,-75.15381594253306
39.98431887793675,-75.15382703096414
39.98432067284087,-75.15383908299133
39.98432228783184,-75.15384992698498
39.98432408273349,-75.15386197901282
39.98432573412617,-75.15387306744479
39.984327492621475,-75.15388487503573
39.984329144011895,-75.15389596346824
39.98433093890858,-75.15390801549715
39.984332590296695,-75.15391910393005
39.984334348787215,-75.15393091152269
39.98433600017306,-75.15394199995609
39.98433779506478,-75.15395405198612
39.98433959008664,-75.15396610411754
39.98434120704906,-75.15397694740979
39.984343004183465,-75.1539889989374
39.98434465763788,-75.15400008695943
39.984346418275656,-75.15401189375872
39.98434821540629,-75.15402394528722
39.98434986885724,-75.15403503330998
39.984351665985365,-75.15404708483896
39.984353426618284,-75.15405889164
39.984355080065754,-75.15406997966352
39.98435687719013,-75.15408203119337
39.984358674313185,-75.15409408272347
39.98436029126342,-75.15410492602001
39.984362088384025,-75.15411697755074
39.9843637418257,-75.15412806557539
39.98436553894381,-75.15414011710659
39.98436729956709,-75.1541519239111
39.984368953005294,-75.15416301193646
39.98437075011964,-75.15417506346857
39.9843725107393,-75.15418687027443
39.984374164174035,-75.15419795830053
39.98437596128462,-75.15421000983353
39.98437775839388,-75.1542220613668
39.98437937533193,-75.15423290466757
39.98438117243875,-75.15424495620144
39.98438296954427,-75.1542570077356
39.98438462297202,-75.15426809576303
39.98438638358204,-75.15427990257234
39.98438803700752,-75.1542909906003
39.98438983410807,-75.15430304213554
39.984391631207316,-75.15431509367104
39.98439324813649,-75.1543259369749
39.984395045233285,-75.15433798851105
39.98439684232877,-75.15435004004743
39.98439849574726,-75.15436112807673
39.984400256347655,-75.15437293488951
39.98440205343936,-75.15438498642679
39.984403706854394,-75.15439607445683
39.98440546745117,-75.15440788127096
39.9844072,-75.1544195
39.98440879282938,-75.15443104866976
39.984410427346944,-75.15444289960521
39.98441195965375,-75.15445400947836
39.98441362555359,-75.15446608796698
39.984415126473465,-75.15447697028819
39.98441679237084,-75.1544890487773
39.984418293288506,-75.15449993109922
39.98441995918342,-75.15451200958883
39.984421491483346,-75.15452311946306
39.98442312599135,-75.15453497040157
39.984424658288994,-75.15454608027619
39.984426292794616,-75.15455793121549
39.98442782508999,-75.15456904109054
39.98442945959323,-75.15458089203064
39.98443112547943,-75.15459297052193
39.98443265777131,-75.15460408039753
39.98443429227092,-75.15461593133878
39.98443582456052,-75.15462704121478
39.98443745905774,-75.15463889215684
39.984438991345066,-75.15465000203325
39.9844406572238,-75.15466208052587
39.98444215812496,-75.1546729628529
39.98444382400123,-75.15468504134603
39.984445324900186,-75.15469592367378
39.984446990773996,-75.1547080021674
39.98444852305444,-75.15471911204486
39.984450157542106,-75.15473096298997
39.984451689820276,-75.15474207286785
39.98445332430555,-75.15475392381376
39.9844549901731,-75.15476600230853
39.98445652244779,-75.15477711218698
39.984458156929435,-75.15478896313402
39.98445968920184,-75.15480007301285
39.9844613236811,-75.15481192396074
39.98446285595122,-75.15482303383996
39.98446449042811,-75.15483488478863
39.984466022695955,-75.15484599466828
39.984467688553586,-75.15485807316489
39.984469189436034,-75.15486895549779
39.984470855291185,-75.15488103399491
39.98447235617144,-75.1548919163285
39.98447402202414,-75.15490399482613
39.984475554285105,-75.15491510470683
39.98447718875242,-75.15492695565854
39.98447885460134,-75.15493903415683
39.98448035547605,-75.15494991649216
39.9844820213225,-75.15496199499096
39.98448355357771,-75.15497310487262
39.984485188039,-75.1549849558263
39.984486720291926,-75.15499606570837
39.98448835475086,-75.15500791666283
39.9844898870015,-75.15501902654529
39.984491552840495,-75.15503110504541
39.984493053706416,-75.15504198738344
39.98449471954293,-75.15505406588407
39.98449622040666,-75.1550649482228
39.98449788624071,-75.15507702672393
39.98449938710227,-75.15508790906337
39.98450105293385,-75.155099987565
39.984502718764126,-75.15511206606679
39.984504219622316,-75.15512294840727
39.98450588545013,-75.15513502690956
39.984507386306134,-75.15514590925072
39.984509052131465,-75.15515798775351
39.9845105843672,-75.15516909763842
39.984512218808156,-75.1551809485987
39.984513751041604,-75.15519205848402
39.98451538548019,-75.15520390944508
39.98451691771135,-75.1552150193308
39.98451858352924,-75.15522709783492
39.984520084376456,-75.15523798017878
39.98452175019185,-75.1552500586834
39.984523251036876,-75.15526094102798
39.98452491684982,-75.1552730195331
39.98452658266146,-75.15528509803842
39.984528083503136,-75.15529598038401
39.98452955567209,-75.15530809187035
39.98453100114891,-75.15531999976245
39.98453244662451,-75.15533190765494
39.98453379816694,-75.15534304173141
39.98453524364014,-75.15535494962451
39.984536713595915,-75.15536705921737
39.9845381590666,-75.15537896711115
39.9845396290198,-75.15539107670435
39.98454107448799,-75.1554029845988
39.98454240153971,-75.15541391697725
39.98454387148916,-75.15542602657102
39.98454531695373,-75.15543793446648
39.984546786900566,-75.15545004406053
39.98454823236263,-75.15546195195664
39.98454970230689,-75.15547406155105
39.98455102935182,-75.15548499393122
39.98455249929361,-75.15549710352592
39.984553944750765,-75.1555090114233
39.984555390206694,-75.1555209193211
39.984557047381436,-75.15553298891035
39.98455857409783,-75.15554409968264
39.98456020278175,-75.15555595253886
39.98456186262284,-75.15556803215314
39.98456335817739,-75.15557891616858
39.98456501801602,-75.15559099578336
39.98456654472665,-75.1556021065566
39.98456817340455,-75.15561395941475
39.984569833239384,-75.15562603903021
39.984571328788405,-75.15563692304734
39.984572988620776,-75.1556490026633
39.98457451532563,-75.15566011343746
39.98457614399751,-75.15567196629756
39.9845778038261,-75.1556840459142
39.984579299369585,-75.15569492993305
39.9845809591957,-75.15570700955017
39.98458248589481,-75.15571812032529
39.98458411456066,-75.15572997318733
39.98458577438301,-75.15574205280512
39.98458726992095,-75.15575293682568
39.984588927216585,-75.1557650156466
39.98459030526055,-75.15577593437678
39.98459183259369,-75.15578803598805
39.98459321063546,-75.15579895471882
39.98459461509112,-75.15581008274539
39.9845961160057,-75.15582197506181
39.98459752045907,-75.15583310308865
39.98459902137124,-75.15584499540576
39.98460039940756,-75.15585591413804
39.98460192673212,-75.15586801575063
39.98460330476623,-75.1558789344835
39.98460470921396,-75.15589006251109
39.98460621012022,-75.1559019548299
39.984607614565654,-75.15591308285777
39.98460911546952,-75.15592497517726
39.984610519912664,-75.15593610320538
39.98461202081414,-75.15594799552555
39.98461339884061,-75.15595891426052
39.984614803280394,-75.15597004228913
39.98461630417834,-75.15598193461034
39.98461770861584,-75.15599306263923
39.9846192095114,-75.1560049549611
39.98462061394662,-75.15601608299025
39.98462199196656,-75.15602700172695
39.984623492858596,-75.15603889404989
39.98462489729045,-75.15605002207953
39.984626398180076,-75.15606191440313
39.98462780260965,-75.15607304243304
39.98462930349688,-75.1560849347573
39.98463071223567,-75.15609607744273
39.98463261243464,-75.15610810430096
39.984634320294695,-75.15611891380286
39.98463622049123,-75.15613094066182
39.98463796913448,-75.15614200830647
39.98463986932851,-75.15615403516603
39.98464176952126,-75.15616606202587
39.984643518161,-75.15617712967126
39.98464537756609,-75.15618889839047
39.98464727775509,-75.15620092525138
39.984649026391374,-75.15621199289764
39.98465092657787,-75.15622401975912
39.98465267521184,-75.15623508740586
39.98465457539584,-75.15624711426791
39.984656434793706,-75.15625888298999
39.98465818342422,-75.15626995063761
39.984660083604474,-75.15628197750071
39.98466198378343,-75.15629400436414
39.98466373241044,-75.1563050720125
39.984665632586896,-75.1563170988765
39.98466734042707,-75.1563279083859
39.98466924060108,-75.15633993525064
39.98467114077379,-75.15635196211568
39.984672889395036,-75.15636302976543
39.984674789565254,-75.15637505663103
39.98467668973417,-75.15638708349697
39.98467839756768,-75.15639789300891
39.98468029773415,-75.15640991987557
39.984682046349626,-75.15642098752667
39.984683946513606,-75.15643301439393
39.98468584667628,-75.15644504126148
39.98468759528824,-75.15645610891332
39.98468945466451,-75.15646787764382
39.98469135482344,-75.15647990451242
39.98469310343195,-75.15649097216514
39.98469500358838,-75.15650299903432
39.98469675219458,-75.15651406668752
39.98469865234851,-75.15652609355728
39.98470051171755,-75.1565378622906
39.9847022603203,-75.15654892994469
39.984704160470486,-75.15656095681551
39.98470610321739,-75.15657294782781
39.984709332986355,-75.15658383168902
39.98471256275418,-75.15659471555088
39.984715664907874,-75.15660516937525
39.98471889467345,-75.15661605323821
39.98472212443789,-75.15662693710182
39.9847253542012,-75.15663782096608
39.984728714393256,-75.15664914436225
39.98473194415422,-75.15666002822769
39.98473517391406,-75.15667091209377
39.98473690181448,-75.1566820258135
39.98473875975619,-75.15669406316134
39.984740430371275,-75.15670488685325
39.984742139981705,-75.15671596319812
39.98474384959103,-75.15672703954323
39.98474555919925,-75.15673811588852
39.984747229810125,-75.15674893958192
39.98474893941617,-75.15676001592776
39.98475057556213,-75.1567720934606
39.984752111608366,-75.15678397542402
39.98475354963449,-75.15679509916967
39.98475508567833,-75.1568069811338
39.98475664939915,-75.15681907720155
39.98475805974362,-75.1568299868446
39.98475962346196,-75.15684208291273
39.98476115950092,-75.15685396487832
39.98476259752009,-75.15686508862494
39.98476413355666,-75.15687697059121
39.98476569726996,-75.1568890666602
39.98476710760772,-75.15689997630514
39.98476867131855,-75.1569120723745
39.98477008165411,-75.15692298202008
39.98477164536246,-75.15693507808983
39.984773181391745,-75.15694696005828
39.9847746194017,-75.15695808380616
39.98477615542859,-75.15696996577529
39.984777719131884,-75.1569820618459
39.98477912946077,-75.15699297149335
39.98478069316157,-75.15700506756431
39.9847822291836,-75.15701694953492
39.98478366718658,-75.15702807328377
39.984785203206215,-75.15703995525509
39.98478676690196,-75.15705205132689
39.98478817722417,-75.15706296097626
39.984789740917435,-75.15707505704846
39.984791276932185,-75.15708693902123
39.98479271492824,-75.15709806277103
39.98479425094059,-75.15710994474449
39.984795814628804,-75.15712204081753
39.984797224944316,-75.15713295046878
39.984798788630066,-75.1571450465422
39.984800324637526,-75.15715692851713
39.98480176262664,-75.15716805226789
39.98480329863171,-75.15717993424352
39.9848048623124,-75.15719203031776
39.98480627262122,-75.15720293997094
39.98480783629943,-75.15721503604556
39.98480937229963,-75.15722691802266
39.984810810281786,-75.15723804177439
39.98481234627959,-75.15724992375218
39.98481390995275,-75.15726201982764
39.98481532025488,-75.1572729294827
39.984816883925554,-75.15728502555855
39.98481829422549,-75.15729593521424
39.98481985789369,-75.15730803129048
39.984821393884225,-75.15731991327043
39.98482283185715,-75.15733103702344
39.984824367845285,-75.15734291900408
39.98482593150843,-75.15735501508115
39.984827341801676,-75.15736592473876
39.984828905462344,-75.15737802081621
39.9848304414456,-75.15738990279833
39.98483187941158,-75.15740102655228
39.984833415392444,-75.1574129085351
39.98483497904806,-75.15742500461339
39.98483638933462,-75.1574359142729
39.98483795298776,-75.15744801035156
39.98483948896375,-75.15745989233584
39.98484092692278,-75.15747101609075
39.98484246289637,-75.15748289807571
39.984844026544444,-75.15749499415523
39.984845436824315,-75.15750590381663
39.98484700046992,-75.15751799989653
39.98484856542721,-75.15753009737291
39.984849999629986,-75.1575410000829
39.98485159024173,-75.15755309181269
39.9848530244423,-75.15756399452331
39.984854615051574,-75.15757608625354
39.98485617702879,-75.15758796033406
39.984857639856756,-75.15759908069543
39.98485920183157,-75.15761095477667
39.98486066465726,-75.1576220751384
39.98486222662969,-75.15763394922037
39.9848636894531,-75.15764506958244
39.98486525142313,-75.15765694366513
39.984866842022406,-75.15766903539705
39.984868276211905,-75.15767993811096
39.9848698668087,-75.15769202984332
39.984871300996005,-75.15770293255784
39.984872891590335,-75.1577150242906
39.984874453553104,-75.15772689837556
39.98487591636728,-75.15773801873897
39.98487747832766,-75.15774989282464
39.98487894113957,-75.1577610131884
39.98488053172763,-75.15777310492219
39.98488209368436,-75.15778497900888
39.984883556492775,-75.15779609937309
39.98488511844712,-75.15780797346054
39.984886581253235,-75.15781909382507
39.98488814320519,-75.15783096791324
39.98488960600904,-75.15784208827812
39.9848911679586,-75.15785396236703
39.98489275853665,-75.1578660541025
39.98489419270733,-75.15787695682184
39.98489578328291,-75.15788904855775
39.98489721745139,-75.15789995127774
39.984898808024504,-75.15791204301406
39.9849003699668,-75.15792391710521
39.984901832761416,-75.15793503747146
39.98490339470133,-75.15794691156333
39.98490485749366,-75.15795803192991
39.984906419431184,-75.15796990602252
39.984907882221236,-75.15798102638944
39.984909444156365,-75.15799290048275
39.98491103471948,-75.1580049922208
39.98491249750604,-75.15801611258814
39.98491405943752,-75.15802798668253
39.9849155222218,-75.15803910705021
39.98491708415089,-75.1580509811453
39.984918674707735,-75.15806307288433
39.98492010885958,-75.15807397560916
39.98492169941395,-75.1580860673486
39.984923133563605,-75.15809697007407
39.9849247241155,-75.15810906181395
39.98492628603733,-75.15812093591127
39.98492774881238,-75.15813205628035
39.984929310731815,-75.1581439303784
39.98493077350459,-75.1581550507478
39.98493233542163,-75.15816692484661
39.98493379819212,-75.15817804521635
39.98493536010678,-75.15818991931586
39.98493695064869,-75.15820201105747
39.98493838478725,-75.15821291378617
39.984939975326675,-75.1582250055282
39.984941409463055,-75.15823590825755
39.98494300000001,-75.158248
39.98494451324931,-75.15825988872334
39.9849459294865,-75.1582710152879
39.9849474427334,-75.15828290401191
39.9849488589683,-75.15829403057677
39.984950372212815,-75.15830591930147
39.98495178844543,-75.15831704586658
39.98495330168755,-75.15832893459198
39.98495471791789,-75.15834006115738
39.9849562311576,-75.15835194988344
39.98495764738565,-75.15836307644915
39.98495916062297,-75.15837496517591
39.984960700713806,-75.15838706488715
39.98496209008366,-75.15839798046932
39.98496363017201,-75.15841008018093
39.98496501953967,-75.15842099576369
39.98496655962555,-75.15843309547567
39.984967948991006,-75.15844401105903
39.98496946221992,-75.15845589978828
39.98497087843766,-75.15846702635534
39.98497239166418,-75.15847891508524
39.98497380787963,-75.15849004165263
39.98497532110376,-75.15850193038322
39.98497673731693,-75.15851305695088
39.98497825053866,-75.15852494568215
39.984979790613345,-75.15853704539589
39.98498117996888,-75.15854796098203
39.98498272004109,-75.15856006069615
39.98498410939441,-75.15857097628289
39.98498564946415,-75.15858307599737
39.98498703881528,-75.15859399158472
39.98498857888253,-75.15860609129957
39.984989968231446,-75.15861700688752
39.98499148144237,-75.15862889562196
39.98499289764295,-75.15864002219129
39.984994410851485,-75.1586519109264
39.98499595091251,-75.15866401064228
39.9849973402559,-75.15867492623181
39.98499888031446,-75.15868702594807
39.98500026965564,-75.15869794153816
39.985001809711726,-75.15871004125479
39.985003199050716,-75.15872095684553
39.985004739104305,-75.15873305656251
39.9850061284411,-75.15874397215383
39.98500766849221,-75.1587560718712
39.985009057826794,-75.15876698746311
39.98501059787544,-75.15877908718083
39.98501211106951,-75.15879097592008
39.98501352725399,-75.15880210249145
39.98501504044565,-75.15881399123138
39.9850164297747,-75.15882490682486
39.98501796981712,-75.15883700654364
39.985019359143976,-75.15884792213774
39.985020899183915,-75.15886002185688
39.98502228850857,-75.15887093745157
39.985023828546026,-75.15888303717107
39.985025217868476,-75.15889395276636
39.98502675790347,-75.15890605248623
39.9850281472237,-75.15891696808211
39.98502968725621,-75.15892906780235
39.98503120043468,-75.15894095654612
39.98503261660428,-75.15895208311944
39.98503412978035,-75.1589639718639
39.985035545947675,-75.15897509843751
39.98503705912135,-75.15898698718263
39.98503844843387,-75.15899790278071
39.98503998845768,-75.15901000250234
39.98504137776798,-75.159020918101
39.98504291778931,-75.15903301782302
39.98504430709742,-75.15904393342228
39.98504584711626,-75.15905603314468
39.985047360281534,-75.15906792189227
39.98504877643854,-75.15907904846728
39.98505028960142,-75.15909093721557
39.985051705756135,-75.15910206379085
39.98505321891662,-75.15911395253981
39.985054635069055,-75.1591250791154
39.985056148227144,-75.15913696786505
39.985057564377286,-75.15914809444092
39.98505907753298,-75.15915998319124
39.98506049368084,-75.15917110976737
39.98506200683414,-75.15918299851838
39.98506339612791,-75.15919391412164
39.98506493613063,-75.15920601384651
39.98506644928031,-75.15921790259866
39.98506786542243,-75.1592290291756
39.98506937856971,-75.15924091792841
39.98507079470955,-75.15925204450566
39.985072307854445,-75.15926393325915
39.985073723992,-75.15927505983669
39.98507523713449,-75.15928694859087
39.98507665326974,-75.1592980751687
39.985078166409856,-75.15930996392355
39.98507958254283,-75.15932109050166
39.98508109568055,-75.15933297925717
39.98508263566828,-75.15934507898432
39.98508402494655,-75.15935599459179
39.985085564931815,-75.15936809431929
39.98508695420788,-75.15937900992736
39.985088467339565,-75.15939089868469
39.985089883464525,-75.15940202526389
39.98509139659382,-75.15941391402191
39.985092812716495,-75.15942504060139
39.9850943258434,-75.1594369293601
39.985095741963775,-75.15944805593988
39.985097255088284,-75.15945994469925
39.98509879506237,-75.15947204442851
39.985100184328495,-75.15948296003937
39.9851017243001,-75.15949505976901
39.98510311356403,-75.15950597538045
39.98510465353316,-75.15951807511047
39.985106042794875,-75.15952899072252
39.985107582761536,-75.1595410904529
39.98510897202105,-75.15955200606554
39.98511048513477,-75.15956389482808
39.98511190124255,-75.15957502140952
39.985113414353854,-75.15958691017273
39.98511483045935,-75.15959803675449
39.98511634356827,-75.15960992551837
39.98511788352622,-75.15962202525014
39.98511927277801,-75.15963294086498
39.98512081273348,-75.15964504059713
39.98512220198307,-75.15965595621253
39.985123741936064,-75.15966805594505
39.98512513118345,-75.15967897156108
39.98512667113397,-75.15969107129395
39.98512806037915,-75.15970198691058
39.98512960032718,-75.15971408664383
39.98513098957016,-75.15972500226106
39.985132529515724,-75.1597371019947
39.98513404261017,-75.15974899076271
39.98513543184983,-75.15975990638091
39.98513697179163,-75.15977200611519
39.98513836102908,-75.15978292173399
39.98513990096842,-75.15979502146863
39.985141290203664,-75.15980593708804
39.98514283061932,-75.1598180372374
39.985144238765656,-75.15982894750874
39.9851458000073,-75.15984104396722
39.98514733365617,-75.1598529266477
39.98514876939062,-75.15986405069805
39.985150303037095,-75.15987593337923
39.98515173876924,-75.15988705742988
39.98515327241334,-75.15989894011176
39.98515483364745,-75.15991103657146
39.9851562417849,-75.15992194684529
39.985157803016534,-75.1599340433054
39.98515921115178,-75.15994495357984
39.985160772380944,-75.15995705004032
39.98516218051399,-75.1599679603154
39.985163741740685,-75.15998005677626
39.9851652753751,-75.15999193946101
39.98516671109574,-75.16000306351323
39.985168244727774,-75.16001494619867
39.98516968044612,-75.16002607025118
39.985171214075756,-75.16003795293733
39.985172775294906,-75.16005004939942
39.98517418341907,-75.160060959677
39.98517574463574,-75.16007305613947
39.98517715275771,-75.16008396641764
39.985178713971905,-75.16009606288053
39.98518024759428,-75.16010794556881
39.98518168330339,-75.16011906962261
39.98518321692335,-75.16013095231159
39.985184652630196,-75.16014207636567
39.98518618624778,-75.16015395905538
39.98518762195232,-75.16016508310977
39.98518915556751,-75.16017696580016
39.985190716771704,-75.16018906226464
39.985192124882566,-75.16019997254595
39.98519368608429,-75.16021206901083
39.98519509419295,-75.16022297929275
39.98519665539219,-75.16023507575802
39.98519818900011,-75.16024695845056
39.98519962469541,-75.1602580825062
39.98520115830094,-75.16026996519946
39.985202593993975,-75.16028108925542
39.98520412759711,-75.16029297194936
39.98520568878881,-75.16030506841584
39.98520709688859,-75.16031597870028
39.98520865807782,-75.16032807516714
39.9852100661754,-75.1603389854522
39.985211627362155,-75.16035108191947
39.985213035457534,-75.16036199220515
39.985214596641804,-75.1603740886728
39.98521613023527,-75.16038597136958
39.985217565916784,-75.16039709542711
39.98521909950786,-75.16040897812461
39.98522053518708,-75.16042010218246
39.98522206877576,-75.16043198488065
39.9852236299525,-75.1604440813495
39.985225038039,-75.16045499163768
39.98522659921326,-75.16046708810693
39.98522800729755,-75.16047799839575
39.98522956846934,-75.16049009486537
39.98523110205074,-75.16050197756573
39.98523253772074,-75.16051310162483
39.985234071299764,-75.16052498432589
39.98523550696747,-75.16053610838527
39.98523704054409,-75.16054799108706
39.985238476209524,-75.16055911514675
39.985240009783745,-75.1605709978492
39.98524157094553,-75.16058309432046
39.98524297901872,-75.16059400461238
39.98524451258935,-75.16060588731597
39.98524594824904,-75.16061701137656
39.985247481817254,-75.16062889408086
39.98524904297282,-75.16064099055318
39.985250451040486,-75.16065190084676
39.98525201219357,-75.16066399731946
39.98525342025905,-75.16067490761364
39.985254981409646,-75.16068700408674
39.98525638947294,-75.16069791438154
39.985257950621055,-75.16071001085503
39.98525948417961,-75.16072189356221
39.98526091982779,-75.16073301762434
39.985262453383946,-75.1607449003322
39.98526388902984,-75.16075602439466
39.98526542258361,-75.16076790710322
39.9852669837242,-75.16078000357791
39.98526839177858,-75.16079091387523
39.98526995291671,-75.16080301035032
39.985271360968895,-75.16081392064825
39.985272922104535,-75.16082601712374
39.985274455651044,-75.16083789983443
39.9852758912877,-75.16084902389815
39.9852774248318,-75.16086090660957
39.985278860466174,-75.16087203067359
39.98528039400789,-75.1608839133857
39.98528182963998,-75.16089503745002
39.985283363179285,-75.16090692016283
39.98528492430493,-75.16091901663994
39.98528633234602,-75.16092992694098
39.98528789346918,-75.16094202341847
39.985289301508075,-75.16095293372014
39.98529086262876,-75.16096503019801
39.9852923961608,-75.16097691291297
39.98529383178366,-75.16098803697857
39.98529536531331,-75.16099991969422
39.98529680093388,-75.16101104376011
39.98529833446114,-75.16102292647648
39.98529989557429,-75.16103502295556
39.9853013036043,-75.16104593325973
39.98530286471497,-75.16105802973921
39.985304272742766,-75.161068940044
39.985305833850965,-75.16108103652387
39.98530724187657,-75.16109194682927
39.98530880298229,-75.16110404330954
39.98531033649989,-75.16111592602876
39.98531177210894,-75.16112705009621
39.98531330562414,-75.16113893281614
39.98531474123092,-75.16115005688391
39.98531627474373,-75.16116193960453
39.98531783584191,-75.161174036086
39.985319243858626,-75.16118494639393
39.98532080495434,-75.16119704287578
39.98532221296885,-75.1612079531843
39.985323774062095,-75.16122004966655
39.98532530756763,-75.16123193238933
39.985326743165174,-75.16124305645836
39.985328276668305,-75.16125493918182
39.985329712263564,-75.16126606325118
39.98533124576431,-75.16127794597533
39.985332681357285,-75.16128907004497
39.985334214855634,-75.16130095276985
39.98533577593886,-75.1613130492537
39.985337183942285,-75.16132395956535
39.985338745023036,-75.16133605604962
39.98534015302427,-75.16134696636189
39.98534171410254,-75.16135906284654
39.98534324759362,-75.16137094557355
39.98534468317735,-75.16138206964446
39.98534622250271,-75.16139395089473
39.985347663693474,-75.16140507422115
39.98534920304655,-75.16141695518868
39.985350644235034,-75.1614280785154
39.985352183585746,-75.16143995948366
39.98535375073441,-75.16145205501147
39.98535516412024,-75.16146296377964
39.98535673126644,-75.16147505930785
39.98535814465007,-75.16148596807662
39.9853597117938,-75.16149806360525
39.985361125175224,-75.16150897237465
39.985362692316464,-75.16152106790366
39.9853641056957,-75.16153197667369
39.98536567283447,-75.16154407220311
39.98536721217311,-75.16155595317494
39.98536865334779,-75.16156707650357
39.98537019268406,-75.1615789574761
39.985371633856445,-75.16159008080504
39.98537317319031,-75.16160196177829
39.98537461436042,-75.16161308510752
39.98537615369189,-75.16162496608148
39.98537759485972,-75.16163608941105
39.9853791341888,-75.16164797038569
39.98538070131507,-75.16166006591713
39.98538211468102,-75.16167097469092
39.985383681804834,-75.16168307022276
39.98538509516858,-75.16169397899718
39.985386662289905,-75.16170607452942
39.98538807565147,-75.16171698330446
39.9853896427703,-75.16172907883708
39.985391056129664,-75.16173998761273
39.98539262324604,-75.16175208314579
39.98539416256307,-75.16176396412402
39.9853956037171,-75.16177508745548
39.985397143031726,-75.16178696843441
39.98539858418347,-75.1617980917662
39.98540012349571,-75.16180997274586
39.985401564645166,-75.16182109607796
39.98540310395502,-75.16183297705831
39.9854045451022,-75.16184410039072
39.985406084409654,-75.16185598137177
39.98540765151355,-75.16186807690683
39.98540906485961,-75.16187898568626
39.98541063196103,-75.16189108122171
39.9854120453049,-75.16190199000177
39.98541361240383,-75.16191408553762
39.9854150257455,-75.1619249943183
39.985416592841965,-75.16193708985455
39.98541800618143,-75.16194799863584
39.98541957327542,-75.16196009417249
39.985421112570826,-75.16197197515713
39.9854225537042,-75.16198309849146
39.98542409299721,-75.16199497947679
39.985425534128304,-75.16200610281143
39.98542707341892,-75.16201798379748
39.985428514547735,-75.16202910713241
39.98543005383596,-75.16204098811917
39.985431494962484,-75.16205211145444
39.98543303424832,-75.1620639924419
39.98543460132982,-75.16207608798057
39.985436014656,-75.16208699676565
39.98543758173503,-75.16209909230471
39.98543899505902,-75.1621100010904
39.985440562135565,-75.16212209662987
39.98544197545734,-75.16213300541617
39.98544354253143,-75.16214510095604
39.985444955851,-75.16215600974296
39.98544652292261,-75.16216810528321
39.98544806219638,-75.1621799862743
39.985449475512645,-75.16219089506225
39.9854510425805,-75.16220299060319
39.98545245589456,-75.16221389939179
39.98545402295993,-75.16222599493314
39.98545543627179,-75.16223690372236
39.985457003334695,-75.16224899926411
39.98545841664436,-75.16225990805391
39.985459983704786,-75.16227200359607
39.985461522967775,-75.1622838845904
39.9854629640702,-75.16229500792906
39.985464503330796,-75.16230688892408
39.98546594443094,-75.16231801226306
39.98546748368915,-75.1623298932588
39.985468924787,-75.16234101659809
39.98547046404281,-75.16235289759454
39.98547190513838,-75.16236402093415
39.98547344439181,-75.1623759019313
39.9854748854851,-75.1623870252712
39.98547642473613,-75.16239890626906
39.985477991781586,-75.16241100181365
39.985479405075765,-75.16242191060786
39.98548097211876,-75.16243400615284
39.98548238541074,-75.16244491494767
39.985483952451254,-75.16245701049303
39.985485365741035,-75.1624679192885
39.98548693277907,-75.16248001483426
39.98548834606664,-75.16249092363034
39.9854899131022,-75.16250301917651
39.98549145234117,-75.16251490017795
39.98549289342066,-75.16252602351976
39.985494432657255,-75.16253790452191
39.98549587373446,-75.16254902786405
39.985497412968655,-75.1625609088669
39.98549885404357,-75.16257203220935
39.985500393275366,-75.1625839132129
39.98550183434801,-75.16259503655567
39.985503373577416,-75.16260691755993
39.985504940600485,-75.16261901310813
39.98550635387478,-75.16262992190798
39.98550792089538,-75.16264201745658
39.98550933416749,-75.16265292625705
39.985510901185606,-75.16266502180602
39.9855123144555,-75.16267593060712
39.98551388147114,-75.16268802615649
39.98551529473883,-75.16269893495821
39.98551686175201,-75.16271103050798
39.98551840096937,-75.16272291151581
39.985519842028204,-75.16273403486049
39.98552138124317,-75.16274591586905
39.98552282229972,-75.16275703921404
39.9855243615123,-75.1627689202233
39.98552580256655,-75.16278004356857
39.98552734177674,-75.16279192457856
39.985528782828716,-75.16280304792414
39.98553032203651,-75.16281492893481
39.9855318890372,-75.1628270244866
39.98553330229161,-75.16283793329211
39.98553486928981,-75.16285002884432
39.98553628254202,-75.16286093765044
39.98553784953776,-75.16287303320303
39.98553926278777,-75.16288394200977
39.98554082978103,-75.16289603756275
39.98554224302884,-75.16290694637011
39.98554381001962,-75.1629190419235
39.98554534921536,-75.16293092293775
39.98554679025354,-75.16294204628527
39.985548329743686,-75.16295392611653
39.98554979253226,-75.16296504648588
39.98555135446525,-75.16297692057745
39.98555294502667,-75.16298901231748
39.985554379182155,-75.16299991503945
39.98555596974109,-75.16301200677988
39.98555740389437,-75.16302290950249
39.98555899445084,-75.16303500124336
39.98556058500599,-75.16304709298439
39.985562019155914,-75.1630579957079
39.985563609708606,-75.16307008744933
39.98556504385632,-75.16308099017348
39.98556663440653,-75.16309308191536
39.98556819632621,-75.16310495601094
39.98556965909979,-75.16311607638244
39.985571221017075,-75.16312795047874
39.98557268378837,-75.16313907085058
39.985574245703276,-75.16315094494762
39.985575836245964,-75.16316303669078
39.9855772703848,-75.16317393941755
39.98557886092501,-75.16318603116112
39.98558029506166,-75.16319693388854
39.98558188559939,-75.16320902563255
39.98558344750703,-75.16322089973183
39.98558491026911,-75.16323202010504
39.985586472174354,-75.16324389420505
39.98558793493414,-75.1632550145786
39.98558952546561,-75.1632671063236
39.985591087367204,-75.16327898042464
39.985592550123506,-75.16329010079862
39.9855941120227,-75.16330197490038
39.985595702549126,-75.16331406664628
39.98559713667354,-75.16332496937721
39.985598727197484,-75.16333706112351
39.985600161319695,-75.1633479638551
39.98560175184117,-75.16336005560181
39.985603313733115,-75.16337192970583
39.98560477648018,-75.1633830500812
39.985606338369735,-75.16339492418592
39.98560780111452,-75.16340604456164
39.985609363001686,-75.1634179186671
39.985610953515646,-75.16343001041511
39.98561238762897,-75.16344091314934
39.98561397814045,-75.16345300489778
39.98561541225157,-75.16346390763262
39.98561700276058,-75.16347599938148
39.98561859326826,-75.16348809113049
39.98562002737604,-75.16349899386626
39.98562161788124,-75.16351108561568
39.98562305198683,-75.1635219883521
39.98562464248956,-75.16353408010194
39.98562620436343,-75.16354595421141
39.985627667093205,-75.16355707458926
39.985629228964676,-75.16356894869946
39.98563069169218,-75.16358006907765
39.98563225356126,-75.16359194318859
39.98563384541883,-75.16360403563188
39.98563545042648,-75.16361589617412
39.98563708568207,-75.16362798024981
39.98563872093636,-75.16364006432568
39.98564032594024,-75.16365192486906
39.98564196119196,-75.16366400894546
39.98564359644237,-75.163676093022
39.985645201442516,-75.16368795356655
39.985646836690336,-75.16370003764362
39.98564844168801,-75.16371189818899
39.98565007693327,-75.16372398226656
39.98565171217722,-75.1637360663443
39.98565331668736,-75.16374793159473
39.98565472771553,-75.16375905881408
39.98565623550965,-75.16377094912939
39.985657769963154,-75.1637830496884
39.985659154327244,-75.16379396666503
39.98566068877828,-75.1638060672244
39.98566207314017,-75.16381698420162
39.98566360758873,-75.16382908476137
39.98566511537556,-75.16384097507874
39.985666526394475,-75.16385210229927
39.98566803417893,-75.16386399261732
39.985669418535274,-75.16387490959612
39.98567095297761,-75.16388701015687
39.98567246075843,-75.16389890047603
39.98567387177161,-75.16391002769736
39.98567537955003,-75.16392191801721
39.985676913987305,-75.16393401857873
39.985678298336964,-75.16394493555933
39.98567983277176,-75.16395703612119
39.985681217119215,-75.1639679531024
39.985682751551515,-75.16398005366466
39.98568425932266,-75.16399194398657
39.9856856703266,-75.16400307120905
39.985687178095354,-75.16401496153165
39.98568858909701,-75.16402608875443
39.98569009686336,-75.16403797907768
39.985691631288134,-75.16405007964106
39.98569301562669,-75.16406099662467
39.98569455004899,-75.16407309718842
39.985695934385326,-75.16408401417262
39.98569744214568,-75.16409590449769
39.98569897656422,-75.16410800506206
39.98570036089725,-75.16411892204724
39.985701895313326,-75.164131022612
39.98570327964414,-75.16414193959777
39.98570481405773,-75.1641540401629
39.98570632181079,-75.16416593049003
39.98570773279746,-75.16417705771474
39.985709240548125,-75.16418894804254
39.98571077495666,-75.16420104860843
39.98571215928077,-75.16421196559604
39.98571369368684,-75.16422406616229
39.98571507800875,-75.16423498315048
39.98571661241233,-75.16424708371709
39.98571812015571,-75.16425897404697
39.98571953113315,-75.16427010127285
39.98572103887412,-75.16428199160339
39.98572242319051,-75.16429290859315
39.98572395758786,-75.1643050091608
39.985725465325224,-75.16431689949246
39.985726876296916,-75.16432802671912
39.98572838403189,-75.16433991705146
39.9857297950013,-75.16435104427842
39.98573130273386,-75.16436293461145
39.985732837123685,-75.16437503518021
39.98573422143115,-75.16438595217237
39.98573575581851,-75.1643980527415
39.98573726354618,-75.16440994307592
39.985738674508646,-75.16442107030375
39.985740182233926,-75.16443296063885
39.9857415931941,-75.16444408786697
39.98574310091699,-75.16445597820272
39.9857446352968,-75.16446807877297
39.98574601959538,-75.16447899576757
39.98574755397271,-75.16449109633818
39.985748938269076,-75.16450201333335
39.98575044598596,-75.16451390367091
39.985751980359524,-75.16452600424216
39.985753364652574,-75.16453692123832
39.98575495879255,-75.16454900926513
39.985756397735905,-75.16455991057258
39.985757993693795,-75.1645720014179
39.985759461457874,-75.16458312108627
39.985761028590375,-75.16459499357173
39.985762624544485,-75.16460708441761
39.98576406348228,-75.16461798572664
39.98576565943392,-75.16463007657295
39.98576709836951,-75.1646409778826
39.98576869431868,-75.16465306872934
39.985770133252075,-75.16466397003964
39.98577172919876,-75.1646760608868
39.985773296321625,-75.16468793337523
39.98577476407418,-75.16469905304535
39.98577633119465,-75.16471092553454
39.98577779894494,-75.16472204520498
39.98577936606301,-75.16473391769489
39.985780833811006,-75.16474503736568
39.985782400926695,-75.16475690985632
39.985783868672414,-75.16476802952744
39.985785435785715,-75.16477990201882
39.98578703171994,-75.16479199286817
39.98578849946215,-75.16480311253974
39.985790066571795,-75.16481498503217
39.985791534311744,-75.16482610470409
39.985793101419006,-75.16483797719724
39.98579456915666,-75.16484909686952
39.985796136261534,-75.1648609693634
39.985797732187,-75.16487306021416
39.985799171099394,-75.16488396153062
39.9858007670224,-75.16489605238182
39.985802205932586,-75.16490695369892
39.985803801853116,-75.16491904455054
39.9858052407611,-75.1649299458683
39.98580683667916,-75.16494203672033
39.985808403774385,-75.1649539092172
39.98580987150053,-75.16496502889122
39.98581143859337,-75.16497690138881
39.98581290631724,-75.16498802106315
39.98581447340769,-75.16499989356151
39.98581594112927,-75.16501101323618
39.98581753703859,-75.16502310408967
39.98581897593664,-75.16503400541026
39.98582057184349,-75.16504609626418
39.985822138927894,-75.16505796876432
39.98582360664369,-75.16506908843976
39.985825173725715,-75.16508096094063
39.985826641439246,-75.16509208061645
39.985828208518875,-75.16510395311802
39.985829676230125,-75.16511507279417
39.98583124330736,-75.1651269452965
39.985832839204214,-75.16513903615215
39.985834278091176,-75.16514993747604
39.98583587398555,-75.16516202833212
39.98583731287032,-75.16517292965666
39.98583890876223,-75.16518502051318
39.985840347644796,-75.16519592183836
39.985841943534226,-75.16520801269532
39.98584351060182,-75.16521988520063
39.98584497830155,-75.16523100487849
39.9858465741872,-75.165243095736
39.985848013064206,-75.16525399706276
39.98584960894738,-75.1652660879207
39.98585104782221,-75.1652769892481
39.98585264370289,-75.16528908010648
39.98585408257553,-75.16529998143453
39.98585567845373,-75.16531207229332
39.98585724338162,-75.16532394837517
39.985858629380665,-75.16533507861377
39.98586011096553,-75.16534697646262
39.98586149696227,-75.16535810670146
39.98586297854475,-75.16537000455097
39.985864338805435,-75.16538092813465
39.98586584611928,-75.16539303264021
39.985867206377755,-75.16540395622448
39.985868713689136,-75.16541606073037
39.98587007394539,-75.1654269843152
39.985871581254294,-75.16543908882144
39.985873062828354,-75.1654509866733
39.985874423081285,-75.16546191025908
39.98587593038644,-75.16547401476592
39.98587729063716,-75.16548493835226
39.985878797939826,-75.16549704285943
39.985880158188344,-75.16550796644636
39.985881665488535,-75.16552007095385
39.98588302573485,-75.16553099454134
39.98588450729936,-75.16554289239596
39.985885893276674,-75.16555402263722
39.985887374838775,-75.1655659204925
39.98588876081381,-75.16557705073403
39.985890242373515,-75.16558894858994
39.985891749665,-75.16560105309871
39.98589310990357,-75.1656119766883
39.98589461719257,-75.16562408119741
39.98589597742893,-75.16563500478755
39.98589745898263,-75.16564690264521
39.98589884494962,-75.1656580328877
39.985900326500904,-75.16566993074602
39.98590171246561,-75.16568106098877
39.985903194014504,-75.16569295884773
39.985904579976925,-75.16570408909075
39.985906061523416,-75.16571598695033
39.985907421751,-75.16572691054289
39.98590892902765,-75.16573901505384
39.9859104105705,-75.16575091291452
39.98591179652718,-75.16576204315828
39.98591327806765,-75.1657739410196
39.98591466402204,-75.16578507126361
39.98591614556011,-75.16579696912557
39.985917531512214,-75.16580809936984
39.985919013047884,-75.16581999723243
39.98592037326552,-75.16583092082764
39.98592188053098,-75.16584302534022
39.9859232407464,-75.165853948936
39.98592474800939,-75.16586605344892
39.9859261082226,-75.16587697704526
39.9859276154831,-75.16588908155853
39.985929097010356,-75.1659009794235
39.98593045722024,-75.1659119030208
39.98593196447699,-75.16592400753466
39.98593332468468,-75.16593493113251
39.98593483193894,-75.16594703564668
39.98593619214442,-75.16595795924512
39.9859376993962,-75.16597006375964
39.98593905959948,-75.16598098735865
39.98594056684879,-75.16599309187352
39.98594192704986,-75.16600401547309
39.985943408565156,-75.16601591334145
39.985944794495545,-75.1660270435884
39.98594627600845,-75.16603894145743
39.98594778325153,-75.16605104597323
39.98594914344706,-75.16606196957432
39.98595065068765,-75.16607407409045
39.98595201088097,-75.1660849976921
39.98595349238786,-75.16609689556284
39.98595487831022,-75.1661080258108
39.985956448417966,-75.16611989890275
39.985957920096084,-75.16613101801457
39.98595949131828,-75.16614288923091
39.985960962994106,-75.16615400834309
39.98596256318916,-75.1661660984801
39.98596400588747,-75.16617699867265
39.98596560608004,-75.16618908881011
39.98596704877617,-75.16619998900332
39.98596864896626,-75.1662120791412
39.98597022018004,-75.16622395036003
39.985971691847816,-75.16623506947337
39.9859732630592,-75.16624694069296
39.98597473472469,-75.16625805980664
39.98597630593368,-75.16626993102695
39.9859777775969,-75.16628105014095
39.98597934880352,-75.16629292136201
39.98598082046444,-75.16630404047639
39.98598239166867,-75.16631591169816
39.985983863327306,-75.16632703081288
39.98598543452914,-75.1663389020354
39.985986906185516,-75.16635002115046
39.985988477384964,-75.16636189237374
39.98599007755764,-75.16637398251468
39.9859915492105,-75.1663851016302
39.985993120406306,-75.16639697285451
39.9859945920569,-75.16640809197035
39.9859961632503,-75.16641996319542
39.98599763489861,-75.16643108231162
39.98599920608963,-75.16644295353741
39.98600067773565,-75.16645407265395
39.98600224892429,-75.16646594388048
39.98600372056803,-75.16647706299737
39.986005291754275,-75.16648893422466
39.986006763395736,-75.16650005334186
39.986008334579594,-75.16651192456987
39.98600980621876,-75.16652304368745
39.986011377400246,-75.1665349149162
39.98601297755429,-75.16654700506031
39.986014420216215,-75.16655790526362
39.98601602036779,-75.16656999540814
39.98601746302752,-75.1665808956121
39.98601906317663,-75.16659298575708
39.98602053480775,-75.16660410487579
39.98602210598079,-75.16661597610707
39.986023577609636,-75.16662709522612
39.986025148780286,-75.16663896645814
39.986026620406854,-75.16665008557754
39.98602819157511,-75.1666619568103
39.986029663199375,-75.16667307593005
39.986031234365264,-75.16668494716355
39.986032834503156,-75.16669703731039
39.98603427715075,-75.16670793751787
39.98603587728616,-75.16672002766514
39.98603731993156,-75.16673092787329
39.9860389200645,-75.16674301802098
39.98604036270771,-75.16675391822976
39.986041933351224,-75.16676601473411
39.9860433490362,-75.16677692283821
39.986044918774034,-75.16678901795667
39.986046334456816,-75.16679992606142
39.98604790419217,-75.16681202118028
39.98604931987274,-75.16682292928563
39.98605088960562,-75.16683502440492
39.986052305284,-75.16684593251087
39.986053875014406,-75.16685802763055
39.98605529069058,-75.16686893573714
39.9860568604185,-75.16688103085721
39.98605840225456,-75.16689291107386
39.98605984581793,-75.16690403408491
39.9860613876516,-75.16691591430227
39.98606283121269,-75.16692703731361
39.98606437304395,-75.1669389175317
39.98606581660276,-75.16695004054336
39.98606735843165,-75.16696192076213
39.98606880198817,-75.16697304377409
39.986070343814646,-75.1669849239936
39.98607178736889,-75.16699604700588
39.986073329193,-75.16700792722608
39.98607477274494,-75.1670190502387
39.98607631456665,-75.16703093045962
39.98607775811632,-75.16704205347253
39.98607929993564,-75.16705393369415
39.98608074348302,-75.16706505670737
39.98608228529995,-75.16707693692973
39.98608372884505,-75.16708805994325
39.986085270659586,-75.1670999401663
39.986086840362645,-75.1671120352904
39.98608825601455,-75.16712294340391
39.986089825715126,-75.16713503852841
39.98609124136483,-75.16714594664255
39.986092811062946,-75.16715804176745
39.98609422671044,-75.16716894988221
39.986095796406076,-75.16718104500751
39.98609721205137,-75.16719195312288
39.98609878174452,-75.16720404824859
39.98610019738763,-75.16721495636459
39.98610176707832,-75.16722705149068
39.98610318271921,-75.1672379596073
39.98610475240742,-75.16725005473381
39.98610616804613,-75.16726096285107
39.98610773773186,-75.16727305797798
39.98610915336836,-75.16728396609584
39.98611072305161,-75.16729606122314
39.98611213868591,-75.16730696934164
39.986113708491445,-75.16731906493435
39.98611513454856,-75.16732997002897
39.98611671597766,-75.16734206326667
39.98611814203258,-75.16735296836193
39.9861197234592,-75.16736506160005
39.98612114951192,-75.16737596669594
39.98612273093607,-75.16738805993447
39.98612415698659,-75.16739896503098
39.986125738408255,-75.16741105826993
39.986127164456576,-75.16742196336709
39.986128745875774,-75.16743405660644
39.98613017192189,-75.16744496170425
39.98613175333862,-75.16745705494401
39.98613317938254,-75.16746796004243
39.98613476079679,-75.16748005328263
39.98613618683852,-75.16749095838168
39.986137768250295,-75.16750305162225
39.98613919428982,-75.16751395672195
39.98614077569911,-75.16752604996296
39.98614220173645,-75.1675369550633
39.98614378314326,-75.1675490483047
39.9861452091784,-75.16755995340567
39.986146790582744,-75.16757204664752
39.98614821661569,-75.16758295174908
39.98614979801755,-75.16759504499134
39.9861512240483,-75.16760595009356
39.98615280544768,-75.16761804333622
39.98615423147623,-75.16762894843909
39.98615581287315,-75.16764104168215
39.98615723889949,-75.16765194678564
39.98615882029392,-75.16766404002912
39.986160246318086,-75.16767494513324
39.98616170064467,-75.16768606668063
39.986163253731995,-75.1676979434819
39.98616470805631,-75.1677090650296
39.98616626114124,-75.1677209418316
39.98616771546326,-75.16773206337963
39.98616926854581,-75.16774394018235
39.986170722865545,-75.1677550617307
39.98617227594569,-75.16776693853413
39.98617373026317,-75.16777806008281
39.98617528334092,-75.16778993688696
39.9861767376561,-75.16780105843597
39.986178290731466,-75.16781293524086
39.98617974504436,-75.1678240567902
39.986181298117344,-75.1678359335958
39.98618275242795,-75.16784705514543
39.986184305498554,-75.16785893195178
39.98618575980688,-75.16787005350173
39.986187312875074,-75.1678819303088
39.986188767181126,-75.16789305185911
39.98619032024694,-75.16790492866686
39.9861917745507,-75.1679160502175
39.98619332761411,-75.16792792702597
39.9861947819156,-75.16793904857693
39.986196334976626,-75.16795092538612
39.98619778927581,-75.16796204693742
39.986199341847396,-75.16797392502859
39.98620077412602,-75.16798504953697
39.986202304156635,-75.16799693329475
39.98620373643297,-75.16800805780342
39.9862052664612,-75.16801994156191
39.98620682394905,-75.16803203861002
39.986208228761086,-75.16804294983007
39.98620978624645,-75.16805504687858
39.986211191056285,-75.1680659580992
39.98621274853919,-75.16807805514813
39.98621427856013,-75.16808993890875
39.98621571082723,-75.16810106341866
39.98621724084579,-75.16811294718
39.986218673110606,-75.16812407169022
39.986220203126784,-75.16813595545224
39.98622176060213,-75.16814805250233
39.98622316540309,-75.16815896372549
39.98622472287596,-75.16817106077598
39.98622625288725,-75.16818294453942
39.98622768514512,-75.16819406905061
39.98622921515401,-75.16820595281476
39.98623064740959,-75.16821707732623
39.986232177416085,-75.16822896109109
39.98623373488144,-75.16824105814277
39.9862351396735,-75.16825196936843
39.98623669713637,-75.1682640664205
39.98623810192621,-75.16827497764675
39.98623965938662,-75.16828707469924
39.98624118938584,-75.16829895846622
39.986242621632194,-75.16831008297893
39.986244151629016,-75.16832196674663
39.986245583873085,-75.16833309125965
39.986247113867506,-75.16834497502805
39.98624867132038,-75.1683570720817
39.98625007610135,-75.16836798331046
39.98625163355173,-75.16838008036451
39.98625303833049,-75.16839099159388
39.986254595778405,-75.16840308864832
39.986256125765564,-75.16841497241884
39.986257558000396,-75.16842609693312
39.986259087985154,-75.16843798070435
39.986260520217705,-75.16844910521891
39.98626205020008,-75.16846098899084
39.98626360764046,-75.1684730860465
39.986265012410335,-75.16848399727836
39.98626656984823,-75.16849609433437
39.986267974615906,-75.16850700556685
39.98626953205133,-75.16851910262326
39.98627106202641,-75.16853098639734
39.98627249424975,-75.16854211091317
39.98627402422244,-75.16855399468791
39.98627545644348,-75.16856511920405
39.98627698641379,-75.1685770029795
39.986278516382875,-75.16858888675542
39.98627994860046,-75.16860001127209
39.98628147856716,-75.16861189504871
39.9862830359913,-75.16862399210699
39.98628444074675,-75.16863490334298
39.98628599816842,-75.16864700040168
39.986287402921675,-75.16865791163826
39.98628896034087,-75.16867000869735
39.98629049030029,-75.1686818924761
39.98629192250864,-75.16869301699401
39.98629345246566,-75.16870490077346
39.98629488467173,-75.16871602529169
39.98629641462636,-75.16872790907182
39.98629797203801,-75.1687400061321
39.98629937678238,-75.1687509173712
39.986300934191554,-75.16876301443186
39.98630233893371,-75.16877392567157
39.986303900880685,-75.16878602180462
39.98630543541573,-75.16879790421575
39.98630687199838,-75.16880902815821
39.98630840653104,-75.16882091057005
39.98630984311141,-75.1688320345128
39.98631137764167,-75.16884391692535
39.98631281421976,-75.16885504086842
39.98631434874763,-75.16886692328166
39.98631578532343,-75.16887804722504
39.98631731984891,-75.16888992963898
39.986318881997384,-75.16890202595845
39.986320290945514,-75.16891293599731
39.98632185309151,-75.16892503231716
39.98632326203745,-75.16893594235663
39.98632482418096,-75.16894803867689
39.98632623312471,-75.16895894871698
39.98632779526573,-75.16897104503762
39.98632920420728,-75.16898195507834
39.98633076634584,-75.16899405139937
39.98633230085926,-75.16900593381685
39.986333737421255,-75.16901705776213
39.98633527193229,-75.16902894018031
39.98633670849201,-75.1690400641259
39.986338243000645,-75.16905194654478
39.98633967955808,-75.16906307049067
39.98634121406432,-75.16907495291028
39.986342776192885,-75.16908704923293
39.986344185123315,-75.16909795927675
39.98634574724941,-75.1691100555998
39.98634715617765,-75.16912096564425
39.98634871830126,-75.16913306196767
39.986350127227304,-75.16914397201275
39.98635168934842,-75.16915606833658
39.98635309827227,-75.16916697838228
39.98635466039092,-75.16917907470648
39.986356194885104,-75.16919095712963
39.98635763142874,-75.1692020810774
39.98635916592053,-75.16921396350124
39.986360602461886,-75.1692250874493
39.98636213695128,-75.16923696987385
39.986363573490344,-75.16924809382223
39.986365107977356,-75.1692599762475
39.986366544514134,-75.16927110019618
39.98636807899876,-75.16928298262215
39.98636964110492,-75.16929507894837
39.98637105001547,-75.1693059889978
39.98637261211916,-75.16931808532442
39.98637402102752,-75.16932899537447
39.986375583128726,-75.16934109170147
39.98637699203489,-75.16935200175213
39.986378554133616,-75.16936409807951
39.98638008860857,-75.16937598050835
39.98638152513384,-75.1693871044586
39.98638305960639,-75.1693989868881
39.986384496129375,-75.16941011083867
39.98638603059953,-75.16942199326888
39.986387439497975,-75.16943290332182
39.986389001588,-75.16944499965068
39.98639041048425,-75.16945590970421
39.9863919725718,-75.16946800603347
39.98639350703596,-75.16947988846556
39.98639494355092,-75.16949101241728
39.986396478012686,-75.16950289485007
39.986397914525355,-75.1695140188021
39.98639944898473,-75.16952590123559
39.986400885495115,-75.16953702518794
39.9864024199521,-75.16954890762212
39.98640385646021,-75.16956003157479
39.9864053909148,-75.16957191400965
39.9864069523517,-75.16958401035471
39.98640834481416,-75.16959492506662
39.98640988838693,-75.16960702425521
39.986411280847186,-75.1696179389677
39.98641282441747,-75.16963003815667
39.98641434101019,-75.16964192589352
39.986415760443336,-75.1696530520591
39.986417277033645,-75.16966493979663
39.986418696464526,-75.16967606596252
39.98642021305243,-75.16968795370073
39.9864217566152,-75.16970005289086
39.98642314906656,-75.16971096760582
39.986424692626834,-75.16972306679631
39.98642608507598,-75.16973398151188
39.986427628633784,-75.16974608070274
39.98642902108074,-75.16975699541888
39.98643056463606,-75.16976909461013
39.98643208121431,-75.16978098235111
39.98643350063366,-75.16979210851851
39.98643501720951,-75.16980399626016
39.98643640965093,-75.16981491097792
39.98643795320002,-75.1698270101702
39.986439469772264,-75.16983889791298
39.98644088918587,-75.16985002408119
39.98644240575571,-75.16986191182467
39.986443825167036,-75.16987303799317
39.98644534173448,-75.16988492573732
39.986446885276045,-75.16989702493076
39.986448277708575,-75.16990793965097
39.98644982124766,-75.16992003884477
39.98645121367798,-75.16993095356557
39.986452757214586,-75.16994305275975
39.98645414964271,-75.16995396748115
39.98645569317684,-75.16996606667568
39.9864572097346,-75.16997795442263
39.98645862913442,-75.16998908059263
39.98646014568979,-75.17000096834025
39.9864615650873,-75.17001209451053
39.98646308164028,-75.17002398225884
39.98646462516688,-75.17003608145455
39.9864660175861,-75.17004699617839
39.98646756111023,-75.17005909537448
39.98646895352725,-75.17007001009891
39.98647047007421,-75.17008189784904
39.986472013594586,-75.1700939970458
39.98647340600828,-75.17010491177125
39.98647494952618,-75.17011701096835
39.98647634193767,-75.1701279256944
39.986477885453084,-75.1701400248919
39.98647940199277,-75.17015191264412
39.98648082137532,-75.17016303881638
39.986482337912605,-75.17017492656929
39.98648375729286,-75.17018605274187
39.98648527382776,-75.17019794049546
39.98648669320573,-75.17020906666832
39.98648820973823,-75.1702209544226
39.98648975324364,-75.17023305362162
39.98649114564403,-75.17024396835072
39.98649268914696,-75.17025606755011
39.98649408154515,-75.17026698227978
39.9864956250456,-75.17027908147956
39.986497141570815,-75.17029096923595
39.98649856093955,-75.17030209541001
39.98650007746238,-75.17031398316705
39.98650149682884,-75.1703251093414
39.986503013349264,-75.17033699709914
39.986504529868476,-75.17034888485733
39.98650594923148,-75.1703600110322
39.98650746574829,-75.17037189879107
39.986508885109004,-75.17038302496626
39.986510401281386,-75.17039490969967
39.98651187022485,-75.17040602920328
39.98651343858907,-75.17041790130446
39.98651490753025,-75.17042902080841
39.98651647589209,-75.17044089291034
39.98651807312189,-75.17045298354545
39.98651954205959,-75.17046410304985
39.98652111041776,-75.17047597515281
39.98652257935317,-75.17048709465757
39.98652414770897,-75.17049896676129
39.98652561664209,-75.17051008626638
39.9865271849955,-75.17052195837083
39.98652865392635,-75.17053307787624
39.986530222277366,-75.17054494998142
39.986531691205926,-75.17055606948719
39.986533259554555,-75.1705679415931
39.986534728480834,-75.17057906109922
39.98653629682707,-75.17059093320586
39.986537765751066,-75.17060205271233
39.98653933409492,-75.1706139248197
39.98654093130609,-75.17062601545796
39.9865423713581,-75.17063691643462
39.98654396856681,-75.17064900707331
39.9865454086166,-75.17065990805061
39.98654700582283,-75.1706719986897
39.98654844587045,-75.17068289966767
39.98655004307419,-75.1706949903072
39.98655151198785,-75.17070610981514
39.98655308032088,-75.17071798192576
39.98655454923227,-75.17072910143405
39.98655611756291,-75.17074097354543
39.986557586471996,-75.17075209305402
39.986559154800254,-75.17076396516616
39.98656062370707,-75.1707750846751
39.98656219203294,-75.17078695678794
39.98656366093747,-75.17079807629725
39.986565229260954,-75.1708099484108
39.98656682645102,-75.17082203905264
39.98656826648429,-75.17083294003477
39.98656986367189,-75.17084503067701
39.98657130370297,-75.17085593165979
39.986572900888085,-75.17086802230247
39.98657434091696,-75.17087892328587
39.986575938099605,-75.17089101392901
39.98657737812629,-75.17090191491305
39.986578975306465,-75.17091400555658
39.986580415330955,-75.1709249065413
39.986582012508656,-75.17093699718527
39.98658348139827,-75.17094811669674
39.986585049706164,-75.17095998881503
39.9865865185935,-75.17097110832682
39.986588086899,-75.17098298044588
39.98658955578406,-75.170994099958
39.98659112408718,-75.17100597207778
39.986592721256145,-75.17101806272318
39.98659416127068,-75.17102896371077
39.98659575843717,-75.17104105435659
39.98659719844951,-75.17105195534482
39.98659879561353,-75.17106404599107
39.986600235623676,-75.17107494697996
39.98660183278521,-75.17108703762663
39.98660327279317,-75.17109793861617
39.986604869952224,-75.1711100292633
39.986606309957985,-75.17112093025347
39.98660790711457,-75.171133020901
39.98660934711814,-75.17114392189183
39.98661094427224,-75.1711560125398
39.98661238427362,-75.17116691353127
39.98661398142526,-75.17117900417965
39.98661557678286,-75.17119109329877
39.98661698861799,-75.17120200250918
39.98661852627891,-75.17121388398131
39.986619965850466,-75.17122500752829
39.98662150350899,-75.17123688900114
39.98662294307828,-75.17124801254843
39.9866244807344,-75.17125989402196
39.9866259203014,-75.17127101756957
39.98662745795513,-75.17128289904382
39.98662889751985,-75.17129402259174
39.98663043517119,-75.17130590406667
39.986631874733625,-75.1713170276149
39.986633412382574,-75.17132890909056
39.986634851942725,-75.1713400326391
39.98663638958928,-75.17135191411543
39.98663795497271,-75.17136400992621
39.98663936679131,-75.17137491914136
39.98664093217225,-75.17138701495251
39.986642343988656,-75.17139792416829
39.98664390936713,-75.17141001997983
39.98664532118135,-75.17142092919623
39.98664688655733,-75.17143302500818
39.986648298369346,-75.1714439342252
39.986649863742855,-75.17145603003755
39.986651275552674,-75.17146693925518
39.98665284092371,-75.1714790350679
39.98665425273132,-75.17148994428617
39.986655818099884,-75.1715020400993
39.9866572299053,-75.17151294931816
39.98665879527139,-75.1715250451317
39.986660332898715,-75.17153692661373
39.98666177243821,-75.17154805016511
39.986663310063136,-75.17155993164785
39.98666474960035,-75.17157105519952
39.986666287222896,-75.17158293668298
39.986667726757815,-75.17159406023498
39.98666926437797,-75.17160594171914
39.98667070391062,-75.17161706527145
39.986672241528375,-75.1716289467563
39.98667368105874,-75.17164007030892
39.9866752186741,-75.17165195179449
39.98667665820218,-75.17166307534741
39.98667819581516,-75.17167495683368
39.98667963534095,-75.17168608038692
39.98668117295153,-75.17169796187389
39.98668273829771,-75.17171005769065
39.98668415008323,-75.17172096691512
39.986685715426916,-75.17173306273226
39.98668712721025,-75.17174397195737
39.98668869255147,-75.1717560677749
39.98669010433259,-75.17176697700063
39.98669166967134,-75.17177907281855
39.98669308145028,-75.17178998204488
39.98669464678654,-75.17180207786322
39.98669605856326,-75.17181298709019
39.98669762389705,-75.1718250829089
39.986699035671585,-75.1718359921365
39.986700601002894,-75.1718480879556
39.986702138596634,-75.17185996944754
39.98670357810406,-75.17187109300332
39.98670511569541,-75.17188297449597
39.986706555200556,-75.17189409805205
39.98670809278951,-75.17190597954541
39.986709532292366,-75.17191710310178
39.986711069878936,-75.17192898459588
39.9867125093795,-75.17194010815255
39.98671404696368,-75.17195198964733
39.98671548646197,-75.17196311320434
39.98671702404375,-75.1719749946998
39.986718435803965,-75.17198590393151
39.986719963562614,-75.17199800782583
39.98672146304507,-75.17200990054964
39.98672286613235,-75.17202102875137
39.98672436561241,-75.17203292147585
39.98672576869739,-75.17204404967782
39.98672726817506,-75.17205594240298
39.98672867125776,-75.17206707060524
39.98673017073303,-75.17207896333103
39.98673169657246,-75.17209106516819
39.986733073286324,-75.17210198426005
39.98673459912327,-75.17211408609755
39.98673597583493,-75.17212500519
39.98673747530418,-75.17213689791758
39.986738878378866,-75.17214802612091
39.98674037784571,-75.17215991884915
39.98674178091811,-75.17217104705273
39.98674328038256,-75.17218293978164
39.9867448062108,-75.1721950416205
39.98674618291473,-75.17220596071508
39.98674770874049,-75.17221806255426
39.98674908544221,-75.17222898164945
39.986750611265485,-75.17224108348901
39.98675198796501,-75.17225200258477
39.98675351378581,-75.17226410442468
39.98675501324059,-75.17227599715632
39.98675638993677,-75.17228691625304
39.98675791575383,-75.1722990180936
39.98675929244782,-75.17230993719089
39.98676081826239,-75.1723220390318
39.986762194954174,-75.1723329581297
39.98676372076627,-75.17234505997097
39.986765220212625,-75.17235695270503
39.98676662326546,-75.17236808091107
39.986768122709435,-75.17237997364579
39.98676952575998,-75.1723911018521
39.98677102520154,-75.17240299458749
39.986772401885595,-75.17241391368754
39.986773927688986,-75.17242601553014
39.98677542712693,-75.17243790826663
39.986776830171735,-75.17244903647374
39.98677832960728,-75.17246092921089
39.98677973264981,-75.17247205741823
39.986781232082954,-75.17248395015606
39.98678263512319,-75.1724950783637
39.98678413455396,-75.1725069711022
39.98678566034732,-75.17251907294626
39.986787037020264,-75.17252999204926
39.98678856281116,-75.17254209389368
39.98678993948189,-75.17255301299727
39.98679143890663,-75.17256490573756
39.986792841938836,-75.17257603394624
39.98679434136118,-75.17258792668716
39.986795867145844,-75.17260002853256
39.98679724381104,-75.17261094763771
39.986798769593236,-75.17262304948348
39.98680014625623,-75.1726339685892
39.98680167203594,-75.17264607043532
39.98680304869674,-75.17265698954164
39.98680457447396,-75.17266909138812
39.98680607388662,-75.17268098413174
39.9868074505441,-75.17269190323904
39.986808976317576,-75.17270400508613
39.986810352972824,-75.17271492419403
39.98681187874383,-75.17272702604149
39.986813255396896,-75.17273794514993
39.98681478116541,-75.17275004699775
39.986816157816264,-75.1727609661068
39.986817683582316,-75.17277306795498
39.986819182984156,-75.17278496070172
39.98682058599453,-75.17279608891313
39.98682212121014,-75.172807973322
39.986823558502024,-75.1728190971724
39.98682509377604,-75.17283097936019
39.98682665670068,-75.17284307555904
39.98682806633726,-75.1728539853994
39.98682962925943,-75.17286608159863
39.98683103889382,-75.17287699143962
39.9868326018135,-75.17288908763926
39.986834011445694,-75.17289999748084
39.9868355743629,-75.17291209368086
39.986837109627245,-75.17292397587153
39.98683854690763,-75.17293509972352
39.98684008216958,-75.17294698191486
39.986841519447665,-75.17295810576715
39.986843054707236,-75.17296998795923
39.98684449198304,-75.17298111181181
39.986846027240205,-75.17299299400459
39.98684759014741,-75.17300509020622
39.98684899976851,-75.17301600005096
39.98685056267323,-75.17302809625299
39.986851972292136,-75.17303900609834
39.986853535194385,-75.17305110230075
39.986854944811085,-75.17306201214672
39.98685648005985,-75.17307389434205
39.98685804295835,-75.17308599054516
39.986859452571736,-75.17309690039215
39.98686101546776,-75.17310899659566
39.98686242507893,-75.17311990644326
39.986863987972484,-75.17313200264716
39.98686539758147,-75.17314291249538
39.98686696047255,-75.17315500869968
39.98686849571163,-75.17316689089787
39.986869932967906,-75.17317801475319
39.986871468204626,-75.17318989695211
39.98687290545861,-75.17320102080775
39.98687444069292,-75.17321290300734
39.98687600357647,-75.17322499921285
39.98687741317656,-75.17323590906359
39.986878976057625,-75.17324800526949
39.98688038565552,-75.17325891512085
39.9868819485341,-75.17327101132715
39.98688335812979,-75.17328192117913
39.986884921005895,-75.17329401738581
39.98688645623054,-75.17330589958826
39.986887893473025,-75.1733170234455
39.98688942869528,-75.17332890564865
39.98689086593547,-75.17334002950618
39.98689240115534,-75.17335191171001
39.986893838393236,-75.17336303556787
39.986895373610714,-75.17337491777242
39.98689693647682,-75.17338701398073
39.986898346061416,-75.17339792383585
39.98689990892505,-75.17341002004454
39.98690131850744,-75.17342092990027
39.986902881368586,-75.17343302610935
39.9869042909488,-75.17344393596571
39.986905853807464,-75.17345603217518
39.986907389015265,-75.1734679143826
39.98690882624167,-75.17347903824201
39.98691036144708,-75.17349092045013
39.98691179867118,-75.17350204430986
39.986913333874206,-75.17351392651868
39.98691477109603,-75.17352505037871
39.986916306296656,-75.17353693258823
39.98691786914532,-75.17354902879931
39.98691927871444,-75.1735599386588
39.98692084156062,-75.17357203487029
39.98692225112754,-75.17358294473038
39.986923813971245,-75.17359504094227
39.9869253491646,-75.17360692315394
39.98692678637719,-75.17361804701525
39.98692832156816,-75.17362992922763
39.986929758778466,-75.17364105308924
39.98693129396704,-75.17365293530233
39.98693273117505,-75.17366405916425
39.98693426636124,-75.17367594137802
39.986935829194934,-75.1736880375915
39.98693723875077,-75.17369894745474
39.986938801581985,-75.17371104366862
39.98694021113561,-75.17372195353248
39.98694177396436,-75.17373404974674
39.986943183515784,-75.1737449596112
39.986944746342054,-75.17375705582587
39.98694628151857,-75.17376893804251
39.98694771871507,-75.17378006190602
39.9869492538892,-75.17379194412338
39.98695069108342,-75.17380306798718
39.98695222625515,-75.17381495020521
39.98695366344709,-75.17382607406934
39.98695519861642,-75.17383795628808
39.98695676143269,-75.17385005250435
39.98695817097302,-75.17386096237196
39.98695973378681,-75.17387305858861
39.98696114332494,-75.17388396845686
39.98696270613625,-75.17389606467391
39.98696411567219,-75.17390697454273
39.98696567848101,-75.17391907076019
39.986967213640696,-75.1739309529818
39.98696865082112,-75.1739420768475
39.9869701859784,-75.17395395906979
39.986971623156535,-75.1739650829358
39.98697315831142,-75.17397696515881
39.986974721112716,-75.17398906137748
39.98697613063977,-75.17399997124883
39.9869776934386,-75.1740120674679
39.986979102963446,-75.17402297733989
39.986980665759795,-75.17403507355932
39.98698207528244,-75.17404598343191
39.9869836380763,-75.17405807965177
39.986985173221534,-75.17406996187763
39.98698661038815,-75.17408108574521
39.98698814553097,-75.17409296797177
39.98698958269531,-75.17410409183968
39.98699111783575,-75.17411597406694
39.986992554997805,-75.17412709793513
39.986994090135845,-75.17413898016311
39.98699565291971,-75.17415107638456
39.986997062431264,-75.1741619862603
39.98699862521266,-75.17417408248214
39.98700003472201,-75.17418499235848
39.987001597500914,-75.17419708858074
39.98700300700808,-75.17420799845767
39.98700456978451,-75.17422009468034
39.98700610491289,-75.17423197691117
39.98700754206343,-75.17424310078093
39.98700907718942,-75.17425498301245
39.98701051433766,-75.17426610688254
39.98701204946127,-75.17427798911478
39.98701348660723,-75.17428911298518
39.98701502172843,-75.17430099521812
39.98701658449485,-75.17431309144236
39.98701799399093,-75.17432400132246
39.98701955675487,-75.1743360975471
39.98702096624874,-75.17434700742778
39.98702252901022,-75.17435910365283
39.98702406412414,-75.17437098588793
39.987025501114786,-75.17438210871427
39.98703496017997,-75.17437972932055
39.987044065830005,-75.17437744748409
39.987053029599075,-75.17437520120178
39.987061993368066,-75.17437295491891
