35.06040371875641,-85.32138283692422
35.0604071239925,-85.32137407189559
35.060411030155535,-85.32136401748534
35.06041493631758,-85.32135396307451
35.06041884247864,-85.32134390866317
35.0604227486387,-85.32133385425126
35.06042665479776,-85.32132379983882
35.06043037710393,-85.32131421865894
35.0604342832611,-85.32130416424533
35.06043818941729,-85.32129410983117
35.060441778497676,-85.32128487156477
35.060445684651945,-85.32127481714957
35.06044959080524,-85.32126476273383
35.06045331310606,-85.32125518155036
35.060457219257444,-85.32124512713347
35.06046112540783,-85.32123507271604
35.060465031557236,-85.32122501829804
35.06046893770565,-85.32121496387947
35.06047284385308,-85.32120490946039
35.0604762490743,-85.32119614442223
35.0604801552199,-85.32118609000204
35.060484061364505,-85.32117603558132
35.0604879675081,-85.32116598116005
35.060491873650726,-85.32115592673821
35.06049577979236,-85.32114587231584
35.060499685933,-85.32113581789291
35.060503408222196,-85.32112623670155
35.06050731436093,-85.32111618227746
35.06051090342509,-85.32110694400251
35.06051480956191,-85.32109688957739
35.060518715697754,-85.32108683515175
35.06052262183261,-85.32107678072553
35.06052634411647,-85.32106719953055
35.06053025024942,-85.32105714510317
35.06053415638139,-85.32104709067525
35.06053806251235,-85.32103703624679
35.06054165156925,-85.32102779796807
35.060545557698326,-85.32101774353858
35.06054927997685,-85.32100816233998
35.06055318610401,-85.32099810790933
35.06055709223018,-85.32098805347813
35.060560998355356,-85.32097799904638
35.060564904479556,-85.32096794461408
35.06056881060275,-85.32095789018125
35.06057253287589,-85.32094830897896
35.060576121924704,-85.32093907069593
35.06058002804509,-85.32092901626146
35.06058393416448,-85.32091896182642
35.06058784028287,-85.32090890739084
35.060591746400284,-85.32089885295471
35.06059565251672,-85.32088879851803
35.0605993747836,-85.32087921731153
35.060603280898114,-85.32086916287369
35.06060718701165,-85.3208591084353
35.06061077605231,-85.32084987014804
35.06061468216393,-85.32083981570864
35.060618588274565,-85.32082976126866
35.060622310536125,-85.32082018005856
35.06062621664485,-85.32081012561743
35.060630122752585,-85.32080007117577
35.06063402885934,-85.32079001673354
35.060637934965094,-85.32077996229076
35.06064152399853,-85.32077072399973
35.060645246254744,-85.32076114278603
35.06064915235769,-85.32075108834162
35.060653058459636,-85.32074103389668
35.0606569645606,-85.32073097945116
35.06066087066056,-85.32072092500512
35.060664776759545,-85.32071087055851
35.06066849901039,-85.3207012893411
35.06067240510746,-85.32069123489333
35.060675994132794,-85.32068199659803
35.06067990022795,-85.32067194214925
35.06068380632214,-85.32066188769988
35.06068771241534,-85.32065183325
35.060691618507526,-85.32064177879957
35.060695340752126,-85.32063219757796
35.06069924684242,-85.32062214312636
35.06070315293173,-85.32061208867422
35.06070705902005,-85.32060203422151
35.060710648037215,-85.32059279592195
35.06071455412363,-85.32058274146821
35.060718276362884,-85.32057316024301
35.06072218244739,-85.32056310578815
35.060726088530906,-85.32055305133271
35.06072999461344,-85.32054299687672
35.060733900694984,-85.32053294242019
35.06073780677554,-85.32052288796311
35.06074152900939,-85.32051330673421
35.060745118018474,-85.32050406843035
35.06074891953908,-85.32049395493394
35.06075302531481,-85.32048301417879
35.06075682099485,-85.3204728997395
35.06076044299048,-85.32046324811822
35.06076423866858,-85.32045313367784
35.06076803434569,-85.32044301923695
35.060771830021785,-85.32043290479555
35.06077562569689,-85.32042279035366
35.06077924768798,-85.32041313872946
35.060783043361155,-85.32040302428648
35.06078683903333,-85.32039290984298
35.0607906347045,-85.32038279539898
35.06079425669196,-85.32037314377246
35.06079805236122,-85.32036302932735
35.06080184802947,-85.32035291488177
35.06080564369672,-85.32034280043565
35.060809265680554,-85.32033314880681
35.060813061345875,-85.32032303435962
35.06081716710368,-85.32031209359417
35.060820962766925,-85.32030197914588
35.060824758429185,-85.3202918646971
35.0608283804084,-85.32028221306527
35.06083217606873,-85.32027209861539
35.06083597172805,-85.320261984165
35.060839767386376,-85.32025186971411
35.060843389361985,-85.32024221807993
35.06084718501838,-85.32023210362797
35.06085098067378,-85.32022198917548
35.06085477632818,-85.32021187472249
35.06085857198158,-85.32020176026899
35.06086219395263,-85.3201921086319
35.060865989604096,-85.32018199417732
35.060869606490535,-85.32017179214242
35.06087306068309,-85.32016203205372
35.06087667237246,-85.32015182694231
35.0608801265632,-85.32014206685253
35.0608837382506,-85.32013186174018
35.06088734993698,-85.3201216566274
35.06089080412496,-85.32011189653602
35.06089441580938,-85.3201016914223
35.06089816816495,-85.32009108882707
35.06090177984733,-85.32008088371232
35.06090523403162,-85.3200711236187
35.06090884571204,-85.320060918503
35.060912457391446,-85.32005071338688
35.060915911572984,-85.32004095329168
35.06091952325043,-85.32003074817459
35.06092297743013,-85.32002098807831
35.06092658910562,-85.32001078296027
35.06093020078009,-85.3200005778418
35.06093365495705,-85.31999081774393
35.060937266629544,-85.31998061262449
35.06094072080468,-85.31997085252556
35.06094433247522,-85.3199606474052
35.060947786648555,-85.31995088730515
35.06095139831714,-85.31994068218384
35.0609550099847,-85.31993047706206
35.060958464155256,-85.31992071696045
35.06096207582086,-85.31991051183775
35.060965529989616,-85.31990075173506
35.06096914165326,-85.31989054661139
35.06097259582019,-85.31988078650762
35.060976207481865,-85.31987058138303
35.06097966164698,-85.31986082127818
35.0609832733067,-85.31985061615262
35.06098672747,-85.31984085604668
35.06099033912776,-85.31983065092017
35.06099379328925,-85.31982089081319
35.06099740494505,-85.31981068568572
35.061000859104716,-85.31980092557765
35.061004470758554,-85.31979072044925
35.061007924916396,-85.3197809603401
35.06101123840109,-85.31977159771583
35.0610146925572,-85.31976183760567
35.06101830420719,-85.31975163247543
35.06102175836147,-85.31974187236419
35.061025370009496,-85.31973166723301
35.06102882416197,-85.31972190712071
35.061032435808045,-85.31971170198855
35.06103588995869,-85.31970194187518
35.0610395016028,-85.3196917367421
35.06104295575164,-85.31968197662762
35.061046567393774,-85.31967177149359
35.06105002154081,-85.31966201137804
35.06105362689531,-85.31965181779911
35.06105686133603,-85.31964193228525
35.06106037788979,-85.31963118453754
35.06106375009523,-85.3196208779623
35.06106698453312,-85.31961099244695
35.061070218970116,-85.31960110693113
35.061073591172594,-85.31959080035469
35.06107682560772,-85.31958091483791
35.06108034215546,-85.3195701670869
35.06108371435491,-85.31955986050919
35.06108694878721,-85.31954997499096
35.061090183218624,-85.31954008947223
35.0610935554151,-85.31952978289333
35.06109678984464,-85.31951989737367
35.06110030638637,-85.31950914961932
35.061103678579805,-85.31949884303916
35.06110691300653,-85.31948895751803
35.06111014743235,-85.31947907199638
35.061113519622815,-85.31946876541504
35.061116754046786,-85.31945887989248
35.06112017844956,-85.31944808376679
35.06112370758642,-85.31943686273692
35.061126834027604,-85.31942692209023
35.06113023451887,-85.31941611008644
35.06113376365235,-85.31940488905515
35.06113689009062,-85.31939494840702
35.06114029057873,-85.3193841364016
35.06114381970883,-85.31937291536892
35.06114694614417,-85.31936297471935
35.06115034662912,-85.31935216271226
35.061153875755856,-85.31934094167818
35.06115700218827,-85.31933100102722
35.061160402670055,-85.31932018901847
35.06116331009033,-85.31931012746067
35.0611663365193,-85.31929913832408
35.06116936294718,-85.31928814918705
35.06117214197807,-85.31927805835913
35.06117516840386,-85.31926706922125
35.061177947432796,-85.31925697839262
35.06118097385647,-85.3192459892539
35.06118375288347,-85.31923589842455
35.06118677930506,-85.31922490928498
35.061189805725554,-85.31921392014496
35.0611925847496,-85.3192038293145
35.06119550947809,-85.31919320941701
35.06119828850026,-85.31918311858574
35.06120131491662,-85.31917212944394
35.06120434133189,-85.31916114030169
35.0612071203511,-85.31915104946933
35.061210146764274,-85.31914006032622
35.06121292578154,-85.31912996949315
35.06121570203241,-85.3191188888501
35.06121815875271,-85.319109059219
35.061220929367906,-85.31909797365235
35.061223699981994,-85.31908688808535
35.06122615669952,-85.31907705845305
35.06122892731153,-85.31906597288531
35.061231469306854,-85.31905580203762
35.061234154637226,-85.3190450576837
35.061236925246064,-85.31903397211487
35.061239381959034,-85.31902414248053
35.06124215256581,-85.31901305691095
35.061244694556265,-85.31900288606171
35.06124737988168,-85.31899214170546
35.061250150485264,-85.31898105613479
35.06125269247278,-85.31897088528466
35.06125537779519,-85.31896014092702
35.06125791978079,-85.31894997007626
35.06126069038018,-85.31893888450419
35.061263375699596,-85.31892814014515
35.06126591768225,-85.31891796929347
35.06126868827846,-85.3189068837203
35.06127114498045,-85.3188970540812
35.06127391557459,-85.3188859685073
35.061276686167616,-85.31887488293303
35.061279142866844,-85.31886505329273
35.0612819134578,-85.31885396771773
35.061284455433636,-85.31884379686396
35.06128714074413,-85.31883305250085
35.0612899113319,-85.31882196692473
35.06129236802658,-85.3188121372824
35.06129513861227,-85.31880105170555
35.06129768058325,-85.31879088085026
35.061300365888776,-85.31878013648482
35.061303092901326,-85.3187690340501
35.06130559353937,-85.3187588510245
35.061308236894476,-85.31874808682626
35.06131073753061,-85.31873790380007
35.061313380883746,-85.31872713960095
35.06131610680931,-85.31871603914757
35.0613186074425,-85.31870585612052
35.06132125079262,-85.31869509192005
35.06132375142389,-85.3186849088924
35.06132639477205,-85.318674144691
35.06132912069235,-85.31866304423589
35.061331621320676,-85.31865286120737
35.061334264665824,-85.31864209700464
35.06133699058293,-85.31863099654846
35.06133940863542,-85.3186211497719
35.061342134550436,-85.31861004931504
35.061344635173896,-85.31859986628506
35.06134727851407,-85.3185891020801
35.06135000442591,-85.31857800162217
35.06135250504642,-85.3185678185913
35.06135514838358,-85.31855705438502
35.061357649002176,-85.31854687135356
35.061360292337376,-85.31853610714637
35.06136301824395,-85.31852500668668
35.06136551885958,-85.3185148236544
35.061368162191776,-85.31850405944586
35.0613706628055,-85.31849387641293
35.061373306135735,-85.3184831122035
35.06137603203704,-85.31847201174206
35.061378532647815,-85.31846182870828
35.06138117597503,-85.31845106449751
35.06138367658388,-85.31844088146315
35.06138631990914,-85.31843011725147
35.06138904580518,-85.31841901678828
35.06139154641109,-85.31840883375305
35.06139418973333,-85.31839806954001
35.06139691562618,-85.31838696907579
35.061399333657604,-85.31837712229026
35.06140205954838,-85.31836602182533
35.061404560149406,-85.31835583878862
35.061407203466686,-85.31834507457336
35.06140992935427,-85.31833397410738
35.061412347381115,-85.3183241273199
35.06141507326663,-85.31831302685322
35.06141757386279,-85.31830284381505
35.06142021717509,-85.31829207959754
35.061422943057416,-85.3182809791298
35.06142536107968,-85.31827113234037
35.061428086959936,-85.31826003187193
35.06143058755123,-85.31824984883232
35.06143323085855,-85.31823908461256
35.0614359567356,-85.31822798414306
35.061438374753294,-85.31821813735168
35.06144110062828,-85.31820703688149
35.06144360121473,-85.3181968538404
35.061446244517064,-85.31818608961841
35.06144897038887,-85.31817498914717
35.06145138840197,-85.31816514235383
35.061454113907594,-85.31815403835715
35.06145635197747,-85.3181441185245
35.06145887034061,-85.31813295633866
35.061461318093606,-85.3181221071144
35.06146362676969,-85.318111874319
35.061466074520695,-85.31810102509398
35.06146831258599,-85.31809110525965
35.061470830943854,-85.31807994307236
35.06147306900732,-85.3180700232374
35.061475587363084,-85.31805886104955
35.06147803510909,-85.31804801182255
35.06148027316979,-85.31803809198654
35.0614827915224,-85.31802692979778
35.06148502958126,-85.31801700996111
35.06148747732335,-85.31800616073252
35.061489785988805,-85.31799592793449
35.061492233728906,-85.31798507870515
35.061494752076236,-85.31797391651494
35.06149699013052,-85.31796399667658
35.0614994378676,-85.31795314744603
35.06150174652821,-85.31794291464682
35.06150419426331,-85.3179320654155
35.06150650292196,-85.31792183261584
35.06150895065506,-85.31791098338377
35.0615111887039,-85.31790106354337
35.0615137070429,-85.31788990135087
35.061516154773,-85.31787905211759
35.061518392819075,-85.31786913227614
35.06152091115491,-85.31785797008271
35.061523149199154,-85.31784805024061
35.06152566753289,-85.31783688804664
35.0615279055753,-85.31782696820389
35.06153035329948,-85.31781611896825
35.06153287163005,-85.31780495677339
35.0615351096697,-85.3177950369296
35.06153762799817,-85.31778387473416
35.061539866036,-85.31777395488972
35.06154231375519,-85.3177631056521
35.061544622398365,-85.31775287284864
35.06154707011555,-85.3177420236103
35.061549517831736,-85.31773117437146
35.06155182647199,-85.31772094156727
35.061554274186186,-85.3177100923277
35.0615565828245,-85.31769985952306
35.0615590305367,-85.31768901028273
35.06156126856633,-85.31767909043519
35.06156378688328,-85.31766792823656
35.06156602491107,-85.31765800838838
35.06156854322593,-85.31764684618918
35.06157100265974,-85.31763600102143
35.061573614117364,-85.31762585180589
35.0615761356448,-85.31761605209292
35.06157898126736,-85.31760499280594
35.06158159272215,-85.31759484358943
35.061584348413525,-85.31758413380432
35.061586959866396,-85.31757398458714
35.06158980548478,-85.31756292529865
35.061592416935696,-85.31755277608087
35.061595172623115,-85.3175420662939
35.06159778407213,-85.31753191707544
35.06160039552018,-85.31752176785673
35.06160324113335,-85.31751070856642
35.06160576265086,-85.31750090884894
35.06160860826197,-85.31748984955786
35.061611219706165,-85.31747970033787
35.061613975386756,-85.3174689905476
35.061616586829025,-85.31745884132694
35.06161919827037,-85.31744869210601
35.06162171978252,-85.3174388923861
35.061624241293856,-85.31742909266576
35.06162661856709,-85.31741985351572
35.061629140076775,-85.31741005379463
35.061631751513644,-85.31739990457214
35.0616342730216,-85.31739010485026
35.06163687389187,-85.31737995178631
35.06163915203885,-85.31737105812752
35.061641663490796,-85.31736125366585
35.06164426413931,-85.31735110098572
35.06164677558953,-85.31734129652325
35.061649609541654,-85.31733023303977
35.061652443492655,-85.3173191695559
35.06165504413728,-85.31730901687453
35.061657788889086,-85.31729830160751
35.06166038953181,-85.31728814892548
35.06166322347863,-85.31727708544014
35.06166605742433,-85.31726602195441
35.06166856886724,-85.31725621748862
35.061671402810894,-85.31724515400211
35.061674236753426,-85.31723409051521
35.061676837390245,-85.3172239378313
35.06167958213406,-85.31721322256047
35.061682416073445,-85.31720215907241
35.061685016707315,-85.31719200638751
35.06168785064457,-85.31718094289876
35.06169045127647,-85.31717079021328
35.06169280262737,-85.31715993638892
35.06169515347468,-85.31714904946323
35.06169750432097,-85.3171381625371
35.06169971834775,-85.31712790922661
35.06170206919202,-85.31711702229981
35.0617044200353,-85.31710613537258
35.061706835942104,-85.31709494712602
35.0617089849004,-85.31708499513358
35.061711335740654,-85.31707410820526
35.06171375164427,-85.3170629199579
35.06171610248243,-85.31705203302886
35.06171825143701,-85.3170420810351
35.06172066733746,-85.31703089278696
35.06172301817259,-85.31702000585679
35.061725369006716,-85.31700911892622
35.06172758302167,-85.31699886561319
35.061729933853776,-85.31698797868192
35.06173228468487,-85.31697709175025
35.061734700578874,-85.31696590350049
35.061736849525985,-85.31695595150424
35.06173920035407,-85.31694506457144
35.06174161624487,-85.3169338763209
35.06174396718076,-85.31692298940487
35.06174611951256,-85.31691303858256
35.06174827184351,-85.31690308775991
35.06175069162249,-85.31689190044578
35.061752843951595,-85.31688194962257
35.06175519845866,-85.31687106406882
35.061757350785975,-85.31686111324491
35.06175956838213,-85.31685086066004
35.061761922886255,-85.31683997510524
35.061764075210874,-85.31683002428043
35.061766429713046,-85.31681913872487
35.06176864730536,-85.31680888613916
35.061770799627276,-85.31679893531344
35.061773155275155,-85.31678805156373
35.061775364722465,-85.3167781211169
35.06177785015483,-85.3167669502395
35.061780266784496,-85.31675608859362
35.061782545030596,-85.31674584891411
35.061784961658255,-85.31673498726751
35.06178717110097,-85.31672505681904
35.06178965652807,-85.31671388594026
35.06179207315272,-85.31670302429247
35.06179428259268,-85.31669309384299
35.06179676801661,-85.31668192296331
35.06179897745473,-85.31667199251319
35.06180139407545,-85.31666113086386
35.06180387949621,-85.31664995998332
35.061806088931554,-85.31664002953222
35.061808574350216,-85.31662885865117
35.061810783783734,-85.31661892819942
35.06181320039945,-85.31660806654817
35.06181568581492,-85.31659689566625
35.06181789524568,-85.31658696521347
35.06182031185839,-85.31657610356105
35.06182259008799,-85.31656586387764
35.0618250066987,-85.31655500222448
35.0618274233084,-85.31654414057087
35.06182970153506,-85.31653390088677
35.06183211814277,-85.31652303923244
35.061834534749444,-85.31651217757766
35.0618368129732,-85.31650193789284
35.061839229577885,-85.31649107623733
35.061841507799684,-85.3164808365521
35.06184392440238,-85.31646997489585
35.06184634100407,-85.31645911323916
35.06184861922294,-85.31644887355324
35.06185103582263,-85.31643801189583
35.06185324523963,-85.31642808143805
35.061855730637255,-85.31641691055131
35.061858147233934,-85.31640604889272
35.06186035664818,-85.31639611843391
35.06186284204263,-85.31638494754634
35.06186505145503,-85.31637501708691
35.06186753684737,-85.31636384619881
35.06186995343904,-85.31635298453831
35.061872162848694,-85.31634305407786
35.06187464362001,-85.3163318896812
35.06187671315061,-85.3163219112047
35.06187897756766,-85.31631099305599
35.061881241983684,-85.31630007490688
35.06188331151154,-85.31629009642944
35.06188563625352,-85.31627888740111
35.061887705779526,-85.31626890892313
35.06188997019157,-85.31625799077273
35.06189203971577,-85.31624801229414
35.06189430412585,-85.31623709414299
35.06189637364826,-85.31622711566379
35.061898698384,-85.31621590663403
35.06190076790454,-85.3162059281543
35.061903032310646,-85.31619501000182
35.06190529671573,-85.31618409184897
35.061907366233534,-85.3161741133683
35.06190969096402,-85.31616290433736
35.06191176047998,-85.31615292585619
35.06191402488107,-85.31614200770198
35.06191609439522,-85.31613202922017
35.061918358794365,-85.31612111106526
35.06192048863384,-85.31611084170602
35.06192275303095,-85.3160999235505
35.06192482254145,-85.31608994506756
35.06192708693661,-85.3160790269113
35.06192915644531,-85.31606904842775
35.061931420838505,-85.31605813027078
35.06193374555749,-85.31604692123723
35.061935815063386,-85.31603694275283
35.061938079453554,-85.31602602459486
35.06194014895765,-85.31601604610985
35.061942512971235,-85.3160051665397
35.06194474255799,-85.31599491641968
35.061947109353504,-85.31598403550234
35.061949272977735,-85.31597408862403
35.061951705731815,-85.31596290446393
35.06195407252431,-85.31595202354548
35.06195623614577,-85.3159420766662
35.061958668896665,-85.31593089250529
35.06196083251629,-85.31592094562542
35.06196319930483,-85.31591006470548
35.06196536292266,-85.3159001178249
35.0619677956694,-85.31588893366293
35.061969959285385,-85.31587898678178
35.061972326069984,-85.31586810586035
35.061974758813534,-85.31585692169756
35.06197692242676,-85.31584697481546
35.061979289208324,-85.31583609389291
35.061981518779575,-85.31582584376949
35.061983885559144,-85.31581496284625
35.06198604916873,-85.31580501596287
35.06198841594635,-85.31579413503881
35.061990645513774,-85.31578388491452
35.06199301228939,-85.31577300398979
35.06199537906399,-85.31576212306466
35.06199760862847,-85.31575187293973
35.061999975401065,-85.31574099201387
35.06200213900424,-85.31573104512823
35.062004505774894,-85.31572016420158
35.062006735335544,-85.31570991407578
35.062009102104184,-85.31569903314845
35.062011265703724,-85.31568908626156
35.062013698429524,-85.31567790209425
35.06201606519515,-85.3156670211658
35.06201822879193,-85.31565707427792
35.06202066151454,-85.31564589010982
35.06202282510947,-85.31563594322135
35.06202519187115,-85.31562506229142
35.062027355464295,-85.31561511540227
35.06202978818275,-85.31560393123308
35.062031951774046,-85.31559398434335
35.062034318531765,-85.31558310341192
35.06203675124704,-85.31557191924195
35.062038914835576,-85.31556197235125
35.06204128159028,-85.31555109141868
35.06204351113542,-85.31554084128948
35.06204587788813,-85.31552996035624
35.06204804147303,-85.31552001346428
35.06205040822378,-85.31550913253022
35.0620526377651,-85.31549888240015
35.06205500451384,-85.31548800146543
35.062057371261574,-85.31547712053026
35.062059600799955,-85.31546687039955
35.06206196513699,-85.31545598909815
35.062064054387534,-85.31544601700725
35.06206634026485,-85.31543510640246
35.062068687627495,-85.31542390231967
35.06207097350273,-85.31541299171418
35.06207306274954,-85.31540301962207
35.0620753486228,-85.31539210901585
35.06207769598119,-85.31538090493207
35.062079981852364,-85.31536999432517
35.062082071095446,-85.31536002223181
35.062084356964654,-85.31534911162419
35.06208670431877,-85.31533790753942
35.06208899018589,-85.31532699693109
35.06209107942526,-85.31531702483653
35.062093365290416,-85.3153061142275
35.062095712640264,-85.31529491014173
35.062097801876845,-85.31528493804632
35.062100087738955,-85.31527402743622
35.06210237360005,-85.31526311682575
35.062104720945655,-85.31525191273899
35.062106810178506,-85.31524194064235
35.06210909603656,-85.31523103003084
35.062111381893594,-85.31522011941895
35.06211372923492,-85.31520891533121
35.062115818464044,-85.31519894323337
35.06211810431805,-85.31518803262044
35.062120390171025,-85.31517712200713
35.062122737508105,-85.3151659179184
35.062124826733495,-85.31515594581933
35.06212711258345,-85.31514503520499
35.06212939843237,-85.31513412459024
35.062131549139934,-85.31512385901561
35.062133834986845,-85.31511294840024
35.06213612083273,-85.31510203778447
35.06213840667759,-85.31509112716833
35.06214055738123,-85.31508086159292
35.06214284322407,-85.31506995097612
35.06214512906592,-85.31505904035893
35.06214741490672,-85.31504812974136
35.062149565606425,-85.31503786416518
35.062151849936605,-85.31502695310857
35.06215413426179,-85.31501604195377
35.06215622208422,-85.31500606939626
35.06215850640744,-85.31499515824075
35.0621606556303,-85.31498489239237
35.062162939951506,-85.31497398123625
35.0621652242717,-85.3149630700797
35.06216731208954,-85.31495309752069
35.06216965780979,-85.31494189307361
35.06217194212694,-85.31493098191605
35.06217402994199,-85.31492100935617
35.06217631425719,-85.31491009819786
35.06217846347226,-85.31489983234798
35.06218074778543,-85.31488892118904
35.062183032097586,-85.31487801002972
35.06218511990806,-85.31486803746836
35.06218740421826,-85.31485712630828
35.06218974992898,-85.31484592185899
35.06219183773666,-85.31483594929672
35.06219412204383,-85.31482503813565
35.0621962098497,-85.31481506557276
35.06219855555626,-85.31480386112254
35.06220083986038,-85.31479294996042
35.06220292766348,-85.31478297739667
35.06220521196564,-85.31477206623384
35.06220749626678,-85.31476115507061
35.06220964546823,-85.314750889218
35.06221192976736,-85.31473997805412
35.06221401756587,-85.31473000548887
35.06221630186303,-85.31471909432426
35.06221864756007,-85.31470788987183
35.06222073535578,-85.31469791730571
35.062223019665716,-85.31468700615065
35.06222530590802,-85.3146760956757
35.06222739549221,-85.31466612369395
35.06222974323887,-85.31465491969554
35.06223183282121,-85.31464494771328
35.06223411905953,-85.31463403723696
35.06223640529684,-85.31462312676024
35.06223855638257,-85.3146128612547
35.06224084261786,-85.31460195077734
35.0622429321956,-85.31459197879359
35.062245218428934,-85.3145810683155
35.06224750466124,-85.31457015783703
35.06224965574213,-85.31455989233052
35.06225194197242,-85.31454898185139
35.06225422820169,-85.3145380713719
35.062256317773915,-85.3145280993863
35.062258665506896,-85.3145168953847
35.06226075507727,-85.31450692339857
35.06226304130257,-85.31449601291769
35.062265327526845,-85.31448510243642
35.06226741709448,-85.31447513044931
35.062269764822204,-85.31446392644648
35.062271854388,-85.31445395445884
35.0622741406083,-85.3144430439762
35.062276426827594,-85.31443213349317
35.062278577895846,-85.31442186798415
35.062280864113106,-85.31441095750051
35.0622829536743,-85.31440098551136
35.06228523988962,-85.31439007502696
35.062287587608914,-85.3143788710222
35.062289677167314,-85.31436889903217
35.06229196337959,-85.31435798854676
35.06229424959085,-85.31434707806093
35.06229633914652,-85.31433710606994
35.06229868686056,-85.31432590206394
35.062300776414375,-85.31431593007242
35.06230306262165,-85.31430501958526
35.06230534882792,-85.31429410909767
35.062307499883545,-85.31428384358615
35.06230978608778,-85.31427293309795
35.06231187563702,-85.3142629611049
35.0623141618393,-85.31425205061596
35.06231644804057,-85.31424114012663
35.062318599091356,-85.31423087461414
35.06232088529061,-85.31421996412418
35.06232317148883,-85.3142090536338
35.06232526103255,-85.31419908163892
35.062327608732886,-85.31418787762976
35.06232969827475,-85.31417790563437
35.062331984469,-85.31416699514263
35.06233427066224,-85.31415608465049
35.06233636020136,-85.31414611265411
35.062338707896444,-85.31413490864374
35.06234079743372,-85.31412493664682
35.06234308362298,-85.31411402615332
35.06234536981122,-85.31410311565944
35.06234752084938,-85.31409285014443
35.0623498070356,-85.31408193964991
35.062352093220795,-85.31407102915502
35.06235418275256,-85.31406105715625
35.06235646893579,-85.3140501466606
35.062358619969096,-85.31403988114462
35.06236090654777,-85.31402896977906
35.06236326474258,-85.31401808561345
35.06236548593766,-85.31400783376068
35.06236784413048,-85.31399694959438
35.06237020232229,-85.31398606542764
35.0623726259904,-85.31397487905159
35.062374781704236,-85.31396492940685
35.062377139893016,-85.31395404523902
35.062379498080794,-85.31394316107075
35.06238171926901,-85.31393290921646
35.06238407745477,-85.31392202504753
35.06238643563952,-85.31391114087816
35.06238865682481,-85.31390088902323
35.06239101500755,-85.31389000485318
35.06239337318927,-85.3138791206827
35.062395796846786,-85.31386793430393
35.06239795255136,-85.31385798465597
35.06240031073006,-85.3138471004844
35.062402734384385,-85.31383591410483
35.062404890086185,-85.31382596445593
35.06240724826188,-85.31381508028323
35.06240967191301,-85.31380389390287
35.06241203008661,-85.31379300972944
35.06241418578471,-85.31378306007922
35.062416609432674,-85.31377187369806
35.06241896760324,-85.31376098952352
35.06242112329856,-85.31375103987234
35.06242354694335,-85.3137398534904
35.0624259051109,-85.31372896931474
35.06242826327744,-85.31371808513866
35.06243048444505,-85.31370783327989
35.06243284260959,-85.31369694910313
35.0624352007731,-85.31368606492595
35.062437356461935,-85.31367611527249
35.06243978009929,-85.31366492888864
35.06244213825978,-85.31365404471035
35.062444293945845,-85.31364409505595
35.06244671758002,-85.31363290867131
35.062449075737504,-85.3136220244919
35.06245143389396,-85.31361114031208
35.062453655051776,-85.31360088845113
35.06245601320623,-85.31359000427061
35.062458371359675,-85.31357912008968
35.06246059251457,-85.31356886822809
35.06246295066599,-85.31355798404645
35.062465308816414,-85.31354709986442
35.062467732440965,-85.31353591347735
35.06246988811678,-85.31352596381946
35.06247224626418,-85.3135150796363
35.062474669885546,-85.31350389324844
35.06247682555859,-85.31349394358962
35.06247918624202,-85.31348306029848
35.06248161261532,-85.31347187457878
35.06248397336622,-85.31346099137696
35.062486131433644,-85.31345104255347
35.062488557803775,-85.31343985683296
35.06249091855166,-85.31342897363001
35.06249327929852,-85.31341809042662
35.06249550298326,-85.31340783908426
35.062497863728126,-85.3133969558802
35.06250022447196,-85.3133860726757
35.062502448153765,-85.31337582133271
35.06250480889561,-85.31336493812753
35.062507169636426,-85.31335405492193
35.062509530376246,-85.3133431717159
35.06251175405412,-85.313332920372
35.062514114791924,-85.31332203716528
35.06251647552871,-85.31331115395814
35.062518901884964,-85.31329996823408
35.062521059938454,-85.31329001940578
35.062523420672214,-85.31327913619752
35.06252584702529,-85.31326795047266
35.06252800507599,-85.3132580016434
35.06253036580674,-85.31324711843405
35.06253279215663,-85.31323593270841
35.06253515288529,-85.3132250494983
35.062537310932285,-85.3132151006677
35.06253973727901,-85.31320391494125
35.06254209800464,-85.31319303173004
35.06254445872927,-85.3131821485184
35.0625466823924,-85.31317189717126
35.06254904311503,-85.31316101395892
35.06255140383662,-85.31315013074617
35.062553627496825,-85.31313987939842
35.062555988216424,-85.31312899618496
35.062558348935006,-85.31311811297107
35.0625607752721,-85.31310692724222
35.06256293330885,-85.31309697840813
35.06256529402441,-85.31308609519314
35.062567720358324,-85.31307490946344
35.062570080991854,-85.31306402619208
35.06257243922765,-85.31305314204246
35.06257486294254,-85.3130419556768
35.06257722117624,-85.31303107152645
35.06257964488893,-85.31301988516024
35.06258200312053,-85.31300900100915
35.06258436135114,-85.31299811685763
35.06258698709724,-85.31298599584969
35.06258913211467,-85.31297604249605
35.0625914786676,-85.31296515396829
35.06259389004566,-85.3129539646321
35.062596035060324,-85.3129440112775
35.06259838161023,-85.31293312274866
35.062600792985116,-85.31292193341167
35.06260293799699,-85.31291198005614
35.06260528454387,-85.31290109152619
35.0626074943798,-85.3128908373626
35.06260984092467,-85.31287994883199
35.06261218746854,-85.31286906030093
35.06261433247584,-85.31285910694379
35.06261674384338,-85.312847917605
35.06261909038422,-85.31283702907287
35.062621235388754,-85.31282707571476
35.06262364675311,-85.3128158863752
35.06262599329092,-85.31280499784197
35.06262813829267,-85.31279504448294
35.062630549653846,-85.3127838551426
35.06263289618864,-85.31277296660828
35.062635041187605,-85.31276301324831
35.06263738772046,-85.3127521247132
35.06263979907739,-85.31274093537176
35.06264194407358,-85.31273098201085
35.062644290603394,-85.31272009347467
35.06264670195714,-85.31270890413244
35.06264884695055,-85.3126989507706
35.06265119347736,-85.31268806223328
35.06265354000313,-85.31267717369558
35.06265574981855,-85.31266691952753
35.062658096342325,-85.31265603098913
35.06266044286508,-85.31264514245031
35.062662652677574,-85.31263488828162
35.06266499919832,-85.31262399974214
35.06266714418438,-85.31261404637776
35.062669555527606,-85.31260285703291
35.06267190204534,-85.31259196849234
35.06267404702862,-85.31258201512702
35.0626763935444,-85.31257112658565
35.06267880488337,-85.31255993723974
35.06268094986388,-85.31254998387347
35.062683296376626,-85.31253909533099
35.06268570771241,-85.31252790598431
35.062687852690146,-85.3125179526171
35.06269019919988,-85.31250706407354
35.062692610532494,-85.31249587472607
35.062694755507444,-85.31248592135793
35.06269710201415,-85.31247503281328
35.06269944851984,-85.3124641442682
35.06270165831575,-85.31245389009594
35.06270400481944,-85.31244300155019
35.0627063513221,-85.31243211300402
35.06270856111509,-85.31242185883114
35.06271090761574,-85.31241097028429
35.06271325411539,-85.31240008173702
35.062715399082066,-85.31239012836598
35.062717810403065,-85.31237893901559
35.06272015689969,-85.31236805046723
35.06272230186358,-85.31235809709524
35.06272471318141,-85.31234690774407
35.06272685814346,-85.3123369543715
35.06272920463613,-85.31232606582168
35.062731615950774,-85.31231487646974
35.06273376091005,-85.31230492309622
35.062736107399694,-85.31229403454532
35.062738453888315,-85.31228314599397
35.062740663667654,-85.31227289181814
35.062743010154264,-85.31226200326616
35.062745356639866,-85.3122511147137
35.06274756641627,-85.31224086053724
35.06274991289987,-85.31222997198414
35.062752259382435,-85.31221908343062
35.06275440433343,-85.3122091300542
35.062756815636476,-85.31219794069935
35.06275916211603,-85.31218705214471
35.06276130706425,-85.31217709876738
35.06276371836412,-85.31216590941172
35.062766064840645,-85.31215502085601
35.062768209786086,-85.31214506747772
35.06277062108277,-85.3121338781213
35.06277296755628,-85.31212298956449
35.06277511249894,-85.31211303618524
35.06277745897049,-85.31210214762766
35.06277987026292,-85.31209095827013
35.06278201520281,-85.31208100488999
35.06278436167134,-85.31207011633128
35.06278657143118,-85.31205986215124
35.0627889178977,-85.31204897359189
35.062791264363206,-85.31203808503211
35.06279347412011,-85.31202783085145
35.06279582058361,-85.31201694229098
35.06279816704609,-85.3120060537301
35.06280031197864,-85.31199610034737
35.06280272326054,-85.31198491098728
35.06280506972,-85.3119740224253
35.06280721464977,-85.31196406904164
35.06280962488539,-85.31195288196155
35.062811726395495,-85.31194291390408
35.062814025612944,-85.3119320080597
35.06281612712125,-85.31192204000159
35.0628182286287,-85.31191207194317
35.06282052784326,-85.31190116609771
35.0628226915621,-85.31189090294316
35.06282479306684,-85.31188093488392
35.06282709227843,-85.31187002903745
35.06282919378138,-85.31186006097754
35.06283129528346,-85.31185009291737
35.06283345899762,-85.31183982976191
35.06283575791315,-85.31182892414198
35.06283785116105,-85.31181895336127
35.06283994440807,-85.31180898258026
35.06284203765423,-85.31179901179895
35.06284413089953,-85.31178904101738
35.062846224143975,-85.31177907023547
35.06284831738755,-85.3117690994533
35.062850410630276,-85.31175912867083
35.06285256559554,-85.3117488638796
35.062854903781336,-85.3117379691677
35.0628572420758,-85.31172707757075
35.06285937950017,-85.31171712160693
35.06286178215907,-85.31170593019515
35.06286391958159,-85.31169597423076
35.0628662578721,-85.31168508263235
35.062868660527826,-85.31167389121981
35.06287079794756,-85.3116639352545
35.062873136235055,-85.31165304365501
35.062875273653,-85.31164308768905
35.06287767630456,-85.31163189627546
35.06288001458901,-85.31162100467489
35.062882152004185,-85.31161104870797
35.06288449028669,-85.31160015710662
35.06288669206587,-85.31158990132616
35.062889030346376,-85.31157900972413
35.06289136862587,-85.31156811812168
35.06289357040212,-85.31155786234062
35.06289590867959,-85.31154697073752
35.062898046088335,-85.31153701476845
35.062900384363864,-85.31152612316455
35.06290278700382,-85.31151493174809
35.06290492440979,-85.31150497577809
35.0629072626823,-85.31149408417313
35.06290946445176,-85.31148382839059
35.062911802722255,-85.31147293678497
35.062914140991744,-85.31146204517891
35.06291627839313,-85.31145208920731
35.06291868102573,-85.31144089778907
35.06292081842529,-85.3114309418169
35.06292315669081,-85.31142005020938
35.062925494955316,-85.31140915860148
35.062927696717004,-85.31139890281726
35.0629300349795,-85.31138801120868
35.06293217237448,-85.31137805523491
35.06293457499973,-85.31136686381487
35.06293691325919,-85.31135597220519
35.0629390506514,-85.31134601623049
35.06294138890892,-85.31133512462004
35.06294359066383,-85.31132486883439
35.06294592891935,-85.31131397722329
35.06294826717384,-85.31130308561175
35.06295046892582,-85.31129282982552
35.0629528071783,-85.3112819382133
35.06295514542977,-85.31127104660068
35.062957282814615,-85.31126109062345
35.06295968542826,-85.31124989920053
35.06296182281127,-85.31123994322274
35.06296416105878,-85.31122905160868
35.06296649930527,-85.31121815999417
35.062968701049485,-85.31120790420624
35.062971039293956,-85.31119701259111
35.062973176672386,-85.31118705661171
35.0629755792787,-85.31117586518698
35.06297791752015,-85.31116497357074
35.06298005489581,-85.31115501759041
35.0629823931353,-85.31114412597341
35.062984594872745,-85.31113387018402
35.062986933110246,-85.31112297856636
35.06298927134672,-85.31111208694824
35.062991473081205,-85.31110183115827
35.06299381131568,-85.31109093953951
35.062996267773585,-85.31108009343103
35.06299887152807,-85.31106895517387
35.06300139986732,-85.3110581395208
35.063004003619625,-85.31104700126295
35.06300660737082,-85.31103586300483
35.063008919569874,-85.31102597193654
35.063011523318984,-85.3110148336778
35.06301405165311,-85.31100401802264
35.06301665540004,-85.31099287976325
35.06301918373211,-85.31098206410722
35.06302178747686,-85.31097092584714
35.063024315806885,-85.31096011019022
35.06302691954945,-85.31094897192949
35.063029937685364,-85.31093797418944
35.063032984794155,-85.3109269937018
35.06303603190186,-85.31091601321366
35.06303883011456,-85.31090592963399
35.063041877220165,-85.310894949145
35.06304492432467,-85.31088396865555
35.0630479714281,-85.31087298816561
35.06305101853044,-85.31086200767524
35.063053816738176,-85.31085192409364
35.06305686383842,-85.31084094360241
35.06305966204423,-85.31083086002008
35.06306235715854,-85.31082114793358
35.063065404255745,-85.31081016744099
35.06306820245874,-85.31080008385752
35.06307124955384,-85.31078910336406
35.063074047754895,-85.31077901977986
35.06307684595502,-85.31076893619532
35.06308122645629,-85.3107591631052
35.063086096959616,-85.31074906983518
35.06309060936967,-85.31073971864852
35.0630952219551,-85.31073015986314
35.063099734363284,-85.31072080867523
35.06310434694693,-85.31071124988839
35.06310922104418,-85.31070119200028
35.06311471455752,-85.31069175206301
35.06311987231003,-85.31068288908777
35.06312541661198,-85.31067336187151
35.063130910122396,-85.31066392193182
35.06313606787224,-85.31065505895418
35.06314194793083,-85.31064495477244
35.06314710567883,-85.31063609179319
35.063152599185294,-85.31062665185034
35.063158143481495,-85.31061712462872
35.06316330122683,-85.31060826164706
35.06316883769903,-85.3105988394729
35.06317481586725,-85.31058981787974
35.06317999782065,-85.31058199784447
35.06318597598712,-85.31057297624959
35.06319155385825,-85.31056455873455
35.06319753202291,-85.31055553713793
35.063203114267594,-85.31054711301863
35.06320893922338,-85.31053892524974
35.063215736634106,-85.31053067608161
35.063222439950145,-85.31052254110246
35.06322923735921,-85.31051429193226
35.06323603476743,-85.31050604276106
35.06324283217479,-85.31049779358884
35.06325003883131,-85.3104890477593
35.063255420299704,-85.31048251693383
35.06326130511114,-85.31047537526142
35.063267189921945,-85.31046823358824
35.06327510651792,-85.31046221074791
35.06328309363182,-85.31045618525249
35.063289990878914,-85.31045098195374
35.06329797799185,-85.31044495645642
35.06330596510428,-85.3104389309581
35.063313952216184,-85.31043290545875
35.0633212153701,-85.3104274261141
35.06332920248105,-85.31042140061282
35.063336823682924,-85.31041565115315
35.06334481079285,-85.31040962564988
35.06335207394499,-85.31040414630164
35.06336006105394,-85.31039812079644
35.063368048162374,-85.3103920952902
35.06337494540471,-85.31038689198215
35.06338293251218,-85.31038086647403
35.06339091961915,-85.3103748409649
35.06339890672558,-85.31036881545475
35.06340616987461,-85.31036333610021
35.063414156980066,-85.31035731058812
35.06342177817665,-85.3103515611182
35.06342976528109,-85.31034553560414
35.063437028428346,-85.310340056246
35.06344501553182,-85.31033403072999
35.06345300263478,-85.31032800521297
35.063460265780684,-85.31032252585213
35.06346788697438,-85.31031677637667
35.06347587407587,-85.31031075085673
35.06348386117684,-85.31030472533577
35.063491124320976,-85.31029924597135
35.06349911142096,-85.31029322044846
35.063507098520454,-85.31028719492453
35.063514719711186,-85.31028144544342
35.06352198285355,-85.31027596607542
35.06352996995156,-85.3102699405486
35.06353795704905,-85.31026391502076
35.063545220190065,-85.31025843565004
35.06354013763143,-85.31024888517594
35.06353511682693,-85.31023990253283
35.063530096021566,-85.31023091989047
35.063525075215324,-85.31022193724883
35.063520054408215,-85.31021295460792
35.06351503360023,-85.31020397196775
35.06351001279138,-85.31019498932831
35.06350461079243,-85.31018532471103
35.06349958998178,-85.31017634207313
35.06349425114868,-85.31016679046975
35.0634892303362,-85.3101578078333
35.063484209522876,-85.3101488251976
35.063479188708655,-85.31013984256262
35.06347416789358,-85.31013085992836
35.063469147077626,-85.31012187729486
35.0634641262608,-85.31011289466208
35.06345872425341,-85.31010323005222
35.0634537034348,-85.310094247421
35.0634486826153,-85.31008526479049
35.063443661794935,-85.31007628216071
35.06343832295119,-85.3100667305654
35.063433302129,-85.31005774793708
35.063428281305946,-85.31004876530949
35.06342326048201,-85.31003978268264
35.06341823965722,-85.31003080005651
35.06341283764141,-85.31002113545408
35.06340781681481,-85.31001215282951
35.06340279598735,-85.31000317020566
35.06339777515902,-85.30999418758256
35.063392754329804,-85.30998520496017
35.06338773349973,-85.30997622233853
35.06338239464533,-85.30996667075128
35.063377373813424,-85.30995768813108
35.06337235298065,-85.30994870551163
35.0633669509564,-85.30993904091662
35.063361930121836,-85.3099300582987
35.0633569092864,-85.30992107568152
35.06335188845009,-85.30991209306507
35.06334686761293,-85.30990311044937
35.063341846774875,-85.30989412783435
35.06333682593595,-85.30988514522011
35.06333180509617,-85.30987616260659
35.063326466231096,-85.30986661102737
35.06332144538949,-85.30985762841533
35.063316043355876,-85.30984796382855
35.06331102251247,-85.30983898121804
35.063306001668195,-85.30982999860824
35.063300980823044,-85.30982101599919
35.06329595997701,-85.30981203339086
35.06329093913013,-85.30980305078326
35.063285918282354,-85.3097940681764
35.06328089743373,-85.30978508557027
35.06327587658423,-85.30977610296486
35.063270156516936,-85.30976586941907
35.06326513566555,-85.30975688681522
35.063260114813296,-85.30974790421209
35.06325509396018,-85.30973892160968
35.06325007310618,-85.30972993900802
35.06324505225132,-85.30972095640709
35.06324003139558,-85.30971197380688
35.06323501053897,-85.3097029912074
35.06322998968149,-85.30969400860866
35.06322458763111,-85.30968434403677
35.06321956677183,-85.30967536143957
35.063214227885425,-85.30966580987659
35.06320920702432,-85.30965682728086
35.063204186162345,-85.30964784468584
35.063199165299515,-85.30963886209157
35.063194144435805,-85.30962987949803
35.06318878167754,-85.30962018015553
35.063183798403735,-85.30961116635342
35.063178815129056,-85.30960215255202
35.063173138919865,-85.30959188536595
35.06316815564329,-85.30958287156605
35.06316317236585,-85.30957385776689
35.06315780943541,-85.30956415725039
35.06315282615617,-85.30955514345276
35.06314784287604,-85.30954612965583
35.06314216666056,-85.3095358624747
35.063137183378544,-85.30952684867931
35.06313220009566,-85.30951783488463
35.06312683715945,-85.30950813437315
35.063121853874755,-85.30949912057999
35.06311649093664,-85.30948942007018
35.06311119436741,-85.30947983961137
35.06310621107996,-85.30947082582047
35.06310085081486,-85.30946111765604
35.0630960234483,-85.30945198150731
35.06309119608086,-85.30944284535926
35.06308636871251,-85.30943370921187
35.06308183548367,-85.30942512974717
35.06307700811361,-85.30941599360114
35.06307180777946,-85.30940615159636
35.063066980407534,-85.30939701545176
35.063062153034714,-85.30938787930785
35.06305732566099,-85.3093787431646
35.06305279242727,-85.30937016370409
35.06304796505183,-85.30936102756218
35.063042764711994,-85.30935118556205
35.06303793733469,-85.30934204942157
35.06303310995649,-85.30933291328176
35.0630282825774,-85.30932377714265
35.063023749338804,-85.30931519768636
35.06301892195799,-85.3093060615486
35.06301409457628,-85.30929692541149
35.06300889422979,-85.30928708341675
35.06300406684622,-85.30927794728106
35.06299923946174,-85.30926881114605
35.06299470621828,-85.30926023169398
35.06298987883208,-85.30925109556034
35.06298505144498,-85.30924195942737
35.06297985109281,-85.30923211743723
35.06297502370386,-85.3092229813057
35.062970196314005,-85.30921384517482
35.062965368923265,-85.30920470904464
35.06296083567411,-85.30919612959744
35.06295600828164,-85.30918699346859
35.06295080792377,-85.30917715148308
35.06294598052944,-85.30916801535567
35.06294115313422,-85.30915887922893
35.0629363257381,-85.30914974310286
35.06293179248407,-85.30914116365987
35.062926965086234,-85.30913202753517
35.06292176472267,-85.3091221855543
35.06291693732296,-85.309113049431
35.06291210992236,-85.30910391330839
35.062907282520854,-85.30909477718644
35.06290274926196,-85.30908619774766
35.06289792185874,-85.30907706162708
35.06289309445462,-85.30906792550718
35.06288789408441,-85.30905808353167
35.06288306667844,-85.3090489474132
35.062878239271555,-85.30903981129536
35.06287370600779,-85.30903123186081
35.06286887859919,-85.30902209574434
35.06286405118969,-85.30901295962855
35.062858999999996,-85.3090034
35.062855087323726,-85.30899493972176
35.06285072232119,-85.30898550139264
35.06284659930577,-85.30897658630825
35.06284247628955,-85.30896767122442
35.062838353272554,-85.30895875614121
35.06283423025474,-85.30894984105855
35.062829865247714,-85.30894040273215
35.06282539166534,-85.3089307296391
35.062821268644996,-85.30892181455822
35.062817145623846,-85.30891289947793
35.062812430050116,-85.30890270314248
35.06280830702724,-85.3088937880634
35.062804184003554,-85.3088848729849
35.06280006097907,-85.30887595790698
35.062795345401476,-85.30886576157408
35.06279122237525,-85.30885684649739
35.062787099348235,-85.30884793142124
35.062782687769406,-85.30883818097864
35.062778782933854,-85.30882812581838
35.0627748780973,-85.30881807065866
35.06277097325976,-85.3088080154995
35.06276706842122,-85.30879796034088
35.06276316358171,-85.30878790518283
35.062759442478324,-85.30877832315745
35.06275585462621,-85.30876908426333
35.062751949783866,-85.3087590291069
35.06274804494054,-85.308748973951
35.062744140096214,-85.30873891879568
35.0627402352509,-85.3087288636409
35.0627363304046,-85.30871880848665
35.06273242555729,-85.30870875333297
35.06272932379067,-85.30869885430795
35.06272631090793,-85.30868886010458
35.062723417467964,-85.30867926211486
35.062720404583466,-85.30866926791239
35.062717391698044,-85.30865927371038
35.062714378811705,-85.30864927950876
35.06271136592444,-85.30863928530758
35.06270861849193,-85.30863017166277
35.062705605602915,-85.30862017746234
35.06270259271298,-85.30861018326233
35.062699859707394,-85.30860004922403
35.06269724233092,-85.30858891497407
35.06269470114865,-85.30857810485712
35.062692300932994,-85.30856789441245
35.06268975974875,-85.30855708429634
35.062687142368,-85.3085459500477
35.062684601181715,-85.30853513993247
35.0626819878181,-85.30852400411332
35.062691004650155,-85.30852472363256
35.062700000848636,-85.30852494956432
35.062708997047096,-85.3085251754961
35.062716993667955,-85.30852537632443
35.062726006685324,-85.30852560267871
35.0627350028838,-85.30852582861067
35.06274399908227,-85.30852605454268
35.062752995280725,-85.30852628047474
35.062760991901584,-85.30852648130326
35.062770016340224,-85.30852672840747
35.062779027817555,-85.30852753764133
35.062787979453745,-85.30852834150161
35.06279699093106,-85.30852915073582
35.06280600240837,-85.30852995997022
35.06281501388567,-85.30853076920478
35.06282402536295,-85.30853157843953
35.06283297699909,-85.3085323823007
35.06284198847636,-85.3085331915358
35.06285099995361,-85.30853400077109
35.06286002372693,-85.30853482504479
35.06286904725078,-85.30853665158682
35.062877938780936,-85.30853845141108
35.0628869623047,-85.30854027795392
35.062895985828405,-85.30854210449714
35.06290500935205,-85.30854393104076
35.062914032875646,-85.30854575758478
35.0629230563992,-85.3085475841292
35.06293305320448,-85.30854960768609
35.06294194473424,-85.30855140751314
35.06295096817837,-85.30855323411896
35.062959991211976,-85.30855506465548
35.062968041080325,-85.30855669776268
35.06297706411383,-85.30855852829997
35.06298595487393,-85.30856033200281
35.062994977907316,-85.30856216254088
35.06300400094066,-85.30856399307935
35.063013023973944,-85.30856582361822
35.063021073842016,-85.3085674567275
35.06302996460184,-85.3085692604323
35.06303898763497,-85.3085710909723
35.06304801066805,-85.30857292151272
35.063057033701085,-85.30857475205353
35.06306592446069,-85.30857655575987
35.063073974328475,-85.30857818887125
35.063082997361334,-85.30858001941321
35.06309202039415,-85.30858184995557
35.06310104342691,-85.30858368049833
35.06310993418627,-85.3085854842066
35.06311895721891,-85.30858731475014
35.063127007086415,-85.30858894786363
35.06313603011897,-85.30859077840793
35.063145053151466,-85.30859260895264
35.06315394391055,-85.30859441266283
35.06316296694294,-85.30859624320833
35.06317198997527,-85.30859807375421
35.06318003984249,-85.30859970686978
35.06318906287473,-85.30860153741644
35.06319795363355,-85.30860334112855
35.06320697666567,-85.30860517167599
35.06321599969773,-85.30860700222384
35.06322502272975,-85.30860883277208
35.06323307259668,-85.30861046588973
35.06324196335525,-85.30861226960376
35.0632509863871,-85.30861410015315
35.06326000941891,-85.30861593070296
35.06326903245066,-85.30861776125313
35.06327805548235,-85.30861959180373
35.06328597307566,-85.30862119808847
35.06329499610725,-85.30862302863981
35.063304019138805,-85.30862485919155
35.063313042170286,-85.30862668974369
35.06332193292837,-85.30862849346121
35.06333095595975,-85.30863032401413
35.063339005826116,-85.30863195713597
35.063348028857384,-85.30863378768966
35.063357051888616,-85.30863561824374
35.06336594264644,-85.30863742196317
35.063374965677546,-85.30863925251805
35.06338398870861,-85.30864108307334
35.0633920385747,-85.30864271619727
35.06340106160564,-85.3086445467533
35.06340995236321,-85.30864635047465
35.06341897539406,-85.30864818103147
35.06342799842486,-85.3086500115887
35.0634370214556,-85.30865184214632
35.0634450713214,-85.30865347527235
35.0634539620787,-85.30865527899562
35.063462985109275,-85.30865710955439
35.063472008139804,-85.30865894011356
35.06348103117029,-85.30866077067314
35.063490054200706,-85.3086626012331
35.06349797179289,-85.30866420752608
35.063506994823214,-85.3086660380868
35.06351699204403,-85.30866805875887
35.063526015912245,-85.30866988248003
35.06353601314488,-85.30867190291836
35.06354503701298,-85.30867372664038
35.06355406051054,-85.30867555406007
35.06356295184682,-85.30867735487092
35.06357197524575,-85.30867918242954
35.06358099864463,-85.30868100998858
35.063590022043456,-85.30868283754799
35.06359904544223,-85.3086846651078
35.06360793677825,-85.30868646592062
35.06361598692433,-85.3086880963628
35.063625010322944,-85.30868992392377
35.06363403372151,-85.30869175148513
35.06364305712002,-85.3086935790469
35.06365194845577,-85.30869537986162
35.06366097185417,-85.30869720742417
35.06366999525253,-85.30869903498713
35.06367804539828,-85.30870066543176
35.063687068796526,-85.30870249299547
35.06369596013201,-85.3087042938121
35.06370498353015,-85.3087061213766
35.06371400692823,-85.3087079489415
35.06372303032627,-85.3087097765068
35.063732053724245,-85.3087116040725
35.06374094505947,-85.30871340489108
35.06374899520485,-85.3087150353385
35.06375801860266,-85.30871686290534
35.06376704200043,-85.30871869047259
35.06377606539814,-85.30872051804023
35.06378495673311,-85.30872231886075
35.06379398013072,-85.30872414642918
35.063803003528264,-85.30872597399801
35.06381202692576,-85.30872780156723
35.06382007707076,-85.30872943201746
35.06382896840546,-85.30873123283989
35.063837981771364,-85.30873312914119
35.063846996001466,-85.30873502832772
35.063856010231504,-85.30873692751467
35.06386502446149,-85.30873882670203
35.063873901615146,-85.30874069700951
35.063882915845014,-85.3087425961977
35.06389193007483,-85.30874449538629
35.063900944304585,-85.30874639457532
35.06390995853428,-85.30874829376474
35.06391897276392,-85.30875019295458
35.06392798699349,-85.30875209214483
35.06393797234268,-85.30875419593885
35.063946986572134,-85.30875609512998
35.06395600080153,-85.30875799432151
35.06396501503088,-85.30875989351345
35.06397402926016,-85.30876179270582
35.06398304348938,-85.30876369189859
35.06399205771854,-85.30876559109178
35.06400006500834,-85.30876761678037
35.06400806083783,-85.30876964136522
35.064016056667256,-85.30877166595046
35.06402309368068,-85.30877344775887
35.06403204618268,-85.30877572958899
35.06404099801822,-85.30877801160379
35.064049949853676,-85.3087802936191
35.06405794340992,-85.30878233134885
35.06406705890684,-85.30878465508599
35.064076010742035,-85.3087869371027
35.06408496257716,-85.30878921911992
35.064092956133116,-85.30879125685139
35.06410207162971,-85.30879358059046
35.064111023464584,-85.3087958626091
35.06411997529938,-85.30879814462824
35.064128927134085,-85.30880042664786
35.064137084351295,-85.30880250610244
35.064146036185846,-85.308804788123
35.064154988020306,-85.30880707014404
35.06416393985469,-85.3088093521656
35.064172097071605,-85.30881143162192
35.064181048905816,-85.30881371364438
35.06419000073996,-85.30881599566736
35.064198952574,-85.30881827769082
35.06420790440798,-85.30882055971475
35.06421606162453,-85.30882263917329
35.06422501345833,-85.30882492119817
35.064233965292054,-85.30882720322353
35.064242917125696,-85.30882948524939
35.064251074341946,-85.30883156470966
35.064260026175425,-85.30883384673646
35.064268978008826,-85.30883612876376
35.064277929842135,-85.30883841079154
35.064286087058086,-85.30884049025356
35.06429503889124,-85.30884277228226
35.06430399072431,-85.30884505431148
35.064312935245354,-85.30884733860587
35.06432106515626,-85.30884965929415
35.064329961963686,-85.30885219889409
35.064339040110816,-85.30885479025817
35.064346988681656,-85.3088570591843
35.064356066828594,-85.30885965054942
35.06436401539924,-85.30886191947647
35.064372912206174,-85.30886445907902
35.06438104211645,-85.30886677977063
35.0643899389232,-85.3088693193742
35.06439901706962,-85.30887191074197
35.06440696563983,-85.30887417967136
35.06441604378605,-85.30887677104019
35.06442399235608,-85.30887903997049
35.06443307050212,-85.30888163134038
35.06444101907197,-85.30888390027161
35.06444991587801,-85.30888643987882
35.06445899402372,-85.30888903125029
35.0644669425933,-85.30889130018294
35.06447602073369,-85.30889389140185
35.06448397006688,-85.30889615678258
35.06449304886878,-85.30889874403697
35.06450099820179,-85.3089010094186
35.06450989593393,-85.30890354507326
35.06451802633632,-85.30890586205662
35.06452692406827,-85.30890839771232
35.064535054470475,-85.3089107146966
35.064543952202236,-85.30891325035331
35.06455208260427,-85.30891556733854
35.06456098033581,-85.3089181029963
35.06456892966811,-85.30892036838162
35.06457800846903,-85.30892295564125
35.06458595780115,-85.3089252210275
35.06459503660186,-85.30892780828819
35.06460298593381,-85.30893007367534
35.06461205202098,-85.30893260987115
35.06461997508701,-85.30893418683377
35.064629002194955,-85.30893598353907
35.06463802930284,-85.30893778024475
35.06464705641067,-85.30893957695083
35.064655953622804,-85.30894134780358
35.06466498073054,-85.30894314451044
35.064674007838214,-85.3089449412177
35.064682060799576,-85.30894654403642
35.06469095801151,-85.30894831489066
35.06469998511904,-85.30895011159905
35.064709012226515,-85.30895190830783
35.06471803933395,-85.30895370501699
35.06472693654566,-85.30895547587278
35.06473596365299,-85.30895727258272
35.064744016614036,-85.30895887540385
35.064753043721254,-85.30896067211454
35.064761940932776,-85.30896244297182
35.064770968039895,-85.30896423968328
35.06477999514696,-85.30896603639515
35.06478902225397,-85.30896783310739
35.06479804936094,-85.30896962982004
35.0648069465722,-85.30897140067925
35.064814999532885,-85.30897300350313
35.0648240266397,-85.3089748002169
35.064833053746455,-85.30897659693106
35.064841950957515,-85.30897836779178
35.064850978064165,-85.30898016450672
35.06486000517077,-85.30898196122206
35.06486895513064,-85.30898341453351
35.064878013203995,-85.30898487801264
35.06488598208453,-85.30898616551522
35.06489504015781,-85.30898762899497
35.06490399185083,-85.30898907528756
35.064913049924044,-85.30899053876793
35.064922001617,-85.30899198506116
35.0649309533099,-85.3089934313547
35.064940011383015,-85.30899489483603
35.06494896307586,-85.3089963411302
35.0649580211489,-85.30899780461219
35.064966972841674,-85.30899925090698
35.06497603091465,-85.3090007143896
35.06498498260735,-85.30900216068504
35.06499393430002,-85.3090036069808
35.0650029923729,-85.30900507046437
35.065011944065496,-85.30900651676075
35.065020019325814,-85.30900782145505
35.06502897101836,-85.30900926775203
35.06503802909109,-85.30901073123685
35.065046980783556,-85.30901217753447
35.06505593247599,-85.3090136238324
35.06506499054862,-85.30901508731819
35.065073942240986,-85.30901653361674
35.06508300031356,-85.30901799710315
35.06509195200585,-85.30901944340235
35.06510101007835,-85.30902090688942
35.06510998822364,-85.30902214987204
35.06511898389537,-85.30902320495592
35.06512698869894,-85.30902414382311
35.065135984370635,-85.30902519890745
35.065144980042305,-85.309026253992
35.065153975713955,-85.3090273090768
35.065161980517466,-85.30902824794478
35.065170976189094,-85.30902930303
35.06517997186069,-85.30903035811546
35.065188967532265,-85.30903141320115
35.06519697233572,-85.30903235206995
35.06520596800727,-85.30903340715608
35.065214963678805,-85.30903446224242
35.06522403720885,-85.30903552646092
35.065233032880336,-85.30903658154773
35.06524103768371,-85.30903752041755
35.06525003335516,-85.3090385755048
35.065258977823135,-85.30903940497606
35.06526799223406,-85.30904014181533
35.06527700664498,-85.30904087865477
35.06528602105589,-85.30904161549435
35.06529597649365,-85.30904242925384
35.06530499090455,-85.30904316609377
35.065314005315436,-85.30904390293385
35.06532301972631,-85.30904463977411
35.06533197962026,-85.30904537215831
35.06534099403111,-85.30904610899888
35.06535000844196,-85.30904684583963
35.06535902285281,-85.30904758268053
35.06536798274672,-85.30904831506538
35.06537699715754,-85.30904905190661
35.06538601156836,-85.309049788748
35.06539502597916,-85.30905052558956
35.0654045,-85.3090513
35.06541296488099,-85.30904882100018
35.06542108680433,-85.30904644243742
35.065429968856854,-85.3090438412649
35.06543809077999,-85.30904146270119
35.06544699973894,-85.30903901395487
35.065454995561964,-85.3090392372328
35.06546400956061,-85.30903948894263
35.06547300486151,-85.3090397401304
35.06548200016242,-85.30903999131824
35.065490995463314,-85.30904024250611
35.06550000946196,-85.30904049421618
35.06550900476285,-85.30904074540416
35.06551800006375,-85.30904099659222
35.06552699536466,-85.30904124778033
35.065536009363285,-85.3090414994906
35.06554500466417,-85.30904175067882
35.06555399996507,-85.30904200186708
35.06556299526597,-85.30904225305541
35.065572009264606,-85.30904250476591
35.06558100456549,-85.30904275595435
35.06558999986637,-85.30904300714285
35.06559899516726,-85.30904325833139
35.06560800916589,-85.30904351004212
35.06561700446678,-85.30904376123077
35.06562599976766,-85.30904401241949
35.06563499506855,-85.30904426360824
35.06564400906717,-85.3090445153192
35.065653004368045,-85.30904476650808
35.06566199966894,-85.30904501769702
35.06567099496982,-85.309045268886
35.065680008968435,-85.30904552059717
35.06568900426931,-85.30904577178627
35.06569799957018,-85.30904602297542
35.065706994871064,-85.30904627416464
35.065716008869686,-85.30904652587603
35.06572500417055,-85.30904677706535
35.06573399947142,-85.30904702825474
35.06574299477229,-85.30904727944417
35.065752008770914,-85.30904753115578
35.0657600045939,-85.30904775443537
35.06576899989478,-85.30904800562496
35.06577799519565,-85.30904825681462
35.06578700919425,-85.30904850852644
35.065796004495105,-85.30904875971619
35.06580499979597,-85.30904901090601
35.06581399509684,-85.3090492620959
35.065823009095446,-85.30904951380793
35.065832004396306,-85.30904976499792
35.065840999697166,-85.30905001618795
35.06584999499802,-85.30905026737804
35.06585900899663,-85.30905051909032
35.065868004297485,-85.30905077028052
35.06587699959833,-85.30905102147078
35.06588599489918,-85.3090512726611
35.06589500889778,-85.30905152437359
35.06590400419864,-85.30905177556401
35.0659129994995,-85.30905202675449
35.065921994800334,-85.30905227794503
35.065931008798934,-85.30905252965773
35.06594000409978,-85.30905278084838
35.06594899940063,-85.30905303203909
35.06595799470147,-85.30905328322984
35.06596700870006,-85.30905353494278
35.06597600400091,-85.30905378613365
35.06598499930174,-85.30905403732457
35.0659939946026,-85.30905428851554
35.06600300860118,-85.30905454022871
35.06601200390202,-85.3090547914198
35.066020999202856,-85.30905504261094
35.066029994503694,-85.30905529380213
35.06603900850228,-85.30905554551552
35.06604800380311,-85.30905579670683
35.06605699910395,-85.3090560478982
35.06606599440478,-85.3090562990896
35.06607400892549,-85.30905652289306
35.066083004226314,-85.30905677408458
35.06609199952714,-85.30905702527616
35.066100994827984,-85.3090572764678
35.06611000882655,-85.30905752818161
35.06611900412737,-85.30905777937336
35.0661279994282,-85.30905803056515
35.06613699472903,-85.30905828175702
35.06614600872761,-85.30905853347107
35.06615500402842,-85.30905878466304
35.06616399932924,-85.30905903585506
35.066172994630065,-85.30905928704712
35.06618200862862,-85.3090595387614
35.066191003929454,-85.30905978995358
35.066199999230264,-85.30906004114583
35.06620899453109,-85.30906029233813
35.06621800852965,-85.30906054405261
35.066227003830456,-85.30906079524503
35.06623599913127,-85.30906104643749
35.06624499443208,-85.30906129763002
35.06625400843064,-85.30906154934473
35.06626300373145,-85.30906180053736
35.06627199903226,-85.30906205173005
35.066280994333056,-85.30906230292278
35.06629000833161,-85.30906255463772
35.06629900363243,-85.30906280583058
35.06630799893323,-85.3090630570235
35.06631699424922,-85.30906330819579
35.066326008223896,-85.30906355926422
35.066335003548794,-85.30906380981325
35.06634399887368,-85.30906406036232
35.066352994198546,-85.30906431091147
35.06636200817323,-85.30906456198012
35.066371003498105,-85.30906481252937
35.06637999882299,-85.30906506307868
35.06638899414786,-85.30906531362804
35.06639800812253,-85.30906556469692
35.06640700344741,-85.30906581524638
35.066415998772285,-85.30906606579592
35.06642499409716,-85.3090663163455
35.06643400807183,-85.30906656741459
35.06644300339669,-85.30906681796428
35.06645199872156,-85.30906706851403
35.06646099404642,-85.30906731906383
35.066470008021106,-85.30906757013314
35.06647900334596,-85.30906782068305
35.06648799867082,-85.30906807123303
35.06649699399569,-85.30906832178304
35.066506007970354,-85.30906857285258
35.066515003295216,-85.30906882340273
35.06652399862008,-85.30906907395291
35.06653299394494,-85.30906932450316
35.066542007919594,-85.30906957557292
35.06655100324444,-85.30906982612328
35.066559998569325,-85.30907007667368
35.066568993894165,-85.30907032722413
35.06657800786882,-85.30907057829413
35.06658700319366,-85.3090708288447
35.066595998518515,-85.30907107939534
35.06660499384338,-85.30907132994601
35.066614007818025,-85.30907158101623
35.06662300314288,-85.30907183156701
35.06663199846772,-85.30907208211786
35.066640993792554,-85.30907233266878
35.06665000776722,-85.30907258373921
35.06665900309207,-85.30907283429022
35.066667998416904,-85.30907308484129
35.06667699374174,-85.30907333539241
35.0666860077164,-85.30907358646306
35.06669500304123,-85.30907383701431
35.066703998366066,-85.30907408756559
35.0667129936909,-85.30907433811694
35.066722007665554,-85.3090745891878
35.06673100299039,-85.30907483973927
35.06673999831523,-85.30907509029079
35.06674899364005,-85.30907534084236
35.066758007614695,-85.30907559191344
35.066767002939514,-85.30907584246512
35.06677599826435,-85.30907609301686
35.06678499358918,-85.30907634356865
35.06679400756383,-85.30907659463996
35.066802995212164,-85.30907590902832
35.06681201056608,-85.30907520076167
35.066821025919985,-85.30907449249486
35.06682998886064,-85.30907378834559
35.066840000096825,-85.30907300183964
35.06684901545069,-85.30907229357234
35.06685797839133,-85.30907158942259
35.0668669937452,-85.30907088115498
35.06687600909904,-85.30907017288722
35.066885024452894,-85.30906946461928
35.06689398739349,-85.30906876046892
35.066903002747324,-85.30906805220069
35.06691201810114,-85.30906734393231
35.06692098104172,-85.30906663978146
35.066929996395515,-85.30906593151278
35.06693901174931,-85.30906522324392
35.06694797468987,-85.30906451909262
35.06695699004364,-85.30906381082346
35.06696600539742,-85.30906310255413
35.066976016633454,-85.30906231604556
35.06698497957398,-85.30906161189363
35.06699399492773,-85.30906090362382
35.06700301028147,-85.30906019535385
35.06701197322196,-85.30905949120145
35.06702098857567,-85.30905878293119
35.0670300039294,-85.30905807466075
35.06703901739363,-85.30905727059451
35.067048026109546,-85.30905640618919
35.06705697094021,-85.30905554791357
35.06706597965611,-85.30905468350787
35.067074988372006,-85.30905381910196
35.067083997087884,-85.30905295469586
35.067093005803756,-85.30905209028958
35.06710102064954,-85.30905132124717
35.06711002936539,-85.30905045684054
35.06711897419596,-85.30904959856363
35.06712798291178,-85.3090487341566
35.067136991627585,-85.30904786974939
35.06714600034337,-85.309047005342
35.06715500905916,-85.30904614093438
35.067164017774935,-85.3090452765266
35.06717302649069,-85.30904441211862
35.06718197132118,-85.30904355384041
35.06719098003691,-85.30904268943206
35.067199988752634,-85.30904182502351
35.06720899746835,-85.30904096061478
35.06721800618405,-85.30904009620586
35.06722701489973,-85.30903923179675
35.0672360236154,-85.30903836738743
35.067244968445806,-85.3090375091079
35.06725397716145,-85.30903664469821
35.067262985877086,-85.30903578028834
35.06727100072267,-85.30903501124274
35.067280009438285,-85.3090341468325
35.0672890181539,-85.30903328242208
35.06729802686949,-85.30903241801147
35.06730703558505,-85.30903155360066
35.06731598041536,-85.30903069531963
35.06732498913091,-85.30902983090844
35.06733399784647,-85.30902896649708
35.067343006562,-85.3090281020855
35.0673520152775,-85.30902723767376
35.067361023993,-85.30902637326182
35.06737003270848,-85.30902550884967
35.06737897753872,-85.30902465056732
35.06738798625418,-85.30902378615481
35.067396994969634,-85.30902292174211
35.06740600368508,-85.30902205732922
35.06741501240051,-85.30902119291613
35.06742402111593,-85.30902032850285
35.06743302983134,-85.30901946408939
35.06744098079145,-85.30901870117059
35.06744998950684,-85.30901783675677
35.067458998222214,-85.30901697234276
35.067468006937574,-85.30901610792854
35.06747701565291,-85.30901524351415
35.06748602436826,-85.30901437909957
35.06749503308357,-85.30901351468479
35.067503977913624,-85.30901265639982
35.06751298662893,-85.30901179198467
35.0675219953442,-85.30901092756932
35.067531004059475,-85.30901006315379
35.06754001277474,-85.30900919873807
35.06754902148999,-85.30900833432216
35.06755803020523,-85.30900746990605
35.06756697503519,-85.30900661161976
35.06757598375041,-85.30900574720327
35.06758499246561,-85.30900488278661
35.067594001180794,-85.30900401836975
35.06760201602598,-85.30900324931793
35.06761102474115,-85.3090023849007
35.06762003345629,-85.30900152048329
35.06762897828618,-85.3090006621957
35.06763798700131,-85.3089997977779
35.06764699571642,-85.30899893335992
35.067656004431534,-85.30899806894175
35.06766501314661,-85.30899720452338
35.06767402186169,-85.30899634010483
35.067683030576774,-85.30899547568607
35.067691975406575,-85.30899461739716
35.0677009841216,-85.30899375297805
35.06770999283663,-85.30899288855873
35.067719001551644,-85.30899202413923
35.067728010266656,-85.30899115971954
35.06773701898165,-85.30899029529965
35.067746027696636,-85.30898943087959
35.067754972526345,-85.30898857258934
35.0677639812413,-85.3089877081689
35.06777199608629,-85.30898693911388
35.06778100480121,-85.30898607469307
35.06779001351614,-85.30898521027207
35.06779902223105,-85.30898434585087
35.06780803094594,-85.3089834814295
35.06781697577558,-85.30898262313795
35.06782598449045,-85.3089817587162
35.06783499320531,-85.30898089429424
35.06784400192016,-85.3089800298721
35.067853010635,-85.30897916544977
35.06786201934982,-85.30897830102724
35.06787102806462,-85.30897743660452
35.067879972894175,-85.30897657831167
35.06788898160897,-85.30897571388859
35.067897990323736,-85.3089748494653
35.06790699903849,-85.30897398504183
35.06791600775325,-85.30897312061816
35.06792501646799,-85.30897225619431
35.067934025182716,-85.30897139177027
35.067941976142244,-85.30897062884212
35.06795098485693,-85.30896976441771
35.06795999357161,-85.30896889999312
35.06796900228631,-85.30896803556834
35.067978011000974,-85.30896717114337
35.06798701971563,-85.3089663067182
35.06799602843027,-85.30896544229284
35.06800497325965,-85.30896458399738
35.068013981974254,-85.30896371957165
35.06802299068887,-85.30896285514572
35.06803199940347,-85.30896199071961
35.068041008118044,-85.30896112629331
35.06805001683261,-85.30896026186682
35.068059025547164,-85.30895939744013
35.06806797037646,-85.30895853914333
35.068076979090996,-85.30895767471628
35.06808598780552,-85.30895681028902
35.068094996520024,-85.30895594586157
35.06810400523451,-85.30895508143395
35.068112020079084,-85.30895431237253
35.06812102879356,-85.30895344794455
35.06812997362275,-85.30895258964645
35.06813898233722,-85.30895172521808
35.06814799105164,-85.30895086078952
35.068156999766074,-85.30894999636077
35.06816600848048,-85.30894913193183
35.068175017194875,-85.30894826750269
35.06818402590927,-85.30894740307338
35.068192970738394,-85.30894654477396
35.06820197945276,-85.30894568034425
35.06821098816711,-85.30894481591436
35.068219996881446,-85.30894395148427
35.06822900559577,-85.308943087054
35.068238014310076,-85.30894222262354
35.06824702302439,-85.30894135819288
35.068255967853425,-85.30894049989215
35.0682649765677,-85.30893963546112
35.06827398528196,-85.3089387710299
35.068282000126324,-85.3089380019653
35.068291008840575,-85.30893713753372
35.06830001383972,-85.3089361970969
35.06830901778636,-85.30893525330256
35.06831802173299,-85.30893430950805
35.068327025679594,-85.3089333657133
35.0683360296262,-85.30893242191836
35.06834503357278,-85.30893147812318
35.068353967814545,-85.30893054163431
35.068362971761104,-85.30892959783874
35.06837197570763,-85.30892865404296
35.06838097965416,-85.30892771024698
35.06838998360068,-85.30892676645078
35.06839898754717,-85.30892582265439
35.06840799149365,-85.30892487885778
35.06841699544012,-85.30892393506096
35.06842599938658,-85.30892299126394
35.0684340106395,-85.30892215152126
35.068443014585924,-85.30892120772384
35.068452018532334,-85.30892026392623
35.06846102247873,-85.30891932012838
35.0684700264251,-85.30891837633035
35.06847903037148,-85.30891743253211
35.068488034317824,-85.30891648873366
35.068496968559366,-85.3089155522415
35.06850597250568,-85.30891460844263
35.06851497645199,-85.30891366464357
35.06852398039828,-85.30891272084428
35.06853298434456,-85.3089117770448
35.068541988290825,-85.30891083324511
35.068550992237085,-85.3089098894452
35.06855999618332,-85.3089089456451
35.06856900012953,-85.30890800184478
35.06857800407574,-85.30890705804424
35.068587008021936,-85.30890611424353
35.06859501927464,-85.30890527449752
35.06860402322079,-85.30890433069641
35.06861302716694,-85.30890338689508
35.06862203111307,-85.30890244309354
35.068631035059205,-85.30890149929179
35.0686399693005,-85.30890056279637
35.068648973246596,-85.3088996189942
35.06865797719267,-85.30889867519183
35.06866698113872,-85.30889773138927
35.06867598508478,-85.30889678758648
35.068684989030814,-85.30889584378349
35.06869399297683,-85.30889489998029
35.06870299692283,-85.30889395617689
35.068712000868814,-85.30889301237329
35.06872100481479,-85.30889206856946
35.06873000876076,-85.30889112476542
35.06873901270671,-85.3088901809612
35.06874702395918,-85.3088893412121
35.068756027905096,-85.30888839740746
35.06876503185101,-85.30888745360264
35.06877403579689,-85.30888650979759
35.068782970037965,-85.3088855732989
35.06879197398382,-85.30888462949343
35.06880097792966,-85.30888368568777
35.0688099818755,-85.3088827418819
35.068818985821316,-85.30888179807583
35.06882798976712,-85.30888085426955
35.0688369937129,-85.30887991046306
35.06884599765868,-85.30887896665635
35.06885500160444,-85.30887802284946
35.068864005550175,-85.30887707904233
35.06887300949592,-85.30887613523501
35.06888201344162,-85.30887519142748
35.06889101738733,-85.30887424761974
35.068900021333015,-85.3088733038118
35.068908032585256,-85.30887246405939
35.06891703653091,-85.30887152025105
35.06892597077175,-85.3088705837491
35.068934974717386,-85.30886963994033
35.06894397866301,-85.30886869613137
35.0689529826086,-85.30886775232221
35.06896198655418,-85.30886680851285
35.06897099049975,-85.30886586470326
35.068979994445314,-85.30886492089347
35.06898899839086,-85.30886397708348
35.06899800233638,-85.30886303327328
35.069007006281886,-85.30886208946288
35.06901601022738,-85.30886114565226
35.06902501417288,-85.30886020184143
35.069034018118344,-85.30885925803041
35.069043022063795,-85.30885831421917
35.06905202600923,-85.30885737040771
35.06906102995466,-85.30885642659607
35.06906897150187,-85.30885559414695
35.06907797544727,-85.30885465033491
35.06908697939265,-85.30885370652264
35.069095983338016,-85.30885276271019
35.069104987283374,-85.30885181889752
35.06911399122871,-85.30885087508466
35.069122995174034,-85.30884993127157
35.06913199911935,-85.30884898745828
35.069141003064644,-85.30884804364477
35.06915000700993,-85.30884709983108
35.0691590109552,-85.30884615601717
35.06916801490045,-85.30884521220304
35.069177018845686,-85.30884426838873
35.06918602279091,-85.30884332457418
35.06919502673612,-85.30884238075944
35.069204030681306,-85.30884143694449
35.06921296492168,-85.30884050043596
35.06922097617348,-85.30883966067714
35.06922998011862,-85.30883871686159
35.069238984063766,-85.30883777304584
35.06924798800889,-85.30883682922986
35.06925699195399,-85.3088358854137
35.06926599589909,-85.30883494159733
35.06927499984416,-85.30883399778074
35.069284003789235,-85.30883305396395
35.06929300773428,-85.30883211014695
35.06930201167932,-85.30883116632974
35.06931101562433,-85.30883022251233
35.06932001956934,-85.3088292786947
35.069329023514335,-85.30882833487686
35.06933802745932,-85.30882739105883
35.06934703140428,-85.30882644724059
35.06935596564442,-85.30882551072878
35.06936496958935,-85.30882456691013
35.06937397353428,-85.30882362309126
35.069381984785835,-85.30882278332913
35.069390988730724,-85.30882183950989
35.069399992675606,-85.30882089569042
35.06940899662047,-85.30881995187075
35.069418000565314,-85.30881900805086
35.06942700451015,-85.30881806423078
35.069436008454964,-85.30881712041048
35.06944501239977,-85.30881617658999
35.06945401634456,-85.30881523276928
35.06946302028934,-85.30881428894834
35.06947202423409,-85.30881334512723
35.06948102817885,-85.3088124013059
35.06949003212357,-85.30881145748435
35.069498966363504,-85.30881052096929
35.069507970308194,-85.30880957714733
35.06951697425288,-85.30880863332517
35.069525978197554,-85.30880768950281
35.06953398944889,-85.30880684973756
35.06954299339354,-85.3088059059148
35.06955199733817,-85.30880496209183
35.069561001282786,-85.30880401826865
35.06957000522738,-85.30880307444527
35.069579009171974,-85.30880213062169
35.06958801311656,-85.30880118679788
35.069597017061106,-85.30880024297389
35.06960602100565,-85.30879929914965
35.06961502495018,-85.30879835532525
35.06962402889469,-85.30879741150062
35.06963303283919,-85.30879646767578
35.06964196707888,-85.30879553115744
35.06965097102336,-85.3087945873322
35.069659974967806,-85.30879364350675
35.06966897891225,-85.30879269968106
35.069677982856675,-85.3087917558552
35.06968698680109,-85.30879081202912
35.06969499805219,-85.30878997226057
35.069704001996584,-85.3087890284341
35.069713005940955,-85.30878808460743
35.069722009885304,-85.30878714078055
35.069731013829646,-85.30878619695345
35.06974001777398,-85.30878525312615
35.06974902171829,-85.30878430929863
35.06975802566258,-85.30878336547093
35.06976702960687,-85.308782421643
35.069776033551136,-85.30878147781488
35.069784967790596,-85.30878054129327
35.06979397173484,-85.30877959746472
35.06980297567907,-85.30877865363597
35.069811979623275,-85.308777709807
35.06982098356747,-85.30877676597784
35.06982998751165,-85.30877582214846
35.06983899145582,-85.30877487831889
35.069847995399975,-85.3087739344891
35.069856006650845,-85.30877309471725
35.06986501059496,-85.30877215088707
35.06987401453907,-85.30877120705668
35.069883018483175,-85.30877026322608
35.06989202242726,-85.30876931939528
35.06990102637132,-85.30876837556427
35.06991003031537,-85.30876743173306
35.0699190342594,-85.30876648790164
35.06992796849863,-85.30876555137675
35.06993697244264,-85.3087646075449
35.069945976386634,-85.30876366371287
35.069954980330614,-85.3087627198806
35.06996398427459,-85.30876177604816
35.06997298821853,-85.30876083221548
35.06998199216246,-85.3087598883826
35.069990996106384,-85.30875894454951
35.0700000000503,-85.30875800071622
35.07000801130095,-85.30875716094127
35.07001701524483,-85.30875621710759
35.070026019188695,-85.30875527327369
35.07003502313254,-85.30875432943958
35.07004402707638,-85.30875338560527
35.0700530310202,-85.30875244177076
35.07006203496401,-85.30875149793604
35.070070969203,-85.30875056140789
35.070079973146775,-85.30874961757276
35.07008897709054,-85.30874867373741
35.070097981034294,-85.30874772990187
35.070106984978025,-85.30874678606611
35.070115988921735,-85.30874584223015
35.070124992865445,-85.30874489839397
35.07013399680913,-85.30874395455758
35.07014300075281,-85.308743010721
35.07015200469647,-85.30874206688421
35.07016100864011,-85.30874112304721
35.07016901989054,-85.30874028326895
35.07017802383415,-85.30873933943155
