36.16388690766978,-86.80418021992357
36.163889142880514,-86.8041816596695
36.16389784278101,-86.80418647390646
36.16390582237222,-86.80419053542484
36.16391408578829,-86.80419474140768
36.16392292091525,-86.80419923838579
36.163930900505655,-86.80420329990658
36.16393888009581,-86.80420736142813
36.163947999046975,-86.80421200287269
36.163955978636594,-86.80421606439589
36.16396395822594,-86.80422012591985
36.16397307717621,-86.80422476736717
36.16398099999999,-86.80422879999999
36.16398902322738,-86.80423394442118
36.163996980534904,-86.80423904657634
36.16400493784204,-86.80424414873242
36.164013224746114,-86.80424946222445
36.1640219707174,-86.80425507006781
36.164029928023304,-86.80426017222679
36.16403788532883,-86.80426527438671
36.16404617223127,-86.80427058788274
36.164054129536005,-86.80427569004455
36.16406208684035,-86.80428079220728
36.16407004414431,-86.80428589437092
36.16407800144787,-86.80429099653551
36.164087077012894,-86.80429681572255
36.164095034315636,-86.80430191788912
36.16410299161798,-86.8043070200566
36.16411094891994,-86.80431212222501
36.16411890622151,-86.80431722439434
36.16412719311991,-86.80432253790023
36.16413515042069,-86.80432764007148
36.164143107721095,-86.80433274224363
36.164151065021095,-86.80433784441672
36.16416014058208,-86.80434366361347
36.16416809788126,-86.80434876578852
36.16417605518005,-86.80435386796452
36.16418401247845,-86.80435897014142
36.164191969776454,-86.80436407231927
36.16420018745152,-86.80436958587617
36.16420799603726,-86.80437500875459
36.16421614900981,-86.80438067080284
36.164223957594665,-86.8043860936832
36.16423211056629,-86.80439175573349
36.16424026353745,-86.80439741778481
36.16424807212097,-86.8044028406681
36.164256985922094,-86.80440903110136
36.164264794504675,-86.80441445398667
36.164272947473954,-86.80442011604217
36.16428110142182,-86.80442574402606
36.16428882578272,-86.80443043969908
36.16429686945264,-86.80443532948256
36.16430491312221,-86.80444021926692
36.164312956791406,-86.80444510905221
36.164321000460255,-86.80444999883841
36.164329044128735,-86.8044548886255
36.164337087796866,-86.80445977841352
36.16434513146463,-86.80446466820241
36.16435317513206,-86.80446955799225
36.16436089948982,-86.80447425367302
36.164368943156525,-86.80447914346463
36.16437779271285,-86.8044845231625
36.16438583637881,-86.80448941295599
36.164393880044415,-86.8044943027504
36.16440192370965,-86.8044991925457
36.164409967374525,-86.80450408234192
36.16441801103905,-86.80450897213905
36.16442605470321,-86.8045138619371
36.164434098367025,-86.80451875173603
36.16444182272128,-86.80452344742554
36.16444986638439,-86.80452833722624
36.164457910047126,-86.80453322702787
36.1644659537095,-86.8045381168304
36.16447399737154,-86.80454300663385
36.164482041033224,-86.8045478964382
36.16449008469453,-86.80455278624343
36.16449893424486,-86.8045581659563
36.164506977905425,-86.80456305576344
36.164515021565634,-86.80456794557152
36.16452274591636,-86.80457264126974
36.164530789575856,-86.80457753107957
36.164538833234985,-86.80458242089031
36.16454687689378,-86.80458731070196
36.164554920552206,-86.80459220051452
36.16456296421028,-86.804597090328
36.164571007867984,-86.80460198014235
36.164579051525344,-86.80460686995765
36.16458709518234,-86.80461175977382
36.16459513883897,-86.80461664959091
36.16460286318621,-86.80462134529778
36.16461090684216,-86.80462623511666
36.16461982411912,-86.80463149252346
36.164628008355194,-86.80463597660277
36.16463619259097,-86.80464046068293
36.16464491452281,-86.8046452393638
36.16465309875796,-86.80464972344575
36.16466182068911,-86.8046545021285
36.16467000492364,-86.80465898621223
36.16467902552056,-86.80466392853414
36.16468691108799,-86.80466824898237
36.16469509532158,-86.80467273306874
36.16470393913217,-86.80467718605775
36.1647119347903,-86.80468119932976
36.164720211451105,-86.80468535364682
36.16472820710872,-86.80468936692037
36.164736202766086,-86.80469338019472
36.164745057378894,-86.80469782460709
36.16475333403865,-86.8047019789274
36.16476132969524,-86.80470599220412
36.164769325351585,-86.80471000548161
36.164778179963214,-86.80471444989747
36.164786456621954,-86.80471860422105
36.16479531123297,-86.80472304863872
36.16480330688827,-86.80472706191944
36.16481216149871,-86.80473150633887
36.16482015715347,-86.80473551962119
36.16482929276623,-86.80474010508705
36.16483728842045,-86.80474411837099
36.16484614302972,-86.80474856279402
36.16485413868342,-86.80475257607958
36.1648629932921,-86.80475702050435
36.16487126994813,-86.80476117483632
36.16488012455621,-86.8047656192629
36.16488812020885,-86.80476963255168
36.16489611586125,-86.80477364584125
36.16490497046848,-86.80477809027045
36.16491324712317,-86.80478224460656
36.1649221017298,-86.80478668903756
36.16493009738114,-86.80479070233034
36.16493895198718,-86.80479514676311
36.164946947637986,-86.80479916005751
36.164956083246246,-86.80480374553717
36.16496407889652,-86.80480775883319
36.16497293350139,-86.80481220326956
36.164980959225986,-86.80481614793332
36.164989111508866,-86.80481959543158
36.164997912549346,-86.80482331728214
36.16500606483184,-86.80482676478181
36.165014865871896,-86.80483048663389
36.165023018153995,-86.80483393413498
36.16503117043591,-86.80483738163674
36.16503997147535,-86.80484110349109
36.16504812375688,-86.80484455099428
36.165056924795884,-86.80484827285012
36.16506507707702,-86.8048517203547
36.16507298250633,-86.80485506346926
36.16508203039636,-86.8048588897181
36.165089935825286,-86.80486223283403
36.16509898371489,-86.80486605908443
36.16510688914344,-86.80486940220173
36.165115041423434,-86.80487284971049
36.16512408931241,-86.80487667596324
36.16513199474039,-86.80488001908256
36.165141042628925,-86.80488384533686
36.16514894805652,-86.80488718845754
36.16515710033556,-86.80489063596981
36.165165901371836,-86.80489435783548
36.16517405365051,-86.80489780534916
36.16518285468635,-86.80490152721634
36.16519100696462,-86.80490497473144
36.16519915924272,-86.80490842224724
36.16520796027793,-86.80491214411667
36.16521611255564,-86.80491559163387
36.165224913590436,-86.80491931350485
36.16523306586775,-86.80492276102345
36.165240971293294,-86.80492610415158
36.165250019179055,-86.80492993041598
36.16525792460422,-86.80493327354546
36.1652665,-86.8049369
36.165275003881675,-86.80493998357547
36.16528394652898,-86.8049432262516
36.16529288917611,-86.80494646892843
36.16530112843547,-86.80494945655181
36.16531007108228,-86.80495269923001
36.16531901372892,-86.80495594190893
36.16532703530796,-86.80495885060165
36.165335977954285,-86.80496209328192
36.165344920600425,-86.80496533596289
36.165353863246416,-86.80496857864458
36.16536210250472,-86.80497156627243
36.16537104515039,-86.80497480895548
36.16537998779587,-86.80497805163924
36.1653880093739,-86.80498096033631
36.165396952019066,-86.80498420302142
36.16540589466407,-86.80498744570723
36.16541413392149,-86.80499043333889
36.165423076566164,-86.80499367602607
36.16543201921068,-86.80499691871397
36.16544096185503,-86.80500016140259
36.165448983432015,-86.805003070104
36.165457926076044,-86.80500631279395
36.16546686871989,-86.8050095554846
36.165475107976285,-86.80501254312074
36.16548405061981,-86.80501578581277
36.16549299326318,-86.80501902850551
36.16550101483929,-86.80502193721063
36.16550995748232,-86.8050251799047
36.16551890012521,-86.80502842259952
36.16552806044773,-86.805031744228
36.16553608202326,-86.80503465293563
36.165545024665626,-86.8050378956325
36.165553967307844,-86.80504113833007
36.165561988882935,-86.80504404703954
36.165570931524826,-86.80504728973848
36.16557987416655,-86.80505053243813
36.16558811342101,-86.80505352008254
36.1655970560624,-86.80505676278355
36.16560599870365,-86.80506000548526
36.165614941344714,-86.80506324818771
36.16562296291877,-86.8050661569015
36.165631905559515,-86.80506939960529
36.165641065879875,-86.80507272124298
36.16564908745351,-86.80507562995867
36.16565803009375,-86.80507887266451
36.165666972733845,-86.80508211537108
36.16567499430703,-86.8050850240886
36.16568393694679,-86.80508826679652
36.16569309726617,-86.80509158843844
36.16570203990559,-86.8050948311478
36.165710061478194,-86.80509773986782
36.16571900411729,-86.80510098257851
36.16572794675623,-86.80510422528992
36.16573596832841,-86.80510713401179
36.16574491096701,-86.80511037672456
36.16575407710369,-86.80511371504029
36.16576199896598,-86.80511700382151
36.16577106309381,-86.80512076681804
36.16577898495573,-86.80512405560061
36.16578804908312,-86.80512781859868
36.16579597094468,-86.80513110738262
36.16580413605876,-86.80513449715427
36.16581295693285,-86.80513815916751
36.165821122046566,-86.80514154894058
36.16582994292022,-86.80514521095532
36.16583810803357,-86.80514860072977
36.16584692890683,-86.80515226274602
36.16585509401979,-86.80515565252186
36.16586391489264,-86.80515931453962
36.165872080005215,-86.80516270431686
36.16588090087766,-86.80516636633612
36.16588906598987,-86.80516975611476
36.16589698784924,-86.80517304490674
36.16590605197374,-86.80517680791557
36.16591397383274,-86.80518009670891
36.16592303795682,-86.80518385971928
36.16593095981545,-86.80518714851397
36.16594002393911,-86.80519091152588
36.16594794579738,-86.80519420032192
36.165957009920625,-86.80519796333539
36.16596493177852,-86.80520125213279
36.16597309688888,-86.80520464191834
36.165981917758856,-86.80520830394654
36.16599008286886,-86.8052116937335
36.16599890373844,-86.80521535576321
36.16600706884805,-86.80521874555156
36.16601602886521,-86.80522187274593
36.16602500104965,-86.80522499537258
36.16603304640269,-86.80522779543088
36.16604201858682,-86.80523091805883
36.16605099077081,-86.80523404068748
36.166059036123436,-86.80523684074757
36.16606800830713,-86.80523996337752
36.16607698049066,-86.80524308600815
36.16608502584289,-86.80524588607004
36.16609399802612,-86.80524900870198
36.166102970209195,-86.80525213133461
36.16611191552757,-86.80525528739433
36.16612001730391,-86.80525894112817
36.16612900203997,-86.80526299305956
36.16613710381587,-86.8052666467949
36.166145829027315,-86.80527058168784
36.16615393080277,-86.80527423542465
36.16616291553786,-86.80527828735934
36.166171017312884,-86.80528194109766
36.166180002047476,-86.805285993034
36.166188103822066,-86.80528964677383
36.16619682903208,-86.80529358167156
36.16620493080623,-86.80529723541287
36.166213915539856,-86.80530128735252
36.166222017313565,-86.80530494109532
36.166231002046715,-86.80530899303665
36.16623910381998,-86.80531264678093
36.16624782902857,-86.80531658168348
36.166255930801405,-86.80532023542926
36.166264915533574,-86.80532428737388
36.166273017305976,-86.80532794112116
36.166282002037654,-86.80533199306744
36.16629009464889,-86.80533563796685
36.16629804517841,-86.80533882719206
36.16630690079058,-86.80534237947721
36.166315087941975,-86.80534566362091
36.16632394355376,-86.80534921590754
36.16633213070481,-86.8053525000526
36.1663409863162,-86.8053560523407
36.16634893684467,-86.80535924156983
36.16635802907791,-86.80536288877668
36.166365979606034,-86.80536607800715
36.16637507183887,-86.8053697252155
36.16638302236666,-86.80537291444729
36.166391877976885,-86.80537646673977
36.16640006512653,-86.80537975089028
36.16640892073639,-86.80538330318421
36.16641710788568,-86.80538658733609
36.16642596349514,-86.8053901396315
36.16643391402189,-86.80539332886724
36.166443006253154,-86.80539697608162
36.166450956779556,-86.80540016531867
36.16646004901043,-86.80540381253456
36.16646799953649,-86.80540700177293
36.166476855144786,-86.80541055407274
36.166485042292685,-86.80541383823004
36.166493897900594,-86.80541739053132
36.16650208504814,-86.80542067468996
36.16651094065566,-86.80542422699271
36.166519129303396,-86.80542751191113
36.16652797186454,-86.80543110620452
36.16653591164002,-86.80543433353746
36.166544993364646,-86.80543802504685
36.16655293313977,-86.80544125238113
36.16656201486399,-86.80544494389206
36.16656995463876,-86.80544817122765
36.166579036362585,-86.8054518627401
36.166586976137,-86.80545509007703
36.16659605786042,-86.80545878159101
36.166603997634475,-86.80546200892928
36.16661307935749,-86.80546570044478
36.1666210191312,-86.80546892778439
36.166630100853816,-86.80547261930141
36.16663804062716,-86.80547584664235
36.16664688318555,-86.8054794409461
36.16665506212238,-86.80548276550317
36.16666390468036,-86.8054863598084
36.16667208361684,-86.80548968436685
36.166680926174415,-86.80549327867357
36.166689105110535,-86.8054966032334
36.16669794766772,-86.80550019754159
36.16670702938852,-86.8055038890655
36.16671496916027,-86.80550711641247
36.16672405088066,-86.80551080793792
36.16673199065206,-86.80551403528622
36.16674107237205,-86.80551772681319
36.166749012143086,-86.80552095416283
36.16675785469888,-86.80552454847626
36.16676603363335,-86.8055278730423
36.16677487618876,-86.8055314673572
36.16678305512288,-86.80553479192461
36.16679189767788,-86.805538386241
36.16680007661164,-86.80554171080979
36.16680891916624,-86.80554530512767
36.16681709809965,-86.80554862969782
36.16682594065385,-86.80555222401719
36.1668341195869,-86.80555554858874
36.1668429621407,-86.80555914290957
36.166851141073394,-86.8055624674825
36.16685998362681,-86.80556606180483
36.166867923395365,-86.80556928916376
36.16687700511214,-86.80557298070292
36.166884944880344,-86.8055762080632
36.16689402659672,-86.8055798996039
36.16690196636457,-86.8055831269655
36.16691104808055,-86.80558681850772
36.16691898784805,-86.80559004587064
36.166928069563625,-86.80559373741438
36.16693691211524,-86.80559733174341
36.166945091045925,-86.80560065632393
36.166953933597156,-86.80560425065445
36.16696211252749,-86.80560757523634
36.16697095507832,-86.80561116956832
36.16697889484457,-86.80561439693597
36.16698797655873,-86.80561808848508
36.16699591632461,-86.80562131585405
36.16700499803837,-86.80562500740469
36.16701293780391,-86.80562823477499
36.16702201951726,-86.80563192632715
36.16702995928244,-86.80563515369877
36.167039040995405,-86.80563884525247
36.16704698076022,-86.80564207262543
36.16705606247277,-86.80564576418065
36.16706400223724,-86.80564899155495
36.1670730839494,-86.80565268311169
36.167081023713514,-86.80565591048733
36.16708986626158,-86.80565950482969
36.16709804518902,-86.80566282942256
36.167106887736686,-86.8056664237664
36.167115066663776,-86.80566974836066
36.167123909211035,-86.80567334270599
36.16713208813778,-86.8056766673016
36.16714093068463,-86.80568026164842
36.16714910961102,-86.80568358624541
36.16715795215748,-86.80568718059372
36.16716703386741,-86.80569087215888
36.16717497362957,-86.80569409954188
36.167184055339085,-86.80569779110857
36.1671919951009,-86.80570101849288
36.16720107681003,-86.80570471006111
36.16720901657148,-86.80570793744675
36.16721785911655,-86.80571153180028
36.1672260380413,-86.80571485640348
36.167234880585966,-86.8057184507585
36.167243059510355,-86.80572177536308
36.16725190205464,-86.80572536971958
36.167260080978664,-86.80572869432554
36.16726892352254,-86.80573228868352
36.16727710244621,-86.80573561329085
36.167285944989686,-86.80573920765032
36.167294123913,-86.80574253225902
36.16730296645609,-86.80574612661998
36.167311145379045,-86.80574945123006
36.16731998792172,-86.80575304559248
36.1673279276807,-86.80575627298745
36.16733700938662,-86.80575996456787
36.16734494914524,-86.80576319196416
36.16735403085074,-86.80576688354608
36.16736197060901,-86.80577011094373
36.16737105231411,-86.80577380252718
36.16737899207203,-86.80577702992616
36.16738807377673,-86.80578072151114
36.16739691631762,-86.80578431588027
36.167405095238585,-86.80578764049795
36.16741393777908,-86.80579123486858
36.16742211669969,-86.80579455948762
36.16743095923978,-86.80579815385974
36.167438898996444,-86.8058013812634
36.167447980699734,-86.80580507285374
36.167455920456035,-86.80580830025873
36.16746500215892,-86.80581199185062
36.16747294191487,-86.80581521925694
36.16748202361735,-86.80581891085035
36.16748996337296,-86.80582213825801
36.167499045075026,-86.80582582985295
36.167506984830275,-86.80582905726195
36.167516066531945,-86.80583274885839
36.16752400628685,-86.80583597626872
36.16753308798811,-86.80583966786672
36.16754102774265,-86.80584289527837
36.167549870279984,-86.80584648966084
36.16755804919771,-86.80584981429088
36.16756689173464,-86.80585340867484
36.167575070652,-86.80585673330624
36.16758391318854,-86.80586032769168
36.167592092105544,-86.80586365232448
36.16760093464169,-86.80586724671139
36.16760911355833,-86.80587057134555
36.16761795609406,-86.80587416573397
36.16762703779312,-86.80587785734038
36.167634977545696,-86.80588108475938
36.16764405924436,-86.80588477636734
36.167651998996575,-86.80588800378769
36.16766107957499,-86.80589168719749
36.16766905117513,-86.8058947988349
36.16767793244477,-86.80589826555385
36.16768613545884,-86.80590146752293
36.16769501672809,-86.80590493424332
36.16770298832758,-86.80590804588331
36.167712101010714,-86.80591160293555
36.16772098227941,-86.80591506965814
36.167728953878395,-86.8059181813001
36.16773806656095,-86.8059217383546
36.167746038159606,-86.80592484999787
36.167754919427566,-86.8059283167233
36.16776403210957,-86.80593187378005
36.167772003707725,-86.80593498542528
36.167780884975116,-86.80593845215292
36.16778908798717,-86.80594165413004
36.167797969254195,-86.8059451208591
36.16780594085169,-86.80594823250692
36.167815053532564,-86.80595178956808
36.167823934799046,-86.80595525629936
36.16783190639603,-86.80595836794913
36.16784101907635,-86.80596192501255
36.167848990672994,-86.80596503666362
36.16785810335294,-86.80596859372852
36.167866984618485,-86.80597206046342
36.16787495621464,-86.80597517211646
36.167884068894004,-86.80597872918362
36.16789204048983,-86.80598184083794
36.16790092175466,-86.80598530757571
36.167909124764336,-86.80598850956221
36.16791800602878,-86.80599197630141
36.167926887293014,-86.80599544304138
36.16793509030219,-86.8059986450299
36.167943971566075,-86.8060021117713
36.167951943160745,-86.80600522343018
36.16796105583842,-86.806008780504
36.16796902743277,-86.80601189216418
36.16797790869592,-86.80601535890844
36.167987021373015,-86.80601891598452
36.16799499296686,-86.80602202764666
36.168003874229456,-86.80602549439313
36.16801207723711,-86.80602869638766
36.16802095849932,-86.80603216313555
36.16803007117549,-86.80603572021538
36.1680380427685,-86.80603883188077
36.16804692403015,-86.80604229863086
36.168055127036965,-86.80604550062877
36.16806400829826,-86.80604896738029
36.16807197989061,-86.80605207904827
36.16808109263745,-86.80605563619477
36.168089973035734,-86.80605910589392
36.1680979439208,-86.8060622202339
36.16810705591231,-86.80606578042146
36.16811502679707,-86.80606889476275
36.16812390719461,-86.80607236446475
36.168133019185554,-86.80607592465458
36.168140990069794,-86.80607903899782
36.168150102060366,-86.80608259918914
36.16815898245716,-86.80608606889412
36.1681669533409,-86.80608918323932
36.168176065330904,-86.80609274343288
36.1681840362143,-86.8060958577794
36.16819291661037,-86.80609932748725
36.168202028599794,-86.80610288768305
36.168209999482706,-86.80610600203154
36.16821887987819,-86.80610947174158
36.16822708235433,-86.8061126765786
36.16823596274945,-86.8061161462901
36.16824507473794,-86.80611970648964
36.168253045620006,-86.80612282084138
36.16826192601458,-86.80612629055507
36.16827103800248,-86.80612985075688
36.168279008884056,-86.80613296511058
36.16828788927805,-86.80613643482646
36.168296091752836,-86.80613963966887
36.168304972146466,-86.8061431093862
36.16831385253991,-86.80614657910427
36.16832205501418,-86.80614978394871
36.168330935407255,-86.80615325366823
36.168340046646044,-86.8061568295633
36.16834795837663,-86.80616015208473
36.168357012493544,-86.80616395435074
36.16836492422375,-86.80616727687352
36.168373978340234,-86.80617107914108
36.16838213554241,-86.80617450475114
36.168390944186136,-86.80617820393438
36.16839910138792,-86.80618162954583
36.16840791003121,-86.80618532873058
36.16841606723263,-86.80618875434345
36.168424875875516,-86.8061924535297
36.16843303307653,-86.80619587914398
36.168442087191316,-86.80619968141782
36.168449998919634,-86.80620300394746
36.16845905303399,-86.80620680622286
36.168467861675815,-86.80621050541296
36.16847601887586,-86.80621393103081
36.16848507298956,-86.80621773330861
36.16849298471693,-86.80622105584169
36.168502038830205,-86.80622485812104
36.168509950557215,-86.80622818065548
36.16851900467006,-86.80623198293641
36.16852691639668,-86.80623530547221
36.168535970509105,-86.80623910775469
36.16854412770763,-86.80624253337818
36.16855293634734,-86.80624623257592
36.168561093545485,-86.80624965820081
36.168569902184785,-86.80625335740005
36.168578956296116,-86.80625715968648
36.16858711349368,-86.80626058531355
36.16859592213233,-86.80626428451511
36.16860407932951,-86.80626771014359
36.16861288796773,-86.80627140934666
36.168621045164535,-86.80627483497655
36.16862986950041,-86.80627848433159
36.16863803737907,-86.80628186127267
36.168646862588915,-86.80628550998266
36.16865503046719,-86.80628888692515
36.168664098112245,-86.80629263586968
36.16867202355454,-86.8062959125805
36.16868109119918,-86.8062996615266
36.16868901664112,-86.80630293823876
36.16869808428534,-86.80630668718642
36.168706009726904,-86.80630996389992
36.168715077370706,-86.80631371284912
36.16872300281192,-86.80631698956398
36.16873207045531,-86.8063207385147
36.16874089566288,-86.80632438723302
36.16874906353912,-86.8063277641832
36.16875788874629,-86.806331412903
36.168766056622154,-86.80633478985459
36.16877488182892,-86.80633843857589
36.16878304970441,-86.80634181552885
36.16879187491077,-86.80634546425166
36.16880004278588,-86.80634884120602
36.16880886799184,-86.80635248993033
36.16881703586657,-86.8063558668861
36.168825861072115,-86.8063595156119
36.168834028946485,-86.80636289256904
36.16884309658718,-86.80636664152988
36.16885102202563,-86.80636991825489
36.1688600896659,-86.80637366721727
36.16886801510399,-86.80637694394365
36.16887708274383,-86.80638069290755
36.168885008181554,-86.80638396963528
36.168894075821,-86.80638771860075
36.16890290102469,-86.80639136733336
36.16891106889737,-86.80639474429682
36.168919894100654,-86.80639839303095
36.16892806197298,-86.80640176999579
36.16893688703458,-86.80640541880166
36.168945054182,-86.80640879912872
36.16895387825426,-86.80641245135337
36.168962045401294,-86.8064158316818
36.16897086947315,-86.80641948390794
36.1689790366198,-86.80642286423777
36.16898786069125,-86.80642651646542
36.168996027837544,-86.80642989679666
36.16900485190859,-86.80643354902581
36.16901301905449,-86.80643692935843
36.16902208577067,-86.80644068201866
36.16903001027067,-86.80644396192311
36.16903907698643,-86.80644771458486
36.16904700148606,-86.80645099449066
36.169056068201385,-86.80645474715398
36.16906399270067,-86.80645802706114
36.169073059415595,-86.80646177972599
36.16908098391449,-86.80646505963449
36.169090050629,-86.80646881230089
36.16909797512754,-86.80647209221074
36.16910704184163,-86.8064758448787
36.169114966339805,-86.8064791247899
36.16912403305348,-86.80648287745939
36.169131957551286,-86.80648615737195
36.16914102427995,-86.80648991005735
36.16914984751749,-86.80649356485635
36.16915801412774,-86.8064969476652
36.169167080164335,-86.80650070303919
36.16917590340124,-86.80650435784052
36.16918407001092,-86.8065077406515
36.16919289324742,-86.80651139545432
36.16920105985673,-86.80651477826669
36.16920988309282,-86.806518433071
36.16921894912814,-86.80652218844973
36.16922711573688,-86.80652557126425
36.16923593897234,-86.80652922607088
36.16924500500703,-86.80653298145197
36.169252928815766,-86.80653626369491
36.16926199485003,-86.80654001907756
36.16927016145783,-86.80654340189561
36.16927898469225,-86.80654705670604
36.169288050725875,-86.80655081209106
36.16929597453369,-86.80655409433743
36.169305040566904,-86.80655784972399
36.16931386380048,-86.80656150453751
36.16932203040713,-86.80656488735981
36.16933109643971,-86.80656864274876
36.16933991967266,-86.80657229756459
36.16934808627875,-86.80657568038902
36.169356909511286,-86.80657933520637
36.169365076117,-86.80658271803217
36.16937389934913,-86.80658637285103
36.16938296538044,-86.80659012824468
36.16939113198559,-86.80659351107265
36.16939995521709,-86.8065971658938
36.16940902124776,-86.80660092128984
36.16941694505295,-86.80660420354582
36.1694260110832,-86.80660795894339
36.16943393488804,-86.80661124120073
36.16944300091787,-86.80661499659985
36.169452065408414,-86.80661874233638
36.16946003856164,-86.806621848094
36.16946892173036,-86.80662530832791
36.16947712589251,-86.80662850407116
36.16948600906086,-86.8066319643065
36.169493982213424,-86.80663507006668
36.16950309639067,-86.80663862028787
36.169511069542914,-86.80664172604935
36.16951995271054,-86.80664518628755
36.1695290668872,-86.80664873651098
36.16953704003895,-86.80665184227443
36.16954592320601,-86.80665530251481
36.16955412736666,-86.80665849826408
36.16956301053335,-86.80666195850591
36.169570983684444,-86.80666506427193
36.16957986685078,-86.80666852451519
36.16958807101076,-86.80667172026709
36.16959695417673,-86.80667518051179
36.169604927327164,-86.80667828628036
36.169614041501966,-86.80668183651115
36.16962201465207,-86.80668494228101
36.16963089781731,-86.80668840252858
36.16964001199157,-86.80669195276162
36.16964798514117,-86.80669505853346
36.16965686830584,-86.80669851878321
36.16966507246432,-86.80670171454112
36.169673955628625,-86.8067051747923
36.16968192877758,-86.80670828056671
36.16969104295071,-86.80671183080416
36.16969901609933,-86.80671493657987
36.16970789926292,-86.80671839683392
36.169716103420384,-86.80672159259579
36.16972498658359,-86.80672505285128
36.169733869746615,-86.80672851310752
36.16974207390358,-86.80673170887142
36.16975095706622,-86.8067351691291
36.169758930213696,-86.80673827490934
36.16976804438515,-86.80674182515347
36.1697760175323,-86.806744930935
36.16978490069421,-86.80674839119551
36.169793104850186,-86.80675158696341
36.16980198801173,-86.80675504722538
36.16980996115822,-86.80675815300947
36.16981907532856,-86.80676170325803
36.169827048474716,-86.80676480904341
36.16983593163554,-86.80676826930825
36.16984504580531,-86.80677181955905
36.16985301895098,-86.8067749253464
36.16986190211123,-86.80677838561343
36.1698701062657,-86.80678158138731
36.16987898942559,-86.80678504165579
36.1698869625706,-86.80678814744572
36.169896076739256,-86.80679169770092
36.16990404988393,-86.80679480349214
36.1699129330431,-86.80679826376345
36.16992113719657,-86.80680145954135
36.16993002035535,-86.8068049198141
36.169937993499396,-86.80680802560789
36.16994710766693,-86.80681157586753
36.16995599082516,-86.80681503614247
36.169963963968684,-86.80681814193822
36.169973078135655,-86.8068216922001
36.16998105127885,-86.80682479799714
36.16998993443635,-86.80682825827496
36.16999790757922,-86.80683136407328
36.17000702174546,-86.8068349143381
36.170014994888,-86.8068380201377
36.17002387804477,-86.80684148041838
36.17003208219607,-86.8068446762049
36.1700409837718,-86.80684806545874
36.170048973944205,-86.8068511050997
36.170057877932294,-86.8068544923774
36.170066094652974,-86.80685761820381
36.17007499864069,-86.80686100548293
36.17008298881249,-86.8068640451264
36.170090978984135,-86.80686708477047
36.17009988297134,-86.80687047205166
36.17010901350693,-86.80687394551786
36.170117003678094,-86.80687698516385
36.17012590766479,-86.80688037244718
36.170134124384184,-86.8068834982788
36.170143028370504,-86.80688688556354
36.170151932356646,-86.80689027284902
36.17015992252703,-86.80689331249822
36.17016905306136,-86.80689678596953
36.17017795704696,-86.80690017325715
36.170185947216865,-86.80690321290827
36.17019507775065,-86.8069066863818
36.170203981735725,-86.80691007367157
36.17021197190514,-86.80691311332461
36.17022110243838,-86.80691658680034
36.17023101385109,-86.80692095194271
36.170240905787665,-86.80692532687617
36.17024991078396,-86.80692930954118
36.170258028840045,-86.80693289993748
36.17026589126185,-86.80693637727441
36.17027400931755,-86.80693996767211
36.17028301431294,-86.8069439503403
36.17029087673413,-86.80694742767932
36.17029899478921,-86.80695101807918
36.17030799978391,-86.80695500074975
36.1703158622045,-86.80695847809086
36.17032398025897,-86.80696206849288
36.17033209831323,-86.80696565889559
36.17034084767295,-86.80696952850906
36.17034896572678,-86.80697311891323
36.17035708378044,-86.80697670931812
36.170364946199825,-86.80698018666334
36.1703739511927,-86.80698416934025
36.170382069245726,-86.80698775974727
36.17038993166451,-86.80699123709459
36.1703981213331,-86.8069956580037
36.170406015693615,-86.80699995576512
36.17041391005384,-86.80700425352731
36.170422101761545,-86.80700871316924
36.170429996121186,-86.80701301093306
36.17043789048053,-86.80701730869767
36.17044608218736,-86.8070217683421
36.17045397654614,-86.80702606610834
36.17046187090463,-86.80703036387537
36.170470062610605,-86.80703482352232
36.170477956968504,-86.80703912129097
36.17048585132613,-86.8070434190604
36.17049402836607,-86.8070468971315
36.170503075711295,-86.8070507254358
36.170510980608114,-86.80705407032393
36.17052002795291,-86.80705789862982
36.170527932849346,-86.8070612435193
36.17053698019372,-86.80706507182677
36.17054513202749,-86.80706852120727
36.170553932433705,-86.80707224502665
36.17056208426709,-86.80707569440857
36.17056998916259,-86.80707903930146
36.17057903650588,-86.8070828676128
36.170586941401005,-86.80708621250707
36.17059598874386,-86.80709004081999
36.17060414057629,-86.80709349020543
36.170612940981016,-86.80709721403011
36.17062109281306,-86.80710066341697
36.17062989321736,-86.80710438724317
36.17063804504901,-86.80710783663145
36.170645949942816,-86.80711118153047
36.17065499728417,-86.80711500984887
36.17066314911525,-86.80711845923923
36.17067194951851,-86.80712218306923
36.1706801013492,-86.80712563246101
36.17068890175202,-86.80712935629252
36.17069705358233,-86.80713280568571
36.17070585398473,-86.80713652951876
36.17071400581465,-86.80713997891338
36.170722157644406,-86.80714342830866
36.170730958046164,-86.80714715214397
36.17073910987552,-86.80715060154067
36.17074791027686,-86.8071543253775
36.17075606210582,-86.80715777477563
36.17076486250674,-86.80716149861398
36.17077301433531,-86.80716494801351
36.17078206167344,-86.80716877634367
36.170789966563994,-86.80717212125434
36.170798118392,-86.80717557065599
36.170806918791875,-86.80717929449813
36.17081507061949,-86.80718274390117
36.170823871018925,-86.80718646774484
36.170832022846156,-86.8071899171493
36.17084107018277,-86.80719374548492
36.17084897507201,-86.80719709040036
36.1708580224082,-86.80720091873756
36.17086592729705,-86.80720426365438
36.17087407912333,-86.80720771306235
36.17088287952129,-86.80721143691132
36.170891031347175,-86.80721488632072
36.17090007905913,-86.80721871316752
36.17090798435254,-86.80722205677017
36.17091703208905,-86.8072258835785
36.17092493738208,-86.8072292271825
36.17093398511817,-86.80723305399242
36.17094213726142,-86.80723650200521
36.170950938146476,-86.80724022440927
36.170959090289344,-86.80724367242348
36.170967891173966,-86.80724739482908
36.17097604331645,-86.80725084284468
36.17098509105122,-86.80725466965933
36.17099299634273,-86.80725801326884
36.171002044077085,-86.80726184008503
36.17101084496063,-86.80726556249449
36.17101899710214,-86.8072690105137
36.171028044835815,-86.8072728373323
36.17103595012637,-86.8072761809453
36.17104499785961,-86.80728000776547
36.17105290314977,-86.80728335137984
36.17106195088261,-86.80728717820159
36.171070103022956,-86.80729062622507
36.171078903904785,-86.80729434864062
36.17108705604474,-86.80729779666552
36.17109585692615,-86.80730151908261
36.17110400906571,-86.80730496710892
36.17111305679724,-86.8073087939354
36.17112096208587,-86.80731213755526
36.17113000981696,-86.80731596438332
36.17113791510523,-86.80731930800454
36.17114696283588,-86.80732313483415
36.17115511497429,-86.80732658286473
36.17116391585399,-86.80733030528795
36.17117206799201,-86.80733375331994
36.17118086887129,-86.80733747574469
36.171189021008914,-86.80734092377809
36.17119806873828,-86.80734475061243
36.171205974025014,-86.80734809423916
36.171215021753945,-86.8073519210751
36.17122292704029,-86.80735526470319
36.1712319747688,-86.80735909154069
36.17124012690527,-86.80736253957835
36.17124892778284,-86.80736626200923
36.17125707991891,-86.80736971004829
36.17126588079606,-86.80737343248069
36.17127403293175,-86.80737688052119
36.171283080658945,-86.80738070736341
36.171291881535446,-86.80738442979813
36.17130003367055,-86.80738787784081
36.17130883454661,-86.80739160027704
36.17131698668132,-86.80739504832114
36.17132603440742,-86.80739887516734
36.1713339396913,-86.80740221880441
36.17134298741696,-86.80740604565219
36.171350892700445,-86.80740938929063
36.17135994042568,-86.80741321613996
36.17136809255924,-86.80741666418832
36.171376893433596,-86.8074203866307
36.171385045566765,-86.80742383468045
36.17139385456266,-86.80742753183115
36.17140201226274,-86.80743095515794
36.17141106701835,-86.80743475492923
36.17141897940448,-86.80743807531312
36.171428034159646,-86.80744187508597
36.1714359465454,-86.80744519547122
36.17144500130016,-86.80744899524562
36.1714531589991,-86.80745241857666
36.17146196843986,-86.80745611540821
36.17147012613842,-86.80745953874066
36.17147893557876,-86.8074632355737
36.17148799033242,-86.80746703535209
36.17149590271686,-86.80747035574215
36.17150495747011,-86.80747415552209
36.171513115167706,-86.80747757885808
36.171521924606985,-86.807481275695
36.17153008230419,-86.8074846990324
36.17153889174307,-86.80748839587083
36.17154704943989,-86.80749181920966
36.171555858878335,-86.80749551604958
36.171564016574784,-86.80749893938983
36.171573071326314,-86.80750273917602
36.17158098370887,-86.80750605957292
36.171590038459975,-86.80750985936068
36.17159795084216,-86.80751317975894
36.17160700559285,-86.80751697954825
36.17161491797465,-86.80752029994788
36.171623972724916,-86.80752409973876
36.17163213041983,-86.80752752308463
36.17164093985617,-86.80753121993217
36.17164909755071,-86.80753464327947
36.17165790698663,-86.80753834012853
36.1716669617358,-86.80754213992337
36.171675119429764,-86.80754556327283
36.171683928865036,-86.8075492601242
36.171692086558615,-86.80755268347505
36.171700895993474,-86.80755638032797
36.17170905368666,-86.80755980368022
36.171717863121096,-86.80756350053464
36.17172602081392,-86.80756692388832
36.17173507556139,-86.80757072368941
36.17174298794036,-86.80757404409933
36.1717520426874,-86.80757784390198
36.17175995506601,-86.80758116431326
36.17176900981262,-86.8075849641175
36.17177692219085,-86.80758828453013
36.171785976937045,-86.80759208433591
36.17179413462833,-86.80759550769523
36.17180294406066,-86.80759920455726
36.17181110175157,-86.80760262791799
36.17181991118347,-86.80760632478153
36.17182896592859,-86.80761012459128
36.171837123618914,-86.80761354795416
36.17184593305018,-86.80761724482004
36.171854090740126,-86.80762066818433
36.17186290017098,-86.80762436505171
36.17187105786053,-86.8076277884174
36.171879867290954,-86.80763148528631
36.171888024980134,-86.80763490865343
36.17189707972354,-86.80763870846943
36.171904992098945,-86.80764202889236
36.17191404684193,-86.80764582870992
36.17192195921694,-86.8076491491342
36.171931013959494,-86.80765294895335
36.17193892633414,-86.807656269379
36.17194798107628,-86.80766006919968
36.171956138763925,-86.80766349257246
36.17196494819224,-86.80766718944896
36.17197310587951,-86.80767061282313
36.17198191530742,-86.80767430970116
36.17199097004847,-86.80767810952581
36.171998882421796,-86.80768142995628
36.17200793716242,-86.80768522978248
36.17201609484872,-86.80768865316021
36.172024904275574,-86.80769235004207
36.17203306196148,-86.80769577342122
36.17204187138791,-86.80769947030461
36.17205002907344,-86.80770289368516
36.17205908381279,-86.80770669351608
36.172066996184604,-86.807710013952
36.17207605092352,-86.80771381378449
36.17208396329496,-86.80771713422179
36.17209301803346,-86.80772093405584
36.172100930404525,-86.80772425449449
36.17210998514259,-86.8077280543301
36.172118142826605,-86.80773147771629
36.17212695225093,-86.80773517460729
36.172135109934544,-86.80773859799488
36.17214391935847,-86.8077422948874
36.17215297409545,-86.80774609472695
36.172160886465186,-86.80774941517043
36.172169941201744,-86.80775321501156
36.1721780988844,-86.80775663840272
36.17218690830725,-86.80776033529908
36.17219506598953,-86.80776375869165
36.17220387541195,-86.80776745558953
36.17221203309385,-86.8077708789835
36.17222108782912,-86.80777467882933
36.17222900019736,-86.8077779992783
36.17223805493222,-86.80778179912568
36.172245967300086,-86.80778511957598
36.17225502203451,-86.80778891942494
36.17226293440199,-86.8077922398766
36.172271989136,-86.80779603972712
36.17228014681638,-86.80779946312676
36.172288956236684,-86.80780316003222
36.17229711391668,-86.80780658343328
36.17230592333657,-86.80781028034028
36.172314081016175,-86.80781370374272
36.17232289043566,-86.80781740065123
36.17233194516816,-86.80782120050725
36.17234010284718,-86.80782462391186
36.17234891226602,-86.8078283208227
36.17235706994465,-86.80783174422871
36.17236587936308,-86.80783544114107
36.17237403704133,-86.8078388645485
36.17238309123873,-86.80784266212815
36.17239101469429,-86.80784594558463
36.17240008037053,-86.80784970237482
36.17240800382574,-86.80785298583267
36.17241706950156,-86.80785674262441
36.17242499295641,-86.80786002608359
36.1724340586318,-86.8078637828769
36.172441982086276,-86.80786706633742
36.17245104776127,-86.80787082313226
36.17245897121538,-86.80787410659416
36.17246803688995,-86.80787786339053
36.17247596034368,-86.80788114685377
36.172485026017846,-86.80788490365171
36.17249294947121,-86.80788818711629
36.17250201514495,-86.80789194391578
36.172509938597955,-86.80789522738172
36.17251900427128,-86.80789898418276
36.172526927723915,-86.80790226765005
36.17253599339683,-86.80790602445263
36.172544159711336,-86.80790940856309
36.17255298252159,-86.8079130647254
36.172561148835726,-86.80791644883726
36.172569971645565,-86.80792010500106
36.172578137959334,-86.80792348911432
36.172586960768754,-86.80792714527963
36.172596026440196,-86.80793090208768
36.17260394989117,-86.8079341855611
36.172613015562185,-86.80793794237069
36.1726209390128,-86.80794122584545
36.172630004683406,-86.80794498265661
36.17263792813364,-86.80794826613273
36.17264699380382,-86.80795202294541
36.17265491725371,-86.8079553064229
36.17266398292347,-86.80795906323712
36.17267190637298,-86.80796234671594
36.17268097204232,-86.80796610353173
36.17268913835366,-86.80796948765409
36.17269796116042,-86.80797314382924
36.17270612747136,-86.807976527953
36.172714950277715,-86.80798018412965
36.17272311658828,-86.8079835682548
36.172731939394225,-86.80798722443295
36.17274010570443,-86.8079906085595
36.172748928509954,-86.80799426473916
36.17275709481979,-86.80799764886712
36.1727659176249,-86.80800130504826
36.17277408393434,-86.80800468917761
36.17278290673905,-86.80800834536026
36.17279107304814,-86.808011729491
36.17279989585243,-86.80801538567518
36.172808062161145,-86.8080187698073
36.17281688496502,-86.80802242599297
36.17282505127337,-86.80802581012648
36.17283387407684,-86.80802946631367
36.172842040384815,-86.8080328504486
36.172851106050004,-86.80803660727987
36.17285902949547,-86.80803989077357
36.17286809516024,-86.80804364760641
36.172876018605336,-86.80804693110147
36.172885084269694,-86.80805068793586
36.17289300771442,-86.80805397143226
36.17290207337836,-86.80805772826818
36.172910896179964,-86.80806138446218
36.17291906248625,-86.80806476860343
36.17292788528745,-86.80806842479892
36.172936051593354,-86.80807180894155
36.17294487439415,-86.80807546513856
36.17295304069968,-86.8080788492826
36.17296186350005,-86.8080825054811
36.17297002980522,-86.80808588962653
36.17297885260518,-86.80808954582653
36.17298701890998,-86.80809292997336
36.17299608457161,-86.80809668681786
36.17300400801394,-86.80809997032308
36.173013073675165,-86.80810372716914
36.17302099711714,-86.80810701067573
36.173030062777926,-86.8081107675233
36.17303798621953,-86.80811405103125
36.17304705187992,-86.80811780788038
36.17305497532116,-86.80812109138968
36.17306404098113,-86.80812484824037
36.17307196442199,-86.808128131751
36.173081030081555,-86.80813188860324
36.173088953522054,-86.80813517211523
36.1730980191812,-86.808138928969
36.173105942621326,-86.80814221248237
36.17311500828004,-86.80814596933767
36.17312293171981,-86.80814925285239
36.173131997378114,-86.80815300970924
36.17313992081751,-86.80815629322531
36.17314898647541,-86.80816005008371
36.17315715277647,-86.80816343424452
36.17316597557191,-86.8081670904611
36.1731741418726,-86.80817047462328
36.17318296466764,-86.80817413084135
36.17319113096795,-86.80817751500494
36.17319995376257,-86.80818117122453
36.17320812006251,-86.8081845553895
36.173216942856726,-86.80818821161058
36.1732251091563,-86.80819159577696
36.173233931950094,-86.80819525199955
36.17324299760568,-86.80819900886654
36.17325092104269,-86.80820229239141
36.17325998669784,-86.80820604925995
36.17326791013449,-86.80820933278618
36.17327697578924,-86.80821308965626
36.173284899225514,-86.80821637318384
36.173293964879846,-86.80822013005547
36.17330213117773,-86.80822351422817
36.17331095396967,-86.80822717045757
36.17331912026717,-86.80823055463168
36.17332794305871,-86.8082342108626
36.173336109355844,-86.80823759503808
36.17334493214696,-86.8082412512705
36.17335309844373,-86.80824463544738
36.17336176970222,-86.80824791389765
36.17337004321389,-86.80825184834342
36.173379059545006,-86.80825579103032
36.173386933297635,-86.80825923408801
36.17339506042476,-86.80826278794285
36.17340407675521,-86.80826673063213
36.17341195050724,-86.80827017369191
36.17342096683723,-86.80827411638279
36.17342909396354,-86.80827767024054
36.17343696771496,-86.8082811133024
36.17344598404428,-86.80828505599565
36.17345411116999,-86.80828860985555
36.173462874124155,-86.80829244175378
36.173471001249446,-86.80829599561513
36.17347912837456,-86.80829954947717
36.173487891328065,-86.8083033813777
36.17349601845275,-86.80830693524119
36.17350503478046,-86.80831087794006
36.173512908530085,-86.80831432100821
36.17352103565416,-86.80831787487385
36.173530051981196,-86.8083218175751
36.17353792573023,-86.80832526064533
36.173546942056795,-86.80832920334818
36.17355506918006,-86.80833275721675
36.17356383213153,-86.80833658912427
36.17357195925438,-86.80834014299427
36.173580086377044,-86.80834369686498
36.17358884932785,-86.80834752877482
36.17359697645009,-86.80835108264696
36.17360599277507,-86.80835502535544
36.173614119896904,-86.80835857922906
36.173621993643934,-86.80836202230627
36.173631066273266,-86.80836575184694
36.17363990050891,-86.80836937253363
36.173648074119924,-86.80837272246595
36.17365690835517,-86.80837634315412
36.17366508196584,-86.80837969308783
36.17367391620067,-86.80838331377751
36.17368299115325,-86.80838703312567
36.1736909240454,-86.80839028440377
36.17369999899758,-86.80839400375345
36.17370793188936,-86.8083972550329
36.17371700684114,-86.80840097438413
36.17372493973256,-86.8084042256649
36.173734014683916,-86.80840794501768
36.17374284891712,-86.8084115657134
36.173751022525934,-86.8084149156541
36.173760097476666,-86.80841863500922
36.173768030367185,-86.80842188629339
36.17377710531751,-86.80842560565004
36.1737859395497,-86.80842922634956
36.173794113157584,-86.80843257629375
36.17380294738937,-86.80843619699476
36.17381112099689,-86.80843954694033
36.173819955228275,-86.80844316764284
36.173829030177345,-86.80844688700418
36.17383696306641,-86.8084501382938
36.173846038015085,-86.80845385765669
36.17385397090378,-86.80845710894762
36.17386304585203,-86.80846082831205
36.173871880082196,-86.80846444901911
36.17388005368823,-86.80846779897028
36.17388888791799,-86.80847141967884
36.173897061523654,-86.80847476963142
36.17390589575301,-86.80847839034145
36.173914069358304,-86.80848174029542
36.17392290358726,-86.80848536100694
36.173931978533865,-86.8084890803776
36.173939911420746,-86.80849233167531
36.17394898636693,-86.80849605104748
36.173956919253456,-86.80849930234656
36.17396599419926,-86.80850302172028
36.17397506914483,-86.8085067410948
36.173983002030795,-86.80850999239594
36.173992076975956,-86.808513711772
36.17400000986156,-86.80851696307447
36.17400908480632,-86.80852068245207
36.17401791903302,-86.80852430317195
36.17402609263591,-86.80852765313502
36.17403492686221,-86.80853127385637
36.174043100464736,-86.80853462382083
36.174051934690645,-86.8085382445437
36.17406010829281,-86.80854159450953
36.174068942518296,-86.80854521523389
36.174078017461404,-86.80854893461772
36.17408595034519,-86.80855218592697
36.17409502528788,-86.80855590531233
36.17410295817132,-86.80855915662292
36.1741120331136,-86.8085628760098
36.17412086733786,-86.80856649673872
36.17412904093854,-86.80856984671017
36.1741378751624,-86.80857346744058
36.174146048762715,-86.80857681741341
36.17415488298619,-86.8085804381453
36.17416395792721,-86.80858415753687
36.174172131526966,-86.80858750751185
36.174180965749805,-86.80859112824602
36.1741891393492,-86.80859447822237
36.174197973571644,-86.80859809895804
36.17420704851165,-86.80860181835352
36.1742149813927,-86.80860506967294
36.17422405633231,-86.80860878906995
36.174231989213006,-86.80861204039071
36.1742410641522,-86.80861575978926
36.17424899703253,-86.80861901111136
36.17425807197131,-86.80862273051144
36.17426690619212,-86.80862635125318
36.174275079789666,-86.8086297012365
36.17428391401006,-86.80863332197973
36.17429208760725,-86.80863667196445
36.17430090748475,-86.80864034110371
36.17430907080177,-86.8086437389539
36.17431788896788,-86.8086474093754
36.17432605228452,-86.808650807227
36.17433487045022,-86.80865447765
36.174343033766476,-86.80865787550299
36.174352095641964,-86.80866164736811
36.174360015247665,-86.80866494378189
36.17436907712272,-86.80866871564855
36.17437699672805,-86.8086720120637
36.174386058602686,-86.80867578393192
36.17439397820765,-86.80867908034843
36.17440304008186,-86.80868285221818
36.174410959686455,-86.80868614863606
36.174420021560245,-86.80868992050738
36.17442794116446,-86.80869321692659
36.17443700303784,-86.80869698879945
36.17444516635185,-86.80870038666086
36.174453984514656,-86.80870405709445
36.17446214782828,-86.80870745495724
36.17447096599067,-86.80871112539235
36.174479129303926,-86.80871452325655
36.1744879474659,-86.80871819369317
36.174496110778776,-86.80872159155876
36.174504928940344,-86.80872526199688
36.17451309225284,-86.80872865986389
36.174521910413986,-86.80873233030351
36.174530972285055,-86.80873610218498
36.174538891886854,-86.80873939861304
36.1745479537575,-86.80874317049607
36.174556117069045,-86.80874656836662
36.17456493522914,-86.80875023881006
36.17457309854032,-86.80875363668201
36.174581916700006,-86.80875730712695
36.1745900800108,-86.80876070500031
36.17459889817007,-86.80876437544677
36.1746070614805,-86.80876777332152
36.174615879639354,-86.8087714437695
36.174624042949404,-86.80877484164564
36.17463286110785,-86.80877851209512
36.17464102441752,-86.80878190997267
36.17464984257555,-86.80878558042365
36.174658005884844,-86.8087889783026
36.17466706775254,-86.80879275019652
36.17467498735138,-86.80879604663545
36.17468404921866,-86.8087998185309
36.17469196881712,-86.8088031149712
36.174701030684,-86.80880688686821
36.17470895028208,-86.80881018330984
36.174718012148524,-86.80881395520841
36.17472593174626,-86.80881725165142
36.174734993612276,-86.80882102355154
36.17474291320963,-86.80882431999589
36.17475197507523,-86.80882809189757
36.17475989467222,-86.80883138834326
36.17476895653739,-86.80883516024649
36.17477711984406,-86.80883855813525
36.17478593799878,-86.80884222859834
36.17479410130506,-86.80884562648849
36.174802919459374,-86.80884929695308
36.174811082765274,-86.80885269484465
36.174819900919175,-86.80885636531075
36.1748280642247,-86.80885976320371
36.17483688237818,-86.8088634336713
36.174845045683334,-86.80886683156567
36.1748538638364,-86.80887050203478
36.17486202714118,-86.80887389993055
36.17487084529383,-86.80887757040117
36.17487900859824,-86.80888096829833
36.17488807046048,-86.80888474021245
36.1748959900545,-86.808888036669
36.174905051916326,-86.80889180858468
36.174912971509976,-86.80889510504262
36.174922033371374,-86.80889887695984
36.17492995296467,-86.80890217341913
36.17493901482565,-86.80890594533788
36.174946934418564,-86.80890924179853
36.174955996279124,-86.80891301371885
36.17496391587168,-86.80891631018086
36.17497297773181,-86.80892008210273
36.17498114103397,-86.8089234800083
36.174989959183705,-86.80892715048951
36.17499812248548,-86.80893054839649
36.17500694063481,-86.8089342188792
36.17501510393622,-86.80893761678757
36.17502392208514,-86.80894128727181
36.17503208538616,-86.80894468518159
36.17504090353466,-86.8089483556673
36.17504906683532,-86.80895175357848
36.1750578849834,-86.80895542406572
36.175066048283675,-86.8089588219783
36.17507486643136,-86.80896249246703
36.175083029731255,-86.80896589038102
36.17509209158845,-86.80896966231379
36.17510001117803,-86.80897295878664
36.17510907303481,-86.80897673072097
36.175116992624034,-86.80898002719519
36.17512605448038,-86.80898379913104
36.17513397406923,-86.80898709560662
36.175143035925174,-86.80899086754405
36.17515095551364,-86.80899416402097
36.175160017369166,-86.80899793595995
36.17516793695727,-86.80900123243825
36.17517699881236,-86.80900500437878
36.175184918400106,-86.80900830085841
36.17519398025478,-86.8090120728005
36.17520214355205,-86.80901547072429
36.17521096169641,-86.80901914122512
36.1752191249933,-86.8090225391503
36.17522794313726,-86.80902620965266
36.17523610643377,-86.80902960757926
36.17524492457731,-86.8090332780831
36.17525308787343,-86.80903667601109
36.17526190601655,-86.80904034651645
36.17527006931231,-86.80904374444584
36.175278887455036,-86.80904741495273
36.17528705075041,-86.80905081288351
36.17529586889271,-86.80905448339189
36.17530403218771,-86.8090578813241
36.175313094039446,-86.80906165327706
36.17532101362422,-86.80906494976756
36.17533007547554,-86.80906872172208
36.17533799505995,-86.80907201821394
36.175347056910844,-86.80907579017003
36.17535497649489,-86.80907908666325
36.17536403834537,-86.80908285862088
36.17537195792902,-86.80908615511544
36.17538101977908,-86.80908992707462
36.175388939362385,-86.80909322357054
36.17539800121202,-86.80909699553129
36.17540592079495,-86.80910029202856
36.17541498264416,-86.80910406399086
36.175423145936534,-86.80910746193287
36.17543196407552,-86.80911113245334
36.175440127367516,-86.80911453039674
36.17544894550609,-86.80911820091872
36.175457108797715,-86.80912159886353
36.17546592693586,-86.80912526938701
36.175474090227105,-86.80912866733323
36.17548290836485,-86.80913233785822
36.17549107165571,-86.80913573580582
36.17549988979305,-86.80913940633233
36.17550805308353,-86.80914280428134
36.17551687122045,-86.80914647480935
36.17552503451057,-86.80914987275976
36.17553409635685,-86.80915364473294
36.17554201593681,-86.80915694124108
36.17555107778267,-86.80916071321582
36.17555899736226,-86.80916400972532
36.1755680592077,-86.8091677817016
36.17557597878693,-86.80917107821246
36.17558504063195,-86.80917485019029
36.17559296021079,-86.80917814670251
36.1756020220554,-86.8091819186819
36.17560994163388,-86.80918521519547
36.17561900347806,-86.80918898717641
36.17562716676592,-86.80919238513525
36.175635984899934,-86.80919605567384
36.17564414818742,-86.80919945363405
36.17565296632101,-86.80920312417416
36.17566112960813,-86.80920652213578
36.17566994774132,-86.8092101926774
36.17567811102805,-86.80921359064041
36.175686929160825,-86.80921726118353
36.175695991003096,-86.80922103317153
36.17570391057954,-86.80922432969258
36.1757129724214,-86.80922810168212
36.175720891997464,-86.80923139820455
36.17572995383889,-86.80923517019563
36.17573811712431,-86.80923856816361
36.17574693525561,-86.80924223871206
36.17575509854065,-86.80924563668142
36.175763916671535,-86.80924930723138
36.1757720799562,-86.80925270520216
36.17578089808667,-86.80925637575362
36.175789061370956,-86.8092597737258
36.175797879501026,-86.80926344427877
36.17580604278493,-86.80926684225233
36.17581486091457,-86.80927051280682
36.17582302419811,-86.80927391078178
36.17583184232735,-86.80927758133778
36.1758400056105,-86.80928097931414
36.17584906744899,-86.80928475131613
36.175856987022094,-86.8092880478494
36.17586604886017,-86.80929181985294
36.17587396843292,-86.8092951163876
36.17588303027057,-86.80929888839268
36.17589094984293,-86.80930218492868
36.17590001168016,-86.80930595693532
36.17590793125216,-86.80930925347266
36.175916993089,-86.80931302548086
36.17592491266061,-86.80931632201957
36.175933941816396,-86.80932020736992
36.1759420807824,-86.80932371208661
36.17595086161863,-86.80932749319963
36.175959000584236,-86.80933099791774
36.175968031753555,-86.80933488682841
36.175975920385234,-86.80933828375184
36.1759849515541,-86.8093421726641
36.17599309051891,-86.80934567738511
36.17600187135382,-86.80934945850278
36.17601001031822,-86.80935296322522
36.1760190414862,-86.80935685214067
36.1760269301167,-86.8093602490683
36.17603596128422,-86.80936413798534
36.17604410024783,-86.80936764271067
36.176052881081425,-86.809371423833
36.17606102004462,-86.80937492855975
36.17607005121126,-86.80937881748
36.17607793984057,-86.80938221441181
36.176086971006775,-86.80938610333365
36.17609510996917,-86.8093896080633
36.17610389080143,-86.80939338919026
36.17611202976344,-86.80939689392136
36.17612106092872,-86.80940078284638
36.17612894955687,-86.80940417978239
36.17613798072171,-86.809408068709
36.17614611968291,-86.80941157344297
36.17615490051385,-86.8094153545746
36.176163039474645,-86.80941885931001
36.17617207063861,-86.80942274823983
36.17617995926555,-86.80942614518001
36.17618899042906,-86.80943003411141
36.17619712938906,-86.80943353884972
36.17620591021867,-86.80943731998599
36.17621404917828,-86.80944082472571
36.176223080340876,-86.80944471366034
36.17623096896666,-86.80944811060469
36.17624000012881,-86.8094519995409
36.17624903129074,-86.80945588847796
36.1762569199159,-86.80945928542444
36.17626595107739,-86.80946317436307
36.17627409003558,-86.8094666791079
36.1762828708632,-86.80947046025118
36.176291009820986,-86.80947396499744
36.176300040981566,-86.80947785393927
36.176307929605564,-86.80948125088995
36.17631696076568,-86.80948513983338
36.176325099722675,-86.80948864458252
36.176333880548974,-86.80949242573045
36.17634201950556,-86.80949593048102
36.176351050664806,-86.80949981942766
36.17635893928761,-86.80950321638251
36.1763679704464,-86.80950710533074
36.17637610940219,-86.80951061008419
36.17638489022716,-86.80951439123679
36.176393029182556,-86.80951789599169
36.17640206034045,-86.80952178494312
36.176409948962075,-86.80952518190215
36.17641898011952,-86.80952907085516
36.17642711907411,-86.80953257561295
36.17643589989777,-86.8095363567702
36.17644403885195,-86.80953986152939
36.176453070008506,-86.80954375048562
36.176460958628944,-86.80954714744882
36.176469989785055,-86.80955103640665
36.17647812873845,-86.80955454116875
36.17648690956078,-86.80955832233064
36.17649504851376,-86.80956182709417
36.17650407966897,-86.80956571605519
36.17651196828823,-86.80956911302258
36.17652099944301,-86.80957300198517
36.17652913839519,-86.80957650675161
36.17653791921619,-86.80958028791815
36.17654605816798,-86.809583792686
36.176555089321845,-86.80958768165182
36.17656297793992,-86.80959107862338
36.17657200909336,-86.80959496759078
36.17658014804434,-86.80959847236153
36.17658892886402,-86.80960225353272
36.1765970678146,-86.8096057583049
36.17660609896712,-86.8096096472755
36.17661398758403,-86.80961304425125
36.176623018736116,-86.80961693322344
36.17663115768589,-86.8096204379985
36.17663993850425,-86.80962421917435
36.17664807745363,-86.80962772395084
36.17665710860482,-86.80963161292622
36.176665889422516,-86.80963539410445
36.17667402837127,-86.80963889888315
36.17668305952177,-86.80964278786097
36.1766909481369,-86.80964618484305
36.17669997928696,-86.80965007382245
36.17670811823493,-86.80965357860404
36.17671689905129,-86.8096573597869
36.17672503799886,-86.80966086456992
36.176734069148026,-86.80966475355255
36.176741957761955,-86.80966815053878
36.176750988910676,-86.809672039523
36.17675912785743,-86.8096755443089
36.17676790867248,-86.80967932549642
36.176776047618844,-86.80968283028376
36.17678507876668,-86.80968671927118
36.17679296737942,-86.8096901162616
36.17680199852679,-86.80969400525059
36.17681013747235,-86.80969751004083
36.17681891828608,-86.80970129123301
36.17682705723124,-86.80970479602466
36.17683608837772,-86.80970868501686
36.17684397698929,-86.80971208201147
36.17685300813532,-86.80971597100526
36.176861147079684,-86.80971947579981
36.17686992789209,-86.80972325699663
36.176878066836046,-86.80972676179262
36.17688709798118,-86.80973065078962
36.17689498659157,-86.80973404778841
36.176904017736256,-86.80973793678699
36.17691215667943,-86.80974144158586
36.1769209374905,-86.80974522278733
36.17692907643326,-86.80974872758763
36.17693810757705,-86.80975261658942
36.17694599618626,-86.80975601359239
36.176955027329605,-86.80975990259577
36.17696316627157,-86.80976340739896
36.17697194708132,-86.8097671886051
36.17698008602287,-86.80977069340972
36.1769888668322,-86.80977447461737
36.17699700577336,-86.80977797942344
36.177006036915365,-86.80978186843161
36.17701392552299,-86.80978526544014
36.17702295666455,-86.8097891544499
36.1770310956049,-86.80979265925885
36.177039876412906,-86.80979644047116
36.17704801535286,-86.80979994528155
36.17705704649353,-86.80980383429451
36.17706582730086,-86.8098076155092
36.177073966240194,-86.80981112032178
36.17708299738019,-86.80981500933717
36.17709088598603,-86.80981840635202
36.17709991712556,-86.809822295369
36.177108056064114,-86.80982580018447
36.177116836870105,-86.8098295814038
36.17712497580824,-86.8098330862207
36.17713400825466,-86.80983696948257
36.17714193016491,-86.80984025817955
36.17715099430314,-86.80984402106122
36.17715891621301,-86.80984730975956
36.177167980350816,-86.80985107264279
36.1771761454434,-86.80985446229744
36.177184966397725,-86.80985812422725
36.177193131489915,-86.8098615138833
36.17720195244383,-86.80986517581461
36.17721011753565,-86.80986856547206
36.177218938489155,-86.80987222740487
36.1772271035806,-86.80987561706372
36.1772359245337,-86.80987927899804
36.177244988669614,-86.80988304188828
36.17725291057745,-86.80988633059411
36.177261974712955,-86.8098900934859
36.17726989662043,-86.80989338219308
36.1772789607555,-86.80989714508642
36.17728712584562,-86.80990053475021
36.177295946797265,-86.80990419668986
36.17730411188701,-86.80990758635505
36.177312932838255,-86.8099112482962
36.17732109792761,-86.80991463796276
36.17732991887844,-86.80991829990542
36.177338083967435,-86.8099216895734
36.177346904917854,-86.80992535151755
36.17735507000647,-86.80992874118694
36.17736389095647,-86.8099324031326
36.177372955089254,-86.80993616603452
36.177381120177294,-86.80993955570604
36.17738994112667,-86.80994321765402
36.17739810621433,-86.80994660732692
36.17740692716329,-86.80995026927641
36.17741509225059,-86.80995365895072
36.17742391319914,-86.8099573209017
36.177432078286074,-86.80996071057741
36.177440899234206,-86.8099643725299
36.177449064320754,-86.80996776220701
36.17745788526847,-86.809971424161
36.17746605035465,-86.80997481383952
36.17747487130196,-86.809978475795
36.17748303638777,-86.80998186547491
36.17749210051762,-86.80998562838771
36.17750092146428,-86.80998929034553
36.17750908654952,-86.80999268002756
36.17751790749579,-86.80999634198689
36.17752607258065,-86.80999973167032
36.17753489352649,-86.81000339363113
36.17754305861098,-86.81000678331598
36.177551879556425,-86.81001044527831
36.17756004464053,-86.81001383496454
36.17756886558556,-86.81001749692838
36.1775770306693,-86.81002088661602
36.17758609479683,-86.81002464953738
36.17759401669728,-86.81002793827038
36.17760308082438,-86.81003170119331
36.177611002724475,-86.81003498992766
36.177620066851176,-86.81003875285214
36.177628887794754,-86.8100424148213
36.17763705287716,-86.81004580451386
36.17764587382033,-86.81004946648453
36.17765403890236,-86.81005285617849
36.17766285984512,-86.81005651815066
36.17767102492678,-86.81005990784601
36.17768008905201,-86.81006367077597
36.177688010950426,-86.81006695951645
36.17769707507522,-86.81007072244795
36.177704996973276,-86.8100740111898
36.17771406109766,-86.81007777412285
36.17772198299532,-86.81008106286603
36.177731047119295,-86.81008482580063
36.177738969016616,-86.81008811454518
36.177748033140155,-86.81009187748133
36.17775685408063,-86.81009553946183
36.177765019160226,-86.81009892916492
36.177773840100286,-86.81010259114693
36.17778200517951,-86.81010598085143
36.177791069302,-86.8101097437915
36.17779899119801,-86.81011303254083
36.177808055320085,-86.81011679548244
36.17781597721572,-86.81012008423313
36.177825041337385,-86.81012384717631
36.17783296323265,-86.81012713592834
36.1778420273539,-86.81013089887306
36.177849949248795,-86.81013418762646
36.17785901336962,-86.81013795057272
36.177866935264156,-86.81014123932746
36.177875999384554,-86.81014500227529
36.17788416446153,-86.81014839198818
36.17789298539871,-86.81015205398076
36.17790204951848,-86.81015581693096
36.17790997141208,-86.81015910568914
36.17791903553142,-86.81016286864089
36.17792695742465,-86.8101661574004
36.17793602154359,-86.8101699203537
36.177943943436446,-86.81017320911458
36.17795300755497,-86.81017697206943
36.177960929447465,-86.81018026083166
36.177969993565554,-86.81018402378807
36.17797815864046,-86.81018741350869
36.17798697957535,-86.8101910755096
36.17799514464989,-86.81019446523162
36.17800396558438,-86.81019812723403
36.17801213065854,-86.81020151695745
36.17802095159261,-86.81020517896137
36.17803001570922,-86.81020894192325
36.17803793760005,-86.81021223069162
36.17804700171625,-86.81021599365504
36.17805492360672,-86.81021928242475
36.17806398772249,-86.81022304538973
36.1780719096126,-86.8102263341608
36.17808097372796,-86.81023009712733
36.178089138800416,-86.81023348685709
36.17809795973263,-86.81023714886784
36.178106124804714,-86.81024053859898
36.17811494573652,-86.81024420061124
36.17812311080824,-86.81024759034378
36.17813193173961,-86.81025125235755
36.17814009681096,-86.8102546420915
36.17814891774193,-86.81025830410675
36.17815798185539,-86.8102620670803
36.17816590374344,-86.81026535585886
36.17817496785651,-86.81026911883397
36.1781831329269,-86.81027250857144
36.17819195385683,-86.81027617059054
36.178200118926846,-86.81027956032942
36.178208939856376,-86.81028322235001
36.17821710492602,-86.81028661209028
36.17822592585512,-86.81029027411238
36.1782340909244,-86.81029366385405
36.1782429118531,-86.81029732587766
36.178251076921995,-86.81030071562073
36.17825989785027,-86.81030437764583
36.1782680629188,-86.8103077673903
36.17827688384666,-86.81031142941691
36.17828594795698,-86.81031519240214
36.17829411302494,-86.81031858214877
36.178302933952175,-86.81032224417768
36.17831109901976,-86.81032563392569
36.178319919946574,-86.81032929595612
36.178328085013774,-86.81033268570552
36.1783369059402,-86.81033634773746
36.17834507100702,-86.81033973748825
36.17835389193303,-86.8103433995217
36.17836205699948,-86.8103467892739
36.178370877925076,-86.81035045130885
36.17837904299115,-86.81035384106244
36.178388107098975,-86.81035760405699
36.17839602898205,-86.8103608928539
36.17840509308944,-86.81036465585
36.17841391401399,-86.81036831788876
36.17842207907913,-86.8103717076459
36.17843090000326,-86.81037536968617
36.17843906506802,-86.81037875944469
36.17844788599175,-86.81038242148648
36.17845605105612,-86.8103858112464
36.17846487197944,-86.81038947328969
36.17847303704346,-86.810392863051
36.178482101148965,-86.81039662605413
36.178490023029994,-86.81039991485852
36.17849908713509,-86.8104036778632
36.17850700901575,-86.81040696666895
36.17851607312041,-86.81041072967517
36.17852399500072,-86.81041401848228
36.178533059104964,-86.81041778149003
36.17854188002641,-86.81042144354015
36.17855004508872,-86.8104248333078
36.17855886600976,-86.81042849535943
36.178567031071715,-86.8104318851285
36.17857585199232,-86.81043554718161
36.1785840170539,-86.81043893695207
36.17859308115666,-86.81044269996532
36.178601003035304,-86.81044598877855
36.178610067137654,-86.81044975179334
36.17861798901592,-86.81045304060792
36.17862705311786,-86.81045680362428
36.17863497499576,-86.81046009244022
36.17864403909728,-86.81046385545812
36.178651960974804,-86.81046714427542
36.178661025075904,-86.81047090729487
36.17866984599424,-86.81047456935632
36.17867801105375,-86.8104779591345
36.1786870751542,-86.81048172215634
36.1786949970308,-86.81048501097705
36.17870406113086,-86.81048877400043
36.17871198300707,-86.8104920628225
36.1787210471067,-86.81049582584744
36.17872896898256,-86.81049911467086
36.17873803308177,-86.81050287769735
36.178745954957265,-86.81050616652212
36.17875501905606,-86.81050992955014
36.17876294093117,-86.81051321837627
36.17877200502956,-86.81051698140585
36.178779926904305,-86.81052027023335
36.178788991002264,-86.81052403326447
36.178798055099996,-86.81052779629643
36.178805976974175,-86.81053108512599
36.1788150410715,-86.81053484815949
36.17882296294532,-86.8105381369904
36.17883202704222,-86.81054190002546
36.17883994891567,-86.81054518885772
36.17884901301215,-86.81054895189435
36.17885693488524,-86.81055224072796
36.1788659989813,-86.81055600376611
36.17887392085403,-86.81055929260108
36.17888298494966,-86.81056305564078
36.17889115000448,-86.8105664454365
36.17889997091724,-86.81057010751837
36.17890813597168,-86.81057349731549
36.178916956884024,-86.81057715939886
36.17892602097861,-86.8105809224425
36.17893394285003,-86.81058421128225
36.17894300694419,-86.81058797432743
36.178950928815254,-86.81059126316853
36.178959992909,-86.81059502621527
36.17896791477968,-86.81059831505773
36.17897697887302,-86.81060207810602
36.178985143925765,-86.81060546790945
36.17899396483626,-86.81060912999968
36.179002129888616,-86.81061251980451
36.17901095079869,-86.81061618189622
36.179019115850686,-86.81061957170246
36.17902793676034,-86.81062323379568
36.179036101811974,-86.81062662360331
36.17904492272122,-86.81063028569804
36.179053986812654,-86.81063404875334
36.179061908681305,-86.8106373376033
36.17907097277232,-86.81064110066015
36.179078894640604,-86.81064438951147
36.179087958731195,-86.81064815256987
36.179096123781505,-86.81065154238244
36.1791049446893,-86.81065520448249
36.17911310973922,-86.81065859429646
36.17912193064661,-86.810662256398
36.17913009569616,-86.81066564621338
36.17913891660314,-86.81066930831642
36.1791470816523,-86.81067269813319
36.17915590255886,-86.81067636023776
36.17916406760767,-86.81067975005593
36.179172888513826,-86.81068341216198
36.179181952602114,-86.81068717522898
36.17919011765033,-86.81069056504928
36.17919893855585,-86.81069422715765
36.179207103603716,-86.81069761697937
36.17921592450882,-86.81070127908924
36.17922408955629,-86.81070466891235
36.179232910460996,-86.81070833102373
36.179241075508095,-86.81071172084823
36.17924989641239,-86.81071538296113
36.179258061459116,-86.81071877278703
36.17926688236298,-86.81072243490142
36.17927504740934,-86.81072582472872
36.179284097360885,-86.81072956832028
36.17929193640713,-86.81073228195875
36.179300912238446,-86.81073538911816
36.17930988806959,-86.81073849627828
36.17931793632132,-86.8107412823392
36.17932691215218,-86.8107443895006
36.179334960403665,-86.81074717556268
36.179343936234226,-86.81075028272541
36.179351984485436,-86.81075306878866
36.179360960315705,-86.81075617595266
36.17936900856666,-86.81075896201709
36.17937798439662,-86.81076206918239
36.179386960226445,-86.8107651763484
36.17939500847701,-86.8107679624146
36.179403984306525,-86.81077106958189
36.17941203255681,-86.81077385564927
36.179421008386036,-86.81077696281787
36.17942905663607,-86.8107797488864
36.17943803246501,-86.8107828560563
36.17944700829379,-86.81078596322689
36.17945505654341,-86.81078874929722
36.17946403237192,-86.81079185646911
36.17947208062127,-86.8107946425406
36.179481056449475,-86.81079774971377
36.17948910469856,-86.81080053578644
36.17949808052647,-86.81080364296093
36.179506128775316,-86.81080642903476
36.1795148953971,-86.81080946378944
36.179523988685084,-86.81081304404702
36.1795319527097,-86.81081618409297
36.17954105802319,-86.81081977412573
36.17954902204747,-86.81082291417299
36.17955789410303,-86.81082641223867
36.17956609138454,-86.81082964425582
36.1795749634397,-86.81083314232295
36.17958406875222,-86.81083673235948
36.17959203277566,-86.81083987241003
36.17960090483027,-86.81084337047936
36.1796091021109,-86.8108466024999
36.179617974165126,-86.81085010057069
36.17962684621916,-86.81085359864223
36.179635043499275,-86.81085683066482
36.179643915552944,-86.81086032873782
36.17965211283272,-86.81086356076173
36.179660984886,-86.8108670588362
36.179668948907924,-86.81087019889262
36.17967805421834,-86.81087378893736
36.17968692627106,-86.81087728701404
36.179695123549976,-86.81088051904133
36.17970399560231,-86.81088401711945
36.17971195962339,-86.81088715717917
36.17972106493285,-86.81089074722769
36.17972902895359,-86.8108938872887
36.179737901005176,-86.81089738536971
36.17974700631405,-86.8109009754205
36.17975497033428,-86.8109041154835
36.17976407564278,-86.81090770553575
36.17977203966269,-86.81091084560008
36.17978091171331,-86.81091434368474
36.17979001702123,-86.81091793373929
36.17979798104061,-86.81092107380557
36.179807086348156,-86.81092466386161
36.17981505036722,-86.8109278039292
36.17982392241691,-86.81093130201755
36.179832119693074,-86.81093453405565
36.179840991742395,-86.81093803214542
36.17984986379151,-86.81094153023597
36.179858061067186,-86.81094476227611
36.17986693311592,-86.8109482603681
36.179875130391245,-86.8109514924096
36.17988400243961,-86.81095499050303
36.17989287448776,-86.81095848859724
36.179901071762586,-86.81096172064078
36.17990994381038,-86.81096521873643
36.1799179078274,-86.81096835881189
36.17992701313226,-86.81097194887842
36.17993497714894,-86.81097508895519
36.179944082453424,-86.81097867902322
36.179952954500266,-86.81098217712251
36.17996091851645,-86.81098531720129
36.17997002382034,-86.81098890727156
36.17997798783618,-86.81099204735163
36.1799870931397,-86.8109956374234
36.17999505715521,-86.81099877750476
36.18000392920093,-86.81100227560842
36.180013034503865,-86.81100586568247
36.18002099851886,-86.81100900576583
36.18002987056401,-86.81101250387168
36.18003806783608,-86.81101573592602
36.18004693988086,-86.81101923403334
36.18005604518283,-86.81102282411115
36.180064009196975,-86.81102596419778
36.18007288172373,-86.81103036521324
36.18008116719082,-86.81103448374854
36.18009003504796,-86.81103889177899
36.180098902904795,-86.81104329981036
36.180107188371075,-86.81104741834821
36.18011605622733,-86.81105182638139
36.18012492408327,-86.81105623441549
