29.757612186914116,-95.38572200640873
29.75761192873688,-95.3857319975566
29.757611670558877,-95.38574198870438
29.757611385676988,-95.38575301322382
29.757611127497405,-95.38576300437155
29.757610869317084,-95.3857729955192
29.757610585317856,-95.38578398578154
29.757610326250703,-95.38579401118639
29.757610068068047,-95.3858040023339
29.75760978406627,-95.38581499259608
29.75760952588203,-95.38582498374342
29.75760924099324,-95.3858360082632
29.757608982807426,-95.3858459994105
29.75760872462087,-95.38585599055772
29.7576084397295,-95.38586701507765
29.757608181541354,-95.38587700622477
29.757607923352463,-95.38588699737186
29.757607639343814,-95.38589798763354
29.757607380268038,-95.38590801303894
29.757607122076816,-95.3859180041859
29.757606838065605,-95.38592899444743
29.757606579872807,-95.38593898559418
29.757606294974533,-95.38595001011447
29.757606036780157,-95.38596000126117
29.75760577858503,-95.3859699924078
29.757605494569518,-95.385980982669
29.757605235487468,-95.3859910080748
29.757604977290015,-95.38600099922128
29.757604693271947,-95.38601198948231
29.75760443418754,-95.3860220148883
29.757604175987755,-95.38603200603464
29.75760389196713,-95.38604299629553
29.75760363376576,-95.38605298744173
29.75760334885801,-95.38606401196249
29.757603090655063,-95.3860740031086
29.75760283245137,-95.38608399425465
29.757602548426444,-95.38609498451521
29.757602289335768,-95.38610500992156
29.75760203112974,-95.38611500106747
29.75760174710225,-95.38612599132789
29.757601488009225,-95.38613601673438
29.75760122980087,-95.38614600788016
29.757600945770815,-95.38615699814041
29.75760068756089,-95.38616698928601
29.75760040264365,-95.38617801380727
29.757600144432143,-95.38618800495283
29.757599886219882,-95.38619799609828
29.757599602185532,-95.3862089863582
29.757599343086234,-95.38621901176509
29.757599084871636,-95.38622900291043
29.757598800834717,-95.3862399931702
29.757598542618563,-95.38624998431536
29.757598283516156,-95.38626000972243
29.757597999476676,-95.38627099998205
29.757597741258188,-95.38628099112708
29.75759745633147,-95.38629201564883
29.757597198111398,-95.3863020067938
29.757596939890572,-95.38631199793868
29.75759665584679,-95.38632298819796
29.757596396738872,-95.38633301360541
29.75759613851572,-95.38634300475015
29.75759585446938,-95.38635399500927
29.75759559624465,-95.38636398615385
29.75759533713362,-95.3863740115615
29.757595053084717,-95.38638500182047
29.757594794857653,-95.3863949929649
29.75759451080702,-95.38640598322368
29.757594251692822,-95.38641600863153
29.757593993463427,-95.38642599977584
29.757593709410234,-95.38643699003447
29.757593450293683,-95.38644701544249
29.757593192061954,-95.38645700658662
29.757592908006195,-95.38646799684511
29.757592649772903,-95.38647798798912
29.75759239065325,-95.38648801339731
29.757592106594924,-95.38649900365566
29.757591848359297,-95.38650899479951
29.757591564299243,-95.38651998505765
29.75759130517642,-95.38653001046603
29.757591046938458,-95.38654000160977
29.757590762875836,-95.38655099186776
29.757590503750663,-95.3865610172763
29.757590245510382,-95.3865710084199
29.757589961445195,-95.38658199867774
29.757589703203333,-95.38659198982116
29.75758944407506,-95.38660201522988
29.757589160007317,-95.38661300548759
29.757588901763118,-95.38662299663086
29.75758861769364,-95.38663398688838
29.757588358562185,-95.38664401229732
29.757588100315665,-95.38665400344046
29.757587816243618,-95.38666499369782
29.757587557995528,-95.3866749848408
29.757587298860972,-95.38668501024992
29.75758701478636,-95.38669600050711
29.757586756535936,-95.38670599164996
29.757586497399036,-95.38671601705927
29.757586213321872,-95.3867270073163
29.757585955069107,-95.38673699845899
29.75758567099021,-95.38674798871587
29.757585411850133,-95.38675801412536
29.75758515359504,-95.38676800526791
29.757584869513583,-95.38677899552464
29.75758461125692,-95.38678898666703
29.757584352113735,-95.38679901207671
29.757584068029708,-95.38681000233326
29.757583809770722,-95.38681999347553
29.757583551510972,-95.38682998461769
29.757583266538596,-95.3868410091418
29.757583008277276,-95.3868510002839
29.757582724188957,-95.38686199054011
29.757582465040247,-95.38687201595017
29.7575822067766,-95.38688200709215
29.75758192268571,-95.38689299734821
29.757581664420478,-95.38690298849004
29.757581405268677,-95.38691301390026
29.75758112117523,-95.38692400415619
29.757580862907663,-95.38693399529785
29.757580578812487,-95.3869449855536
29.757580319657507,-95.38695501096403
29.75758006138761,-95.38696500210555
29.75757977728987,-95.38697599236116
29.757579519018403,-95.38698598350251
29.757579259860318,-95.38699600891313
29.75757897576001,-95.38700699916858
29.757578717486215,-95.3870169903098
29.75757845832578,-95.3870270157206
29.757578174222914,-95.38703800597587
29.757577915946786,-95.38704799711694
29.757577631842185,-95.38705898737206
29.75757737267858,-95.38706901278304
29.757577114400124,-95.38707900392399
29.757576830292955,-95.38708999417894
29.757576572012926,-95.38709998531972
29.75757631284622,-95.3871100107309
29.757576028736484,-95.38712100098569
29.757575770454128,-95.38713099212633
29.757575511285072,-95.38714101753767
29.757575227172783,-95.38715200779232
29.757574968888093,-95.38716199893283
29.757574684774067,-95.38717298918728
29.757574425601828,-95.3871830145988
29.75757416731481,-95.38719300573919
29.75757388319822,-95.38720399599349
29.75757362490962,-95.38721398713369
29.757573365734288,-95.38722401254543
29.757573081615135,-95.38723500279959
29.757572823324203,-95.38724499393962
29.757572565032536,-95.38725498507961
29.75757228002481,-95.38726600960553
29.75757202173155,-95.38727600074544
29.757571737608107,-95.38728699099927
29.757571478427256,-95.38729701641137
29.757571220131666,-95.38730700755114
29.757570936005656,-95.38731799780481
29.757570677708493,-95.38732798894443
29.75757041852453,-95.38733801435671
29.75757013439596,-95.38734900461021
29.757569876096458,-95.38735899574971
29.75756961779622,-95.3873689868891
29.757569332779024,-95.3873800114155
29.757569074477196,-95.38739000255482
29.75756879034433,-95.38740099280803
29.75756853204094,-95.38741098394719
29.757568272850705,-95.38742100935987
29.75756798871526,-95.3874319996129
29.757567730409534,-95.38744199075192
29.75756747121695,-95.38745201616474
29.75756718707896,-95.38746300641762
29.757566928770892,-95.38747299755653
29.757566670462086,-95.38748298869534
29.757566385435403,-95.38749401322225
29.757566127125017,-95.387504004361
29.75756584298272,-95.38751499461353
29.75756558467076,-95.38752498575212
29.757565325471894,-95.38753501116534
29.75756504132704,-95.38754600141772
29.757564783012754,-95.38755599255619
29.757564524697706,-95.38756598369459
29.75756423966412,-95.3875770082218
29.757563981347495,-95.38758699936011
29.757563723030128,-95.38759699049834
29.75756343799397,-95.38760801502575
29.757563179675014,-95.38761800616392
29.75756289552329,-95.38762899641583
29.75756263720276,-95.38763898755383
29.757562377995278,-95.38764901296759
29.757562093840995,-95.38766000321935
29.75756183551814,-95.38766999435722
29.757561577194526,-95.38767998549501
29.757561292151458,-95.38769101002273
29.75756103382628,-95.38770100116048
29.75756077550033,-95.38771099229812
29.75756049045469,-95.387722016826
29.757560232127176,-95.38773200796359
29.757559947966037,-95.38774299821486
29.757559689636942,-95.3877529893523
29.75755943042083,-95.3877630147666
29.75755914625713,-95.38777400501772
29.757558887925704,-95.387783996155
29.75755862959353,-95.38779398729221
29.757558344540985,-95.38780501182045
29.75755808620723,-95.3878150029576
29.75755782787272,-95.38782499409467
29.7575575437039,-95.38783598434534
29.75755728448151,-95.38784600976005
29.757557000310946,-95.38785700001067
29.757556741973286,-95.3878669911475
29.75755648274855,-95.3878770165624
29.75755619857543,-95.38788800681286
29.757555940235438,-95.38789799794957
29.757555681894697,-95.38790798908617
29.757555396832668,-95.38791901361489
29.757555138490346,-95.38792900475147
29.75755488014728,-95.38793899588796
29.757554595969033,-95.38794998613801
29.757554336738025,-95.38796001155328
29.757554052558035,-95.38797100180324
29.757553794211812,-95.3879809929395
29.757553535864833,-95.38799098407569
29.757553250795908,-95.38800200860474
29.75755299244735,-95.38801199974088
29.757552734098038,-95.38802199087694
29.75755244902654,-95.38803301540611
29.75755219067565,-95.3880430065421
29.757551932324006,-95.38805299767802
29.75755164813634,-95.38806398792742
29.757551388896704,-95.38807401334323
29.7575511047073,-95.38808500359256
29.757550846352505,-95.38809499472826
29.75755058799697,-95.38810498586385
29.757550302918553,-95.3881160103934
29.757550044561434,-95.38812600152895
29.757549786203562,-95.38813599266442
29.757549502009034,-95.38814698291334
29.757549242763115,-95.38815700832953
29.757548958566854,-95.38816799857835
29.757548700205824,-95.3881779897136
29.757548440957564,-95.38818801512997
29.75754815675873,-95.38819900537867
29.757547898395373,-95.38820899651375
29.757547640031262,-95.3882189876488
29.757547354943377,-95.38823001217882
29.757547096577692,-95.38824000331378
29.757546838211248,-95.38824999444867
29.757546554007305,-95.38826098469696
29.757546294752764,-95.38827101011368
29.75754601054708,-95.38828200036191
29.75754575217748,-95.38829199149657
29.757545492920595,-95.38830201691346
29.757545208712344,-95.38831300716151
29.757544950340417,-95.38832299829605
29.757544691967745,-95.38833298943048
29.757544406870373,-95.388344013961
29.75754414849612,-95.38835400509541
29.75754389012112,-95.38836399622969
29.757543605907745,-95.38837498647732
29.75754334664458,-95.38838501189461
29.75754306242947,-95.38839600214219
29.75754280405131,-95.38840599327627
29.7575425456724,-95.38841598441026
29.75754226056812,-95.38842700894114
29.75754200218763,-95.38843700007506
29.757541743806392,-95.38844699120892
29.757541458699542,-95.38845801573996
29.757541200316727,-95.38846800687375
29.75754094193315,-95.38847799800746
29.757540657710354,-95.38848898825448
29.757540398438575,-95.3884990136723
29.75754011421404,-95.38851000391922
29.757539855827307,-95.38851999505272
29.757539597439834,-95.38852998618614
29.757539312326077,-95.38854101071752
29.75753905393703,-95.38855100185087
29.757538795547223,-95.38856099298413
29.757538511317566,-95.38857198323063
29.7575382520395,-95.38858200864887
29.75753799364736,-95.38859199978201
29.757537709415146,-95.38860299002837
29.75753745013473,-95.38861301544677
29.75753716590077,-95.38862400569305
29.75753690750549,-95.38863399682594
29.757536649109447,-95.38864398795879
29.757536363986212,-95.38865501249066
29.757536105588585,-95.38866500362343
29.757535847190223,-95.38867499475612
29.75753556295114,-95.38868598500198
29.75753530366445,-95.38869601042074
29.757535045263744,-95.38870600155332
29.757534761022107,-95.38871699179901
29.757534501733076,-95.38872701721797
29.757534217489695,-95.38873800746362
29.757533959085837,-95.38874799859595
29.757533700681225,-95.38875798972818
29.75753341554851,-95.38876901426055
29.757533157142323,-95.38877900539273
29.757532898735384,-95.38878899652484
29.757532614486884,-95.38879998677008
29.75753235519157,-95.38881001218941
29.757532096782306,-95.38882000332136
29.757531812531244,-95.38883099356644
29.757531554120398,-95.38884098469825
29.757531268980784,-95.38885200923094
29.75753101056836,-95.38886200036268
29.75753075215519,-95.38887199149437
29.757530467012984,-95.38888301602722
29.757530208598236,-95.3888930071588
29.757529950182736,-95.38890299829033
29.757529665924807,-95.38891398853492
29.75752940662087,-95.3889240139548
29.757529148203034,-95.3889340050862
29.75752886394255,-95.38894499533063
29.757528605523145,-95.38895498646184
29.757528544388883,-95.38896599688623
29.75752849284809,-95.38897600336831
29.757528441341755,-95.38898600301636
29.757528384683912,-95.38899700262917
29.757528333175994,-95.38900700227718
29.757528276516414,-95.38901800188992
29.75752822500692,-95.3890280015379
29.75752817349667,-95.38903800118585
29.757528116834525,-95.38904900079858
29.757528065322692,-95.3890590004465
29.757528008658813,-95.38907000005919
29.757527957145406,-95.38907999970708
29.757527905631246,-95.38908999935494
29.757527848964813,-95.38910099896758
29.757527797449068,-95.38911099861542
29.757527740780883,-95.38912199822802
29.757527689263565,-95.38913199787584
29.757527637745497,-95.38914199752362
29.75752758107475,-95.38915299713615
29.7575275295551,-95.38916299678392
29.757527472847396,-95.38917400323255
29.75752742132617,-95.38918400288038
29.757527369804187,-95.38919400252819
29.75752731312914,-95.38920500214077
29.757527261605578,-95.38921500178854
29.75752720492879,-95.38922600140107
29.75752715340366,-95.38923600104883
29.757527101877763,-95.38924600069655
29.757527045198408,-95.38925700030903
29.757526993670943,-95.38926699995675
29.75752693698986,-95.38927799956917
29.757526885460813,-95.38928799921682
29.757526833931,-95.38929799886448
29.757526777247357,-95.38930899847688
29.75752672571598,-95.3893189981245
29.75752666903059,-95.38932999773687
29.757526617497625,-95.38933999738444
29.757526565963918,-95.389349997032
29.75752650924073,-95.3893610034823
29.75752645770544,-95.38937100312995
29.75752640101575,-95.38938200274232
29.75752634947888,-95.38939200238993
29.75752629794126,-95.38940200203753
29.757526241249003,-95.38941300164984
29.7575261897098,-95.38942300129739
29.757526133015812,-95.38943400090969
29.75752608147503,-95.3894440005572
29.757526029933494,-95.38945400020472
29.757525973236945,-95.38946499981697
29.75752592169383,-95.38947499946444
29.757525864995536,-95.38948599907665
29.757525813450844,-95.38949599872407
29.75752576190541,-95.3895059983715
29.757525705204554,-95.38951699798366
29.757525653657527,-95.38952699763107
29.757525596954935,-95.38953799724317
29.75752554537107,-95.3895480037304
29.757525493821706,-95.38955800337783
29.757525437116552,-95.38956900299002
29.75752538556562,-95.38957900263743
29.757525328858723,-95.38959000224958
29.757525200538186,-95.3896000060067
29.757524952389797,-95.38961099857394
29.757524726799556,-95.38962099181681
29.757524477973714,-95.38963201431683
29.7575242523819,-95.38964200755966
29.757524004230042,-95.3896530001267
29.75752375607727,-95.38966399269366
29.757523530483052,-95.38967398593628
29.75752328165281,-95.38968500843654
29.75752303349738,-95.38969600100337
29.757522807900767,-95.38970599424589
29.75752255974361,-95.38971698681254
29.757522310909792,-95.38972800931303
29.757522085310768,-95.38973800255542
29.75752183715096,-95.38974899512195
29.757521588589043,-95.3897599872149
29.757521353823822,-95.38977001099555
29.757521119785146,-95.38978000372249
29.75752086234174,-95.38979099572207
29.75752062830148,-95.38980098844887
29.757520393533156,-95.38981101222973
29.757520136087184,-95.38982200422915
29.757519902044606,-95.38983199695585
29.75751966800127,-95.38984198968247
29.75751940982539,-95.38985301273621
29.757519175780484,-95.3898630054628
29.75751894173482,-95.38987299818928
29.75751868428372,-95.38988399018832
29.757518449509124,-95.38989401396964
29.757518215461126,-95.38990400669603
29.75751795800747,-95.38991499869498
29.7575177239579,-95.3899249914212
29.7575174891802,-95.38993501520272
29.75751723172397,-95.38994600720153
29.757516997672074,-95.38995599992765
29.757516763619417,-95.3899659926537
29.757516506160634,-95.38997698465226
29.757516271379004,-95.38998700843406
29.757516013918483,-95.38999800043258
29.757515779862672,-95.39000799315842
29.75751554580612,-95.3900179858842
29.757515287615607,-95.39002900893878
29.75751505355747,-95.39003900166452
29.75751481949858,-95.39004899439018
29.75751456203294,-95.39005998638832
29.75751432724503,-95.39007001017055
29.75751409318381,-95.3900800028961
29.757513835715603,-95.39009099489411
29.757513601652814,-95.39010098761952
29.757513366861794,-95.39011101140197
29.757513109391024,-95.39012200339987
29.757512875325897,-95.39013199612513
29.75751264126002,-95.39014198885035
29.757512383059204,-95.39015301190554
29.75751214899175,-95.3901630046307
29.757511914923544,-95.39017299735579
29.75751165744764,-95.39018398935332
29.75751142265036,-95.39019401313621
29.757511188579826,-95.3902040058612
29.75751093110136,-95.39021499785858
29.757510697029254,-95.39022499058342
29.75751043882153,-95.39023601363901
29.757510204747835,-95.39024600636378
29.757509970673393,-95.39025599908848
29.75750971319064,-95.39026699108558
29.757509478387075,-95.39027701486893
29.7575092443103,-95.39028700759351
29.757508986824977,-95.3902979995905
29.757508752746627,-95.39030799231494
29.757508518667525,-95.39031798503932
29.75750826045208,-95.39032900809535
29.757508026371397,-95.39033900081968
29.757507792289964,-95.39034899354394
29.757507534799515,-95.39035998554054
29.757507299988927,-95.39037000932436
29.75750706590516,-95.39038000204849
29.757506808412153,-95.39039099404498
29.757506574326815,-95.39040098676895
29.757506339513117,-95.390411010553
29.757506082017546,-95.39042200254934
29.75750584792988,-95.39043199527322
29.757505613841456,-95.39044198799702
29.757505355615702,-95.39045301105364
29.7575051215257,-95.39046300377741
29.75750486402583,-95.39047399577346
29.757504629934257,-95.39048398849708
29.75750439511429,-95.39049401228156
29.757504137611853,-95.39050500427749
29.757503903517946,-95.39051499700098
29.75750366942329,-95.3905249897244
29.757503411190633,-95.39053601278144
29.757503177094392,-95.39054600550482
29.757502942997405,-95.39055599822814
29.75750268548985,-95.39056699022369
29.7575024506636,-95.3905770140086
29.75750221656428,-95.39058700673178
29.757501959054164,-95.39059799872722
29.757501724953265,-95.39060799145027
29.757501490123918,-95.39061801523542
29.757501232611233,-95.3906290072307
29.75750099850801,-95.39063899995361
29.75750076440403,-95.39064899267649
29.757500506888793,-95.39065998467153
29.757500272055506,-95.39067000845692
29.757500037949203,-95.39068000117966
29.7574997804314,-95.3906909931746
29.757499546323512,-95.3907009858972
29.75749929189073,-95.39071200620444
29.757499131747426,-95.39072200280044
29.757498971603376,-95.3907319993964
29.75749881145857,-95.3907419959923
29.75749863529841,-95.39075299224776
29.757498474811605,-95.39076301009287
29.757498314664467,-95.3907730066887
29.75749813850174,-95.3907840029441
29.75749797835303,-95.39079399953985
29.757497818203564,-95.39080399613557
29.75749764203828,-95.39081499239079
29.7574974815468,-95.39082501023634
29.757497321394993,-95.39083500683198
29.757497161242444,-95.39084500342759
29.75749698507377,-95.3908559996827
29.757496824919645,-95.39086599627822
29.757496664764762,-95.39087599287369
29.757496488253064,-95.39088701037919
29.757496328096604,-95.39089700697463
29.75749616793939,-95.39090700357006
29.75749599176559,-95.39091799982495
29.7574958316068,-95.39092799642026
29.75749567144726,-95.39093799301553
29.75749551128696,-95.39094798961074
29.757495334769295,-95.39095900711669
29.757495174607428,-95.3909690037119
29.7574950144448,-95.39097900030707
29.75749483826504,-95.39098999656171
29.757494678100844,-95.39099999315677
29.757494517935882,-95.3910099897518
29.757494341413068,-95.39102100725815
29.75749418124654,-95.39103100385316
29.75749402107925,-95.39104100044813
29.757493844894363,-95.39105199670254
29.757493684725503,-95.39106199329743
29.757493524555887,-95.39107198989224
29.757493364045,-95.3910820077395
29.75749318785673,-95.3910930039938
29.757493027684788,-95.39110300058859
29.757492867512084,-95.39111299718331
29.757492691321243,-95.39112399343746
29.757492531146976,-95.39113399003206
29.757492370631404,-95.39114400787975
29.757492194438,-95.39115500413384
29.757492034261407,-95.39116500072842
29.757491874084035,-95.39117499732295
29.757491713905925,-95.39118499391742
29.757491537709143,-95.39119599017128
29.75749137718889,-95.3912060080194
29.757491217008447,-95.39121600461384
29.757491040809096,-95.39122700086764
29.757490880627074,-95.39123699746199
29.757490720444302,-95.39124699405627
29.75749054424238,-95.39125799030991
29.757490383717453,-95.39126800815843
29.75749022353235,-95.39127800475268
29.757490063346502,-95.39128800134687
29.75748988714119,-95.39129899760042
29.757489726953757,-95.3913089941945
29.757489566765578,-95.39131899078852
29.757489390217103,-95.39133000829688
29.75748923002734,-95.3913400048909
29.757489069836826,-95.3913500014849
29.757488889146067,-95.39136099596816
29.75748861530753,-95.39137098600838
29.757488340472257,-95.39138101238332
29.75748806663221,-95.39139100242349
29.75748776540729,-95.39140199146757
29.75748749056967,-95.39141201784268
29.757487216727288,-95.3914220078827
29.757486942884164,-95.39143199792261
29.75748664165586,-95.39144298696642
29.757486366815137,-95.39145301334172
29.757486092969675,-95.39146300338147
29.757485791738816,-95.39147399242513
29.757485517891784,-95.39148398246473
29.757485243047956,-95.39149400884017
29.757484969199417,-95.39150399887971
29.757484667965166,-95.3915149879231
29.757484393118997,-95.39152501429871
29.757484119268124,-95.3915350043381
29.75748384541652,-95.39154499437738
29.757483544178864,-95.3915559834205
29.75748326932959,-95.39156600979629
29.75748299547565,-95.39157599983544
29.75748272162095,-95.39158598987451
29.757482419383816,-95.39159701525433
29.757482145527543,-95.39160700529332
29.75748187167052,-95.39161699533221
29.757481597812742,-95.39162698537106
29.757481295572205,-95.39163801075102
29.757481021712845,-95.39164800078979
29.757480747852743,-95.39165799082846
29.757480445609627,-95.39166901620855
29.757480171747932,-95.39167900624714
29.75747989788551,-95.39168899628568
29.757479624022324,-95.39169898632412
29.757479321775786,-95.39171001170438
29.757479047911023,-95.39172000174274
29.757478774045513,-95.391729991781
29.757478499183073,-95.3917400181576
29.757478197929306,-95.39175100719962
29.757477924061465,-95.39176099723775
29.75747765019287,-95.3917709872758
29.757477375327326,-95.39178101365255
29.757477074070174,-95.3917920026943
29.757476800199253,-95.3918019927322
29.7574764656616,-95.39181202061528
29.75747609918642,-95.39182300439109
29.75747576602638,-95.39183298964173
29.75747543139065,-95.39184301909819
29.757475098229108,-95.39185300434873
29.757474731750552,-95.3918639881242
29.757474397112468,-95.39187401758079
29.757474063948592,-95.39188400283112
29.757473697467475,-95.39189498660636
29.75747336282704,-95.39190501606303
29.757473029660844,-95.39191500131315
29.75747266317716,-95.39192598508815
29.757472328534384,-95.39193601454494
29.757471995365858,-95.39194599979484
29.757471662196586,-95.39195598504463
29.757471294234488,-95.3919670130265
29.757470961063643,-95.39197699827619
29.75747062789204,-95.39198698352578
29.757470259927356,-95.39199801150771
29.757469926754183,-95.3920079967572
29.757469593580254,-95.39201798200658
29.757469225612994,-95.39202900998858
29.757468892437487,-95.39203899523787
29.757468559261223,-95.39204898048705
29.757468224609138,-95.39205900994422
29.757467858113554,-95.39206999371818
29.757467524934974,-95.39207997896717
29.75746719028053,-95.39209000842443
29.757466823782387,-95.39210099219817
29.757466489126347,-95.39211102165554
29.757466155944687,-95.3921210069043
29.757465789443984,-95.39213199067783
29.757465454785596,-95.3921420201353
29.75746512160161,-95.39215200538382
29.757464788416865,-95.39216199063227
29.757464420437618,-95.39217301861468
29.757464087251297,-95.39218300386302
29.757463754064226,-95.39219298911127
29.757463383757727,-95.39220401970542
29.75746299753278,-95.3922139998733
29.757462572684478,-95.39222497805788
29.757462145852035,-95.39223600748933
29.75746172100191,-95.39224698567372
29.757461332790495,-95.3922570170885
29.757460907938633,-95.39226799527272
29.75746048110261,-95.39227902470428
29.75746005624893,-95.39229000288836
29.75745967001752,-95.39229998305557
29.75745924317883,-95.39231101248716
29.757458818322515,-95.39232199067091
29.757458398310366,-95.39233300436945
29.757458315641752,-95.3923430034626
29.75745823297238,-95.39235300255574
29.75745814203521,-95.39236400155816
29.757458059364257,-95.39237400065126
29.757457976692564,-95.39238399974431
29.757457885752828,-95.39239499874664
29.75745780307955,-95.39240499783965
29.757457712138077,-95.39241599684193
29.75745762946322,-95.3924259959349
29.75745754678761,-95.39243599502784
29.75745745575287,-95.39244700500011
29.75745737307568,-95.39245700409307
29.75745729039775,-95.39246700318603
29.757457199451142,-95.39247800218826
29.75745711677162,-95.39248800128115
29.757457034091356,-95.39249800037403
29.757456943142188,-95.39250899937619
29.757456860460334,-95.39251899846899
29.757456777777737,-95.3925289975618
29.75745668682601,-95.39253999656385
29.757456604141826,-95.3925499956566
29.757456521456895,-95.39255999474933
29.75745643041188,-95.39257100472263
29.757456347725366,-95.39258100381541
29.7574562650381,-95.39259100290813
29.75745617408124,-95.39260200191013
29.757456091392402,-95.39261200100283
29.757456008702803,-95.3926220000955
29.75745591774338,-95.3926329990974
29.757455835052202,-95.39264299819004
29.757455752360286,-95.39265299728261
29.7574556613983,-95.39266399628443
29.757455578704786,-95.39267399537698
29.757455495919796,-95.39268400544196
29.757455404955245,-95.3926950044438
29.757455322259403,-95.39270500353638
29.757455239562812,-95.3927150026289
29.7574551485957,-95.39272600163066
29.75745506589753,-95.39273600072316
29.757454983198613,-95.39274599981562
29.757454892228935,-95.3927569988173
29.757454809528436,-95.39276699790972
29.757454726827195,-95.39277699700209
29.75745463585494,-95.3927879960037
29.757454553152122,-95.39279799509603
29.757454470357768,-95.39280800516204
29.75745437938296,-95.39281900416366
29.7574542966778,-95.39282900325603
29.75745421397189,-95.39283900234834
29.757454122994513,-95.39285000134987
29.757454040287026,-95.39286000044217
29.757453957578782,-95.39286999953443
29.757453866598844,-95.39288099853586
29.757453783889027,-95.39289099762807
29.75745370117844,-95.39290099672024
29.75745361019595,-95.39291199572162
29.757453527483797,-95.39292199481375
29.757453444680106,-95.39293200488078
29.757453353695045,-95.39294300388218
29.757453270980555,-95.39295300297432
29.75745318826532,-95.39296300206644
29.75745309727769,-95.39297400106776
29.75745301456087,-95.39298400015983
29.75745292357151,-95.39299499916109
29.757452840853116,-95.3930049982531
29.75745275813397,-95.3930149973451
29.757452667142044,-95.39302599634628
29.757452584421312,-95.39303599543821
29.757452501699845,-95.39304599453014
29.757452195414814,-95.39305700730762
29.757451913878118,-95.39306699677944
29.75745163234068,-95.39307698625117
29.75745134974966,-95.39308701307912
29.757451040056786,-95.39309800149795
29.757450758517013,-95.39310799096953
29.757450475923637,-95.39311801779766
29.757450166228196,-95.3931290062163
29.757449884686096,-95.3931389956877
29.757449603143254,-95.39314898515902
29.757449292392383,-95.39316001093442
29.757449010847957,-95.39317000040568
29.757448729302777,-95.39317998987684
29.757448418549334,-95.39319101565238
29.75744813700257,-95.39320100512347
29.757447855455066,-95.39321099459447
29.757447545751944,-95.39322198301247
29.75744726314995,-95.39323200984106
29.75744698160011,-95.3932419993119
29.75744670004952,-95.39325198878265
29.75744638929008,-95.39326301455847
29.75744610773792,-95.39327300402914
29.757445826185,-95.39328299349972
29.75744551647593,-95.3932939819173
29.757445233868488,-95.39330400874618
29.757444952313243,-95.39331399821663
29.757444642601605,-95.39332498663398
29.757444359991815,-95.39333501346302
29.757444078434236,-95.3933450029333
29.75744376872004,-95.3933559913505
29.757443486107903,-95.39336601817969
29.757443204547997,-95.39337600764982
29.757442894831243,-95.39338699606682
29.757442613269763,-95.39339698553675
29.757442330654523,-95.39340701236611
29.757442020935198,-95.39341800078294
29.757441739371387,-95.39342799025272
29.757441456753806,-95.39343801708223
29.75744117518849,-95.39344800655194
29.75744086546578,-95.3934589949685
29.75744058389889,-95.39346898443803
29.757440301278205,-95.39347901126769
29.757439991363782,-95.39348999966975
29.75743970348966,-95.39349998866172
29.757439414513982,-95.39351001585068
29.757439097850753,-95.39352100374175
29.7574388099743,-95.39353099273353
29.7574385220971,-95.39354098172524
29.757438204330477,-95.39355200781353
29.757437916451703,-95.39356199680515
29.75743762857217,-95.39357198579668
29.75743731080297,-95.39358301188508
29.757437022921863,-95.39359300087652
29.757436735040006,-95.3936029898679
29.757436417268217,-95.39361401595643
29.757436129384782,-95.39362400494772
29.757435841500595,-95.39363399393893
29.757435524827123,-95.39364498182914
29.757435235840468,-95.39365500901869
29.757434919165252,-95.39366599690882
29.75743463127791,-95.39367598589975
29.757434342288903,-95.39368601308946
29.757434025611136,-95.3936970009794
29.757433737721467,-95.39370698997017
29.75743344873012,-95.39371701716
29.757433132049783,-95.39372800504977
29.75743284415778,-95.39373799404036
29.75743255626503,-95.39374798303088
29.757432238481183,-95.39375900911992
29.75743195058685,-95.39376899811037
29.757431662691776,-95.3937789871007
29.757431344905356,-95.39379001318986
29.757431057008695,-95.39380000218013
29.757430769111284,-95.39380999117031
29.75743045132228,-95.3938210172596
29.757430163423297,-95.3938310062497
29.75742987552355,-95.39384099523971
29.757429558832975,-95.39385198312861
29.757429269830652,-95.39386201031905
29.757428981928584,-95.3938719993089
29.757428665235437,-95.39388298719764
29.757428376230774,-95.39389301438821
29.75742808832637,-95.39390300337787
29.757427771630674,-95.39391399126643
29.75742748262365,-95.39392401845713
29.75742719471692,-95.39393400744665
29.75742687801866,-95.39394499533502
29.75742659011036,-95.39395498432434
29.757426301100235,-95.39396501151519
29.75742598439942,-95.39397599940337
29.75742569648878,-95.39398598839253
29.757425407476315,-95.39399601558355
29.757425090772927,-95.39400700347154
29.75742480285997,-95.39401699246052
29.757424514946262,-95.39402698144941
29.757424210894687,-95.39403800769911
29.757423936033344,-95.39404799766477
29.75742366117126,-95.39405798763033
29.757423357818638,-95.39406901306296
29.75742308295498,-95.39407900302847
29.757422808090553,-95.39408899299389
29.757422505738827,-95.39409998195575
29.75742222986936,-95.39411000839198
29.75742195500261,-95.39411999835724
29.757421680135106,-95.39412998832243
29.75742137677651,-95.39414101375533
29.757421101907426,-95.39415100372044
29.757420827037596,-95.39416099368546
29.75742052467991,-95.3941719826469
29.757420248804998,-95.39418200908347
29.757419973932844,-95.39419199904833
29.757419671572606,-95.3942029880096
29.757419395695337,-95.39421301444631
29.75741912082085,-95.39422300441102
29.757418845945608,-95.39423299437566
29.75741854358198,-95.39424398333666
29.75741826770162,-95.39425400977355
29.757417992824053,-95.39426399973802
29.75741769045786,-95.39427498869883
29.757417414575148,-95.39428501513586
29.75741713969525,-95.3942950051002
29.7574168373265,-95.39430599406086
29.75741656244502,-95.394315984025
29.75741628655921,-95.39432601046224
29.757416011676227,-95.39433600042629
29.757415709304095,-95.39434698938669
29.75741543341593,-95.39435701582404
29.75741515853062,-95.39436700578798
29.757414856155922,-95.39437799474821
29.757414581269035,-95.39438798471197
29.757414305377782,-95.39439801114949
29.757414030489386,-95.39440800111318
29.7574137281113,-95.39441899007315
29.75741345221769,-95.39442901651083
29.757413177326974,-95.39443900647437
29.757412874946322,-95.39444999543417
29.757412600054028,-95.39445998539752
29.757412324157315,-95.39447001183538
29.757412021774105,-95.394481000795
29.757411746879477,-95.39449099075821
29.757411470980422,-95.39450101719622
29.75741119608429,-95.39451100715935
29.757410893697685,-95.39452199611871
29.757410618799984,-95.39453198608169
29.757410342897835,-95.39454201251986
29.75741004050866,-95.39455300147907
29.757409765608635,-95.39456299144187
29.757409489704123,-95.3945730178802
29.757409187312398,-95.3945840068392
29.757408912410032,-95.39459399680189
29.757408637506924,-95.39460398676447
29.757408361599314,-95.39461401320295
29.7574080592042,-95.3946250021617
29.757407784298763,-95.39463499212413
29.757407509392568,-95.39464498208648
29.757407205991125,-95.39465600752138
29.75740693108336,-95.39466599748363
29.75740665617484,-95.39467598744582
29.75740635277081,-95.39468701288085
29.757406077860715,-95.39469700284296
29.757405802949865,-95.39470699280498
29.757405588111894,-95.39471698828906
29.75740537335086,-95.39472701061527
29.757405137782627,-95.39473800391751
29.757404923628904,-95.39474799782857
29.75740470947443,-95.39475799173955
29.757404494710297,-95.394768014066
29.757404280554315,-95.39477800797698
29.757404044981875,-95.39478900127897
29.757403830824313,-95.3947989951898
29.757403616666004,-95.39480898910058
29.757403401898024,-95.39481901142729
29.757403328291993,-95.39483000286494
29.7574032625251,-95.39484000229103
29.757403196757462,-95.39485000171712
29.757403124412193,-95.39486100108577
29.75740305864297,-95.39487100051178
29.757402986295954,-95.3948819998804
29.757402920525156,-95.39489199930638
29.75740284817641,-95.39490299867497
29.757402782404036,-95.3949129981009
29.757402716630903,-95.39492299752683
29.757402644279587,-95.39493399689533
29.757402578504884,-95.39494399632122
29.757402506151838,-95.39495499568966
29.757402440318142,-95.39496500384317
29.75740236796335,-95.39497600321168
29.757402302185486,-95.39498600263758
29.757402236406858,-95.39499600206348
29.757402164049513,-95.39500700143194
29.757402098269317,-95.39501700085776
29.75740202591023,-95.39502800022616
29.757401960128448,-95.39503799965198
29.757401887767628,-95.39504899902032
29.757401821984274,-95.39505899844607
29.757401756200167,-95.39506899787185
29.757401683836772,-95.39507999724012
29.75740161805108,-95.3950899966658
29.757401545685962,-95.39510099603406
29.757401479841267,-95.39511100418883
29.7574014074744,-95.39512200355713
29.757401341685554,-95.39513200298286
29.75740127589596,-95.39514200240855
29.757401203526534,-95.39515300177679
29.757401137735354,-95.39516300120246
29.757401065364185,-95.39517400057063
29.75740099957143,-95.39518399999626
29.757400927198532,-95.3951949993644
29.757400861404196,-95.39520499878998
29.75740079560911,-95.39521499821552
29.75740072323365,-95.39522599758362
29.757400657436975,-95.39523599700914
29.757400585059777,-95.39524699637717
29.757400519261537,-95.39525699580264
29.757400446825148,-95.39526800390131
29.757400381025317,-95.39527800332685
29.757400308644645,-95.3952890026949
29.757400242843236,-95.39529900212038
29.757400177041077,-95.39530900154584
29.757400104657837,-95.39532000091384
29.7574000388541,-95.39533000033927
29.757399966469123,-95.39534099970722
29.75739990066381,-95.3953509991326
29.7573996591569,-95.39536198999798
29.75739943749106,-95.39537201283818
29.757399194371203,-95.39538300570385
29.757398973352366,-95.39539299921802
29.757398730230772,-95.39540399208354
29.75739850856176,-95.39541401492397
29.757398265438425,-95.39542500778944
29.757398022314195,-95.39543600065483
29.757397801291372,-95.39544599416875
29.7573975581654,-95.39545698703398
29.757397336492385,-95.3954670098747
29.757397093364673,-95.39547800273988
29.757396872338692,-95.39548799625362
29.75739662920925,-95.39549898911866
29.75739640753306,-95.39550901195963
29.757396164401875,-95.39552000482462
29.757395943372746,-95.39552999833818
29.757395700239822,-95.39554099120302
29.75739545645735,-95.39555201339557
29.7573952354258,-95.39556200690902
29.757394992290244,-95.39557299977375
29.757394771257122,-95.39558299328706
29.75739452811982,-95.39559398615162
29.757394306436446,-95.3956040089931
29.7573939871406,-95.39561499950108
29.75739369506558,-95.39562498816905
29.757393401856593,-95.39563501559141
29.75739308057237,-95.39564600312609
29.757392788495018,-95.3956559917939
29.75739249528369,-95.39566601921639
29.757392173996905,-95.39567700675089
29.75739188191721,-95.39568699541852
29.757391589836786,-95.39569698408606
29.75739126741419,-95.39570801037544
29.75739097533217,-95.39571799904292
29.75739068324942,-95.39572798771029
29.757390360824246,-95.3957390139998
29.757390068739902,-95.39574900266706
29.757389747446265,-95.39575999020099
29.757389454227056,-95.39577001762392
29.75738916214039,-95.39578000629102
29.757388840844193,-95.39579099382476
29.75738854875594,-95.39580098249169
29.757388255533634,-95.39581100991475
29.75738793423487,-95.3958219974483
29.757387642144295,-95.39583198611506
29.75738734891964,-95.39584201353826
29.757387027618314,-95.39585300107161
29.757386735525408,-95.3958629897382
29.757386442298404,-95.39587301716153
29.757386120994514,-95.3958840046947
29.757385828899288,-95.39589399336111
29.757385536803305,-95.39590398202746
29.757385214363484,-95.39591500831757
29.75738492226593,-95.39592499698382
29.75738463016761,-95.39593498564997
29.757384307725218,-95.39594601194021
29.757384015625327,-95.39595600060629
29.75738369431458,-95.39596698813888
29.757383401079707,-95.39597701556264
29.75738310897749,-95.39598700422854
29.757382787664188,-95.39599799176095
29.757382494426963,-95.39600801918483
29.757382202322415,-95.39601800785056
29.75738188100654,-95.39602899538278
29.757381588900426,-95.39603898404833
29.757381295660103,-95.39604901147239
29.757380974341665,-95.3960599990044
29.75738068223321,-95.39606998766976
29.75738038899054,-95.39608001509394
29.757380067669555,-95.39609100262577
29.757379775558768,-95.396100991291
29.757379482313752,-95.39611101871532
29.757379160990194,-95.39612200624696
29.757378868877083,-95.39613199491198
29.757378576763223,-95.39614198357694
29.757378254303603,-95.3961530098679
29.75737796218817,-95.39616299853276
29.757377670071975,-95.39617298719755
29.757377347609772,-95.39618401348862
29.757377055492007,-95.39619400215331
29.757376734161596,-95.39620498968436
29.7573764409087,-95.39621501710913
29.757376148788605,-95.39622500577364
29.757375827455633,-95.39623599330451
29.757375535333964,-95.39624598196886
29.757375242077973,-95.39625600939374
29.757374920742436,-95.39626699692442
29.757374628618432,-95.3962769855886
29.757374335360094,-95.39628701301365
29.757374014021995,-95.39629800054414
29.75737372189566,-95.39630798920813
29.757373428634978,-95.39631801663327
29.757373107294313,-95.39632900416359
29.75737281516566,-95.39633899282741
29.757372523036246,-95.39634898149116
29.757372200559406,-95.39636000778285
29.757371908428418,-95.3963699964465
29.75737161629667,-95.39637998511004
29.75737129400576,-95.39639101107828
29.757371010326974,-95.39640100038912
29.757370698279445,-95.39641198863097
29.757370413530154,-95.39642201558215
29.75737012984904,-95.39643200489283
29.757369817798956,-95.39644299313449
29.757369534116265,-95.39645298244498
29.757369249363876,-95.39646300939633
29.75736893731122,-95.3964739976378
29.757368653626198,-95.39648398694814
29.757368340502843,-95.39649501283067
29.757368056816244,-95.39650500214094
29.757367773128898,-95.39651499145111
29.757367460002957,-95.39652601733374
29.75736717631403,-95.39653600664384
29.757366892624354,-95.39654599595386
29.75736658056485,-95.3965569841948
29.757366295804587,-95.39656701114657
29.757365983743338,-95.39657799938743
29.7573657000505,-95.39658798869718
29.757365415287893,-95.3965980156491
29.75736510322409,-95.39660900388975
29.757364819528927,-95.39661899319935
29.757364535833013,-95.39662898250889
29.75736422269759,-95.39664000839191
29.757363939000108,-95.39664999770133
29.757363626931994,-95.39666098594162
29.757363342163867,-95.39667101289385
29.757363058464044,-95.39668100220312
29.757362746393383,-95.39669199044323
29.757362461622904,-95.39670201739561
29.757362149550485,-95.39671300563562
29.757361865847518,-95.39672299494462
29.757361582143798,-95.39673298425356
29.757361268999723,-95.39674401013698
29.757360985294415,-95.39675399944585
29.75736070158836,-95.39676398875461
29.757360388441715,-95.39677501463817
29.757360104734076,-95.39678500394683
29.757359792654817,-95.39679599218628
29.757359508945612,-95.39680598149481
29.7573592241665,-95.39681600844764
29.75735891208468,-95.39682699668694
29.757358628373147,-95.3968369859953
29.75735834359169,-95.39684701294824
29.757358031507305,-95.39685800118735
29.757357747793442,-95.39686799049554
29.757357434638127,-95.39687901637949
29.757357150922683,-95.3968890056876
29.757356867206493,-95.39689899499561
29.75735655511781,-95.39690998323434
29.757356270330828,-95.39692001018761
29.757355986612303,-95.39692999949548
29.75735567452106,-95.39694098773401
29.757355389731728,-95.39695101468745
29.757355077638756,-95.39696200292592
29.757354793917077,-95.39697199223352
29.757354509125403,-95.39698201918709
29.757354197029855,-95.39699300742537
29.75735391330585,-95.3970029967328
29.757353629581097,-95.39701298604014
29.75735331641372,-95.39702401192461
29.757353032687384,-95.39703400123189
29.757352720587555,-95.39704498946978
29.75735243579034,-95.39705501642366
29.757352152061678,-95.39706500573078
29.757351839959277,-95.3970759939685
29.757351556229043,-95.39708598327542
29.757351271428742,-95.39709601022946
29.75735095932378,-95.39710699846701
29.757350675591212,-95.39711698777377
29.757350362415185,-95.39712801365863
29.757350078681036,-95.39713800296532
29.757349794946133,-95.39714799227193
29.75734948176753,-95.39715901815693
29.757349198031047,-95.39716900746345
29.75734888975466,-95.39717999698443
29.75734868372028,-95.39718999134868
29.757348477121564,-95.39720001305092
29.757348250482057,-95.39721100685158
29.75734804444534,-95.39722100121574
29.757347838407878,-95.39723099557986
29.7573476117658,-95.3972419893803
29.757347405163156,-95.39725201108281
29.75734719912337,-95.39726200544683
29.75734697247873,-95.39727299924718
29.757346766437358,-95.39728299361107
29.757346560395238,-95.39729298797488
29.757346333184415,-95.39730400911411
29.75734612714071,-95.39731400347789
29.757345921096253,-95.39732399784161
29.757345694446492,-95.39733499164164
29.757345487836826,-95.39734501334473
29.757345281790045,-95.39735500770837
29.757345055137712,-95.3973660015083
29.75734484908935,-95.39737599587181
29.757344643040238,-95.39738599023525
29.75734441582169,-95.39739701137496
29.757344209771,-95.3974070057384
29.757344003719556,-95.39741700010177
29.757343777062097,-95.39742799390137
29.75734357100908,-95.39743798826458
29.75734336439163,-95.39744800996827
29.757343137731606,-95.39745900376778
29.757342931676256,-95.39746899813093
29.75734272562016,-95.397478992494
29.75734249895758,-95.39748998629332
29.757342292336197,-95.39750000799727
29.757342086277767,-95.39751000236026
29.75734185961262,-95.39752099615947
29.757341653552608,-95.39753099052231
29.75734144692813,-95.39754101222655
29.75734122026042,-95.39755200602568
29.75734101419808,-95.39756200038842
29.757340808134995,-95.39757199475112
29.757340581464717,-95.39758298855003
29.757340374836303,-95.39759301025455
29.757340168770885,-95.39760300461715
29.75733994209805,-95.39761399841595
29.75733973603105,-95.3976239927784
29.7573395299633,-95.39763398714084
29.757339302724144,-95.3976450082819
29.757339096654817,-95.39765500264429
29.757338890584734,-95.39766499700661
29.757338663906772,-95.3976759908051
29.757338457271338,-95.39768601251016
29.757338251198927,-95.3976960068724
29.7573380245184,-95.39770700067079
29.757337818444412,-95.3977169950329
29.757337612369664,-95.39772698939494
29.757337385122785,-95.39773801053651
29.757337179046466,-95.39774800489852
29.757336952361644,-95.39775899869666
29.75733674628374,-95.39776899305855
29.757336540205095,-95.39777898742037
29.757336312953896,-95.39779000856221
29.757336106873666,-95.39780000292401
29.757335900792686,-95.39780999728573
29.75733567410274,-95.39782099108356
29.75733546745634,-95.39783101278948
29.757335261373026,-95.39784100715113
29.757335034680523,-95.39785200094886
29.75733482859563,-95.39786199531036
29.757334622509987,-95.39787198967181
29.757334395251053,-95.39788301081417
29.75733418916384,-95.39789300517559
29.757333983075867,-95.39790299953695
29.757333756378237,-95.39791399333437
29.75733355028869,-95.39792398769559
29.757333343634507,-95.39793400940212
29.7573331169343,-95.39794500319944
29.757332910842425,-95.39795499756056
29.757332704749793,-95.39796499192164
29.757332477483136,-95.39797601306452
29.757332271388922,-95.39798600742556
29.757332065293966,-95.39799600178654
29.757331838588648,-95.39800699558356
29.757331632492107,-95.3980169899444
29.7573314258309,-95.39802701165146
29.757331199123016,-95.39803800544837
29.75733099302414,-95.39804799980912
29.75733078692452,-95.39805799416985
29.757330560214076,-95.39806898796652
29.75733035354894,-95.39807900967388
29.757330147446986,-95.39808900403449
29.75732992073397,-95.3980999978311
29.75732971463044,-95.39810999219156
29.757329508526166,-95.39811998655198
29.757329196722605,-95.39813100746292
29.75732891112216,-95.39814099662829
29.757328625520948,-95.39815098579359
29.757328310275284,-95.39816201177078
29.757328024672503,-95.39817200093599
29.757327739068966,-95.39818199010112
29.757327423820726,-95.39819301607844
29.75732713821561,-95.39820300524347
29.757326852609754,-95.39821299440845
29.757326538442438,-95.39822398248981
29.75732625175148,-95.39823400955076
29.757325966143288,-95.39824399871557
29.757325651973414,-95.39825498679676
29.757325365280117,-95.39826501385784
29.757325079669595,-95.39827500302249
29.75732476549716,-95.39828599110348
29.757324478801507,-95.39829601816471
29.75732419318866,-95.3983060073292
29.75732387901365,-95.39831699541003
29.757323593399235,-95.3983269845743
29.75732330670048,-95.39833701163569
29.757322992522923,-95.39834799971634
29.757322706906162,-95.39835798888046
29.75732242020507,-95.398368015942
29.75732210602495,-95.39837900402246
29.75732182040586,-95.39838899318642
29.757321534786026,-95.39839898235029
29.757321219519728,-95.39841000832837
29.75732093389832,-95.39841999749217
29.757320648276156,-95.39842998665587
29.757320333007282,-95.3984410126341
29.757320047383537,-95.3984510017977
29.757319761759046,-95.39846099096125
29.757319446487585,-95.39847201693958
29.757319160861517,-95.39848200610304
29.75731887523469,-95.39849199526644
29.75731856104433,-95.39850298334605
29.757318274332256,-95.39851301040817
29.757317988703107,-95.39852299957138
29.757317703073205,-95.39853298873453
29.75731738779575,-95.39854401471311
29.757317102164272,-95.39855400387616
29.757316816532047,-95.39856399303912
29.757316502335723,-95.39857498111827
29.757316215618214,-95.39858500818072
29.757315929983655,-95.39859499734352
29.75731561578477,-95.3986059854225
29.7573153290649,-95.39861601248508
29.757315043428004,-95.3986260016477
29.757314729226575,-95.3986369897265
29.75731444250436,-95.39864701678923
29.757314156865142,-95.39865700595169
29.757313842661137,-95.39866799403032
29.757313557020343,-95.39867798319261
29.757313270295022,-95.3986880102555
29.75731295608846,-95.3986989983339
29.757312670445344,-95.39870898749604
29.75731238371767,-95.39871901455906
29.75731206950855,-95.39873000263731
29.75731178386309,-95.39873999179927
29.757311497133085,-95.39875001886244
29.757311182921395,-95.3987610069405
29.75731089727361,-95.39877099610229
29.75731061162508,-95.398780985264
29.757310296327006,-95.39879201124349
29.757310010676893,-95.39880200040511
29.757309725026037,-95.39881198956665
29.757309409725373,-95.39882301554627
29.757309124072936,-95.39883300470773
29.757308838419746,-95.3988429938691
29.75730852420037,-95.39885398194653
29.757308237461732,-95.39886400901015
29.75730795180622,-95.39887399817137
29.757307637584283,-95.39888498624859
29.75730735084329,-95.39889501331236
29.75730706518545,-95.3989050024734
29.757306750960954,-95.39891599055044
29.75730646421762,-95.39892601761437
29.757306178557442,-95.39893600677524
29.757305864330384,-95.39894699485211
29.757305578668635,-95.3989569840128
29.75730529192219,-95.39896701107688
29.757304977692574,-95.39897799915356
29.75730469202849,-95.39898798831408
29.757304405279715,-95.39899801537828
29.75730357956216,-95.39900895745357
29.757302815074528,-95.39901898128635
29.757302050586123,-95.3990290051191
29.757301286096958,-95.39903902895182
29.75730044592387,-95.39905004512569
29.757299689091948,-95.39905996853733
29.75729892460043,-95.39906999236985
29.757298084424754,-95.39908100854346
29.75729731993163,-95.3990910323759
29.75729656309665,-95.39910095578693
29.757295722918393,-95.3991119719603
29.757294958422914,-95.39912199579254
29.75729419392666,-95.39913201962474
29.757293353745812,-95.39914303579798
29.757292596906947,-95.39915295920821
29.75729183240834,-95.39916298304021
29.757290992224892,-95.39917399921318
29.757290227724695,-95.39918402304512
29.757289463223717,-95.39919404687703
29.757288706381043,-95.39920397028651
29.757287866194186,-95.39921498645917
29.75728710169086,-95.39922501029089
29.757286337186766,-95.39923503412257
29.757285504656426,-95.39924594987227
29.75728474015074,-95.39925597370376
29.757283975644295,-95.39926599753524
29.757283135452248,-95.39927701370753
29.757282370944196,-95.39928703753893
29.757281614094577,-95.39929696094698
29.75728077389994,-95.39930797711902
29.757280009389532,-95.3993180009502
29.757279244878372,-95.39932802478138
29.75727848036643,-95.3993380486125
29.757277647827625,-95.39934896436054
29.75727688331411,-95.39935898819151
29.757276118799815,-95.39936901202243
29.75727527859915,-95.39938002819402
29.757274521742595,-95.39938995160067
29.757273757225956,-95.3993999754314
29.7572729170227,-95.39941099160275
29.757272152504456,-95.3994210154334
29.757271387985437,-95.39943103926403
29.757270555439003,-95.39944195501049
29.757269790918397,-95.39945197884096
29.757269026397022,-95.39946200267138
29.75726818618859,-95.39947301884231
29.75726742166562,-95.39948304267268
29.757266664801374,-95.39949296607779
29.75726590027689,-95.39950298990797
29.757265060065023,-95.3995140060786
29.75726429553893,-95.39952402990873
29.757263538671626,-95.39953395331322
29.757262698457176,-95.3995449694836
29.75726193392872,-95.39955499331353
29.75726116939952,-95.39956501714342
29.757260329182458,-95.39957603331365
29.75725957231128,-95.39958595671735
29.757258807779714,-95.39959598054705
29.757257967560076,-95.39960699671704
29.7572572030269,-95.39961702054666
29.757256438492963,-95.39962704437623
29.757255605930442,-95.39963796011945
29.757254841394904,-95.39964798394887
29.75725407685862,-95.39965800777826
29.757253312321566,-95.3996680316076
29.757252472095896,-95.39967904777716
29.75725171521703,-95.3996889711793
29.757250950677612,-95.39969899500845
29.757250110449366,-95.39971001117776
29.75724934590835,-95.39972003500685
29.75724858902642,-95.39972995840837
29.75724774879559,-95.39974097457741
29.757246984252205,-95.39975099840628
29.75724621970807,-95.39976102223514
29.757245379474636,-95.39977203840402
29.757244622588825,-95.39978196180475
29.75724385804234,-95.39979198563343
29.757243017806307,-95.39980300180207
29.757242253258223,-95.39981302563062
29.757241488709358,-95.39982304945917
29.75724073181974,-95.39983297285916
29.757239891580287,-95.3998439890275
29.75723912702907,-95.39985401285584
29.757238362477086,-95.39986403668414
29.757237529895107,-95.39987495242342
29.75723676534155,-95.39988497625156
29.757236000787206,-95.39989500007967
29.757235160542564,-95.39990601624763
29.757234395986625,-95.39991604007567
29.757233639090074,-95.39992596347423
29.75723279884285,-95.39993697964194
29.75723203428455,-95.39994700346978
29.7572312697255,-95.39995702729757
29.757230429475662,-95.39996804346514
29.757229672575228,-95.39997796686292
29.757228908013815,-95.39998799069052
29.757228143451634,-95.39999801451809
29.757227303198388,-95.40000903068535
29.757226546294902,-95.4000189540825
29.757225781730362,-95.40002897790987
29.75722494147452,-95.40003999407688
29.757224176908377,-95.40005001790416
29.75722341234147,-95.40006004173144
29.757222579743406,-95.40007095746745
29.75722181517491,-95.40008098129455
29.757221050605658,-95.40009100512162
29.757220210344624,-95.40010202128823
29.757219445773767,-95.40011204511522
29.757218688862583,-95.40012196851082
29.757217848598973,-95.4001329846772
29.757217084025758,-95.40014300850397
29.75721631945177,-95.40015303233073
29.757215562537535,-95.40016295572572
29.757214722270497,-95.40017397189179
29.75721395769415,-95.40018399571834
29.757213193117057,-95.40019401954487
29.75721235284741,-95.4002050357108
29.75721159592929,-95.40021495910499
29.757210831349838,-95.40022498293132
29.75720999107761,-95.400235999097
29.75720922649655,-95.40024602292324
29.757208461914722,-95.40025604674946
29.75720762930056,-95.40026696248222
29.757206864717148,-95.40027698630828
29.757206100132958,-95.4002870101343
29.75720500939827,-95.40029749285442
29.75720426064304,-95.40030803412216
29.757203273814714,-95.40031803584658
29.757202286985628,-95.40032803757089
29.75720120274797,-95.40033902654288
29.757200215917283,-95.40034902826699
29.75719922908583,-95.40035902999098
29.75719824225363,-95.40036903171486
29.757197158012538,-95.40038002068637
29.75719617117873,-95.40039002241006
29.757195184344155,-95.40040002413366
29.75719419750883,-95.40041002585714
29.757193113264318,-95.40042101482815
29.757192126427384,-95.40043101655144
29.75719113958969,-95.40044101827462
29.757190152751235,-95.4004510199977
29.7571890685033,-95.40046200896823
29.75718808166324,-95.40047201069109
29.757187094822427,-95.40048201241389
29.75718610798085,-95.40049201413656
29.757185023729484,-95.40050300310659
29.7571840368863,-95.40051300482907
29.757183050042364,-95.40052300655144
29.75718206319766,-95.4005330082737
29.757180978942877,-95.40054399724325
29.75717999209657,-95.4005539989653
29.757179005249508,-95.40056400068725
29.757178018401685,-95.40057400240913
29.757176934143462,-95.4005849913782
29.757175947294048,-95.40059499309982
29.757174960443855,-95.40060499482138
29.757173973592906,-95.40061499654284
29.75717288933126,-95.40062598551141
29.757171902478717,-95.40063598723265
29.75717091562541,-95.40064598895377
29.757169928771336,-95.40065599067484
29.757168844506264,-95.40066697964292
29.757167857650597,-95.40067698136376
29.757166870794165,-95.40068698308448
29.757165883936977,-95.40069698480511
29.757164799668473,-95.40070797377273
29.757163812809683,-95.40071797549315
29.75716282595013,-95.40072797721346
29.75716183908981,-95.4007379789337
29.757160754817885,-95.40074896790081
29.757159767955976,-95.40075896962082
29.757158781093292,-95.40076897134074
29.75715779422985,-95.40077897306055
29.7571567099545,-95.40078996202719
29.75715572308946,-95.4007999637468
29.757154736223658,-95.40080996546631
29.757153816260367,-95.40081997957141
29.757152893805593,-95.40083098819305
29.757152054370422,-95.40084100604504
29.75715121493448,-95.40085102389698
29.757150292477114,-95.40086203251839
29.757149453039574,-95.40087205037021
29.75714862283177,-95.40088195806536
29.757147700371814,-95.40089296668644
29.75714686093192,-95.40090298453798
29.75714602149127,-95.40091300238947
29.757145099028723,-95.40092401101035
29.757144259586457,-95.40093402886171
29.757143420143436,-95.40094404671302
29.757142497678295,-95.40095505533367
29.757141667464296,-95.40096496302745
29.757140828018915,-95.4009749808785
29.757139988572778,-95.4009849987295
29.757139066104212,-95.40099600734975
29.757138226656465,-95.4010060252006
29.757137387207962,-95.40101604305141
29.75713646473679,-95.40102705167145
29.75713563451743,-95.40103695936402
29.757134795066584,-95.40104697721458
29.757133872592828,-95.40105798583429
29.757133033140367,-95.40106800368468
29.757132193687145,-95.40107802153507
29.757131271210792,-95.40108903015457
29.75713043175596,-95.40109904800481
29.75712959230037,-95.40110906585501
29.75712867905231,-95.40111996431536
29.757127839595128,-95.40112998216532
29.757127000137185,-95.40114000001525
29.757126077655656,-95.40115100863419
29.757125238196103,-95.401161026484
29.757124398735794,-95.40117104433376
29.757123559274714,-95.40118106218344
29.757122646020758,-95.40119196064246
29.757121806558093,-95.40120197849195
29.75712096709467,-95.40121199634139
29.75712004460712,-95.4012230049597
29.757119205142082,-95.40123302280901
29.757118365676288,-95.40124304065826
29.757117443186143,-95.40125404927635
29.75711660371874,-95.4012640671255
29.75711577348172,-95.40127397481416
29.757114850988987,-95.40128498343194
29.75711401151924,-95.40129500128079
29.75711317204873,-95.4013050191296
29.757112249553398,-95.40131602774714
29.757111410081276,-95.40132604559582
29.757110570608397,-95.40133606344448
29.757109648110468,-95.40134707206181
29.757108817867266,-95.4013569797491
29.757107978392032,-95.40136699759745
29.75710713891603,-95.40137701544576
29.75710621641468,-95.4013880240627
29.757105376937073,-95.4013980419109
29.757104537458716,-95.40140805975904
29.757103614954758,-95.40141906837574
29.757102784706195,-95.40142897606184
29.75710194522548,-95.40143899390971
29.75710102271895,-95.40145000252609
29.757100183236624,-95.40146002037383
29.75709934375355,-95.40147003822153
29.757098504269695,-95.40148005606918
29.75709766478508,-95.40149007391675
29.757096834531215,-95.40149998160169
29.75709599504509,-95.40150999944906
29.757095155558197,-95.40152001729642
29.757094316070546,-95.40153003514368
29.757093476582124,-95.40154005299091
29.757092646324548,-95.40154996067498
29.757091806834612,-95.40155997852202
29.75709096734392,-95.40156999636898
29.757090492598202,-95.40157997008943
29.757090046873444,-95.40159000276313
29.757089603760004,-95.40159997664217
29.75708915803372,-95.4016100093159
29.757088714918783,-95.40161998319478
29.757088269190984,-95.40163001586853
29.757087826074553,-95.40163998974725
29.75708738034523,-95.40165002242105
29.757086937227296,-95.4016599962996
29.757086491496448,-95.40167002897341
29.757086048377015,-95.40168000285179
29.757085605256833,-95.40168997673004
29.757085159523715,-95.40170000940388
29.757085398724715,-95.40171004932365
29.757086013847164,-95.4017199988641
29.757086634014808,-95.40173003002232
29.757087249135758,-95.40173997956305
29.757087869301884,-95.40175001072134
29.75708848946724,-95.40176004187963
29.75708910458594,-95.4017699914207
29.75708972474978,-95.40178002257908
29.757090339867002,-95.4017899721204
29.75709096002932,-95.40180000327884
29.757091580190874,-95.40181003443725
29.757092195305837,-95.40181998397894
29.757092815465878,-95.40183001513743
29.7570941632593,-95.40183996381487
29.75709584545878,-95.40185003425283
29.757097527657468,-95.40186010469091
29.757099209855355,-95.40187017512912
29.757100856350547,-95.40188003183873
29.75710253854686,-95.40189010227724
29.757104220742377,-95.40190017271587
29.757106028314375,-95.40191099372437
29.757107710508244,-95.40192106416335
29.757109392701317,-95.40193113460245
29.75711103919189,-95.40194099131345
29.757112721383407,-95.40195106175287
29.757114403574104,-95.40196113219238
29.757116513732583,-95.40197116111199
29.75711897281311,-95.40198100900767
29.757121508304568,-95.4019911629103
29.75712396738351,-95.40200101080661
29.757126502873305,-95.40201116470973
29.757128961950684,-95.40202101260664
29.757131497438813,-95.4020311665102
29.757133956514608,-95.40204101440771
29.757136492001077,-95.40205116831174
29.757138951075298,-95.40206101620987
29.7571414865601,-95.40207117011437
29.75714394563275,-95.4020810180131
29.757146481115885,-95.40209117191806
29.75714894018696,-95.40210101981742
29.757151475668437,-95.40211117372282
29.75715370411324,-95.40212009803389
29.75715623959311,-95.40213025193972
29.757158956335083,-95.40214001819788
29.757162080991247,-95.40214996624594
29.757165205646597,-95.40215991429436
29.757168330301123,-95.40216986234316
29.757171454954825,-95.40217981039231
29.75717469535898,-95.40219012696264
29.75717754227118,-95.40219919076371
29.75718066692242,-95.40220913881383
29.757183791572842,-95.40221908686435
29.75718691622243,-95.40222903491524
29.757190040871205,-95.40223898296647
29.75719316551915,-95.4022489310181
29.757196290166277,-95.40225887907008
29.757199137073243,-95.40226794287327
29.757202261718778,-95.40227789092592
29.757205386363502,-95.40228783897896
29.75720862675807,-95.40229815555247
29.75721175140109,-95.40230810360616
29.75721487604329,-95.40231805166022
29.75721772294571,-95.40232711546517
29.75722084758632,-95.40233706351992
29.757223972226114,-95.40234701157506
29.757223876134553,-95.40235699794326
29.757223738505427,-95.40236799565793
29.75722361338724,-95.40237799358033
29.757223475548617,-95.40238900789649
29.757223350428852,-95.4023990058189
29.757223225308344,-95.40240900374128
29.7572230876749,-95.40242000145588
29.757222962552817,-95.40242999937817
29.757222837429975,-95.40243999730043
29.757222699793974,-95.40245099501489
29.757222574669555,-95.4024609929371
29.7572224493366,-95.40247100746161
29.757222311698037,-95.40248200517604
29.757222186571283,-95.4024920030982
29.757222048930984,-95.40250300081254
29.757221923802657,-95.40251299873464
29.75722179867357,-95.40252299665671
29.757221661030705,-95.40253399437093
29.757221535900047,-95.4025439922929
29.75722141056083,-95.40255400681804
29.757221272915405,-95.40256500453224
29.75722114778241,-95.4025750024542
29.757221010135247,-95.40258600016831
29.757220885000674,-95.40259599809019
29.75722075986535,-95.40260599601204
29.75722062221562,-95.40261699372604
29.757220496870907,-95.40262700825173
29.757220371733244,-95.40263700617356
29.757220234080954,-95.40264800388752
29.757220108941727,-95.40265800180927
29.75721998380174,-95.402667999731
29.75721984614689,-95.40267899744482
29.757219721005317,-95.40268899536645
29.757219583348725,-95.4026999930802
29.75721945799774,-95.40271000760653
29.75721933285384,-95.40272000552814
29.75721919519469,-95.40273100324188
29.757219070049214,-95.40274100116342
29.75721894490299,-95.40275099908492
29.75721880724127,-95.40276199679852
29.757218682093466,-95.40277199471996
29.757218556944913,-95.40278199264134
29.757218419072764,-95.4027930069604
29.757218293922634,-95.40280300488182
29.75721815625661,-95.4028140025953
29.757218031104895,-95.40282400051665
29.757217905952427,-95.40283399843793
29.75721776828384,-95.4028449961513
29.7572176431298,-95.4028549940725
29.757217517975004,-95.4028649919937
29.757217380095973,-95.40287600631335
29.7572172549396,-95.40288600423453
29.75721712978247,-95.40289600215569
29.757216992108766,-95.40290699986892
29.757216866950056,-95.40291699779002
29.757216729274603,-95.40292799550315
29.75721660411432,-95.40293799342416
29.757216478745377,-95.40294800795223
29.757216341067362,-95.40295900566537
29.75721621590475,-95.40296900358636
29.75721609074138,-95.40297900150729
29.757215953060804,-95.4029899992203
29.75721582789586,-95.40299999714118
29.757215690213545,-95.40301099485407
29.75721556504702,-95.40302099277486
29.757215439671818,-95.40303100730357
29.757215301986943,-95.40304200501646
29.757215176818075,-95.40305200293723
29.757215051648473,-95.40306200085797
29.757214913961032,-95.40307299857075
29.757214788789845,-95.40308299649139
29.7572146636179,-95.403092994412
29.757214525927903,-95.40310399212464
29.757214400546445,-95.40311400665398
29.757214262854703,-95.40312500436664
29.757214137679604,-95.40313500228721
29.757214012503756,-95.40314500020772
29.757213874809445,-95.40315599792024
29.757213749632015,-95.4031659958407
29.75721362445384,-95.40317599376111
29.757213486549013,-95.40318700808302
29.757213361369256,-95.40319700600345
29.757213236188747,-95.40320700392382
29.75721309848931,-95.40321800163623
29.75721297330722,-95.40322799955653
29.757212835606044,-95.40323899726884
29.757212710422376,-95.40324899518909
29.75721258523796,-95.40325899310929
29.75721244732624,-95.4032700074318
29.757212322140237,-95.403280005352
29.75721219695349,-95.40329000327218
29.757212059247188,-95.40330100098436
29.757211934058862,-95.40331099890444
29.757211808869776,-95.40332099682452
29.757211671160917,-95.40333199453653
29.75721154597026,-95.4033419924565
29.757211408051663,-95.40335300677962
29.757211282859416,-95.40336300469963
29.757211157666422,-95.40337300261959
29.757211019953257,-95.40338400033153
29.757210894758686,-95.40339399825142
29.757210769563372,-95.40340399617125
29.75721063184764,-95.40341499388306
29.757210506650736,-95.40342499180284
29.757210381245073,-95.40343500633456
29.757210243526774,-95.40344600404633
29.75721011832755,-95.4034560019661
29.75720998060752,-95.4034669996778
29.757209855406703,-95.40347699759747
29.757209730205147,-95.4034869955171
29.75720959248255,-95.40349799322865
29.75720946707137,-95.40350800776093
29.757209341867473,-95.40351800568057
29.757209204142324,-95.40352900339211
29.757209078936853,-95.40353900131164
29.75720894120996,-95.40354999902311
29.7572088160029,-95.40355999694258
29.7572086907951,-95.40356999486201
29.757208553065645,-95.40358099257335
29.7572084276482,-95.40359100710623
29.75720830243807,-95.40360100502564
29.757208164706046,-95.40361200273696
29.75720803949433,-95.4036220006563
29.757207914281867,-95.40363199857559
29.75720777654729,-95.40364299628678
29.757207651333243,-95.403652994206
29.757207513596924,-95.4036639919171
29.757207388173217,-95.40367400645059
29.757207262956836,-95.4036840043698
29.75720712521796,-95.40369500208087
29.757207,-95.403705
29.757206783788202,-95.4037149937934
29.75720654595435,-95.4037259869661
29.7572063291203,-95.40373600944783
29.757206112906175,-95.40374600324112
29.757205875069754,-95.4037569964137
29.75720565885405,-95.40376699020686
29.757205442016904,-95.40377701268885
29.757205204177925,-95.4037880058613
29.75720498795988,-95.40379799965436
29.75720477174109,-95.40380799344737
29.757204533899557,-95.4038189866196
29.757204317058473,-95.40382900910188
29.757204100837356,-95.40383900289478
29.75720388461549,-95.4038489966876
29.757203646770556,-95.40385998985964
29.75720342992638,-95.40387001234217
29.757203213702176,-95.40388000613491
29.757202975854682,-95.40389099930684
29.757202759628907,-95.40390099309946
29.75720254340238,-95.40391098689199
29.757202304931575,-95.40392200875401
29.757202088703462,-95.40393200254651
29.757201872474603,-95.40394199633894
29.757201634621985,-95.40395298951056
29.757201417770776,-95.4039630119936
29.757201201539587,-95.40397300578591
29.757200963684408,-95.40398399895743
29.75720074745163,-95.40399399274962
29.757200531218118,-95.40400398654177
29.75720029273958,-95.40401500840429
29.757200076504482,-95.40402500219638
29.75719986026863,-95.40403499598841
29.757199622408322,-95.40404598915957
29.757199405550097,-95.40405601164314
29.75719918931191,-95.40406600543507
29.757198973072978,-95.40407599922693
29.75719873520928,-95.40408699239792
29.757198518968767,-95.40409698618964
29.75719830210668,-95.40410700867348
29.757198064240427,-95.40411800184434
29.757197847997585,-95.40412799563599
29.75719763175399,-95.40413798942755
29.757197390864057,-95.40414901503966
29.757197101193263,-95.40415900389374
29.757196811521727,-95.4041689927477
29.757196521849433,-95.40417898160159
29.757196202094434,-95.40419000777626
29.757195912420563,-95.40419999663007
29.757195622745943,-95.4042099854838
29.757195331955945,-95.40422001277324
29.757195013312163,-95.40423100051223
29.757194723635212,-95.40424098936577
29.75719443284287,-95.40425101665538
29.757194143164412,-95.40426100550884
29.757193824517252,-95.40427199324756
29.757193534837224,-95.40428198210085
29.757193244041773,-95.40429200939059
29.757192954360242,-95.40430199824381
29.757192635709693,-95.40431298598224
29.757192344911896,-95.40432301327212
29.75719205522804,-95.40433300212516
29.757191765543425,-95.40434299097814
29.757191445774776,-95.40435401715342
29.757191156088584,-95.4043640060063
29.757190866401647,-95.4043739948591
29.75719057671396,-95.40438398371181
29.7571902569419,-95.40439500988722
29.75718996725262,-95.40440499873986
29.757189677562607,-95.4044149875924
29.757189386757087,-95.40442501488272
29.757189068096373,-95.40443600262041
29.75718877840403,-95.40444599147277
29.75718848759615,-95.4044560187632
29.757188197902305,-95.40446600761551
29.7571878792382,-95.40447699535292
29.757187589542777,-95.40448698420505
29.7571872987318,-95.40449701149565
29.757187009034876,-95.40450700034766
29.75718669036738,-95.4045179880848
29.757186399836517,-95.40452800931293
29.757186224366333,-95.40453800522593
29.757186031348265,-95.40454900073017
29.75718585587651,-95.40455899664306
29.757185662856706,-95.40456999214719
29.757185486974645,-95.40458001134279
29.75718531150055,-95.4045900072556
29.757185118478183,-95.40460100275968
29.757184943002514,-95.40461099867238
29.7571847675261,-95.40462099458504
29.757184574501167,-95.40463199008892
29.757184398614424,-95.40464200928493
29.757184205587755,-95.40465300478877
29.757184030108178,-95.4046630007013
29.757183854627854,-95.4046729966138
29.757183661598624,-95.40468399211748
29.757183485707955,-95.40469401131384
29.757183310225294,-95.40470400722626
29.757183117193502,-95.40471500272987
29.75718294170926,-95.40472499864218
29.757182748675735,-95.40473599414567
29.75718257318992,-95.40474599005789
29.75718239729457,-95.40475600925464
29.757182204258473,-95.40476700475806
29.757182028770327,-95.40477700067018
29.757181853281427,-95.40478699658229
29.757181660242768,-95.4047979920855
29.75718148434349,-95.40480801128261
29.75718129130311,-95.40481900678583
29.757181115811044,-95.40482900269781
29.75718094031824,-95.4048389986097
29.757180747275285,-95.40484999411277
29.757180571780896,-95.40485999002458
29.757180395876937,-95.40487000922205
29.75718020283142,-95.40488100472504
29.757180027334698,-95.40489100063678
29.75717983428744,-95.40490199613964
29.757179658789152,-95.40491199205127
29.757179482881263,-95.40492201124908
29.757179289831438,-95.40493300675188
29.75717911433081,-95.40494300266346
29.757178938829437,-95.40495299857498
29.757178745777058,-95.40496399407758
29.757178570274096,-95.40497398998897
29.757178376811126,-95.40498500877834
29.757178201306587,-95.40499500468974
29.757178025801295,-95.4050050006011
29.757177832744617,-95.40501599610351
29.757177657237754,-95.40502599201474
29.75717748132126,-95.4050360112133
29.75717728826201,-95.40504700671565
29.757177112752814,-95.40505700262682
29.75717691969183,-95.40506799812904
29.757176744181063,-95.40507799404011
29.757176568669536,-95.40508798995113
29.757176375197083,-95.40509900874117
29.757176199683986,-95.40510900465215
29.75717602417013,-95.40511900056312
29.757175831104014,-95.40512999606509
29.757175655588583,-95.40513999197591
29.757175462111817,-95.40515101076632
29.7571752865948,-95.40516100667713
29.757175111077036,-95.40517100258789
29.75717491800663,-95.40518199808969
29.757174742487287,-95.40519199400036
29.757174566967187,-95.40520198991096
29.75717437348528,-95.40521300870172
29.75717419796361,-95.40522300461232
29.757174004888896,-95.4052340001139
29.757173829365648,-95.40524399602438
29.757173653841644,-95.40525399193483
29.75717346035541,-95.40526501072591
29.75717328482983,-95.40527500663633
29.7571731093035,-95.40528500254672
29.75717291622366,-95.40529599804806
29.75717274069575,-95.40530599395831
29.75717254761417,-95.40531698945954
29.757172371675704,-95.40532700865998
29.757172196145458,-95.40533700457019
29.757172003061317,-95.40534800007134
29.7571718275295,-95.40535799598143
29.757171651996927,-95.40536799189145
29.75717145850123,-95.40537901068323
29.75717128296708,-95.40538900659325
29.757171089878636,-95.40540000209421
29.757170914342908,-95.40540999800413
29.75717073880643,-95.40541999391401
29.757170545715425,-95.40543098941478
29.757170369768346,-95.40544100861595
29.757170194229534,-95.40545100452574
29.75717000113597,-95.40546200002647
29.757169825595586,-95.40547199593615
29.757169632500283,-95.40548299143676
29.757169456549274,-95.40549301063828
29.75716928100655,-95.40550300654789
29.75716908790869,-95.40551400204842
29.757168912364385,-95.40552399795794
29.757168719264794,-95.40553499345833
29.75716854371891,-95.40554498936775
29.757168367763224,-95.40555500856966
29.75716817466106,-95.40556600406998
29.757167999112852,-95.40557599997932
29.757167823563893,-95.4055859958886
29.75716763045917,-95.40559699138878
29.757167454499548,-95.40560701059103
29.757167261393086,-95.40561800609117
29.757167085840965,-95.40562800200034
29.757166910288092,-95.40563799790945
29.757166717179068,-95.40564899340943
29.757166541624624,-95.40565898931843
29.75716636566032,-95.40566900852107
29.75716617254874,-95.40568000402097
29.75716599699196,-95.40568999992992
29.757165803878628,-95.40570099542967
29.75716562832027,-95.40571099133851
29.757165452352048,-95.4057210105415
29.75716525923616,-95.40573200604119
29.757165083675474,-95.40574200194997
29.757164908114035,-95.40575199785869
29.757164714995582,-95.40576299335821
29.75716453943256,-95.40577298926681
29.757164345903234,-95.40578400806106
29.757164170338633,-95.40579400396966
29.757163994773286,-95.4058039998782
29.757163801650535,-95.40581499537754
29.75716362608361,-95.40582499128595
29.757163450106777,-95.40583501048968
29.757163256981457,-95.40584600598893
29.757163081412205,-95.40585600189732
29.75716288828515,-95.40586699739646
29.757162712714315,-95.40587699330472
29.75716253714273,-95.40588698921292
29.757162343603934,-95.40589800800785
29.75716216803077,-95.40590800391607
29.757161992456854,-95.4059179998242
29.757161799324678,-95.4059289953231
29.757161623749177,-95.40593899123114
29.757161430206057,-95.4059500100264
29.75716125462899,-95.40596000593442
29.757161079051155,-95.40597000184238
29.757160885914683,-95.40598099734109
29.757160710335278,-95.40599099324895
29.757160534755123,-95.40600098915677
29.757160341206863,-95.4060120079524
29.757160165625123,-95.40602200386017
29.757159972484345,-95.40603299935869
29.75715979690103,-95.40604299526638
29.757159621316962,-95.40605299117401
29.75715942776439,-95.40606400996998
29.757159252178745,-95.4060740058776
29.757159076592345,-95.40608400178517
29.757158883446444,-95.40609499728342
29.757158707858466,-95.4061049931909
29.757158514710827,-95.40611598868904
29.75715833871201,-95.40612600789464
29.75715816312171,-95.40613600380203
29.7571579699715,-95.4061469993001
29.757157794379616,-95.40615699520737
29.75715761878698,-95.40616699111462
29.75715742522494,-95.40617800991127
29.75715724963072,-95.40618800581849
29.757157056476217,-95.40619900131638
29.757156880880427,-95.40620899722349
29.757156705283887,-95.40621899313054
29.757156512126816,-95.40622998862824
29.757156336119397,-95.40624000783458
29.757156160520516,-95.40625000374158
29.757155967360887,-95.40626099923922
29.757155791760436,-95.4062709951461
29.75715559859907,-95.40628199064362
29.757155422587715,-95.40629200985028
29.757155246984933,-95.40630200575711
29.757155053821,-95.40631300125455
29.757154878216635,-95.40632299716127
29.757154702611526,-95.40633299306793
29.757154509445034,-95.40634398856518
29.757154333429003,-95.40635400777224
29.75715414026077,-95.4063650032695
29.7571539646525,-95.40637499917604
