40.76702699884618,-111.85960688604705
40.76702999831008,-111.85960683310044
40.76702099991839,-111.85960699194023
40.7670120015267,-111.85960715077998
40.767003003135024,-111.85960730961968
40.766994004743324,-111.85960746845933
40.76698599604937,-111.8596076098288
40.76697699765768,-111.85960776866838
40.76696799926599,-111.85960792750791
40.766959000874294,-111.85960808634741
40.766950002482616,-111.85960824518685
40.76694100409093,-111.85960840402626
40.76693199557565,-111.85960856304432
40.76692299718396,-111.85960872188363
40.766913998792276,-111.8596088807229
40.76690600022189,-111.85960902191334
40.766897001830195,-111.85960918075253
40.766888003438496,-111.85960933959167
40.76687900504681,-111.85960949843079
40.766869996531526,-111.85960965744854
40.76686099813985,-111.85960981628757
40.766851999748155,-111.85960997512655
40.76684300135644,-111.85961013396549
40.766834002964764,-111.85961029280438
40.76682500457306,-111.85961045164323
40.7668169958791,-111.85961059301198
40.766807997464085,-111.85961075562957
40.76679899915341,-111.85961091841912
40.76679000084273,-111.85961108120861
40.766781002532056,-111.85961124399806
40.76677200422138,-111.8596114067875
40.766762995535295,-111.85961156976454
40.76675399722462,-111.85961173255387
40.766744998913936,-111.85961189534314
40.76673600060327,-111.85961205813238
40.76672700229258,-111.85961222092156
40.766718003981886,-111.85961238371071
40.76670899529583,-111.85961254668753
40.76670099679744,-111.8596126913889
40.766691998486756,-111.85961285417793
40.76668300017608,-111.85961301696689
40.76667400186539,-111.85961317975583
40.76666500355471,-111.8596133425447
40.76665599486863,-111.85961350552125
40.76664699655794,-111.85961366831005
40.766637998247255,-111.85961383109881
40.76662899993657,-111.8596139938875
40.76662000162588,-111.85961415667617
40.766611003315184,-111.8596143194648
40.76660200500451,-111.85961448225338
40.76659299631843,-111.85961464522961
40.76658399800774,-111.8596148080181
40.76657599950935,-111.85961495271894
40.76656700119866,-111.85961511550734
40.766558002887976,-111.8596152782957
40.76654900457728,-111.85961544108402
40.76653999589119,-111.85961560406
40.76653099758051,-111.85961576684822
40.76652199926982,-111.85961592963642
40.76651300095913,-111.85961609242455
40.76650400264842,-111.85961625521266
40.76649500433773,-111.85961641800071
40.76648599565166,-111.85961658097641
40.76647699734096,-111.85961674376438
40.76646799903026,-111.8596169065523
40.76645900071956,-111.85961706934017
40.766451002221174,-111.85961721404048
40.76644200391047,-111.85961737682827
40.76643299522439,-111.85961753980372
40.766423996913694,-111.85961770259142
40.766414998603,-111.85961786537908
40.76640600029229,-111.85961802816671
40.766397001981595,-111.85961819095428
40.766388003670905,-111.8596183537418
40.76637899498481,-111.85961851671698
40.766369996674115,-111.85961867950442
40.76636099836342,-111.85961884229182
40.7663520000527,-111.85961900507918
40.76634300174201,-111.85961916786648
40.76633400343131,-111.85961933065374
40.766325005120606,-111.85961949344097
40.76631699624682,-111.85961963832838
40.76630799793612,-111.85961980111551
40.766298999625405,-111.85961996390262
40.766290001314694,-111.85962012668966
40.766281003003996,-111.85962028947665
40.7662720046933,-111.85962045226361
40.76626299600721,-111.85962061523824
40.766253997696495,-111.8596207780251
40.76624499938578,-111.85962094081194
40.76623619958452,-111.85962099857466
40.76622699984581,-111.85962104479654
40.766218000031685,-111.8596209907952
40.76620900021756,-111.85962093679387
40.76620000040341,-111.85962088279256
40.76619100058929,-111.85962082879125
40.76618200077516,-111.85962077478996
40.76617300096102,-111.85962072078868
40.7661640011469,-111.85962066678744
40.7661560013121,-111.85962061878632
40.76614700149797,-111.8596205647851
40.76613800168383,-111.85962051078388
40.766128998427874,-111.85962045676203
40.76611999861374,-111.85962040276085
40.7661109987996,-111.85962034875968
40.76610199898547,-111.85962029475851
40.76609299917133,-111.85962024075738
40.7660839993572,-111.85962018675626
40.76607499954308,-111.85962013275514
40.76606599972894,-111.85962007875403
40.7660569999148,-111.85962002475296
40.76604800010066,-111.85961997075188
40.76603900028654,-111.85961991675083
40.766030000472405,-111.8596198627498
40.76602100065827,-111.85961980874877
40.76601200084414,-111.85961975474775
40.76600300103001,-111.85961970074676
40.76599400121587,-111.85961964674578
40.76598500140174,-111.8596195927448
40.7659760015876,-111.85961953874386
40.76596699833163,-111.85961948472227
40.76595799851749,-111.85961943072135
40.765948998703365,-111.85961937672045
40.76593999888924,-111.85961932271954
40.7659309990751,-111.85961926871866
40.76592199926097,-111.85961921471781
40.76591299944683,-111.85961916071695
40.76590499961204,-111.8596191127162
40.765895999797905,-111.8596190587154
40.76588699998377,-111.85961900471459
40.765878000169636,-111.8596189507138
40.76586900035551,-111.85961889671302
40.765860000541366,-111.85961884271224
40.76585100072723,-111.8596187887115
40.7658420009131,-111.85961873471076
40.76583300109897,-111.85961868071006
40.765824001284834,-111.85961862670933
40.7658150014707,-111.85961857270864
40.76580600165655,-111.85961851870798
40.76579699840059,-111.85961846468666
40.76578799858646,-111.85961841068602
40.765778998772326,-111.85961835668539
40.7657699989582,-111.85961830268477
40.76576099914405,-111.85961824868417
40.765751999329915,-111.85961819468358
40.76574299951578,-111.859618140683
40.76573399970165,-111.85961808668245
40.76572499988752,-111.8596180326819
40.765716000073375,-111.85961797868137
40.76570700025924,-111.85961792468086
40.765698000445106,-111.85961787068035
40.76568900063098,-111.85961781667987
40.76568000081684,-111.8596177626794
40.7656710010027,-111.85961770867894
40.765662001188566,-111.8596176546785
40.765654001353774,-111.85961760667813
40.765645001539646,-111.8596175526777
40.76563599828368,-111.85961749865666
40.76562699846953,-111.85961744465628
40.7656179986554,-111.8596173906559
40.765608998841266,-111.85961733665555
40.76559999902713,-111.85961728265521
40.76559099921299,-111.85961722865487
40.765581999398854,-111.85961717465456
40.76557299958472,-111.85961712065426
40.76556399977058,-111.85961706665398
40.76555499995644,-111.85961701265373
40.76554600014231,-111.85961695865346
40.76553700032817,-111.85961690465324
40.765528000514045,-111.859616850653
40.7655190006999,-111.85961679665279
40.76551000088577,-111.85961674265259
40.76550100107162,-111.85961668865242
40.7654920012575,-111.85961663465226
40.76548300144336,-111.85961658065212
40.76547400162922,-111.85961652665196
40.765464998373254,-111.8596164726312
40.76545599855911,-111.85961641863109
40.76544699874498,-111.859616364631
40.76543799893085,-111.85961631063091
40.76542899911669,-111.85961625663086
40.76541999930255,-111.8596162026308
40.765410999488424,-111.85961614863078
40.76540299965364,-111.85961610063076
40.7653939998395,-111.85961604663075
40.765385000025375,-111.85961599263075
40.76537600021123,-111.85961593863077
40.76536700039709,-111.85961588463083
40.76535800058295,-111.85961583063087
40.76534900076882,-111.85961577663095
40.76534000095468,-111.85961572263102
40.76533100114054,-111.85961566863111
40.765322001326396,-111.85961561463124
40.76531300151227,-111.85961556063135
40.765304001698134,-111.85961550663149
40.765294998442165,-111.859615452611
40.76528599862802,-111.85961539861117
40.76527699881388,-111.85961534461136
40.76526799899974,-111.85961529061154
40.765258999185605,-111.85961523661176
40.76524999937148,-111.85961518261199
40.765240999557335,-111.85961512861223
40.76523199974319,-111.85961507461249
40.76522299992905,-111.85961502061276
40.765214000114916,-111.85961496661305
40.76520500030078,-111.85961491261335
40.76519600048665,-111.85961485861367
40.7651870006725,-111.85961480461398
40.76517800085837,-111.85961475061434
40.76516900104422,-111.8596146966147
40.765160001230086,-111.85961464261507
40.76515200139529,-111.85961459461542
40.76514300158116,-111.85961454061581
40.7651339983252,-111.85961448659558
40.76512499851104,-111.859614432596
40.765115998696906,-111.85961437859646
40.76510699888277,-111.85961432459692
40.76509799906864,-111.85961427059739
40.765088999254495,-111.85961421659789
40.76507999944035,-111.85961416259839
40.765070999626204,-111.8596141085989
40.765061999812076,-111.85961405459943
40.765052999997934,-111.85961400059999
40.76504400247724,-111.8596138039815
40.76503600470397,-111.85961362778514
40.765026994574775,-111.85961342928594
40.76501799707984,-111.85961323106513
40.76500899958492,-111.85961303284436
40.76500100181165,-111.8596128566482
40.764992004316724,-111.85961265842755
40.76498299418751,-111.85961245992861
40.764974996414246,-111.85961228373257
40.764965998919315,-111.85961208551207
40.76495700142439,-111.85961188729163
40.76494900365111,-111.85961171109572
40.76493999906118,-111.85961175733183
40.764930999295984,-111.85961181802786
40.764921999530806,-111.85961187872385
40.764912999765635,-111.85961193941984
40.76490400000045,-111.8596120001158
40.76489500023526,-111.85961206081176
40.764886000470085,-111.85961212150768
40.76487700070491,-111.8596121822036
40.76486800093973,-111.8596122428995
40.76485900117454,-111.85961230359537
40.764850001409364,-111.85961236429124
40.76484100164417,-111.85961242498709
40.764832001879,-111.85961248568293
40.764822998245144,-111.85961254640483
40.764813998479966,-111.85961260710063
40.76480499871478,-111.85961266779643
40.764795998949594,-111.8596127284922
40.764786999184416,-111.85961278918795
40.76477799941924,-111.85961284988367
40.76476899965406,-111.85961291057939
40.764759999888874,-111.8596129712751
40.76475100012368,-111.85961303197078
40.7647420003585,-111.85961309266645
40.764733000593324,-111.85961315336209
40.76472400082814,-111.85961321405775
40.76471500106296,-111.85961327475336
40.76470600129778,-111.85961333544897
40.764697001532596,-111.85961339614455
40.76468800176741,-111.85961345684011
40.76467899813355,-111.85961351756177
40.76466999836837,-111.85961357825731
40.76466099860319,-111.85961363895282
40.76465199883801,-111.85961369964832
40.76464299907283,-111.85961376034382
40.764633999307634,-111.85961382103929
40.76462499954246,-111.85961388173475
40.76461599977727,-111.85961394243019
40.764607000012084,-111.8596140031256
40.76459800024691,-111.85961406382101
40.764589000481735,-111.8596141245164
40.76458000071654,-111.85961418521177
40.764571000951356,-111.85961424590712
40.76456200118618,-111.85961430660247
40.76455300142099,-111.8596143672978
40.76454400165581,-111.8596144279931
40.76453500189063,-111.85961448868838
40.764525998256765,-111.85961454940976
40.76451699849159,-111.85961461010501
40.764507998726394,-111.85961467080025
40.76449899896121,-111.85961473149548
40.764489999196044,-111.8596147921907
40.76448099943086,-111.85961485288588
40.764471999665666,-111.85961491358105
40.76446299990048,-111.85961497427621
40.764454000135295,-111.85961503497136
40.76444500037012,-111.85961509566648
40.76443600060493,-111.8596151563616
40.764427000839746,-111.8596152170567
40.76441800107456,-111.85961527775177
40.764409001309375,-111.85961533844683
40.7644000015442,-111.85961539914187
40.76439100177902,-111.8596154598369
40.764381998145154,-111.85961552055801
40.76437299837996,-111.859615581253
40.76436399861478,-111.85961564194797
40.7643549988496,-111.85961570264293
40.76434599908441,-111.85961576333789
40.76433699931922,-111.8596158240328
40.764327999554034,-111.85961588472773
40.76431899978885,-111.85961594542262
40.76431000002367,-111.8596160061175
40.76430100025849,-111.85961606681236
40.76429200049329,-111.85961612750721
40.764283000728106,-111.85961618820204
40.764274000962935,-111.85961624889686
40.76426500119775,-111.85961630959166
40.76425600143256,-111.85961637028643
40.764247001667364,-111.8596164309812
40.764238001902186,-111.85961649167595
40.76422899826832,-111.85961655239677
40.76421999850314,-111.85961661309148
40.76421099873796,-111.85961667378618
40.764201998972766,-111.85961673448087
40.76419299920757,-111.85961679517554
40.764183999442395,-111.85961685587019
40.76417499967721,-111.85961691656482
40.76416599991203,-111.85961697725944
40.76415700014683,-111.85961703795402
40.764148000381645,-111.85961709864861
40.76413900164947,-111.8596172167281
40.76413000255813,-111.85961733611943
40.764121003466805,-111.85961745551072
40.76411199676544,-111.85961757500291
40.7641029976741,-111.85961769439413
40.76409399858276,-111.85961781378532
40.76408499949142,-111.85961793317648
40.76407600040008,-111.85961805256758
40.76406700130874,-111.85961817195867
40.76405800221739,-111.85961829134975
40.76405000302509,-111.85961839747509
40.76404099632374,-111.85961851696706
40.7640319972324,-111.85961863635802
40.76402299814106,-111.85961875574894
40.764013999049716,-111.85961887513984
40.764004999958374,-111.85961899453072
40.76399600086703,-111.85961911392155
40.76398700177569,-111.85961923331236
40.763978002684354,-111.85961935270312
40.763969003593004,-111.85961947209387
40.76395999689164,-111.85961959158551
40.76395099780031,-111.85961971097619
40.76394199870896,-111.85961983036684
40.763932999617616,-111.85961994975744
40.76392400052628,-111.85962006914802
40.763916001333975,-111.85962017527295
40.763907002242625,-111.85962029466347
40.76389700031918,-111.8596203168564
40.76388800033509,-111.85962033265973
40.76387900035102,-111.85962034846308
40.763870000366936,-111.85962036426643
40.763861000382846,-111.85962038006979
40.76385200039877,-111.85962039587312
40.76384300041469,-111.85962041167646
40.76383400043062,-111.85962042747978
40.76382500044652,-111.85962044328312
40.76381500046422,-111.85962046084236
40.76380600048013,-111.85962047664567
40.76379700049605,-111.85962049244898
40.76378799950466,-111.85962050825407
40.76377899952058,-111.85962052405736
40.76376999953649,-111.85962053986067
40.76376099955241,-111.85962055566397
40.763751999568335,-111.85962057146726
40.763742999584245,-111.85962058727054
40.76373299960194,-111.85962060482974
40.76372399961786,-111.85962062063304
40.76371499963377,-111.85962063643629
40.763705999649694,-111.85962065223957
40.76369699966562,-111.85962066804282
40.763687999681544,-111.85962068384609
40.763678999697454,-111.85962069964934
40.763669999725074,-111.85962071478691
40.763660999739656,-111.8596207299094
40.76365199975424,-111.85962074503188
40.76364299976882,-111.85962076015436
40.76363399978339,-111.85962077527684
40.763623999799584,-111.85962079207957
40.763614999814166,-111.85962080720203
40.76360599982875,-111.8596208223245
40.76359699984331,-111.85962083744695
40.76358799985789,-111.85962085256939
40.763578999872465,-111.85962086769185
40.76356999988704,-111.85962088281428
40.76356099990163,-111.85962089793674
40.763551999916196,-111.85962091305916
40.76354299993077,-111.85962092818158
40.76353399994535,-111.85962094330402
40.76352499995992,-111.85962095842643
40.76351599997451,-111.85962097354886
40.763506999989076,-111.85962098867128
40.76349800000366,-111.85962100379368
40.76348900001824,-111.85962101891609
40.763480000032814,-111.8596210340385
40.763470000049004,-111.85962105084114
40.76346100006359,-111.85962106596354
40.76345200007817,-111.85962108108593
40.763443000092735,-111.85962109620831
40.76343400010731,-111.8596211113307
40.763425000121885,-111.85962112645306
40.76341600013647,-111.85962114157545
40.76340700015105,-111.85962115669781
40.76339800016562,-111.85962117182018
40.7633890001802,-111.85962118694253
40.76338000019477,-111.85962120206489
40.76337100020935,-111.85962121718724
40.76336200022393,-111.8596212323096
40.76335300023851,-111.85962124743195
40.763344000253085,-111.85962126255428
40.76333500026766,-111.85962127767661
40.763326000282234,-111.85962129279895
40.76331700029681,-111.85962130792127
40.76330700031301,-111.85962132472385
40.76329800032759,-111.85962133984617
40.763289000342155,-111.85962135496848
40.763280000356744,-111.85962137009079
40.76327100037132,-111.8596213852131
40.7632622,-111.8596214
40.76325300016297,-111.85962140643049
40.7632440001655,-111.85962141272131
40.763235000168024,-111.8596214190121
40.76322600017055,-111.85962142530292
40.76321700017307,-111.85962143159372
40.763209000175316,-111.85962143718555
40.763200000177825,-111.85962144347634
40.76319100018035,-111.85962144976715
40.76318200018288,-111.85962145605795
40.7631730001854,-111.85962146234874
40.76316400018792,-111.85962146863953
40.763155000190444,-111.85962147493032
40.76314600019297,-111.85962148122113
40.76313700019549,-111.85962148751192
40.76312800019802,-111.85962149380269
40.763118999799545,-111.85962150009377
40.76310999980207,-111.85962150638456
40.76310099980458,-111.85962151267533
40.76309199980712,-111.85962151896611
40.76308299980963,-111.8596215252569
40.763073999812164,-111.85962153154767
40.763064999814674,-111.85962153783844
40.763056999816925,-111.85962154343024
40.76304799981944,-111.85962154972101
40.76303899982197,-111.85962155601179
40.76302999982449,-111.85962156230255
40.76302099982701,-111.85962156859333
40.763011999829544,-111.85962157488407
40.763002999832054,-111.85962158117485
40.76299399983458,-111.85962158746561
40.762984999837094,-111.85962159375637
40.762975999839625,-111.85962160004713
40.76296699984215,-111.8596216063379
40.76295799984467,-111.85962161262864
40.76294899984718,-111.8596216189194
40.76293999984971,-111.85962162521015
40.76293099985224,-111.8596216315009
40.76292199985477,-111.85962163779165
40.762912999857285,-111.85962164408241
40.76290499985953,-111.85962164967417
40.762895999862046,-111.85962165596492
40.76288699986457,-111.85962166225566
40.762877999867094,-111.8596216685464
40.76286899986962,-111.85962167483713
40.762859999872134,-111.85962168112786
40.76285099987466,-111.85962168741861
40.76284199987719,-111.85962169370934
40.762833,-111.85962169999999
40.7628240030607,-111.85962158448125
40.762814996546545,-111.85962146883962
40.762805997397656,-111.85962135329257
40.76279699824878,-111.85962123774556
40.76278799909989,-111.85962112219858
40.76277899995101,-111.85962100665164
40.76277000080212,-111.85962089110473
40.76276100165324,-111.85962077555784
40.76275200250435,-111.85962066001099
40.76274200345004,-111.85962053162564
40.76273299693587,-111.85962041598428
40.76272399778698,-111.85962030043753
40.7627149986381,-111.8596201848908
40.762705999489214,-111.8596200693441
40.76269700034033,-111.85961995379745
40.76268800119143,-111.85961983825081
40.76267900204255,-111.85961972270421
40.762670002893664,-111.85961960715764
40.762660996379516,-111.85961949151654
40.76265199723063,-111.85961937597003
40.76264299808172,-111.85961926042356
40.76263399893284,-111.85961914487712
40.762624999783945,-111.8596190293307
40.76261600063506,-111.85961891378432
40.76260700148618,-111.85961879823797
40.76259800233728,-111.85961868269165
40.76258900318839,-111.85961856714538
40.76257999667423,-111.85961845150455
40.762570997525344,-111.85961833595832
40.76256099847102,-111.85961820757366
40.76255199932212,-111.8596180920275
40.762543000173245,-111.85961797648137
40.76253400102435,-111.85961786093529
40.76252500187545,-111.85961774538923
40.76251600272655,-111.8596176298432
40.76250700357767,-111.8596175142972
40.762497997063505,-111.85961739865665
40.76248899791463,-111.85961728311071
40.76247999876571,-111.85961716756482
40.76247099961683,-111.85961705201893
40.762462000467934,-111.85961693647309
40.762453001319045,-111.85961682092727
40.76244400217016,-111.8596167053815
40.76243500302127,-111.85961658983574
40.76242599650709,-111.85961647419546
40.7624169973582,-111.85961635864977
40.76240799820931,-111.85961624310411
40.762398999060416,-111.85961612755848
40.76238900000608,-111.8596159991745
40.762380000857185,-111.85961588362893
40.762371001708296,-111.8596157680834
40.7623620025594,-111.85961565253791
40.762353003410496,-111.85961553699244
40.76234399689633,-111.85961542135243
40.76233499774744,-111.85961530580704
40.76232599859854,-111.85961519026166
40.762316999449645,-111.85961507471633
40.76230800030075,-111.85961495917101
40.76229900115184,-111.85961484362574
40.762290002002956,-111.85961472808049
40.76228100285405,-111.85961461253528
40.76227199633989,-111.85961449689553
40.76226299719099,-111.85961438135037
40.762253998042084,-111.85961426580523
40.762244998893195,-111.85961415026016
40.762235999744284,-111.8596140347151
40.762227000595395,-111.85961391917007
40.76221800144649,-111.85961380362508
40.76220800239216,-111.85961367524177
40.76219900324326,-111.85961355969685
40.762189996729084,-111.85961344405739
40.762180997580195,-111.85961332851252
40.762171998431285,-111.85961321296769
40.76216300020281,-111.85961310070138
40.76215400026644,-111.85961313229546
40.76214500033007,-111.85961316388953
40.762136000393696,-111.85961319548359
40.762127000457326,-111.85961322707765
40.76211800052096,-111.85961325867169
40.76210900058458,-111.85961329026573
40.76210000064821,-111.85961332185975
40.762091000711834,-111.85961335345377
40.762082000775465,-111.85961338504778
40.762073000839095,-111.85961341664176
40.762064000902726,-111.85961344823578
40.762055000966356,-111.85961347982976
40.762045999016046,-111.8596135114308
40.762036999079676,-111.85961354302476
40.76202799914331,-111.85961357461872
40.76201899920693,-111.85961360621268
40.76200999927056,-111.85961363780662
40.76200099933419,-111.85961366940056
40.761991999397814,-111.85961370099447
40.76198299946145,-111.85961373258839
40.761973999525075,-111.85961376418228
40.761964999588706,-111.85961379577618
40.761956999645264,-111.85961382385965
40.76194799970888,-111.85961385545353
40.76193899977252,-111.85961388704742
40.76192999983615,-111.85961391864127
40.76192099989978,-111.85961395023513
40.76191199996341,-111.85961398182899
40.76190300002703,-111.85961401342281
40.761894000090656,-111.85961404501666
40.76188500015429,-111.85961407661047
40.76187600021792,-111.8596141082043
40.76186700028155,-111.85961413979808
40.76185800034517,-111.85961417139188
40.7618490004088,-111.85961420298568
40.761840000472425,-111.85961423457945
40.76183100053606,-111.85961426617322
40.761822000599686,-111.859614297767
40.7618130006633,-111.85961432936075
40.76180400072694,-111.8596143609545
40.76179500079057,-111.85961439254824
40.7617860008542,-111.85961442414195
40.76177700091782,-111.85961445573568
40.761768000981455,-111.8596144873294
40.76175899903115,-111.85961451893017
40.76174999909479,-111.85961455052386
40.76174099915842,-111.85961458211754
40.761731999222036,-111.85961461371122
40.76172299928566,-111.85961464530489
40.7617139993493,-111.85961467689854
40.76170499941292,-111.8596147084922
40.76169599947656,-111.85961474008585
40.76168699954018,-111.85961477167947
40.761677999603805,-111.8596148032731
40.761668999667435,-111.85961483486673
40.761659999731066,-111.85961486646033
40.76165099979469,-111.85961489805393
40.76164199985831,-111.85961492964752
40.76163299992194,-111.8596149612411
40.761623999985574,-111.85961499283468
40.7616150000492,-111.85961502442824
40.76160600011282,-111.8596150560218
40.76159700017646,-111.85961508761535
40.76158800024008,-111.85961511920888
40.76157900030371,-111.85961515080241
40.761570000367335,-111.85961518239596
40.76156100043096,-111.85961521398947
40.76155200049459,-111.85961524558297
40.76154300055822,-111.85961527717646
40.76153400062184,-111.85961530876996
40.761525000685474,-111.85961534036343
40.761516000749104,-111.8596153719569
40.761507000812735,-111.85961540355038
40.76149800087636,-111.85961543514382
40.76148900093998,-111.85961546673727
40.76148000100361,-111.85961549833071
40.76147099905331,-111.8596155299312
40.761461999116946,-111.85961556152463
40.76145299918057,-111.85961559311804
40.76144399924419,-111.85961562471144
40.761434999307816,-111.85961565630483
40.76142599937145,-111.85961568789823
40.76141699943508,-111.8596157194916
40.7614079994987,-111.85961575108497
40.76139899956233,-111.85961578267833
40.76138999962595,-111.85961581427168
40.761380999689585,-111.85961584586502
40.7613719997532,-111.85961587745837
40.76136299981684,-111.8596159090517
40.76135399988047,-111.859615940645
40.761344999944086,-111.8596159722383
40.761336000007724,-111.8596160038316
40.76132700007134,-111.8596160354249
40.76131800013498,-111.8596160670182
40.7613090001986,-111.85961609861147
40.761300000262224,-111.85961613020473
40.761291000325855,-111.85961616179799
40.76128200038948,-111.85961619339123
40.761273000453116,-111.85961622498448
40.76126500050967,-111.85961625306736
40.76125600057329,-111.85961628466059
40.761247000636914,-111.85961631625379
40.76123800070055,-111.85961634784701
40.761229000764175,-111.8596163794402
40.7612200008278,-111.8596164110334
40.76121100089143,-111.85961644262657
40.761202000955045,-111.85961647421976
40.76119299900475,-111.85961650581999
40.761183999068386,-111.85961653741315
40.76117499913201,-111.85961656900628
40.761165999195626,-111.85961660059942
40.76115699925925,-111.85961663219256
40.76114799932289,-111.85961666378567
40.76113899938651,-111.85961669537879
40.76112999945014,-111.8596167269719
40.76112099951377,-111.859616758565
40.76111199957739,-111.85961679015809
40.76110299964101,-111.85961682175116
40.76109399970464,-111.85961685334424
40.76108499976827,-111.8596168849373
40.76107599983189,-111.85961691653036
40.761066999895526,-111.85961694812339
40.76105799995916,-111.85961697971644
40.76104900002278,-111.85961701130945
40.7610400000864,-111.85961704290247
40.76103100015003,-111.85961707449549
40.761022000213664,-111.85961710608848
40.76101300027728,-111.85961713768148
40.76100400034091,-111.85961716927446
40.760995000404534,-111.85961720086745
40.760986000468165,-111.85961723246042
40.76097700053179,-111.85961726405338
40.76096800059542,-111.85961729564633
40.76095900065905,-111.85961732723926
40.76095000072267,-111.8596173588322
40.76094100078629,-111.85961739042513
40.76093200084991,-111.85961742201805
40.76092300091355,-111.85961745361095
40.76091400097717,-111.85961748520386
40.76090499902686,-111.85961751680381
40.7608959990905,-111.8596175483967
40.760886999154124,-111.85961757998956
40.76087799921775,-111.85961761158244
40.76086899928137,-111.85961764317528
40.760859999345,-111.85961767476813
40.76085099940864,-111.85961770636098
40.76084199947225,-111.85961773795381
40.76083299953588,-111.85961776954663
40.7608239995995,-111.85961780113944
40.76081499966313,-111.85961783273225
40.760805999726756,-111.85961786432505
40.76079699979038,-111.85961789591782
40.76078799985401,-111.85961792751061
40.76077899991763,-111.85961795910339
40.760769999981264,-111.85961799069615
40.760761000044894,-111.8596180222889
40.76075200010851,-111.85961805388166
40.76074300017214,-111.85961808547438
40.760734000235765,-111.85961811706711
40.76072500029939,-111.85961814865983
40.76071600036302,-111.85961818025255
40.76070700042664,-111.85961821184524
40.76069800049026,-111.85961824343794
40.76068900055389,-111.85961827503063
40.76068000061752,-111.8596183066233
40.76067100068115,-111.85961833821597
40.76066200074478,-111.85961836980863
40.760653001122655,-111.85961840194186
40.760644001245026,-111.85961844575638
40.76063500136741,-111.85961848957089
40.76062599869675,-111.85961853339899
40.76061699881913,-111.85961857721348
40.76060799894151,-111.85961862102795
40.76059899906388,-111.85961866484242
40.76058999918626,-111.85961870865687
40.76058099930864,-111.8596187524713
40.760571999431015,-111.85961879628573
40.760562999553386,-111.85961884010014
40.76055399967576,-111.85961888391455
40.76054499979814,-111.85961892772895
40.76053599992053,-111.85961897154331
40.76052700004291,-111.85961901535768
40.76051800016526,-111.85961905917205
40.76050900028765,-111.85961910298639
40.760500000410026,-111.85961914680071
40.760491000532404,-111.85961919061502
40.76048200065478,-111.85961923442935
40.76047300077715,-111.85961927824363
40.76046400089953,-111.85961932205792
40.76045500102192,-111.85961936587219
40.76044600114429,-111.85961940968646
40.76043700126666,-111.8596194535007
40.76042800138904,-111.85961949731494
40.76041899871838,-111.85961954114276
40.76040999884076,-111.85961958495697
40.76040099896313,-111.85961962877117
40.76039199908551,-111.85961967258537
40.76038199922148,-111.85961972126778
40.760372999343865,-111.85961976508196
40.760363999466236,-111.8596198088961
40.76035499958861,-111.85961985271024
40.760345999710985,-111.85961989652436
40.760336999833356,-111.85961994033848
40.76032799995574,-111.85961998415259
40.76031900007811,-111.85962002796668
40.76031000020049,-111.85962007178077
40.76030100032286,-111.85962011559484
40.76029200044525,-111.85962015940889
40.76028300056762,-111.85962020322295
40.76027400069,-111.85962024703696
40.76026500081237,-111.85962029085098
40.760256000934746,-111.859620334665
40.76024700105712,-111.859620378479
40.7602380011795,-111.85962042229298
40.76022900130188,-111.85962046610696
40.76021999863121,-111.85962050993452
40.760210998753585,-111.85962055374846
40.760201998875964,-111.85962059756241
40.760192998998335,-111.85962064137634
40.76018399912072,-111.85962068519025
40.760174999243084,-111.85962072900415
40.76016599936547,-111.85962077281805
40.76015699948784,-111.85962081663192
40.76014799961021,-111.85962086044579
40.760138999732604,-111.85962090425964
40.76012999985496,-111.8596209480735
40.76012099997733,-111.85962099188733
40.76011200009972,-111.85962103570114
40.760103000222095,-111.85962107951495
40.76009300035806,-111.85962112819695
40.76008400048044,-111.85962117201072
40.76007500060282,-111.8596212158245
40.76006600072519,-111.85962125963826
40.760057000847574,-111.859621303452
40.76004800096994,-111.85962134726574
40.76003900109231,-111.85962139107947
40.76003000121469,-111.85962143489317
40.76002100133707,-111.85962147870688
40.76001199866642,-111.85962152253416
40.76000299878878,-111.85962156634784
40.75999399891115,-111.85962161016151
40.75998499903353,-111.85962165397515
40.75997599915591,-111.85962169778881
40.759966999278284,-111.85962174160242
40.75995799940064,-111.85962178541604
40.759948999523026,-111.85962182922965
40.759939999645404,-111.85962187304324
40.759930999767775,-111.85962191685682
40.75992199989015,-111.85962196067038
40.75991300001252,-111.85962200448395
40.759904000134895,-111.8596220482975
40.75989500025727,-111.85962209211104
40.75988600037965,-111.85962213592455
40.75987700050202,-111.85962217973807
40.759868000624394,-111.85962222355155
40.759859000746765,-111.85962226736504
40.75985000086914,-111.85962231117851
40.75984100099153,-111.85962235499198
40.75983200111389,-111.85962239880543
40.759823001236256,-111.85962244261887
40.75981400135864,-111.8596224864323
40.75980399870158,-111.85962253512747
40.75979499882395,-111.85962257894087
40.75978599894631,-111.85962262275426
40.7597769990687,-111.85962266656765
40.75976799919108,-111.859622710381
40.75975899931345,-111.85962275419435
40.75974999943582,-111.8596227980077
40.75974099955819,-111.85962284182104
40.75973199968056,-111.85962288563435
40.75972299980294,-111.85962292944767
40.759713999925324,-111.85962297326095
40.75970500004769,-111.85962301707424
40.75969600017006,-111.85962306088751
40.75968700029244,-111.85962310470077
40.75967800041481,-111.85962314851402
40.75966900053719,-111.85962319232725
40.75966000065955,-111.85962323614048
40.75965100078193,-111.8596232799537
40.75964200090431,-111.8596233237669
40.759633001026685,-111.85962336758007
40.75962400114905,-111.85962341139326
40.75961500127142,-111.85962345520642
40.75960599860076,-111.85962349903316
40.759596998127854,-111.85962306620924
40.759588010652415,-111.85962262327133
40.75957899494023,-111.85962217894195
40.75957000746476,-111.85962173600427
40.759560991752565,-111.85962129167513
40.75955200427711,-111.85962084873769
40.759542988564895,-111.85962040440877
40.75953400108944,-111.8596199614716
40.75952501361397,-111.85961951853453
40.759515997901744,-111.85961907420598
40.75950701042627,-111.85961863126916
40.75949799471404,-111.85961818694084
40.759489007238564,-111.85961774400424
40.75948099013471,-111.85961734889133
40.75947200265923,-111.85961690595497
40.75946298694698,-111.85961646162711
40.759453999471496,-111.85961601869101
40.759445011996,-111.859615575755
40.75943599628374,-111.85961513142752
40.75942700880824,-111.85961468849176
40.75941799309597,-111.8596142441645
40.75940900562046,-111.859613801229
40.759399989908204,-111.85961335690199
40.75939100243269,-111.8596129139667
40.75938198672041,-111.85961246963994
40.75937299924488,-111.8596120267049
40.759364011769364,-111.85961158376998
40.759354996057084,-111.85961113944357
40.75934600858155,-111.8596106965089
40.759336992869265,-111.85961025218273
40.75932800539372,-111.85960980924828
40.75931898968142,-111.85960936492236
40.75931000220588,-111.85960892198817
40.75930201333872,-111.85960852826896
40.75929299762641,-111.85960808394339
40.75928401015085,-111.85960764100953
40.75927499443854,-111.85960719668421
40.75926600696297,-111.8596067537506
40.75925699125065,-111.85960630942549
40.75924799970728,-111.85960601579869
40.75923900508946,-111.85960572532181
40.759229991953916,-111.85960543424699
40.7592209973361,-111.85960514377027
40.75921200271829,-111.85960485329363
40.759204007502454,-111.85960459509224
40.759194994366915,-111.85960430401774
40.7591859997491,-111.85960401354131
40.759177005131285,-111.85960372306498
40.759167991995724,-111.8596034319907
40.7591589973779,-111.85960314151453
40.75915000276009,-111.85960285103843
40.759141008142265,-111.85960256056241
40.759132994408674,-111.85960230176354
40.759123999790845,-111.85960201128768
40.75911500517304,-111.85960172081188
40.75910599203746,-111.85960142973815
40.759096997419626,-111.85960113926252
40.759088002801796,-111.85960084878695
40.75907900818397,-111.85960055831147
40.75906999504839,-111.85960026723806
40.75906199983254,-111.85960000903778
40.75905300521471,-111.85959971856252
40.75904399207913,-111.85959942748933
40.75903499746129,-111.85959913701423
40.75902600284345,-111.85959884653923
40.75901700822561,-111.85959855606428
40.75900799509002,-111.8595982649914
40.75899900047217,-111.85959797451662
40.75899100525631,-111.85959771631688
40.75898095955855,-111.85959965624447
40.758972056676924,-111.85960148175835
40.7589630389204,-111.85960333082653
40.75895402116383,-111.85960517989422
40.758945003407185,-111.8596070289614
40.7589359856505,-111.85960887802808
40.75892696789375,-111.85961072709429
40.75891795013693,-111.85961257615999
40.75890904725491,-111.85961440167044
40.75890002949797,-111.85961625073516
40.75889000458385,-111.85961723490576
40.758881004799974,-111.85961729313003
40.758872001304276,-111.85961735137832
40.758863001520396,-111.85961740960256
40.75885400173652,-111.8596174678268
40.75884500195265,-111.85961752605103
40.75883600216878,-111.85961758427523
40.7588260024089,-111.85961764896877
40.75881700262503,-111.85961770719294
40.758808002841164,-111.85961776541708
40.758799003057284,-111.85961782364123
40.75879000327339,-111.85961788186535
40.758780999777706,-111.85961794011347
40.758771999993826,-111.85961799833757
40.75876200023396,-111.85961806303098
40.75875300045009,-111.85961812125504
40.758744000666205,-111.85961817947907
40.75873500088233,-111.8596182377031
40.75872600109845,-111.85961829592712
40.75871700131457,-111.85961835415112
40.75870700155472,-111.85961841884442
40.758698001770824,-111.85961847706838
40.75868899827514,-111.85961853531634
40.75867999849127,-111.85961859354028
40.75867100149267,-111.85961796712041
40.75866198847032,-111.8596172539678
40.75865197902721,-111.85961646197394
40.75864301124055,-111.85961575240098
40.758633998218166,-111.85961503924898
40.75862498519578,-111.85961432609717
40.758615020988344,-111.85961353768344
40.75860600796593,-111.85961282453202
40.75859699494351,-111.8596121113808
40.75858798192109,-111.85961139822979
40.75857901413436,-111.85961068865821
40.75856900469117,-111.85960989666633
40.75855999153598,-111.85960918321508
40.758552021182986,-111.85960854146609
40.75854300850986,-111.85960781579278
40.75853399583673,-111.85960709011967
40.75852602548371,-111.85960644837117
40.75851701281056,-111.85960572269843
40.7585080001374,-111.85960499702588
40.75850002978435,-111.8596043552779
40.75849002081705,-111.85960354938724
40.75848001184973,-111.85960274349685
40.75847000288239,-111.8596019376067
40.758459993915054,-111.85960113171677
40.7584499848932,-111.85960032787713
40.758441018069824,-111.85959960781362
40.758431009028,-111.85959880405701
40.75842199629986,-111.85959808030763
40.758411987258,-111.85959727655148
40.758403020434606,-111.8595965564888
40.75839400770643,-111.85959583274003
40.75838499321705,-111.85959515864722
40.758376021799755,-111.85959449012311
40.758367007763304,-111.85959381842333
40.75835899055098,-111.85959322100415
40.758350019133665,-111.85959255248056
40.75834100509719,-111.8595918807813
40.75833199106071,-111.85959120908223
40.75832401646752,-111.85959061483949
40.75831500243102,-111.85958994314078
40.75830603101365,-111.85958927461806
40.758297016977146,-111.8595886029197
40.758288999764765,-111.85958800550176
40.75827999805074,-111.85958777353851
40.75827099921274,-111.85958790853805
40.75826200037475,-111.85958804353756
40.75825300153676,-111.85958817853704
40.75824400269877,-111.85958831353649
40.75823500386078,-111.85958844853589
40.758225996416385,-111.85958858366436
40.75821699757839,-111.8595887186637
40.7582079987404,-111.85958885366298
40.758198999902405,-111.85958898866224
40.75819000106442,-111.85958912366146
40.758181002226415,-111.85958925866065
40.75817200338844,-111.8595893936598
40.75816299594405,-111.85958952878802
40.75815399710604,-111.85958966378709
40.75814499826805,-111.85958979878613
40.75813599943006,-111.85958993378513
40.75812700059206,-111.85959006878412
40.75811800175407,-111.85959020378303
40.75810900291607,-111.85959033878191
40.758099995471675,-111.85959047390989
40.758090996633676,-111.8595906089087
40.75808199779568,-111.85959074390749
40.75807299895769,-111.85959087890625
40.75806400011969,-111.85959101390495
40.75805500128168,-111.85959114890362
40.75804600244369,-111.85959128390226
40.75803700360569,-111.85959141890086
40.7580279961613,-111.85959155402853
40.758018997323305,-111.85959168902706
40.75800999712526,-111.85959185562504
40.75800100333995,-111.85959216773911
40.7579919896568,-111.85959248054363
40.75798299587148,-111.85959279265752
40.757974002086165,-111.85959310477133
40.75796500830084,-111.85959341688506
40.75795599461768,-111.85959372968924
40.75794700083237,-111.8595940418028
40.75793800704704,-111.85959435391628
40.75792799405439,-111.85959470139946
40.757919000269055,-111.85959501351276
40.75791000648374,-111.85959532562596
40.75790099280056,-111.85959563842961
40.75789199901522,-111.85959595054265
40.7578830052299,-111.85959626265561
40.75787399154671,-111.85959657545901
40.757864997761374,-111.85959688757181
40.75785600397604,-111.85959719968452
40.75784699029285,-111.85959751248765
40.757837996507504,-111.8595978246002
40.75782900272217,-111.85959813671265
40.757820008936825,-111.85959844882503
40.75781099525363,-111.85959876162782
40.757802001468285,-111.85959907374001
40.757793007682935,-111.85959938585214
40.75778399576988,-111.85959953701122
40.75777499707908,-111.85959968030367
40.75776599838827,-111.85959982359608
40.75775699969747,-111.85959996688848
40.757748001006675,-111.85960011018082
40.757739002315866,-111.85960025347313
40.75773000362507,-111.85960039676539
40.75772099579905,-111.85960054020309
40.75771199710824,-111.85960068349527
40.75770299841743,-111.85960082678743
40.75769399972663,-111.85960097007953
40.757685001035824,-111.8596011133716
40.75767600234502,-111.85960125666364
40.75766700365422,-111.85960139995564
40.75765799582818,-111.85960154339305
40.75764899713738,-111.85960168668497
40.75763999844658,-111.85960182997685
40.757630999755776,-111.8596019732687
40.75762200106495,-111.8596021165605
40.75761300237415,-111.85960225985225
40.75760400368334,-111.85960240314398
40.757594995857325,-111.85960254658113
40.757585997166515,-111.85960268987276
40.7575769984757,-111.85960283316437
40.75756799978489,-111.85960297645595
40.75755900109407,-111.85960311974746
40.75755000240327,-111.85960326303895
40.757541003712454,-111.85960340633041
40.757531995886424,-111.85960354976729
40.75752299719563,-111.85960369305866
40.757513998504805,-111.85960383634999
40.757504999813996,-111.85960397964128
40.75749600112319,-111.85960412293255
40.75748700243236,-111.85960426622377
40.757478003741554,-111.85960440951494
40.757468995915524,-111.85960455295154
40.7574599972247,-111.85960469624264
40.7574509985339,-111.85960483953372
40.757441999843074,-111.85960498282473
40.75743300115226,-111.85960512611571
40.75742400246145,-111.85960526940666
40.75741500377063,-111.85960541269758
40.75740599594461,-111.85960555613391
40.75739699725378,-111.85960569942475
40.75738799856297,-111.85960584271554
40.75737899987215,-111.85960598600629
40.75737000118133,-111.85960612929699
40.75736100249052,-111.85960627258767
40.75735200379969,-111.8596064158783
40.75734299597365,-111.85960655931437
40.757333997282835,-111.85960670260494
40.75732599844656,-111.85960682997428
40.75731699975573,-111.85960697326476
40.757308001064914,-111.85960711655521
40.7572990023741,-111.85960725984562
40.75729000368327,-111.859607403136
40.75728099585723,-111.85960754657178
40.75727199716641,-111.85960768986207
40.757262998475596,-111.85960783315232
40.757253999784766,-111.85960797644253
40.75724500109394,-111.85960811973273
40.75723600240312,-111.85960826302285
40.75722700371229,-111.85960840631294
40.75721799588626,-111.85960854974847
40.757208997195434,-111.8596086930385
40.75719999850461,-111.85960883632848
40.75719099981379,-111.85960897961841
40.757182001122956,-111.85960912290832
40.75717300243214,-111.85960926619819
40.75716400374131,-111.85960940948802
40.757154995915265,-111.85960955292326
40.75714599722444,-111.85960969621301
40.7571369985336,-111.85960983950272
40.75712799984277,-111.85960998279238
40.757119001151956,-111.85961012608202
40.75711000246113,-111.8596102693716
40.757101003770295,-111.85961041266117
40.75709199594424,-111.85961055609614
40.75708299725342,-111.85961069938563
40.757073998562596,-111.85961084267507
40.757064999871766,-111.85961098596445
40.75705600118093,-111.8596111292538
40.757047002490104,-111.85961127254315
40.75703800379927,-111.85961141583243
40.75702899597322,-111.85961155926714
40.75701999728239,-111.85961170255634
40.75701099859156,-111.8596118458455
40.75700199990074,-111.85961198913462
40.75699300120989,-111.85961213242372
40.75698400251907,-111.85961227571276
40.756975003828224,-111.85961241900178
40.75696599600218,-111.85961256243621
40.75695699731134,-111.85961270572514
40.75694799862051,-111.85961284901404
40.75693899992968,-111.8596129923029
40.756930001238835,-111.85961313559172
40.756921002548005,-111.85961327888049
40.756912003857174,-111.85961342216923
40.75690299603112,-111.8596135656034
40.756893997340285,-111.85961370889207
40.75688499864943,-111.85961385218069
40.7568759999586,-111.85961399546926
40.75686700126777,-111.8596141387578
40.75685800257693,-111.85961428204631
40.7568490038861,-111.8596144253348
40.75683999606003,-111.85961456876868
40.75683099736919,-111.85961471205708
40.756821998678355,-111.85961485534541
40.75681399984205,-111.85961498271281
40.75680500115122,-111.85961512600109
40.75679600246037,-111.85961526928932
40.75678700376953,-111.85961541257753
40.756777995943466,-111.85961555601115
40.756768997252635,-111.85961569929928
40.7567599985618,-111.85961584258736
40.75675099987096,-111.85961598587541
40.756742001180115,-111.85961612916341
40.75673300248927,-111.85961627245138
40.756724003798425,-111.85961641573931
40.75671499597237,-111.85961655917266
40.75670599728151,-111.85961670246051
40.75669699859067,-111.85961684574833
40.75668799989982,-111.8596169890361
40.75667900120898,-111.85961713232383
40.756670002518135,-111.85961727561153
40.75666100382729,-111.85961741889919
40.75665199600123,-111.85961756233228
40.75664299731038,-111.85961770561985
40.756633998619535,-111.85961784890739
40.75662499992868,-111.8596179921949
40.756616001237845,-111.85961813548236
40.756607002547,-111.85961827876979
40.75659800385615,-111.85961842205717
40.75658899603008,-111.85961856548997
40.75657999733923,-111.85961870877728
40.75657099864838,-111.85961885206454
40.75656199995753,-111.85961899535178
40.756553001266674,-111.85961913863898
40.756544002575836,-111.85961928192613
40.75653500388498,-111.85961942521324
40.75652599605891,-111.85961956864578
40.75651699736807,-111.85961971193282
40.756507998677215,-111.85961985521982
40.756498999986356,-111.85961999850679
40.756490001295504,-111.8596201417937
40.75648100260465,-111.85962028508057
40.75647200391381,-111.85962042836742
40.75646299608773,-111.85962057179968
40.756453997396875,-111.85962071508645
40.75644499870602,-111.85962085837318
40.756436000015164,-111.85962100165986
40.75642700132431,-111.8596211449465
40.75641800263346,-111.85962128823311
40.75640900394261,-111.85962143151968
40.75639999611653,-111.85962157495169
40.756390997425676,-111.85962171823817
40.756381998734824,-111.85962186152463
40.75637300004396,-111.85962200481106
40.7563640013531,-111.85962214809742
40.75635500266225,-111.85962229138376
40.756346003971395,-111.85962243467007
40.75633699614531,-111.85962257810179
40.756327997454456,-111.85962272138802
40.7563189987636,-111.8596228646742
40.75631099992727,-111.85962299203966
40.75630100000584,-111.85962299016882
40.75629200001137,-111.85962298085506
40.7562830000169,-111.85962297154133
40.75627400002242,-111.85962296222758
40.75626500002796,-111.85962295291384
40.756256000033495,-111.85962294360009
40.75624700003903,-111.85962293428635
40.75623800004456,-111.85962292497263
40.756229000050084,-111.85962291565889
40.756220000055606,-111.85962290634515
40.75621100006114,-111.85962289703143
40.75620200006668,-111.8596228877177
40.75619300007221,-111.85962287840398
40.75618400007774,-111.85962286909026
40.75617500008326,-111.85962285977655
40.7561660000888,-111.85962285046284
40.75615700009433,-111.85962284114912
40.75614800009986,-111.85962283183541
40.75613900010538,-111.8596228225217
40.756130000110915,-111.85962281320799
40.75612100011645,-111.8596228038943
40.75611200012199,-111.8596227945806
40.75610300012752,-111.8596227852669
40.75609400013304,-111.8596227759532
40.75608500013857,-111.85962276663952
40.756076000144105,-111.85962275732582
40.75606700014963,-111.85962274801214
40.756058000155164,-111.85962273869845
40.756049000160694,-111.85962272938477
40.756040000166216,-111.85962272007109
40.75603100017176,-111.85962271075742
40.75602200017729,-111.85962270144374
40.75601300018282,-111.85962269213006
40.75600400018834,-111.8596226828164
40.75599500019388,-111.85962267350274
40.755986000199414,-111.85962266418908
40.75597700020494,-111.85962265487541
40.75596800021047,-111.85962264556174
40.75595900021599,-111.85962263624809
40.755950000221524,-111.85962262693445
40.75594100022706,-111.85962261762079
40.75593200023258,-111.85962260830715
40.75592300023812,-111.85962259899348
40.75591400024364,-111.85962258967984
40.75590500024918,-111.8596225803662
40.75589600025471,-111.85962257105257
40.755887000260245,-111.85962256173893
40.755878000265774,-111.8596225524253
40.755869000271296,-111.85962254311167
40.755860000276826,-111.85962253379803
40.75585100028236,-111.85962252448442
40.75584200028789,-111.85962251517078
40.75583300029343,-111.85962250585716
40.75582399970516,-111.85962249654294
40.75581499971068,-111.85962248722932
40.75580599971622,-111.8596224779157
40.755796999721746,-111.8596224686021
40.755787999727275,-111.85962245928849
40.7557789997328,-111.85962244997488
40.755769999738334,-111.85962244066128
40.75576099974387,-111.85962243134767
40.7557519997494,-111.85962242203408
40.75574299975493,-111.85962241272047
40.75573399976046,-111.85962240340689
40.75572499976598,-111.85962239409331
40.755715999771525,-111.8596223847797
40.755706999777054,-111.85962237546612
40.755697999782576,-111.85962236615254
40.75568899978811,-111.85962235683895
40.75567999979364,-111.85962234752537
40.75567099979917,-111.85962233821179
40.755661999804694,-111.85962232889823
40.75565299981023,-111.85962231958466
40.75564399981575,-111.85962231027109
40.75563499982129,-111.85962230095753
40.75562599982682,-111.85962229164396
40.755616999832355,-111.85962228233039
40.75560799983789,-111.85962227301684
40.75559899984341,-111.85962226370329
40.755589999848944,-111.85962225438973
40.755580999854466,-111.85962224507618
40.75557199986001,-111.85962223576263
40.75556299986553,-111.85962222644908
40.75555399987107,-111.85962221713555
40.755544999876605,-111.859622207822
40.75553599988213,-111.85962219850846
40.75552699988766,-111.85962218919494
40.75551799989319,-111.8596221798814
40.75550899989872,-111.85962217056786
40.755499999904245,-111.85962216125434
40.75549099990978,-111.85962215194081
40.75548199991531,-111.85962214262729
40.75547299992085,-111.85962213331378
40.75546399992637,-111.85962212400025
40.75545499993189,-111.85962211468674
40.75544599993742,-111.85962210537322
40.75543699994295,-111.85962209605972
40.75542799994849,-111.8596220867462
40.75541899995403,-111.8596220774327
40.75540999995955,-111.85962206811921
40.75540099996508,-111.8596220588057
40.75539199997062,-111.8596220494922
40.75538299997615,-111.8596220401787
40.75537399998167,-111.85962203086521
40.7553649999872,-111.85962202155171
40.75535599999274,-111.85962201223823
40.75534699999827,-111.85962200292474
40.7553380000038,-111.85962199361127
40.75532900000933,-111.85962198429779
40.75532000001485,-111.85962197498431
40.75531100002037,-111.85962196567083
40.75530200002592,-111.85962195635736
40.75529300003144,-111.85962194704389
40.75528400003699,-111.85962193773042
40.7552750000425,-111.85962192841696
40.75526600004803,-111.85962191910349
40.75525700005357,-111.85962190979004
40.7552480000591,-111.85962190047657
40.755239000064634,-111.85962189116312
40.755230000070156,-111.85962188184966
40.755221000075686,-111.85962187253622
40.75521200008122,-111.85962186322277
40.75520300008675,-111.85962185390933
40.75519400009229,-111.85962184459589
40.75518500009781,-111.85962183528245
40.75517600010334,-111.85962182596901
40.75516700010888,-111.85962181665558
40.755158000114406,-111.85962180734215
40.755149000119935,-111.85962179802871
40.75514000012546,-111.85962178871529
40.755131000130994,-111.85962177940186
40.75512200013653,-111.85962177008845
40.75511300014205,-111.85962176077501
40.75510400014759,-111.8596217514616
40.755095000153105,-111.85962174214819
40.75508600015865,-111.85962173283478
40.75507700016418,-111.85962172352137
40.75506800016971,-111.85962171420798
40.75505900017524,-111.85962170489455
40.75505000018076,-111.85962169558115
40.755041000186296,-111.85962168626776
40.755032000191825,-111.85962167695436
40.75502300019736,-111.85962166764097
40.75501400020289,-111.85962165832757
40.755005000208406,-111.85962164901419
40.75499600021395,-111.85962163970079
40.75498700021948,-111.85962163038742
40.754978000225016,-111.85962162107403
40.75496900023054,-111.85962161176064
40.75496000023607,-111.85962160244728
40.754951000241604,-111.8596215931339
40.754942000247134,-111.85962158382054
40.75493300025266,-111.85962157450716
40.75492400025819,-111.85962156519379
40.754915000263715,-111.85962155588044
40.75490600026925,-111.85962154656707
40.75489700027478,-111.85962153725372
40.7548880002803,-111.85962152794035
40.75487900028584,-111.859621518627
40.754870000291376,-111.85962150931365
40.754861000296906,-111.8596215000003
40.75485199965127,-111.85962151118993
40.75484299965926,-111.85962152237943
40.75483399966724,-111.85962153356893
40.75482499967522,-111.85962154475843
40.7548159996832,-111.85962155594791
40.75480699969119,-111.8596215671374
40.75479799969917,-111.85962157832688
40.75478899970715,-111.85962158951637
40.75477999971513,-111.85962160070585
40.75477099972312,-111.85962161189532
40.754760999732,-111.85962162432807
40.75475199973997,-111.85962163551753
40.75474299974796,-111.85962164670698
40.75473399975594,-111.85962165789645
40.75472499976392,-111.85962166908591
40.7547159997719,-111.85962168027537
40.7547069997799,-111.85962169146482
40.754697999787865,-111.85962170265427
40.75468899979585,-111.85962171384372
40.75467999980384,-111.85962172503315
40.75467099981182,-111.8596217362226
40.7546619998198,-111.85962174741204
40.754652999827776,-111.85962175860146
40.754643999835764,-111.8596217697909
40.75463499984376,-111.85962178098033
40.75462599985173,-111.85962179216975
40.754616999859714,-111.85962180335918
40.754607999867694,-111.85962181454859
40.75459899987568,-111.85962182573802
40.754589999883656,-111.85962183692742
40.754579999892535,-111.8596218493601
40.754570999900515,-111.85962186054951
40.754561999908496,-111.85962187173891
40.754552999916484,-111.85962188292832
40.754543999924465,-111.85962189411771
40.75453499993244,-111.85962190530711
40.75452599994043,-111.8596219164965
40.75451699994841,-111.85962192768588
40.754507999956395,-111.85962193887526
40.754498999964376,-111.85962195006465
40.75448999997235,-111.85962196125404
40.754480999980345,-111.85962197244342
40.754471999988326,-111.85962198363278
40.754462999996306,-111.85962199482215
40.754454000004294,-111.85962200601152
40.75444500001227,-111.85962201720089
40.754436000020256,-111.85962202839023
40.75442700002823,-111.8596220395796
40.75441800003622,-111.85962205076896
40.754409000044205,-111.8596220619583
40.75440000005218,-111.85962207314766
40.75439000006106,-111.85962208558027
40.75438100006904,-111.8596220967696
40.75437200007701,-111.85962210795896
40.754363000085,-111.85962211914828
40.75435400009299,-111.85962213033763
40.75434500010097,-111.85962214152696
40.75433600010895,-111.85962215271628
40.75432700011694,-111.85962216390561
40.75431800012492,-111.85962217509493
40.7543090001329,-111.85962218628424
40.75430000014088,-111.85962219747356
40.754291000148875,-111.85962220866287
40.75428200015685,-111.85962221985218
40.75427300016483,-111.8596222310415
40.75426400017281,-111.85962224223078
40.7542550001808,-111.85962225342008
40.754246000188786,-111.85962226460938
40.75423700019676,-111.85962227579869
40.75422800020474,-111.85962228698797
40.75421900021273,-111.85962229817726
40.7542090002216,-111.85962231060981
40.75420000022957,-111.85962232179908
40.75419100023756,-111.85962233298835
40.75418200024554,-111.85962234417764
40.75417300025353,-111.85962235536691
40.754164000261525,-111.85962236655618
40.75415500026949,-111.85962237774544
40.75414600027747,-111.85962238893471
40.75413710000001,-111.85962239999999
40.754137220846694,-111.85961000375187
40.75413733780986,-111.85959800573885
40.75413746451856,-111.85958500789133
40.754137581644706,-111.85957299289299
40.754137698604055,-111.85956099487994
40.75413781556213,-111.85954899686683
40.75413794226534,-111.85953599901924
40.754138059220836,-111.85952400100598
40.7541381761751,-111.85951200299269
40.7541383,-111.8594993
40.75412899248562,-111.8594996748474
40.754120000854456,-111.85950003697293
40.75411100922331,-111.85950039909835
40.754101994503294,-111.85950076215356
40.754093002872125,-111.8595011242788
40.75408298908198,-111.85950152756993
40.75407399745082,-111.85950188969494
40.75406500581965,-111.85950225181989
40.75405599109962,-111.85950261487459
40.75404699946845,-111.85950297699932
40.75403800783728,-111.85950333912396
40.754027994047114,-111.85950374241442
40.75401900241592,-111.85950410453886
40.75400998769589,-111.85950446759306
40.754000998182356,-111.85950465188107
40.75399199860992,-111.85950473376852
40.75398299903747,-111.85950481565594
40.75397399946503,-111.85950489754336
40.75396499989261,-111.85950497943074
40.75395600032017,-111.8595050613181
40.753947000747736,-111.85950514320544
40.753938001175285,-111.85950522509278
40.75392900160285,-111.85950530698007
40.75392000203042,-111.85950538886735
40.75391100245798,-111.85950547075458
40.75390199766443,-111.85950555268933
40.75389299809199,-111.85950563457654
40.753883998519555,-111.85950571646372
40.75387499894712,-111.85950579835088
40.75386599937469,-111.85950588023803
40.753856999802245,-111.85950596212514
40.753848000229794,-111.85950604401225
40.753839000657365,-111.85950612589932
40.75383000108493,-111.85950620778637
40.7538210015125,-111.8595062896734
40.75381200194005,-111.85950637156041
40.753803002367604,-111.8595064534474
40.753793997574064,-111.85950653538185
40.75378499800163,-111.8595066172688
40.753775998429184,-111.85950669915573
40.75376699885675,-111.85950678104263
40.7537579992843,-111.8595068629295
40.75374899971186,-111.85950694481636
40.75374000013943,-111.85950702670318
40.75373100056699,-111.85950710859
40.75372200099456,-111.85950719047678
40.753713001422106,-111.85950727236354
40.75370400184967,-111.85950735425028
40.753695002277226,-111.85950743613701
40.753685997483686,-111.85950751807121
40.75367699791124,-111.8595075999579
40.75366799833879,-111.85950768184453
40.753658998766355,-111.85950776373117
40.75364999919392,-111.85950784561778
40.75364099962148,-111.85950792750435
40.75363200004903,-111.85950800939094
40.753623000476594,-111.85950809127748
40.75361400090416,-111.85950817316399
40.75360500133172,-111.85950825505049
40.75359600175927,-111.85950833693697
40.753587002186826,-111.85950841882342
40.753577997393286,-111.85950850075736
40.753568997820835,-111.85950858264377
40.75355999824839,-111.85950866453017
40.75355100220215,-111.85950864490727
40.75354200280531,-111.85950854764934
40.75353299720726,-111.85950845032443
40.75352399781041,-111.85950835306654
40.75351499841357,-111.8595082558087
40.75350599901673,-111.85950815855088
40.753496999619884,-111.85950806129308
40.75348800022304,-111.8595079640353
40.753479000826204,-111.85950786677758
40.75347000142935,-111.85950776951985
40.75346100203251,-111.85950767226217
40.753452002635655,-111.8595075750045
40.75344299703761,-111.85950747767984
40.75343399764077,-111.85950738042223
40.75342499824392,-111.85950728316466
40.75341599884708,-111.85950718590709
40.75340699945023,-111.85950708864956
40.75339800005338,-111.85950699139205
40.75338900065654,-111.85950689413457
40.75338000125969,-111.85950679687711
40.753371001862845,-111.85950669961969
40.753362002466,-111.85950660236229
40.753352996867946,-111.8595065050379
40.753343997471106,-111.85950640778056
40.75333499807425,-111.85950631052322
40.753325998677404,-111.85950621326593
40.753316999280564,-111.85950611600866
40.75330799988371,-111.85950601875143
40.75329900048686,-111.8595059214942
40.753290001090015,-111.85950582423702
40.75328100169317,-111.85950572697986
40.75327200229633,-111.85950562972272
40.75326300289946,-111.8595055324656
40.75325399730142,-111.8595054351415
40.753244997904574,-111.85950533788444
40.75323599850772,-111.85950524062741
40.75322699911087,-111.8595051433704
40.753217999714025,-111.85950504611343
40.75320900031717,-111.85950494885648
40.75320000092032,-111.85950485159954
40.75319100152348,-111.85950475434265
40.75318200212662,-111.85950465708578
40.75317300272977,-111.85950455982892
40.75316399713173,-111.85950446250509
40.75315499773487,-111.8595043652483
40.75314599833802,-111.85950426799153
40.75313699894117,-111.85950417073478
40.75312799954432,-111.85950407347806
40.753119000147464,-111.85950397622138
40.75311000075062,-111.85950387896472
40.75310100135376,-111.85950378170807
40.753092001956915,-111.85950368445147
40.75308400249305,-111.85950359800117
40.753074996894995,-111.85950350067758
40.75306599749813,-111.85950340342106
40.75305699810128,-111.85950330616456
40.75304799870443,-111.85950320890807
40.753038999307584,-111.8595031116516
40.75302999991074,-111.85950301439519
40.75302100051387,-111.85950291713877
40.75301200111702,-111.8595028198824
40.75300300172017,-111.85950272262605
40.75299400232332,-111.85950262536973
40.75298500292648,-111.85950252811342
40.7529759973284,-111.85950243079013
40.75296699793155,-111.8595023335339
40.752957998534704,-111.85950223627768
40.75294899913784,-111.85950213902147
40.752939999740995,-111.85950204176532
40.75293100034413,-111.85950194450918
40.75292200094728,-111.85950184725306
40.752913001550425,-111.85950174999698
40.75290400215357,-111.85950165274092
40.752895002756716,-111.85950155548488
40.75288599715865,-111.85950145816186
40.752876997761796,-111.85950136090587
40.75286799836494,-111.85950126364992
40.752858998968094,-111.85950116639398
40.75284999957123,-111.85950106913808
40.75284100017437,-111.8595009718822
40.752832000777516,-111.85950087462635
40.75282300138067,-111.85950077737054
40.752814001983815,-111.85950068011473
40.752805002586946,-111.85950058285897
40.75279599698889,-111.85950048553622
40.752786997592025,-111.85950038828048
40.752777998195185,-111.8595002910248
40.75276899879833,-111.85950019376914
40.75275999940146,-111.8595000965135
40.75275100000461,-111.85949999925788
40.75274200060774,-111.8594999020023
40.75273300121088,-111.85949980474672
40.75272400181403,-111.85949970749118
40.752715002417176,-111.85949961023569
40.75270600302031,-111.85949951298021
40.75269699742225,-111.85949941565772
40.752687998025394,-111.8594993184023
40.75267899862853,-111.8594992211469
40.75266999923168,-111.85949912389152
40.75266099983481,-111.85949902663619
40.752652000437955,-111.85949892938085
40.7526430010411,-111.85949883212555
40.75263400164423,-111.85949873487029
40.75262500224738,-111.85949863761503
40.75261600285051,-111.85949854035982
40.75260699725245,-111.85949844303762
40.752597997855595,-111.85949834578246
40.75258899845872,-111.85949824852732
40.752579999061865,-111.85949815127219
40.75257099966501,-111.85949805401712
40.75256200026815,-111.85949795676206
40.75255300087128,-111.85949785950702
40.75254400147442,-111.859497762252
40.752535002077565,-111.85949766499702
40.7525260026807,-111.85949756774207
40.75251699708264,-111.85949747042012
40.75250799768577,-111.85949737316523
40.752498998288914,-111.85949727591036
40.75248999889205,-111.8594971786555
40.75248099949519,-111.85949708140069
40.75247200009832,-111.85949698414589
40.75246300070146,-111.85949688689111
40.75245400130459,-111.85949678963637
40.75244500190774,-111.85949669238164
40.752436002510876,-111.85949659512696
40.7524272,-111.85949649999999
40.75241799769759,-111.85949659006467
40.75240899819231,-111.8594966781445
40.752399998687004,-111.85949676622431
40.752390999181706,-111.8594968543041
40.7523819996764,-111.85949694238386
40.7523730001711,-111.85949703046359
40.7523640006658,-111.8594971185433
40.752355001160495,-111.85949720662299
40.75234500171017,-111.8594973044893
40.752336002204856,-111.85949739256893
40.752327002699566,-111.85949748064854
40.75231799757807,-111.8594975687831
40.75230899807277,-111.85949765686267
40.752299998567466,-111.85949774494222
40.75229099906216,-111.85949783302173
40.75228199955686,-111.85949792110122
40.75227300005157,-111.8594980091807
40.75226400054626,-111.85949809726014
40.75225500104096,-111.85949818533958
40.75224600153565,-111.85949827341898
40.752236002085326,-111.85949837128496
40.75222700258002,-111.85949845936429
40.75221799745853,-111.85949854749859
40.752208997953225,-111.85949863557789
40.75219999844792,-111.85949872365717
40.75219099894262,-111.85949881173643
40.75218199943731,-111.85949889981566
40.752172999932014,-111.85949898789487
40.75216400042671,-111.85949907597406
40.752155000921405,-111.8594991640532
40.75214600141611,-111.85949925213235
40.7521370019108,-111.85949934021146
40.75212700246047,-111.85949943807711
40.75211799733897,-111.85949952621114
40.75210899783366,-111.85949961429017
40.752099998328355,-111.85949970236919
40.75209099882305,-111.85949979044818
40.75208199931775,-111.85949987852715
40.75207299981245,-111.8594999666061
40.752064000307136,-111.859500054685
40.75205500080183,-111.8595001427639
40.752046001296534,-111.85950023084278
40.75203700179123,-111.85950031892162
40.752028002285925,-111.85950040700045
40.75201899716442,-111.85950049513421
40.75201816231135,-111.85951300763621
40.75201783873789,-111.85952499241314
40.752017515163196,-111.85953697718988
40.75201719031865,-111.85954900895396
40.752016866741464,-111.85956099373054
40.75201654316303,-111.85957297850693
40.75201621831474,-111.85958501027122
40.75201590085867,-111.85959700073899
40.7520159521874,-111.8596090003564
40.75201600351488,-111.85962099997381
40.752016054841114,-111.85963299959124
40.75201610188907,-111.8596439992406
40.75201615321293,-111.8596559988581
40.75201620453554,-111.85966799847563
40.7520162558569,-111.85967999809317
40.75201630717703,-111.85969199771075
40.75201635849591,-111.85970399732837
40.75201640981355,-111.85971599694602
40.75201646112995,-111.85972799656369
40.75201651247696,-111.85974000363291
40.752016563790875,-111.85975200325045
40.75201661510355,-111.85976400286802
40.752016666414974,-111.8597760024856
40.75201671344935,-111.8597870021351
40.752016764758395,-111.85979900175275
40.752016816066195,-111.85981100137043
40.75201686737275,-111.85982300098814
40.752016918678066,-111.8598350006059
40.75201696998214,-111.85984700022364
40.75201702128496,-111.85985899984144
40.752017072586554,-111.85987099945925
40.752017123886894,-111.85988299907709
40.752017175186005,-111.85989499869495
40.75201722648386,-111.85990699831287
40.75201727778047,-111.8599189979308
40.75201732480128,-111.85992999758058
40.752017376095516,-111.85994199719858
40.75201742738851,-111.85995399681659
40.75201747868025,-111.85996599643462
40.75201753000258,-111.85997800350064
40.75201758129185,-111.85999000311854
40.752017632579864,-111.86000200273648
40.75201768386665,-111.86001400235446
40.75201773515218,-111.86002600197244
40.75201778643647,-111.86003800159047
40.75201783771952,-111.86005000120853
40.752017889001316,-111.8600620008266
40.75201793600854,-111.86007300047652
40.75201798728798,-111.86008500009466
40.75201803856615,-111.86009699971282
40.75201808984309,-111.860108999331
40.75201814111879,-111.86012099894923
40.75201819239324,-111.86013299856747
40.75201824366645,-111.86014499818573
40.752018294938416,-111.86015699780403
40.752018346209134,-111.86016899742236
40.752018397478615,-111.86018099704071
40.75201844874685,-111.8601929966591
40.75201850001385,-111.8602049962775
40.75201854703932,-111.86021600337212
40.75201859830393,-111.86022800299041
40.752018670328134,-111.86024000348182
40.75201874305367,-111.86025200271368
40.75201881577796,-111.86026400194558
40.752018888501006,-111.86027600117752
40.752018955162704,-111.8602870004735
40.75201902788338,-111.86029899970553
40.75201910060281,-111.86031099893759
40.75201917332098,-111.86032299816969
40.75201924603793,-111.86033499740184
40.75201931269403,-111.860345996698
40.752019385408595,-111.86035799593022
40.752019458121914,-111.86036999516246
40.75201953089797,-111.8603820049534
40.752019597549605,-111.86039300424954
40.7520196702593,-111.86040500348173
40.752019742967754,-111.86041700271394
40.752019815674956,-111.86042900194622
40.75201988838092,-111.86044100117853
40.75201995502696,-111.86045200047482
40.75202002773054,-111.86046399970722
40.75202010043287,-111.86047599893965
40.75202017313398,-111.8604879981721
40.75202024583383,-111.8604999974046
40.752020312474265,-111.8605109967011
40.75202038517175,-111.86052299593366
40.752020457867964,-111.86053499516629
40.7520205306269,-111.86054700495511
40.752020603320645,-111.8605590041876
40.752020669955485,-111.86057000348411
40.75202074264685,-111.8605820027167
40.75202081533696,-111.86059400194934
40.75202088802583,-111.860606001182
40.75202095465621,-111.86061700047864
40.75202102734271,-111.8606289997114
40.75202110002795,-111.86064099894416
40.75202117271196,-111.86065299817699
40.75202124539473,-111.86066499740984
40.7520213120195,-111.86067599670666
40.75202138469988,-111.8606879959396
40.75202145737903,-111.86069999517258
40.75202153012084,-111.86071200495928
40.752021602797505,-111.86072400419215
40.75202166941667,-111.86073500348898
40.75202174209095,-111.86074700272194
40.75202181476398,-111.86075900195492
40.75202188743577,-111.86077100118794
40.75202196010631,-111.86078300042101
40.75202202671988,-111.86079399971803
40.75202209938804,-111.86080599895115
40.75201300522225,-111.86080492930432
40.75200500740092,-111.86080389981107
40.7519960189986,-111.86080274280883
40.751987030596254,-111.8608015858069
40.75197796902014,-111.86080041938625
40.751968980617754,-111.86079926238494
40.7519609827963,-111.86079823289305
40.75195199439388,-111.86079707589234
40.75194300599141,-111.86079591889192
40.75193401758894,-111.86079476189184
40.75192502918644,-111.86079360489204
40.75191703136489,-111.8607925754015
40.75190796978861,-111.86079140898329
40.75189900059598,-111.86079142190589
40.75189000062728,-111.8607914440593
40.751881000658564,-111.86079146621272
40.75187200068986,-111.86079148836612
40.75186299930858,-111.86079151052299
40.75185399933987,-111.86079153267639
40.751844999371166,-111.86079155482976
40.75183599940245,-111.86079157698315
40.751826999433746,-111.86079159913652
40.751817999465054,-111.86079162128988
40.751808999496326,-111.86079164344325
40.75179999952762,-111.8607916655966
40.75179099955893,-111.86079168774997
40.75178199959022,-111.8607917099033
40.75177299962151,-111.86079173205663
40.7517639996528,-111.86079175420997
40.751754999684096,-111.8607917763633
40.75174599971538,-111.86079179851662
40.75173699974668,-111.86079182066992
40.75172799977797,-111.86079184282323
40.75171899980928,-111.86079186497653
40.751709999840564,-111.86079188712982
40.75170099987186,-111.86079190928312
40.75169199990315,-111.8607919314364
40.751682999934445,-111.86079195358968
40.75167399996574,-111.86079197574294
40.75166499999703,-111.86079199789621
40.75165600002832,-111.86079202004949
40.75164700005962,-111.86079204220273
40.75163800009091,-111.86079206435598
40.7516290001222,-111.86079208650922
40.751620000153494,-111.86079210866245
40.75161100018479,-111.86079213081568
40.75160200021608,-111.86079215296891
40.751593000247375,-111.86079217512211
40.751584000278676,-111.86079219727533
40.75157500030997,-111.86079221942855
40.751566000341256,-111.86079224158175
40.75155700037254,-111.86079226373494
40.75154800040384,-111.86079228588812
40.75153900043514,-111.8607923080413
40.75153000046643,-111.86079233019449
40.751521000497725,-111.86079235234766
40.75151200052902,-111.86079237450082
40.75150300056031,-111.86079239665398
40.751494000591606,-111.86079241880711
40.7514850006229,-111.86079244096027
40.75147600065419,-111.86079246311341
40.751467000685466,-111.86079248526654
40.75145799930419,-111.86079250742314
40.751448999335494,-111.86079252957626
40.75143999936678,-111.86079255172939
40.751430999398075,-111.86079257388248
40.75142199942937,-111.8607925960356
40.75141299946066,-111.8607926181887
40.751403999491956,-111.86079264034177
40.75139499952325,-111.86079266249486
40.75138599955454,-111.86079268464795
40.75137799958235,-111.86079270433957
40.75136899961364,-111.86079272649263
40.75135999964494,-111.86079274864571
40.751350999676234,-111.86079277079875
40.75134199970753,-111.8607927929518
40.75133299973882,-111.86079281510484
40.751323999770115,-111.86079283725788
40.75131499980141,-111.86079285941092
40.7513059998327,-111.86079288156395
40.751296999863996,-111.86079290371697
40.75128799989528,-111.86079292586997
40.75127899992658,-111.86079294802299
40.75126999995787,-111.86079297017599
40.75126099998917,-111.860792992329
40.75125200002046,-111.86079301448197
40.75124300005175,-111.86079303663496
40.751234000083045,-111.86079305878795
40.75122500011433,-111.86079308094091
40.75121600014563,-111.86079310309387
40.75120700017692,-111.86079312524684
40.75119800020822,-111.8607931473998
40.7511890002395,-111.86079316955275
40.7511800002708,-111.86079319170568
40.7511710003021,-111.86079321385863
40.75116200033339,-111.86079323601156
40.75115300036468,-111.86079325816448
40.75114400039597,-111.8607932803174
40.75113500042727,-111.8607933024703
40.751126000458555,-111.86079332462322
40.75111700048985,-111.86079334677612
40.75110800052115,-111.86079336892901
40.75109900055244,-111.8607933910819
40.75109000058374,-111.86079341323479
40.751081000615024,-111.86079343538765
40.75107200064632,-111.86079345754054
40.751063000677604,-111.86079347969338
40.751053999296325,-111.86079350184973
40.75104499932762,-111.86079352400257
40.751035999358905,-111.86079354615542
40.751026999390206,-111.86079356830827
40.75101799942151,-111.8607935904611
40.75100899945279,-111.86079361261392
40.75099999948408,-111.86079363476675
40.750990999515366,-111.86079365691957
40.75098199954665,-111.86079367907237
40.75097299957796,-111.86079370122518
40.75096399960926,-111.86079372337797
40.75095499964054,-111.86079374553077
40.750945999671835,-111.86079376768356
40.75093699970313,-111.86079378983634
40.75092799973442,-111.86079381198911
40.750918999765716,-111.86079383414189
40.750909999797,-111.86079385629465
40.750900999828296,-111.86079387844741
40.75089199985959,-111.86079390060014
40.750882999890884,-111.8607939227529
40.75087399992219,-111.86079394490562
40.75086499995347,-111.86079396705837
40.75085599998476,-111.86079398921109
40.75084700001605,-111.86079401136381
40.750838000047345,-111.86079403351651
40.750829000078646,-111.86079405566923
40.750820000109925,-111.86079407782194
40.75081100014122,-111.86079409997463
40.75080200017251,-111.86079412212733
40.750793000203814,-111.86079414428
40.75078400023511,-111.86079416643268
40.75077500026639,-111.86079418858536
40.75076600029769,-111.86079421073804
40.75075700032898,-111.86079423289068
40.75074800036027,-111.86079425504334
40.75073900039157,-111.86079427719599
40.75073000042285,-111.86079429934863
40.75072100045414,-111.86079432150126
40.750712000485436,-111.8607943436539
40.75070300051674,-111.86079436580653
40.75069400054803,-111.86079438795915
40.75068500057932,-111.86079441011175
40.75067600061061,-111.86079443226437
40.75066700064191,-111.86079445441696
40.7506580006732,-111.86079447656955
40.7506490007045,-111.86079449872214
40.7506399993232,-111.8607945208782
40.750630999354485,-111.86079454303078
40.750621999385785,-111.86079456518335
40.75061299941708,-111.8607945873359
40.75060399944838,-111.86079460948847
40.75059499947966,-111.86079463164103
40.75058599951095,-111.86079465379358
40.75057699954225,-111.86079467594611
40.75056799957354,-111.86079469809864
40.75055899960483,-111.86079472025118
40.75054999963612,-111.8607947424037
40.750540999667415,-111.8607947645562
40.7505319996987,-111.86079478670872
40.75052299973001,-111.86079480886123
40.7505139997613,-111.86079483101372
40.75050499979258,-111.86079485316623
40.750496999820406,-111.86079487285731
40.750487999851686,-111.8607948950098
40.75047899988298,-111.86079491716228
40.750469999914266,-111.86079493931474
40.750460999945574,-111.8607949614672
40.75045199997686,-111.86079498361966
40.750443000008154,-111.8607950057721
40.750434000039455,-111.86079502792455
40.750425000070734,-111.860795050077
40.75041600010203,-111.86079507222944
40.75040700013333,-111.86079509438187
40.750398000164616,-111.86079511653428
40.75038900019591,-111.8607951386867
40.7503800002272,-111.86079516083912
40.75037100025849,-111.86079518299151
40.75036200028979,-111.86079520514392
40.75035300032108,-111.86079522729631
40.750344000352364,-111.86079524944869
40.75033500038366,-111.86079527160106
40.75032600041496,-111.86079529375344
40.750317000446245,-111.8607953159058
40.75030800047753,-111.86079533805817
40.750299000508825,-111.86079536021052
40.75029000054011,-111.86079538236287
40.75028100057142,-111.86079540451522
40.750272000602706,-111.86079542666756
40.75026300063399,-111.86079544881989
40.750254000665294,-111.86079547097222
40.75024500069659,-111.86079549312454
40.750235999315294,-111.86079551528032
40.75022699934659,-111.86079553743262
40.750217999377874,-111.86079555958493
40.75020899940917,-111.86079558173722
40.750199999440454,-111.86079560388951
40.75019099947175,-111.86079562604179
40.75018199950304,-111.86079564819407
40.75017299953434,-111.86079567034635
40.75016399956563,-111.86079569249861
40.75015499959692,-111.86079571465086
40.750145999628224,-111.86079573680313
40.75013699965951,-111.86079575895538
40.75012799969079,-111.8607957811076
40.75011899972208,-111.86079580325985
40.75010999975338,-111.86079582541208
40.75010099978467,-111.8607958475643
40.75009199981597,-111.86079586971651
40.75008299984725,-111.86079589186873
40.750073999878545,-111.86079591402094
40.75006499990983,-111.86079593617313
40.75005599994114,-111.86079595832533
40.750046999972426,-111.86079598047752
40.75003800000371,-111.8607960026297
40.750029000035,-111.86079602478188
40.7500200000663,-111.86079604693404
40.75001100009759,-111.8607960690862
40.75000200012889,-111.86079609123837
40.74999300016018,-111.8607961133905
40.74998400019147,-111.86079613554267
40.749975000222754,-111.8607961576948
40.749966000254055,-111.86079617984693
40.74995700028535,-111.86079620199905
40.749948000316635,-111.86079622415119
40.749939000347915,-111.8607962463033
40.749930000379216,-111.8607962684554
40.74992100041052,-111.86079629060751
40.74991200044181,-111.8607963127596
40.7499030004731,-111.8607963349117
40.74989400050438,-111.86079635706378
40.74988500053567,-111.86079637921586
40.74987600056697,-111.86079640136794
40.749867000598265,-111.86079642352
40.74985800062955,-111.86079644567207
40.74984900066084,-111.86079646782412
40.74984000069214,-111.86079648997617
40.74983099931085,-111.86079651213169
40.749821999342146,-111.86079653428372
40.749812999373425,-111.86079655643576
40.749803999404726,-111.86079657858778
40.749795299999995,-111.8607966
40.749795297498345,-111.8607849998882
40.74979529490923,-111.8607729998891
40.74979529231887,-111.86076099989002
40.74979528972727,-111.86074899989094
40.749795287134425,-111.86073699989187
40.749795284756566,-111.86072599989271
40.74979528216134,-111.86071399989365
40.749795279564864,-111.86070199989457
40.749795276967156,-111.86068999989551
40.74979527436821,-111.86067799989644
40.749795271768015,-111.86066599989736
40.749795269383405,-111.86065499989822
40.74979526678083,-111.86064299989916
40.749795264177,-111.8606309999001
40.74979526157194,-111.86061899990104
40.74979525896563,-111.86060699990198
40.74979525635809,-111.86059499990291
40.749795253966745,-111.8605839999038
40.749795251356815,-111.86057199990474
40.74979524874563,-111.86055999990567
40.74979524613322,-111.8605479999066
40.74979524351955,-111.86053599990755
40.74979524090465,-111.86052399990851
40.74979523850657,-111.86051299990937
40.74979523588928,-111.86050099991033
40.74979523327075,-111.86048899991128
40.74979523065098,-111.86047699991225
40.74979522802997,-111.8604649999132
40.74979522540771,-111.86045299991416
40.749795223002884,-111.86044199991504
40.749795220378246,-111.860429999916
40.749795217752364,-111.86041799991696
40.749795215125246,-111.86040599991792
40.74979521249687,-111.86039399991888
40.74979521008644,-111.86038299991976
40.74979520745569,-111.86037099992075
40.749795204823705,-111.86035899992171
40.74979520219047,-111.86034699992268
40.74979519955599,-111.86033499992364
40.749795196920275,-111.86032299992462
40.7497951945031,-111.86031199992551
40.749795191865,-111.86029999992648
40.74979518922566,-111.86028799992746
40.74979518658507,-111.86027599992843
40.749795183943235,-111.86026399992942
40.74979518130016,-111.86025199993041
40.749795178876255,-111.8602409999313
40.74979517623079,-111.86022899993229
40.74979517358409,-111.86021699993329
40.749795170936146,-111.86020499993427
40.74979516828697,-111.86019299993525
40.74979516563654,-111.86018099993625
40.749795163205896,-111.86016999993716
40.74979516055308,-111.86015799993815
40.74979515789903,-111.86014599993915
40.74979515524373,-111.86013399994013
40.749795152587204,-111.86012199994113
40.74979514992942,-111.86010999994213
40.74979514749203,-111.86009899994305
40.74979514483186,-111.86008699994403
40.74979514217045,-111.86007499994504
40.7497951395078,-111.86006299994604
40.749795136843915,-111.86005099994706
40.74979513417878,-111.86003899994806
40.74979513173465,-111.86002799994898
40.74979512906713,-111.86001599995
40.749795126398375,-111.860003999951
40.74979512372837,-111.85999199995203
40.74979512105712,-111.85997999995303
40.74979511838464,-111.85996799995405
40.74979511593377,-111.85995699995497
40.7497951132589,-111.85994499995601
40.74979511058279,-111.85993299995701
40.74979510790543,-111.85992099995805
40.74979510522682,-111.85990899995906
40.74979510254699,-111.85989699996009
40.74979510008938,-111.85988599996104
40.74979511828569,-111.8598740003249
40.749795137201154,-111.85986200037682
40.74979515611537,-111.85985000042874
40.74979517502835,-111.85983800048065
40.74979519394009,-111.85982600053255
40.74979521285058,-111.85981400058445
40.74979523175982,-111.85980200063634
40.74979524909222,-111.85979100068387
40.749795267999076,-111.85977900073573
40.7497952869047,-111.85976700078757
40.74979530580909,-111.85975500083944
40.74979532471223,-111.85974300089124
40.74979534361412,-111.85973100094306
40.749795362514774,-111.85971900099486
40.74979538141418,-111.85970700104667
40.74979540031236,-111.85969500109846
40.74979541763459,-111.85968400114591
40.74979543653037,-111.85967200119768
40.74979545542491,-111.85966000124944
40.749795474322525,-111.85964799855793
40.749795493214584,-111.85963599860983
40.7497955121054,-111.85962399866175
40.74979553099497,-111.85961199871363
40.749795549883295,-111.85959999876552
40.74979556877038,-111.8595879988174
40.749795586082456,-111.85957699886495
40.749795604967154,-111.85956499891681
40.74979562385061,-111.85955299896865
40.749795642732835,-111.85954099902048
40.74979566161381,-111.85952899907232
