44.483493999376954,-73.07918639309999
44.483489999396696,-73.07918638064496
44.48348099944111,-73.07918635262108
44.4834729994806,-73.07918632771099
44.4834641,-73.0791863
44.483463962103514,-73.07917400083473
44.4834638163839,-73.0791610040445
44.48346367066283,-73.07914800725435
44.483463536149756,-73.0791360102174
44.48346339017893,-73.07912299140531
44.483463244453546,-73.07910999461522
44.48346309872668,-73.07909699782525
44.483462964208265,-73.07908500078842
44.48346281847857,-73.07907200399863
44.4834626727474,-73.07905900720894
44.48346253797807,-73.07904698814896
44.483462392244064,-73.07903399135921
44.48346224650858,-73.07902099456958
44.48346211198222,-73.07900899753308
44.483461966243894,-73.07899600074364
44.48346182050412,-73.07898300395428
44.48346167476285,-73.07897000716504
44.48346153998417,-73.07895798810394
44.48346139424007,-73.07894499131466
44.48346124849449,-73.07893199452546
44.48346111395882,-73.07891999748938
44.4834609682104,-73.07890700070035
44.48346082246053,-73.07889400391147
44.48346068792087,-73.07888200687563
44.48346054192113,-73.07886898806044
44.48346039616695,-73.0788559912716
44.483460250411284,-73.07884299448284
44.48346011586628,-73.07883099744717
44.48345997010778,-73.07881800065861
44.483459824347804,-73.07880500387016
44.48345968979884,-73.07879300683474
44.483459446408865,-73.07877997320352
44.483459049926864,-73.07876699700304
44.48345868394217,-73.07875501897205
44.48345828562658,-73.0787419828546
44.48345791963928,-73.07873000482385
44.48345752132082,-73.07871696870626
44.483457155330896,-73.0787049906758
44.483456758840404,-73.07869201447639
44.48345639101704,-73.07867997652785
44.483455994523716,-73.07866700032872
44.483455628528574,-73.078655022299
44.48345523020156,-73.07864198618122
44.4834548642038,-73.07863000815176
44.483454465873926,-73.07861697203381
44.483454099873555,-73.07860499400462
44.48345370337173,-73.07859201780659
44.483453335537824,-73.07857997985762
44.48345293903317,-73.07856700365987
44.483452571196615,-73.07855496571072
44.483452174689134,-73.07854198951325
44.48345170581385,-73.0785300378886
44.4834508523391,-73.07851701901747
44.4834500638709,-73.07850499177397
44.483449275401405,-73.07849296453053
44.483448421922404,-73.07847994565972
44.48344764182283,-73.07846804613048
44.48344678834098,-73.0784550272601
44.48344599986619,-73.07844300001723
44.483445211390126,-73.07843097277444
44.48344435790402,-73.0784179539044
44.483443577798006,-73.07840605437683
44.48344272430904,-73.07839303550723
44.48344193582769,-73.078381008265
44.483441147345054,-73.07836898102283
44.48344029385183,-73.07835596215357
44.483439513739384,-73.07834406262766
44.483438660243316,-73.07833104375887
44.483437871755385,-73.07831901651724
44.483437083266175,-73.07830698927572
44.483436229765836,-73.07829397040724
44.48343544127397,-73.07828194316589
44.48343459614379,-73.07826905201496
44.48343380764927,-73.07825702477399
44.48343301915349,-73.07824499753309
44.48343216564605,-73.07823197866539
44.483431370096994,-73.07821993966216
44.483430292329814,-73.07820695234068
44.48342929643963,-73.07819495167058
44.48342821866959,-73.07818196434961
44.48342714089806,-73.07816897702892
44.48342614500386,-73.07815697635952
44.48342506722946,-73.07814398903932
44.483424071332614,-73.07813198837036
44.48342299355536,-73.07811900105071
44.483421915776596,-73.07810601373131
44.483420919875726,-73.07809401306302
44.48341984209411,-73.07808102574418
44.483418846190574,-73.07806902507633
44.4834177684061,-73.07805603775799
44.48341669062013,-73.0780430504399
44.483415694712576,-73.07803104977275
44.48341461692374,-73.0780180624552
44.48341353913341,-73.07800507513794
44.48341254322183,-73.07799307447148
44.483411452079146,-73.07797992629453
44.48341045616489,-73.07796792562833
44.48340937836878,-73.07795493831188
44.48340830057121,-73.07794195099568
44.48340730465293,-73.07792995033014
44.48340622685248,-73.0779169630145
44.48340523093154,-73.07790496234942
44.48340415312823,-73.07789197503426
44.48340301588064,-73.07787899692957
44.48340183828309,-73.07786703126688
44.48340056410702,-73.07785408427709
44.48339936783421,-73.07784192888158
44.48339809365527,-73.07782898189232
44.48339691605241,-73.07781701623077
44.483395641870615,-73.07780406924229
44.48339444559233,-73.07779191384715
44.48339317140765,-73.07777896685923
44.4833919937995,-73.07776700119882
44.483390719611954,-73.07775405421168
44.48338954200117,-73.07774208855197
44.48338824913779,-73.0777289518303
44.48338707152432,-73.07771698617107
44.48338579733107,-73.07770403918525
44.483384619714954,-73.0776920735267
44.48338332684569,-73.07767893680554
44.483382052648054,-73.07766598982066
44.48338087502791,-73.07765402416297
44.48337960082744,-73.07764107717888
44.48337840453133,-73.07762892178494
44.48337713032797,-73.07761597480142
44.48337595270252,-73.07760400914486
44.483374678496304,-73.0775910621621
44.48337350086822,-73.07757909650624
44.48337220798563,-73.0775659597863
44.483371030354874,-73.07755399413092
44.483369756142935,-73.07754104714948
44.48336857850955,-73.07752908149477
44.48336728562106,-73.07751594477537
44.48336610798499,-73.07750397912118
44.48336483376731,-73.07749103214104
44.48336365612862,-73.07747906648751
44.48336236323423,-73.07746592976861
44.48336118559286,-73.07745396411556
44.48335991136944,-73.07744101713676
44.483358733725446,-73.0774290514844
44.48335745949919,-73.07741610450637
44.48335626317848,-73.07740394911411
44.48335498894932,-73.07739100213668
44.483353714718696,-73.07737805515961
44.48335253706803,-73.07736608950876
44.4833512441603,-73.07735295279109
44.48335006650696,-73.07734098714073
44.4833487922706,-73.07732804016499
44.48334761461462,-73.0773160745153
44.48334632170101,-73.07730293779817
44.48334514404236,-73.07729097214896
44.48334386980026,-73.07727802517456
44.48334269213898,-73.07726605952602
44.48334141789403,-73.0772531125524
44.48334022155551,-73.07724095716135
44.48333894730767,-73.07722801018829
44.48333776964109,-73.07721604454093
44.483336495390404,-73.07720309756861
44.4833353893451,-73.0771909472189
44.483334500602574,-73.07717806770033
44.48333367095573,-73.07716604460664
44.48333277294253,-73.0771530307809
44.48333194329304,-73.07714100768746
44.483331113642265,-73.07712898459411
44.48333021562481,-73.07711597076882
44.48332938597138,-73.0771039476757
44.48332849721906,-73.07709106815975
44.483327667563,-73.07707904506705
44.48332683790565,-73.07706702197447
44.4833259398811,-73.07705400815009
44.483325110221095,-73.07704198505773
44.48332421219366,-73.07702897123363
44.48332339179919,-73.07701708245182
44.48332256213527,-73.07700505935999
44.48332166410361,-73.07699204553653
44.483320834437045,-73.07698002244494
44.4833199364025,-73.07696700862176
44.48331910673327,-73.0769549855304
44.483318277062764,-73.07694296243916
44.483317543403174,-73.07693003074242
44.4833171307849,-73.0769179911943
44.48331668627439,-73.07690502112311
44.483316239460194,-73.07689198387712
44.483315829140146,-73.07688001150404
44.48331538462536,-73.0768670414335
44.48331497200042,-73.07685500188522
44.483314527482804,-73.07684203181503
44.4833140806614,-73.07682899456897
44.48331367033477,-73.07681702219682
44.483313223510514,-73.07680398495066
44.48331281318127,-73.07679201257884
44.48331236865652,-73.07677904250964
44.48331192182791,-73.07676600526351
44.48331151149471,-73.07675403289227
44.48331106466325,-73.07674099564605
44.483310654327425,-73.07672902327513
44.4833102074931,-73.07671598602884
44.48330976295974,-73.07670301596072
44.483309352619955,-73.0766910435904
44.48330890578129,-73.0766780063441
44.4833084954389,-73.0766660339741
44.48330804859737,-73.07665299672773
44.48330760405689,-73.0766400266606
44.483307193710516,-73.07662805429119
44.483306746864656,-73.07661501704483
44.48330633651568,-73.07660304467576
44.48330588966695,-73.0765900074293
44.48330544511934,-73.07657703736317
44.48330503246378,-73.07656499781403
44.48330458791333,-73.07655202774825
44.48330417755778,-73.07654005538006
44.483303730701856,-73.07652701813356
44.483303286147105,-73.07651404806842
44.483302873484895,-73.07650200851913
44.483302428927324,-73.07648903845431
44.48330201856519,-73.07647706608708
44.483301571702064,-73.07646402884048
44.483301127140194,-73.07645105877634
44.483300714471326,-73.07643901922688
44.48330026990662,-73.07642604916309
44.48329985723511,-73.07641400961354
44.48329941266758,-73.07640103955009
44.48329896809859,-73.07638806948694
44.48329855542306,-73.07637602993734
44.483298110851244,-73.07636305987454
44.48329769817308,-73.07635102032485
44.48329725359842,-73.0763380502624
44.48329680902229,-73.0763250802002
44.48329639634012,-73.07631304065046
44.48329595176117,-73.07630007058867
44.48329553907635,-73.0762880310388
44.48329509449457,-73.07627506097734
44.483294647608346,-73.07626202373038
44.483294237222495,-73.07625005136627
44.48329379263642,-73.07623708130546
44.48329337994494,-73.07622504175545
44.48329293535603,-73.076212071695
44.4832924884626,-73.07619903444794
44.48329207807017,-73.07618706208478
44.48329163117389,-73.07617402483763
44.483291220778845,-73.07616205247479
44.4832907738797,-73.07614901522757
44.483290329282184,-73.0761360451682
44.48328991888317,-73.07612407280592
44.48328947197969,-73.07611103555872
44.48328906157807,-73.07609906319679
44.483288614671714,-73.07608602594951
44.48328817006707,-73.0760730558911
44.483287757358276,-73.07606101634053
44.4832873127508,-73.0760480462825
44.48328690003935,-73.07603600673183
44.483286455429045,-73.07602303667413
44.48328601081727,-73.07601006661672
44.48328559810182,-73.07599802706599
44.48328515348722,-73.07598505700895
44.48328474076912,-73.07597301745813
44.48328429615168,-73.07596004740141
44.483283849229444,-73.07594701015383
44.48328343881068,-73.07593503779414
44.483282994188954,-73.07592206773808
44.48328258146421,-73.0759100281871
44.48328213683965,-73.07589705813139
44.4832816899102,-73.07588402088375
44.483281279484856,-73.07587204852496
44.48328083255255,-73.07585901127722
44.483280422124594,-73.07584703891875
44.48327997518944,-73.07583400167094
44.48327953055627,-73.07582103161631
44.48327912012435,-73.07580905925845
44.48327867318485,-73.07579602201064
44.48327826275031,-73.07578404965311
44.48327781580795,-73.07577101240521
44.48327737116765,-73.07575804235155
44.48327695842558,-73.07574600280003
44.48327651378245,-73.07573303274673
44.48327610334134,-73.07572106039011
44.48327565639177,-73.07570802314216
44.48327521174434,-73.0756950530895
44.48327479899562,-73.07568301353781
44.48327435434536,-73.07567004348552
44.48327394159399,-73.07565800393371
44.48327349694091,-73.07564503388177
44.48327304998264,-73.07563199663359
44.48327263953097,-73.07562002427828
44.48327219487359,-73.07560705422698
44.483271782115565,-73.07559501467503
44.48327133745535,-73.07558204462407
44.48327089048989,-73.07556900737582
44.483270480031635,-73.07555703502143
44.48327003306331,-73.07554399777308
44.48326962260245,-73.07553202541901
44.483269175631264,-73.0755189881706
44.48326873096245,-73.07550601812072
44.48326832049762,-73.07549404576726
44.48326787352209,-73.07548100851884
44.48326746305466,-73.07546903616567
44.48326701607627,-73.07545599891719
44.48326657140033,-73.0754430288683
44.48326615862497,-73.07543098931579
44.483265713946196,-73.07541801926725
44.48326530347217,-73.07540604691502
44.48326485648659,-73.07539300966647
44.48326441180351,-73.07538003961857
44.4832639990215,-73.07536800006591
44.48326355433561,-73.07535503001837
44.48326314155095,-73.0753429904656
44.48326269686221,-73.0753300204184
44.48326224986793,-73.07531698316963
44.48326183938335,-73.07530501081871
44.483261394690324,-73.07529204077217
44.483260981899015,-73.07528000121924
44.48326053720316,-73.07526703117304
44.483260090201675,-73.07525399392419
44.48325967971052,-73.07524202157418
44.483259232706175,-73.07522898432524
44.483258822212406,-73.07521701197555
44.483258377509415,-73.07520404193038
44.48325793050073,-73.07519100468141
44.483257520003,-73.07517903233234
44.48325707299144,-73.07516599508331
44.48325666249111,-73.07515402273455
44.48325621547669,-73.07514098548548
44.4832557707651,-73.07512801544135
44.483255357956466,-73.07511597588785
44.483254913242035,-73.07510300584407
44.483254502735114,-73.07509103349624
44.4832540557135,-73.07507799624709
44.48325361099479,-73.07506502620394
44.4832531981795,-73.0750529866503
44.48325275345794,-73.07504001660753
44.483252340640014,-73.0750279770538
44.48325189591563,-73.07501500701134
44.48325144888532,-73.07500196976197
44.48325103836783,-73.07498999741544
44.483250593639156,-73.07497702737365
44.48325018081458,-73.07496498781977
44.48324973608306,-73.07495201777833
44.48324929021314,-73.0749389824294
44.483248921086485,-73.07492700477773
44.483248521197865,-73.0749140289887
44.48324811944538,-73.07490099276825
44.48324775031476,-73.07488901511711
44.48324734855941,-73.07487597889653
44.48324694866501,-73.07486300310806
44.483246579530416,-73.07485102545743
44.48324617777073,-73.0748379892368
44.48324577787203,-73.0748250134489
44.483245406870985,-73.07481297536563
44.48324500696945,-73.07479999957802
44.483244607066446,-73.07478702379069
44.48324420529945,-73.07477398756983
44.48324383615555,-73.07476200992026
44.483243434385685,-73.07474897369924
44.483243034476914,-73.07473599791253
44.48324266532904,-73.07472402026346
44.48324226355484,-73.07471098404237
44.48324186364178,-73.07469800825619
44.48324149262731,-73.07468597017235
44.48324109271139,-73.07467299438649
44.48324069279401,-73.07466001860088
44.48324032177555,-73.07464798051689
44.48323992185533,-73.07463500473159
44.48323952193365,-73.07462202894654
44.483239150911174,-73.07460999086243
44.48323875098666,-73.07459701507766
44.48323834919795,-73.07458397885613
44.48323798003419,-73.07457200120894
44.483237580105374,-73.07455902542473
44.48323717831233,-73.07454598920309
44.48323680914459,-73.07453401155642
44.48323640734869,-73.07452097533466
44.4832360074141,-73.07450799955107
44.4832356382424,-73.07449602190492
44.48323523644215,-73.07448298568305
44.48323483650326,-73.07447000990004
44.483234465464726,-73.07445797181518
44.483234065523,-73.07444499603244
44.48323366557982,-73.07443202024997
44.48323326377224,-73.07441898402789
44.48323289459125,-73.0744070063828
44.483232492780814,-73.0743939701606
44.48323209283185,-73.07438099437873
44.483231723646874,-73.07436901673417
44.483231321832115,-73.07435598051184
44.483230921878835,-73.07434300473054
44.483230552689896,-73.0743310270865
44.4832301508708,-73.0743179908641
44.483229750913225,-73.07430501508335
44.483229379857285,-73.07429297699781
44.48322897989687,-73.07428000121735
44.483228579935,-73.07426702543717
44.48322820887505,-73.07425498735145
44.483227808910335,-73.07424201157157
44.48322740708107,-73.07422897534883
44.483227037880205,-73.07421699770613
44.483226637911194,-73.07420402192677
44.48322623607759,-73.07419098570396
44.48322586687275,-73.07417900806178
44.483225465036284,-73.07416597183881
44.48322506506149,-73.07415299606005
44.4832246958527,-73.07414101841837
44.483224294011876,-73.07412798219534
44.48322388649494,-73.07411501640254
44.48322300256477,-73.07410299962937
44.48322204584881,-73.0740899933744
44.48322108913136,-73.07407698711962
44.483220205197156,-73.07406497034692
44.483219248476836,-73.07405196409252
44.48321836453996,-73.0740399473201
44.48321740781676,-73.07402694106607
44.4832165343955,-73.074015067285
44.48321557766947,-73.0740020610315
44.48321462094193,-73.07398905477822
44.483213736998394,-73.0739770380068
44.483212754397925,-73.07396417229275
44.4832088120449,-73.07395313185273
44.483204869690596,-73.07394209141361
44.4832006417822,-73.0739302512942
44.48319669942526,-73.07391921085694
44.48319275706703,-73.07390817042057
44.48318881470752,-73.07389712998506
44.4831845867936,-73.0738852898697
44.48318064443144,-73.07387424943607
44.48317670206801,-73.07386320900329
44.48317275970329,-73.07385216857142
44.483169083056616,-73.07383997225098
44.483167044498764,-73.07382798513306
44.48316500593959,-73.0738159980156
44.483162967379094,-73.07380401089858
44.48316092881727,-73.07379202378205
44.483158890254145,-73.07378003666594
44.48315685168969,-73.0737680495503
44.483154813123924,-73.07375606243512
44.48315261363674,-73.07374312908368
44.48315057506822,-73.07373114196947
44.483148536498405,-73.07371915485572
44.48314633700685,-73.07370622150593
44.48314424467073,-73.07369391825549
44.483142206096794,-73.073681931143
44.48314000660081,-73.07366899779467
44.48313796802413,-73.07365701068316
44.483135929446135,-73.07364502357211
44.48313372994579,-73.07363209022543
44.48313169136505,-73.07362010311536
44.483129652783006,-73.07360811600573
44.48312739951419,-73.0735948665216
44.48312536092935,-73.07358287941278
44.48312332234318,-73.07357089230445
44.48312112283405,-73.07355795896085
44.48311908424514,-73.07354597185348
44.48311704565491,-73.07353398474658
44.48311484614142,-73.07352105140463
44.48311257239862,-73.07350918029655
44.48310996165049,-73.07349701616995
44.483107547716756,-73.07348576905703
44.48310501995271,-73.07347399158701
44.48310240920048,-73.07346182746181
44.483100078249905,-73.07345096700614
44.48309746749499,-73.07343880288188
44.483094939725795,-73.07342702541447
44.4830925257845,-73.07341577830405
44.48308999801277,-73.07340400083791
44.48308738725241,-73.07339183671567
44.48308505629474,-73.0733809762634
44.48308244553169,-73.07336881214214
44.48307947435133,-73.07335676954567
44.4830765032953,-73.0733447554837
44.48307353223787,-73.07333274142242
44.48307056117904,-73.07332072736179
44.48306759011882,-73.07330871330181
44.48306439828339,-73.07329580650138
44.48306142722028,-73.07328379244285
44.48305845615577,-73.07327177838496
44.483055485089864,-73.07325976432777
44.48305251402255,-73.07324775027122
44.48304954295384,-73.07323573621535
44.483046571883754,-73.07322372216014
44.48304360081225,-73.0732117081056
44.48304068501695,-73.07320017457386
44.48303721651278,-73.07318788000154
44.48303412719344,-73.07317692950521
44.48303079390273,-73.07316511422594
44.48302770458096,-73.07315416373108
44.48302423607108,-73.07314186916149
44.48302114674678,-73.073130918668
44.48301805742129,-73.07311996817518
44.483014724124004,-73.07310815289989
44.48301149957913,-73.07309672311612
44.48300816627914,-73.07308490784239
44.48300507694868,-73.07307395735238
44.48300174364606,-73.07306214208029
44.48299865431316,-73.07305119159179
44.482995032465745,-73.07303898061667
44.482991742165204,-73.07302815393753
44.48298804105166,-73.07301597549053
44.482984750748635,-73.07300514881297
44.482981049632244,-73.07299297036758
44.48297750209312,-73.07298129727042
44.482974058207496,-73.07296996524776
44.48297051066573,-73.07295829215242
44.48296706677741,-73.07294696013116
44.482963519233,-73.0729352870376
44.48296007534201,-73.07292395501773
44.48295652779496,-73.07291228192595
44.48295254634797,-73.07290061724918
44.482948322928216,-73.0728887737686
44.48294438482996,-73.07287773040247
44.48294016140741,-73.07286588692395
44.482935937983406,-73.07285404344655
44.48293199988115,-73.07284300008325
44.482927776454346,-73.07283115660792
44.48292383834944,-73.07282011324651
44.482919614919844,-73.07280826977326
44.4829156768123,-73.07279722641371
44.482911253492354,-73.07278482241229
44.48290731538205,-73.07277377905451
44.48290309194673,-73.07276193558536
44.482899153833785,-73.07275089222945
44.48289473238251,-73.07273919986022
44.48289036980848,-73.07272772382213
44.482885932267536,-73.07271605058351
44.482881790812975,-73.07270515622372
44.482877132146804,-73.07269290131094
44.482872990689565,-73.07268200695317
44.48286855314306,-73.07267033371912
44.482864190560385,-73.07265885768676
44.48285975301105,-73.07264718445496
44.48285539042546,-73.0726357084245
44.48285095287327,-73.07262403519493
44.48284678480759,-73.0726131868437
44.482841884788954,-73.07260210003355
44.482836984768944,-73.07259101322458
44.48283208474756,-73.07257992641676
44.482827781449004,-73.07257018975999
44.48282288142504,-73.0725591029544
44.482817981399684,-73.07254801615
44.48281308137295,-73.07253692934675
44.482808181344836,-73.07252584254465
44.48280387804051,-73.07251610589316
44.48279897800983,-73.0725050190933
44.48279407797775,-73.07249393229463
44.48278917794431,-73.07248284549708
44.482784277909474,-73.07247175870073
44.48277997459936,-73.07246202205451
44.482775074561964,-73.07245093526039
44.482770123928375,-73.07243988755495
44.48276506722869,-73.07242893900076
44.48276033599592,-73.07241869513766
44.48275527929361,-73.07240774658585
44.48275084336874,-73.07239814211776
44.48274578666394,-73.07238719356833
44.48274105542629,-73.07237694970952
44.48273599871883,-73.07236600116246
44.48273094201005,-73.07235505261664
44.482726210768604,-73.07234480876106
44.48272115405719,-73.07233386021761
44.482716718124486,-73.07232425575722
44.482711085724944,-73.07231390798131
44.48270507917102,-73.0723029150164
44.4826997867062,-73.07229322895348
44.482694124552175,-73.0722828663034
44.48268883208506,-73.07227318024304
44.48268316992852,-73.07226281759553
44.48267787745912,-73.07225313153772
44.48267187089723,-73.0722421385814
44.482666208736774,-73.07223177593791
44.482660916263825,-73.07222208988405
44.48265525410084,-73.07221172724314
44.482649961625626,-73.07220204119183
44.48264429946011,-73.07219167855351
44.48263866257944,-73.07218136219407
44.48263300041135,-73.07217099955844
44.482627707931485,-73.07216131351235
44.48262204576087,-73.07215095087932
44.48261638358892,-73.07214058824762
44.482611091105575,-73.07213090220534
44.48260508452761,-73.07211990926625
44.48259971389969,-73.0721103394638
44.482594042585575,-73.07210094947135
44.48258837127034,-73.07209155948013
44.482582765579,-73.07208227814537
44.48257709426158,-73.07207288815667
44.48257142294303,-73.07206349816923
44.48256581724856,-73.07205421683845
44.48256014592782,-73.07204482685353
44.48255447460594,-73.07203543686985
44.48254886890835,-73.07202615554306
44.482543197584306,-73.07201676556193
44.482537526259115,-73.072007375582
44.48253192055841,-73.0719980942592
44.482526249231036,-73.07198870428182
44.48252036852125,-73.0719794749006
44.4825141089725,-73.071970844727
44.4825078494228,-73.07196221455484
44.48250108163942,-73.07195288367339
44.482494822087716,-73.07194425350417
44.48248805430212,-73.07193492262583
44.48248215143239,-73.07192678422653
44.482475891877755,-73.07191815406159
44.482469124088915,-73.07190882318777
44.482462864532266,-73.07190019302577
44.482456096741195,-73.07189086215503
44.48244983718254,-73.071882231996
44.482443934307135,-73.0718740936047
44.482437166512824,-73.07186476273849
44.48243090695123,-73.07185613258373
44.482424139154695,-73.07184680172062
44.482417879591104,-73.0718381715688
44.482411976710964,-73.0718300331842
44.482405208911175,-73.0718207023256
44.48239894934465,-73.07181207217806
44.48239218154263,-73.07180274132257
44.48238592197409,-73.07179411117797
44.48237966240461,-73.07178548103482
44.48237325128394,-73.07177664194909
44.48236699171249,-73.07176801180877
44.48236022390499,-73.0717586809609
44.4823539643605,-73.07175005217648
44.48234710445121,-73.07174084708267
44.48234076630581,-73.07173234213002
44.48233390639436,-73.07172313703937
44.48232740287691,-73.0717144101851
44.48232106472857,-73.07170590523687
44.48231420481385,-73.07169670015091
44.482307344897976,-73.07168749506656
44.48230100674665,-73.07167899012286
44.482294146828615,-73.07166978504168
44.48228728690944,-73.07166057996211
44.48228094875513,-73.07165207502294
44.482274088833776,-73.07164286994654
44.48226722891129,-73.0716336648718
44.48226124714953,-73.07162563817081
44.48225438722492,-73.07161643309911
44.482247527299165,-73.07160722802902
44.48224089609587,-73.07159918366806
44.482233819487945,-73.07159131908546
44.482227090219915,-73.07158384052109
44.4822200136103,-73.07157597594149
44.48221293699983,-73.07156811136345
44.48220620772931,-73.07156063280333
44.48219913111713,-73.07155276822827
44.4821920545041,-73.07154490365478
44.482184977890206,-73.07153703908283
44.48217824861634,-73.07152956052843
44.48217178598481,-73.07152237830819
44.48216470936843,-73.07151451374067
44.48215798009218,-73.07150703519044
44.48215090347412,-73.07149917062593
44.48214382685517,-73.07149130606295
44.48213709757645,-73.07148382751701
44.4821300209558,-73.07147596295705
44.48212294433429,-73.07146809839864
44.482116215053075,-73.07146061985696
44.48210913842987,-73.07145275530155
44.48210203104237,-73.07144493834461
44.482095005359774,-73.07143798935459
44.482087979676464,-73.07143104036598
44.48208095399246,-73.07142409137874
44.48207326074444,-73.07141648211744
44.48206589895296,-73.07140920069655
44.482058873266745,-73.0714022517137
44.48205184757984,-73.07139530273227
44.482044154328584,-73.07138769347726
44.48203712864019,-73.07138074449874
44.482030102951114,-73.07137379552162
44.482022741155184,-73.07136651410978
44.482015047900695,-73.07135890486106
44.48200802220941,-73.07135195588835
44.482000996517414,-73.071345006917
44.481993970824725,-73.07133805794707
44.48198627756704,-73.07133044870453
44.48197891576661,-73.07132316730191
44.48197189007171,-73.07131621833636
44.48196486437612,-73.07130926937221
44.481957171115184,-73.07130166013597
44.48195014541812,-73.07129471117473
44.48194311972034,-73.0712877622149
44.48193575791548,-73.07128048082136
44.481928732216296,-73.07127353186439
44.48192079274944,-73.07126645710582
44.48191315625351,-73.07125965537175
44.481905196786435,-73.07125256597348
44.48189794965299,-73.07124611104393
44.48188999018448,-73.07123902164884
44.48188203071522,-73.07123193225539
44.48187478357981,-73.07122547733026
44.481866824109126,-73.07121838793998
44.48185918760822,-73.07121158621659
44.48185194047086,-73.07120513129581
44.481843980998015,-73.07119804191028
44.4818360215244,-73.0711909525264
44.48182806205004,-73.07118386314416
44.48182081491006,-73.07117740822932
44.4818131784049,-73.07117060651504
44.481805218928365,-73.07116351713756
44.48179797178644,-73.07115706222704
44.48179001230849,-73.07114997285274
44.48178205282978,-73.07114288348008
44.4817748056859,-73.071136428574
44.48176684620575,-73.07112933920449
44.48175920969562,-73.0711225375009
44.4817519625498,-73.07111608259916
44.48174400306749,-73.07110899323442
44.481736043584434,-73.07110190387132
44.48172808410061,-73.07109481450988
44.481720836952164,-73.07108835961407
44.48171310755347,-73.07108174791739
44.48170606578461,-73.07107584581478
44.48169797315195,-73.07106906292618
44.481690194791796,-73.07106254344907
44.481682838748,-73.0710563779407
44.48167506038661,-73.07104985846652
44.4816680186149,-73.0710439563706
44.48165992597898,-73.0710371734897
44.48165214761565,-73.07103065401994
44.48164510584223,-73.07102475192805
44.48163701320434,-73.07101796905178
44.481629971429804,-73.07101206696257
44.48162187879063,-73.07100528408935
44.48161410042411,-73.07099876462695
44.481607058647846,-73.07099286254174
44.4815989660067,-73.07098607967318
44.48159192422931,-73.07098017759064
44.48158414586029,-73.07097365813402
44.48157605321717,-73.07096687527009
44.48156901143806,-73.07096097319157
44.48156123306711,-73.07095445373938
44.48155387701343,-73.07094828825487
44.48154609864122,-73.07094176880558
44.48153874258637,-73.07093560332386
44.48153092245939,-73.07092918574156
44.48152278584318,-73.07092251299343
44.481514960220046,-73.0709160952893
44.48150713459627,-73.07090967758668
44.481498997978086,-73.0709030048433
44.48149117235303,-73.07089658714374
44.48148303573352,-73.07088991440354
44.481475955065136,-73.07088410763747
44.48146781844437,-73.07087743490034
44.48145999281679,-73.07087101720673
44.48145185619472,-73.0708643444728
44.48144403056585,-73.07085792678225
44.48143620493634,-73.07085150909319
44.48142806831228,-73.070844836364
44.481421036513,-73.07083891768471
44.48141302724072,-73.07083193858821
44.481405017967724,-73.07082495949338
44.48139804984317,-73.07081888763302
44.48139004056879,-73.07081190854127
44.48138203129369,-73.07080492945116
44.481375063167306,-73.07079885759491
44.48136705389083,-73.0707918785079
44.481359044613626,-73.07078489942252
44.48135207648542,-73.0707788275704
44.481344067206855,-73.0707718484881
44.48133677915791,-73.07076549786902
44.4813290897975,-73.07075879755946
44.481321080516835,-73.0707518184819
44.481313792466004,-73.07074546786713
44.48130610310356,-73.07073876756209
44.48129809382079,-73.07073178848927
44.481290805768076,-73.07072543787883
44.48128311640359,-73.0707187375783
44.48127510711871,-73.07071175851021
44.481267819064136,-73.07070540790414
44.48126019340777,-73.07069858082245
44.4812529802107,-73.07069204288986
44.481245767013,-73.07068550495866
44.48123817403725,-73.0706786228046
44.48123096083825,-73.07067208487626
44.481223747638644,-73.0706655469493
44.48121615466081,-73.07065866479964
44.48120894145989,-73.0706521268755
44.481202053598196,-73.07064588383521
44.48119413527843,-73.0706387068075
44.4811869220756,-73.0706321688876
44.48118003421206,-73.07062592585132
44.48117211589013,-73.0706187488282
44.4811649026854,-73.07061221091254
44.48115801481998,-73.07060596788025
44.48115009649593,-73.07059879086177
44.48114294353424,-73.07059211741036
44.4811351280368,-73.07058473377066
44.481128000129964,-73.07057799972978
44.48112087222248,-73.07057126569029
44.48111305672275,-73.07056388205527
44.481105928813875,-73.0705571480187
44.4810981133126,-73.07054976438688
44.48109098540234,-73.07054303035322
44.481083169899506,-73.07053564672458
44.48107604198784,-73.07052891269383
44.48106822648347,-73.07052152906836
44.48106076788921,-73.07051448263267
44.48105295238326,-73.07050709901047
44.481045824468794,-73.07050036498563
44.4810380089613,-73.0704929813666
44.48103111421126,-73.07048579445586
44.48102398995071,-73.07047801808554
44.48101686568932,-73.07047024171679
44.481010087302195,-73.07046284288363
44.48100296303913,-73.0704550665179
44.48099583877523,-73.07044729015371
44.480989060385674,-73.07043989132484
44.4809819361201,-73.07043211496365
44.4809748118537,-73.07042433860404
44.48096768758644,-73.07041656224598
44.480960909193634,-73.07040916342287
44.48095378492471,-73.0704013870678
44.48094666065494,-73.0703936107143
44.480939882259705,-73.07038621189548
44.48093275798828,-73.07037843554501
44.48092501124896,-73.07036997975541
44.48091826859946,-73.07036256112374
44.48091163870524,-73.07035459033519
44.48090478529102,-73.07034635082236
44.48089793187584,-73.07033811131105
44.48089107845971,-73.07032987180123
44.480883872457206,-73.07032120839779
44.48087701903915,-73.0703129688911
44.48087016562016,-73.07030472938591
44.480862959614676,-73.07029606598738
44.48085610619375,-73.07028782648531
44.48084982887722,-73.07028027960514
44.4808429754545,-73.07027204010599
44.48083576944517,-73.07026337671388
44.48082891602052,-73.07025513721786
44.48082206259493,-73.07024689772332
44.48081572302713,-73.07023839652689
44.48080893877141,-73.07022908765762
44.480803021790656,-73.07022096880351
44.48079623753275,-73.07021165993726
44.4807899638878,-73.07020305169989
44.48078369024189,-73.07019444346393
44.48077726264312,-73.07018562398801
44.48077098899525,-73.0701770157549
44.48076471534643,-73.07016840752325
44.480757931082024,-73.07015909866618
44.48075201409376,-73.07015097982273
44.48074522982718,-73.07014167096865
44.4807389561744,-73.07013306274278
44.48073268252067,-73.07012445451838
44.480726254913506,-73.07011563505377
44.48071998125781,-73.0701070268322
44.480713196985796,-73.07009771798576
44.4807069233281,-73.07008910976715
44.480701006332296,-73.07008099093439
44.480694222057046,-73.07007168209248
44.48068794839644,-73.07006307387816
44.48068167473488,-73.07005446566527
44.48067524711935,-73.07004564621197
44.480668973455835,-73.07003703800191
44.480662910612914,-73.07002710668431
44.480657218906366,-73.07001773873324
44.48065159535012,-73.07000848295345
44.48064590364138,-73.06999911500493
44.48063985974479,-73.06998916739597
44.48063416803376,-73.06997979945004
44.48062889666014,-73.06997112333717
44.480622852760106,-73.06996117573232
44.48061716104578,-73.06995180779019
44.480611117143354,-73.06994186018818
44.48060584576572,-73.06993318408027
44.48059980186103,-73.06992323648103
44.48059411014222,-73.06991386854405
44.48058806623512,-73.06990392094762
44.48058279485348,-73.06989524484472
44.48057675094412,-73.06988529725106
44.48057105922084,-73.06987592931922
44.48056501530909,-73.06986598172843
44.48055974392342,-73.06985730563046
44.480554052196844,-73.06984793770242
44.48054800828165,-73.06983799011574
44.48054231655278,-73.0698286221903
44.480536692975555,-73.06981936643756
44.4805310012445,-73.06980999851467
44.48052495732465,-73.0698000509336
44.480519265591305,-73.06979068301328
44.48051400685693,-73.06978099292945
44.480508845138175,-73.0697711596863
44.480503332230136,-73.06976065741974
44.480498170509016,-73.069750824179
44.48049300878678,-73.06974099093947
44.48048784706342,-73.06973115770117
44.48048233415032,-73.0697206554395
44.48047717242461,-73.0697108222036
44.480472010697774,-73.06970098896895
44.480466848969826,-73.06969115573547
44.480460995473216,-73.06968000466782
44.48045583374285,-73.0696701714369
44.480450672011365,-73.06966033820721
44.480445510278756,-73.06965050497871
44.480439997355454,-73.06964000272696
44.48043483562049,-73.0696301695009
44.480429673884395,-73.06962033627605
44.48042478145022,-73.06961020213365
44.48041998466109,-73.06960001418675
44.480414859872305,-73.0695891296022
44.480410063080704,-73.06957894165751
44.480404938289325,-73.0695680570754
44.480400141495245,-73.06955786913291
44.48039534469997,-73.06954768119144
44.48039021990472,-73.06953679661291
44.48038572646898,-73.06952725298542
44.480380601671264,-73.06951636840934
44.48037580487116,-73.0695061804723
44.48037100806985,-73.06949599253629
44.480365883268256,-73.0694851079638
44.48036108646449,-73.06947492003
44.48035596166031,-73.06946403545996
44.480351164854056,-73.06945384752835
44.480346368046604,-73.06944365959777
44.48034124323856,-73.06943277503132
44.4803367947658,-73.06942316491875
44.4803321712452,-73.06941186239354
44.48032748724662,-73.06940041203019
44.480322863723195,-73.06938910950717
44.480318240198336,-73.06937780698516
44.48031386406494,-73.0693671092326
44.48030924053734,-73.06935580671265
44.48030486440142,-73.06934510896228
44.48030024087107,-73.06933380644439
44.480295864732646,-73.06932310869618
44.48029093332985,-73.06931105357383
44.480286557188826,-73.0693003558279
44.4802819336529,-73.06928905331428
44.48027755750936,-73.0692783555705
44.48027293397068,-73.06926705305894
44.48026855782462,-73.06925635531732
44.48026393428319,-73.06924505280784
44.48025931074033,-73.06923375029936
44.48025462672018,-73.06922229995538
44.48025000317448,-73.06921099744909
44.48024562702201,-73.06920029971297
44.48024123284406,-73.06918884576054
44.48023719475463,-73.06917687099153
44.48023343230772,-73.0691657136326
44.48022939421542,-73.06915373886545
44.48022535612165,-73.0691417640993
44.4802213180264,-73.06912978933414
44.480217279929676,-73.06911781456998
44.4802135174759,-73.06910665721534
44.48020966196787,-73.06909522391818
44.48020562386692,-73.06908324915698
44.48020158576449,-73.06907127439676
44.480197547660595,-73.06905929963753
44.48019378520005,-73.06904814228727
44.48019007289149,-73.06903595686079
44.48018655062053,-73.06902426595538
44.48018313271427,-73.06901292145595
44.480179610440665,-73.06900123055229
44.48017619253172,-73.06898988605423
44.48017267025544,-73.06897819515234
44.48016925234381,-73.0689668506556
44.4801657300649,-73.06895515975549
44.48016205645866,-73.0689429665861
44.480158789869,-73.06893212436177
44.48015511625991,-73.06891993119393
44.48015184966776,-73.06890908897114
44.48014817605581,-73.06889689580487
44.48014490946119,-73.06888605358363
44.480141235846375,-73.0688738604189
44.48013771355674,-73.06886216952594
44.480134446958395,-73.06885132730716
44.480130773339305,-73.06883913414487
44.48012750673848,-73.06882829192764
44.48012383311652,-73.0688160987669
44.48012056651321,-73.06880525655127
44.480116892888404,-73.06879306339206
44.48011337058949,-73.0687813725054
44.480110196637284,-73.06876990720453
44.48010730185492,-73.06875785755102
44.480104724673446,-73.06874712992999
44.48010182988846,-73.06873508027778
44.480098935102056,-73.06872303062617
44.480096256089816,-73.06871187914793
44.480093361300696,-73.06869982949748
44.48009056833763,-73.06868820370723
44.48008788932162,-73.06867705223061
44.480084994528475,-73.06866500258208
44.48008209973393,-73.06865295293417
44.48007942071408,-73.0686418014591
44.48007662774468,-73.06863017567261
44.4800737329461,-73.06861812602662
44.48007105392249,-73.06860697455318
44.4800681591212,-73.06859492490834
44.48006526431849,-73.06858287526413
44.48006268711934,-73.06857214765317
44.480059792314016,-73.06856009801025
44.48005748659958,-73.06854817699895
44.480055386562675,-73.06853621148758
44.48005322946902,-73.06852392088861
44.48005112942941,-73.0685119553781
44.48004902938851,-73.06849998986806
44.48004692934629,-73.0684880243585
44.480044829302756,-73.06847605884946
44.48004272925792,-73.0684640933409
44.48004062921175,-73.06845212783286
44.480038529164275,-73.06844016232529
44.48003642911549,-73.06842819681822
44.48003427200931,-73.06841590622199
44.48003217195783,-73.06840394071571
44.480030071905034,-73.06839197520996
44.480027971850916,-73.0683800097047
44.4800258717955,-73.06836804419993
44.48002377173876,-73.06835607869564
44.48002167168072,-73.06834411319187
44.48001957162135,-73.0683321476886
44.480017471560664,-73.06832018218579
44.480015314441985,-73.0683078915923
44.480013535818095,-73.06829512160823
44.48001192189383,-73.06828302046259
44.480010179101235,-73.06826995307827
44.48000847006828,-73.06825713883396
44.48000672727263,-73.06824407145045
44.48000511334275,-73.06823197030587
44.48000337054409,-73.06821890292291
44.48000166150531,-73.0682060886807
44.47999991870361,-73.06819302129848
44.47999830476811,-73.06818092015504
44.479996595725,-73.06816810591447
44.47999485291881,-73.06815503853328
44.479993110111046,-73.06814197115237
44.47999152993169,-73.06813012315169
44.4799900613435,-73.06811698798647
44.47998877094507,-73.06810404485826
44.47998748054516,-73.06809110173046
44.47998617099277,-73.0680779665126
44.47998488058986,-73.06806502338544
44.479983590185476,-73.06805208025867
44.479982280628484,-73.06803894504124
44.47998099046023,-73.06802600182085
44.479979827479596,-73.06801403292889
44.47997856909985,-73.06800108224577
44.47997738790798,-73.06798892596002
44.47997612952535,-73.06797597527749
44.4799749665394,-73.06796400638665
44.479973708153935,-73.06795105570482
44.47997254516534,-73.06793908681466
44.479971363966705,-73.06792693052931
44.47997010557697,-73.0679139798484
44.47996894258445,-73.06790201095899
44.47996768419186,-73.06788906027882
44.47996652119671,-73.06787709139007
44.479965244592265,-73.06786395331416
44.479964081594446,-73.06785198442589
44.47996282319611,-73.06783903374699
44.47996166019566,-73.06782706485936
44.47996047898476,-73.06781490857479
44.47995922058218,-73.0678019578968
44.479958057577775,-73.06778998900994
44.47995679917235,-73.06777703833271
44.47995563616531,-73.0677650694465
44.47995435954766,-73.0677519313717
44.47995319653794,-73.06773996248599
44.47995203352696,-73.06772799360057
44.479950775114425,-73.06771504292495
44.47994961210081,-73.0677030740402
44.47994835179906,-73.06768994884554
44.47994746232288,-73.06767793277439
44.47994651025879,-73.06766507121259
44.47994562078,-73.06765305514193
44.47994465806396,-73.06764004972058
44.4799437685825,-73.06762803365024
44.479942805863594,-73.06761502822927
44.47994191637949,-73.06760301215924
44.479940953657696,-73.06759000673863
44.47994006417093,-73.0675779906689
44.47993910144627,-73.06756498524867
44.47993821195685,-73.06755296917925
44.479937249229316,-73.06753996375937
44.47993635973722,-73.06752794769027
44.47993539700683,-73.06751494227078
44.47993450751209,-73.06750292620198
44.47993355542836,-73.06749006464588
44.479932665930995,-73.06747804857758
44.47993170319488,-73.06746504315903
44.47994096475608,-73.06746355585521
44.47995001156031,-73.06746214568325
44.4799589799817,-73.06746074772879
44.47996901456791,-73.06745918358517
44.47997798298922,-73.0674577856298
44.479987029793314,-73.06745637545606
44.479996985996614,-73.06745482352889
44.48000603280062,-73.06745341335423
44.4800150012218,-73.0674520153971
44.48002396949647,-73.0674506159999
44.48003301623223,-73.06744920434286
44.48004198450428,-73.0674478049289
44.48005103123998,-73.06744639327101
44.480059999511965,-73.0674449938562
44.48006896778391,-73.06744359444095
44.4800780145195,-73.06744218278176
44.48008698279138,-73.06744078336565
44.4800960295269,-73.06743937170559
44.480104997798705,-73.06743797228862
44.48011396607049,-73.06743657287124
44.480123012805905,-73.06743516120989
44.48013198107761,-73.06743376179162
44.480141027812984,-73.0674323501294
44.48014999608462,-73.06743095071029
44.480158964356214,-73.06742955129076
44.48016801109146,-73.06742813962724
44.480176979362994,-73.06742674020684
44.480186026098195,-73.06742532854246
44.48019499436965,-73.0674239291212
44.480203962641085,-73.06742252969951
44.48021300937617,-73.06742111803382
44.480221977647524,-73.06741971861129
44.48023102438255,-73.06741830694473
44.48023999590265,-73.0674169307452
44.48024899320176,-73.06741588509394
44.48025799050086,-73.06741483944235
44.48026698779994,-73.06741379379044
44.48027697827008,-73.0674126327134
44.480285975569124,-73.0674115870608
44.48029497286814,-73.06741054140791
44.48030402892651,-73.06740948892575
44.48031302622549,-73.0674084432722
44.480323016695515,-73.06740728219333
44.480332013994456,-73.0674062365391
44.48034101129338,-73.06740519088456
44.48035000859228,-73.06740414522969
44.480359074440074,-73.06740278169814
44.480368010483026,-73.06740111008254
44.48037605759,-73.0673996047548
44.48038499363284,-73.06739793313825
44.48039402323761,-73.06739624401904
44.48040305284233,-73.06739455489934
44.480411006387165,-73.06739306707193
44.4804200359918,-73.06739137795125
44.48042897203441,-73.06738970633221
44.48043800163894,-73.06738801721049
44.48044604874557,-73.06738651187916
44.48045498478803,-73.06738484025863
44.48046399740481,-73.06738466580255
44.48047299633886,-73.06738452853088
44.48048200303737,-73.06738439114076
44.4804910019714,-73.06738425386901
44.48049900102387,-73.06738413184964
44.48050799995789,-73.06738399457781
44.48051699889192,-73.06738385730596
44.48052599782595,-73.06738372003403
44.48053499675998,-73.06738358276209
44.4805440034585,-73.06738344537163
44.48055200251097,-73.06738332335206
44.48056100144499,-73.06738318607998
44.48057000037902,-73.06738304880787
44.48057899149703,-73.06738331102399
44.48058800560131,-73.06738379511361
44.48059699240705,-73.06738427773735
44.480606006511316,-73.06738476182726
44.48061499331705,-73.06738524445129
44.4806240074213,-73.0673857285415
44.480632994227015,-73.06738621116583
44.480642008331266,-73.06738669525633
44.48065099513699,-73.06738717788095
44.48065901070726,-73.06738760834678
44.48066799751297,-73.06738809097169
44.48067701161719,-73.06738857506276
44.480685998422885,-73.06738905768798
44.48069498522858,-73.06738954031333
44.4807039993328,-73.06739002440486
44.48071298613849,-73.06739050703051
44.4807220002427,-73.06739099112235
44.480730987048375,-73.06739147374829
44.480740002306746,-73.0673918228169
44.480748999311146,-73.0673920529114
44.48075799631553,-73.06739228300597
44.48076699331992,-73.06739251310061
44.48077600333902,-73.06739274352817
44.4807850003434,-73.06739297362297
44.48079399734778,-73.06739320371783
44.480802994352175,-73.06739343381275
44.480812004371266,-73.0673936642406
44.48082100137566,-73.06739389433568
44.48082899871288,-73.06739409886468
44.48083799571726,-73.06739432895988
44.48084700573634,-73.067394559388
44.48085600274073,-73.06739478948334
44.48086499974511,-73.06739501957877
44.48087399674947,-73.06739524967426
44.480882993753845,-73.06739547976981
44.48089200377294,-73.0673957101983
44.48090100077731,-73.06739594029399
44.48090999778169,-73.06739617038976
44.480918994786066,-73.0673964004856
44.48092800480514,-73.06739663091437
44.48093700180951,-73.06739686101035
44.48094599881389,-73.06739709110641
44.48095499581826,-73.06739732120253
44.48096400583733,-73.06739755163159
44.480973002841694,-73.06739778172785
44.48098199984606,-73.06739801182418
44.48099099685043,-73.0673982419206
44.48099899418763,-73.06739844645081
44.48100800420672,-73.06739867688019
44.48101700121107,-73.0673989069768
44.481025998215436,-73.06739913707351
44.481034995219794,-73.06739936717025
44.481044005238864,-73.06739959759993
44.48105300224322,-73.06739982769683
44.481061999247586,-73.0674000577938
44.48107099625194,-73.06740028789085
44.481079993256294,-73.06740051798795
44.4810890027458,-73.06740089327707
44.48109799105799,-73.06740134755623
44.48110700506501,-73.06740180313419
44.481115993377195,-73.06740225741365
44.481125007384215,-73.06740271299188
44.48113399569639,-73.0674031672716
44.481143009703416,-73.06740362285014
44.48115199801558,-73.06740407713013
44.48116101202258,-73.06740453270893
44.48117000033475,-73.06740498698923
44.48117901434175,-73.06740544256832
44.481188002653894,-73.0674058968489
44.48119699096605,-73.06740635112959
44.48120600497304,-73.0674068067091
44.481214993285185,-73.0674072609901
44.48122400729216,-73.06740771656987
44.4812329956043,-73.06740817085114
44.48124200961127,-73.06740862643122
44.48125099792341,-73.06740908071276
44.481260011930374,-73.0674095362931
44.48126900024249,-73.06740999057493
44.48127801424947,-73.06741044615556
44.48128600386022,-73.06741084996187
44.481294992172344,-73.06741130424412
44.481304006179286,-73.06741175982513
44.48131299449138,-73.06741221410766
44.481322008498324,-73.06741266968898
44.48133099681042,-73.06741312397178
44.48134001081736,-73.06741357955337
44.481348999129445,-73.06741403383644
44.48135801313637,-73.06741448941833
44.481367001448454,-73.06741494370168
44.481376015455375,-73.06741539928383
44.48138500376746,-73.06741585356747
44.481393992079525,-73.06741630785123
44.48140300608643,-73.06741676343383
44.4814119943985,-73.06741721771789
44.4814210084054,-73.06741767330074
44.48142999671747,-73.06741812758509
44.48143901072436,-73.06741858316822
44.4814479990364,-73.06741903745284
44.48145701304329,-73.06741949303625
44.48146600135533,-73.06741994732114
44.48147501536222,-73.06742040290484
44.481484003674254,-73.06742085719002
44.48149299198627,-73.06742131147534
44.48150200599315,-73.06742176705946
44.481510994305175,-73.06742222134505
44.48152000831204,-73.06742267692947
44.481528996624064,-73.06742313121535
44.48153801063091,-73.06742358680002
44.481546998942925,-73.06742404108618
44.481556012949774,-73.06742449667115
44.481565001261785,-73.06742495095759
44.48157401526863,-73.06742540654282
44.48158300358061,-73.06742586082954
44.4815919918926,-73.0674263151164
44.481601005899435,-73.06742677070208
44.481609994211425,-73.06742722498922
44.481619008218246,-73.06742768057516
44.48162799653022,-73.06742813486258
44.48163800923837,-73.06742864092521
44.48164699755034,-73.06742909521293
44.48165601155715,-73.06742955079946
44.48166499986911,-73.06743000508745
44.48167401387591,-73.06743046067426
44.48168300218786,-73.06743091496253
44.481691990499826,-73.06743136925094
44.48170100450661,-73.06743182483817
44.48170999281855,-73.06743227912688
44.48171900682534,-73.06743273471439
44.48172799513726,-73.06743318900335
44.481737009144055,-73.06743364459115
44.48174599745598,-73.06743409888041
44.48175501146275,-73.06743455446846
44.48176399977467,-73.06743500875801
44.48177301378144,-73.06743546434636
44.481782002093354,-73.06743591863616
44.48179099040526,-73.06743637292612
44.48180000441201,-73.0674368285149
44.48180899272392,-73.06743728280514
44.481819005431994,-73.0674377888709
44.48182799374389,-73.06743824316143
44.48183700775062,-73.06743869875079
44.4818459960625,-73.06743915304159
44.48185501006924,-73.06743960863123
44.48186399838112,-73.06744006292233
44.48187301238784,-73.06744051851224
44.481882000699706,-73.06744097280361
44.48189098901159,-73.06744142709512
44.48190000301831,-73.06744188268546
44.481908991330165,-73.06744233697725
44.48191800533687,-73.06744279256786
44.48192699364873,-73.06744324685994
44.48193600765541,-73.06744370245083
44.48194499596728,-73.06744415674318
44.48195400997396,-73.06744461233436
44.4819629982858,-73.06744506662699
44.48197198659764,-73.06744552091976
44.481981000604314,-73.06744597651137
44.481989988916155,-73.06744643080441
44.48200000162414,-73.06744693687332
44.48200898993596,-73.06744739116668
44.48201800394262,-73.06744784675885
44.48202699225445,-73.06744830105247
44.4820360062611,-73.06744875664494
44.48204499457291,-73.06744921093883
44.48205400857956,-73.06744966653157
44.48206299689135,-73.06745012082577
44.48207198520317,-73.06745057512009
44.482080999209806,-73.06745103071324
44.4820899875216,-73.06745148500787
44.482099001528226,-73.06745194060129
44.48210798984001,-73.0674523948962
44.48211700384664,-73.06745285048991
44.482125992158416,-73.06745330478508
44.482135006165024,-73.06745376037908
44.4821439944768,-73.06745421467453
44.4821530084834,-73.06745467026882
44.48216199679518,-73.06745512456455
44.48217101080178,-73.0674555801591
44.482179999113534,-73.06745603445512
44.482188987425275,-73.06745648875128
44.48219800143186,-73.06745694434625
44.48220698974363,-73.06745739864269
44.48221600375021,-73.06745785423794
44.48222499206194,-73.06745830853467
44.48223400606852,-73.06745876413021
44.48224299438024,-73.0674592184272
44.48225200838682,-73.06745967402303
44.48226099669855,-73.06746012832029
44.482270010705115,-73.06746058391641
44.48227899901682,-73.06746103821395
44.48228801302337,-73.06746149381034
44.48229700133509,-73.06746194810817
44.4823059896468,-73.06746240240615
44.48231500365333,-73.06746285800295
44.482323991965025,-73.06746331230121
44.48233300597157,-73.0674637678983
44.48234199428326,-73.06746422219683
44.4823510082898,-73.0674646777942
44.482359996601474,-73.06746513209302
44.482369010608004,-73.06746558769066
44.48237799891967,-73.06746604198976
44.482387012926196,-73.06746649758769
44.48239600123786,-73.06746695188707
44.482405015244375,-73.06746740748528
44.48241400355604,-73.06746786178493
44.482422991867686,-73.06746831608473
44.48243200587419,-73.06746877168337
44.48244099418584,-73.06746922598343
44.48245000819234,-73.06746968158235
44.48245899650398,-73.0674701358827
44.48246801051046,-73.06747059148191
44.48247699882211,-73.06747104578254
44.482485014127285,-73.06747145090414
44.48249400243891,-73.06747190520504
44.482503016445385,-73.0674723608048
44.482512004757005,-73.06747281510596
44.48252101876347,-73.06747327070599
44.48253000707507,-73.06747372500745
44.482539021081536,-73.06747418060776
44.48254800939315,-73.0674746349095
44.482556997704755,-73.06747508921138
44.48256601171119,-73.06747554481211
44.482575000022784,-73.06747599911425
44.48258401402923,-73.06747645471526
44.48259300234081,-73.06747690901771
44.48260201634724,-73.067477364619
44.48261100465883,-73.06747781892172
44.48262001866525,-73.0674782745233
44.48262900697683,-73.06747872882629
44.48263802098325,-73.06747918442814
44.482647009294816,-73.06747963873143
44.48265602330122,-73.06748009433355
44.482665011612774,-73.06748054863712
44.48267399992434,-73.06748100294081
44.482683013930746,-73.06748145854337
44.482692002242295,-73.06748191284734
44.482701016248676,-73.06748236845017
44.48271000456021,-73.06748282275444
44.482719018566605,-73.06748327835756
44.48272800687815,-73.0674837326621
44.48273702088452,-73.0674841882655
44.48274600919604,-73.0674846425703
44.482755023202415,-73.06748509817399
44.48276401151393,-73.0674855524791
44.4827730255203,-73.06748600808305
44.482782013831816,-73.06748646238843
44.482791002143315,-73.06748691669395
44.48280001614967,-73.06748737229833
44.48280900446118,-73.06748782660412
44.48281801846753,-73.0674882822088
44.48282600807775,-73.06748868603641
44.48283499638923,-73.06748914034262
44.48284401039556,-73.06748959594769
44.48285299870704,-73.06749005025416
44.48286101401211,-73.067490455381
44.48287000232359,-73.06749090968775
44.48287899063505,-73.06749136399463
44.48288800464137,-73.06749181960039
44.48289599425156,-73.06749222342899
44.48290500825787,-73.067492679035
44.48291399656934,-73.06749313334244
44.48292298488079,-73.06749358765
44.482931000185815,-73.06749399277781
44.482939999570014,-73.06749421890676
44.482948999501794,-73.06749425363628
44.48295799943359,-73.06749428836582
44.48296699936536,-73.06749432309536
44.48297599929714,-73.06749435782491
44.482984999228925,-73.06749439255447
44.482993999160705,-73.06749442728405
44.483002999092484,-73.06749446201361
44.48301199902428,-73.06749449674322
44.48302099895605,-73.06749453147282
44.483029998887844,-73.06749456620243
44.483038998819616,-73.06749460093206
44.4830479987514,-73.0674946356617
44.48305699868318,-73.06749467039134
44.48306599861496,-73.067494705121
44.48307499854675,-73.06749473985067
44.483083998478534,-73.06749477458037
44.48309299841031,-73.06749480931005
44.4831019983421,-73.06749484403974
44.48311099827387,-73.06749487876947
44.48312002017632,-73.06749419906387
44.48312904083368,-73.06749240287368
44.48313796214005,-73.0674906264657
44.483146982797294,-73.06748883027444
44.48315600345448,-73.06748703408262
44.483165024111614,-73.06748523789025
44.48317404476868,-73.06748344169735
44.483182966074786,-73.06748166528664
44.48319198673175,-73.06747986909262
44.483201007388665,-73.06747807289807
44.48321002268913,-73.06747619240485
44.483218039522725,-73.06747433515461
44.48322702976347,-73.06747225239566
44.483235046596945,-73.06747039514434
44.48324403683754,-73.06746831238422
44.483253027078085,-73.06746622962345
44.48326104391137,-73.06746437237048
44.483270034151744,-73.06746228960853
44.48327902439207,-73.06746020684591
44.48328704122515,-73.06745834959133
44.483296031465336,-73.06745626682753
44.4833040482983,-73.06745440957188
44.483313038538334,-73.06745232680687
44.48332202877829,-73.06745024404124
44.48333004561106,-73.06744838678395
44.48333892931492,-73.06744567545542
44.48334704426449,-73.06744220323662
44.48335607396693,-73.06743833961283
44.48336398968489,-73.06743495263905
44.48337301938686,-73.06743108901311
44.4833811343356,-73.06742761679043
44.48338996480591,-73.06742383840937
44.48339807975424,-73.06742036618475
44.48340691022409,-73.06741658780159
44.48341502517199,-73.06741311557505
44.48342405487255,-73.06740925194264
44.48343197058886,-73.06740586496129
44.48344097228037,-73.06740188843885
44.48344899330656,-73.06739797306138
44.48345812775749,-73.06739351417622
44.483467040614535,-73.06738916345832
44.483475953471256,-73.06738481273916
44.483485087921224,-73.0673803538501
44.48349400077732,-73.06737600312842
44.48350313522665,-73.06737154423674
44.4835120480821,-73.0673671935125
44.48352089340077,-73.0673626539961
44.48352893440244,-73.06735778708094
44.48353697540374,-73.06735292016451
44.483545016404655,-73.06734805324687
44.483553057405196,-73.06734318632799
44.48356109840535,-73.06733831940785
44.48356913940514,-73.06733345248651
44.483577180404545,-73.0673285855639
44.483585221403565,-73.06732371864007
44.483593262402216,-73.06731885171499
44.48360104373452,-73.06731414195515
44.48360895304066,-73.06730888321377
44.48361685549837,-73.06730264062955
44.483624757955475,-73.06729639804385
44.48363190147842,-73.06729075498035
44.48363980393439,-73.06728451239182
44.48364770638975,-73.0672782698018
44.483654849911126,-73.06727262673438
44.483662752365355,-73.06726638414155
44.48367065481895,-73.06726014154722
44.483677493174234,-73.06725473954269
44.48368570079126,-73.06724825587874
44.483693603243125,-73.06724201328011
44.48370074676139,-73.06723637020484
44.48370864921212,-73.0672301276034
44.48371685682672,-73.06722364393332
44.48372400034342,-73.06721800085407
44.483731902792385,-73.06721175824825
44.48373980524074,-73.06720551564094
44.48374694875588,-73.06719987255778
44.48375515636752,-73.06719338888018
44.48376305881412,-73.0671871462685
44.48377085009403,-73.06718071433107
44.48377811689141,-73.0671732227546
44.483785043156615,-73.06716608224156
44.483792309952456,-73.06715859066206
44.48379988515097,-73.06715078113753
44.48380715194518,-73.06714328955486
44.48381407820728,-73.06713614903597
44.483821993934505,-73.06712798844126
44.48382892019502,-73.0671208479194
44.48383618698605,-73.06711335633054
44.48384311324508,-73.06710621580581
44.48385102896877,-73.0670980552044
44.4838579552262,-73.0670909146767
44.48386522201405,-73.06708342308164
44.48387279720394,-73.06707561354119
44.48388006399014,-73.06706812194298
44.48388699024451,-73.06706098140941
44.48389425702918,-73.06705348980816
44.48390183221562,-73.06704568026139
44.48390909128735,-73.06703815919884
44.48391613107646,-73.06703022858832
44.48392282248999,-73.06702269043481
44.483929862277385,-73.06701475982129
44.48393690206388,-73.06700682920624
44.48394394184953,-73.06699889858962
44.48395098163428,-73.06699096797148
44.48395767304358,-73.06698342981079
44.4839647128266,-73.06697549918967
44.483971752608745,-73.06696756856698
44.48397879239001,-73.06695963794276
44.48398583217041,-73.06695170731699
44.48399252357547,-73.06694416914918
44.48399956335414,-73.06693623852041
44.48400660313191,-73.06692830789012
44.4840130353686,-73.06692106168033
44.48402007514471,-73.06691313104704
44.48402676654565,-73.06690559287219
44.484033806320035,-73.06689766223592
44.48404084609354,-73.06688973159812
44.48404788586617,-73.06688180095877
44.48405492563793,-73.06687387031789
44.4840619654088,-73.06686593967545
44.48406865680465,-73.06685840149198
44.4840756965738,-73.06685047084655
44.48408273634206,-73.06684254019959
44.48408977610946,-73.06683460955107
44.484096815875965,-73.06682667890102
44.484103507267584,-73.0668191407104
44.48411054703236,-73.06681121005737
44.484117586796266,-73.06680327940278
44.484124626559286,-73.06679534874665
44.48413166632143,-73.06678741808896
44.4841387060827,-73.06677948742976
44.4841457458431,-73.066771556769
44.484152785602596,-73.06676362610672
44.48415982536124,-73.06675569544285
44.484166865118986,-73.06674776477746
44.48417390487586,-73.06673983411054
44.484180944631866,-73.06673190344206
44.48418798438698,-73.06672397277205
44.484195024141215,-73.0667160421005
44.48420171552095,-73.0667085038897
44.48420875527346,-73.06670057321516
44.48421579502509,-73.06669264253908
44.484223442313244,-73.06668402743605
44.484230482063026,-73.06667609675675
44.48423752181193,-73.06666816607593
44.484244561559954,-73.06666023539354
44.484251601307086,-73.06665230470965
44.48425864105336,-73.06664437402418
44.48426568079874,-73.06663644333719
44.48427272054325,-73.06662851264865
44.48427976028689,-73.06662058195855
44.48428680002965,-73.06661265126692
44.484293839771524,-73.06660472057375
44.48430087951252,-73.06659678987903
44.48430791925263,-73.06658885918277
44.484314958991874,-73.06658092848497
44.48432199873023,-73.06657299778563
44.48432869009458,-73.06656545954876
44.48433572983121,-73.06655752884642
44.48434276956695,-73.06654959814256
44.48434980930183,-73.06654166743714
44.48435684903582,-73.06653373673018
44.48436388876894,-73.06652580602167
44.48437092850118,-73.06651787531162
44.48437796823254,-73.06650994460003
44.484385007963034,-73.06650201388689
44.48439204769263,-73.06649408317222
44.48439908742135,-73.06648615245601
44.48440612714921,-73.06647822173825
44.48441316687618,-73.06647029101893
44.484420206602266,-73.06646236029809
44.48442724632748,-73.0664544295757
44.484434286051815,-73.06644649885176
44.484441933309725,-73.06643788369745
44.48444897303221,-73.06642995297031
44.48445566438116,-73.06642241470738
44.48446270410191,-73.06641448397725
44.48446987585992,-73.06640677202475
44.484477051787344,-73.06639909510412
44.484484227713956,-73.06639141818191
44.48449105955391,-73.0663841093669
44.48449886737006,-73.06637575643376
44.48450604329414,-73.06636807950686
44.48451287513165,-73.06636077068742
44.4845200510541,-73.06635309375748
44.484527858866514,-73.06634474081763
44.48453503478723,-73.06633706388446
44.48454186662148,-73.06632975505913
44.484549042540564,-73.06632207812294
44.48455621845884,-73.0663144011852
44.48456368218105,-73.06630641634658
44.484570858097605,-73.0662987394057
44.484578034013346,-73.06629106246325
44.48458520992826,-73.06628338551923
44.48459204175686,-73.06627607668369
44.48459984956005,-73.0662677237271
44.48460702547242,-73.0662600467784
44.48461420138397,-73.06625236982813
44.48462103320932,-73.06624506098669
44.48462884100878,-73.06623670802335
44.4846360169178,-73.06622903106837
44.48464284874069,-73.06622172222252
44.48465002464809,-73.06621404526453
44.484657200554665,-73.06620636830498
44.48466500834947,-73.06619801533323
44.484671840169106,-73.06619070648146
44.48467901607314,-73.0661830295172
44.48468619197636,-73.06617535255141
44.48469302379361,-73.06616804369534
44.484700831583815,-73.06615969071527
44.48470800748451,-73.06615201374477
44.48471518338436,-73.06614433677268
44.48472201519835,-73.06613702791073
44.48472982298483,-73.06612867492392
44.484736998882155,-73.06612099794714
44.484743830693695,-73.06611368908075
44.48475100658939,-73.06610601210096
44.48475818248426,-73.0660983351196
44.484765990266105,-73.0660899821244
44.48477282207439,-73.06608267325211
44.48477999796673,-73.06607499626604
44.484787173858244,-73.06606731927843
44.484794349748945,-73.06605964228923
44.484801813441386,-73.06605165739829
44.48480898933037,-73.06604398040598
44.48481616521853,-73.06603630341209
44.484822997021176,-73.0660289945296
44.484830804794676,-73.06602064151934
44.48483806425207,-73.06601312355
44.48484501260431,-73.06600602423677
44.48485196095582,-73.06599892492214
44.48485990192808,-73.06599081141802
44.48486685027803,-73.06598371210042
44.48487413822939,-73.06597626580056
44.4848817395969,-73.06596849927229
44.48488902754663,-73.06596105296926
44.48489597589354,-73.0659539536458
44.48490391686052,-73.06594584013158
44.48491086520584,-73.06593874080514
44.484917813550446,-73.06593164147729
44.48492510149629,-73.0659241951666
44.48493270285784,-73.06591642862725
44.484939990802076,-73.06590898231336
44.48494693914362,-73.06590188297967
44.484954880104496,-73.06589376945375
44.48496182844448,-73.06588667011707
44.484969116385564,-73.065879223797
44.484976717741986,-73.06587145724806
44.48498366607966,-73.065864357907
44.48499095401838,-73.06585691158229
44.484997902354586,-73.06584981223837
44.485005843309345,-73.06584169870074
44.485012791643975,-73.06583459935382
44.48502007957956,-73.06582715302292
44.48502768093002,-73.06581938646289
44.485034968864,-73.06581194012881
44.485041917195566,-73.06580484077605
44.48504985814505,-73.06579672722832
44.48505680647507,-73.06578962787256
44.48506375480435,-73.06578252851541
44.48507104273443,-73.06577508217366
44.48507864407893,-73.06576731560256
44.485085932007394,-73.06575986925762
44.485092880333625,-73.06575276989463
44.485100821277,-73.06574465633521
44.485107769601655,-73.06573755696921
44.48511505752699,-73.06573011061809
44.48512265886634,-73.0657223440374
44.48512994679005,-73.06571489768312
44.485136895111665,-73.06570779831128
44.48514483604976,-73.06569968474174
44.48515178436981,-73.06569258536692
44.48515907229038,-73.06568513900643
44.48516602060894,-73.06567803962872
44.48517362194235,-73.06567027303693
44.48518090986055,-73.06566282667183
44.485187858176815,-73.06565572728975
44.4851957991088,-73.06564761370852
44.4852027474235,-73.06564051432345
44.48521003533857,-73.06563306795212
44.48521763666683,-73.06562530135076
44.48522492458027,-73.06561785497627
44.48523187289192,-73.06561075558535
44.48523916080384,-73.06560330920782
44.48524676212871,-73.06559554260012
44.485254050039025,-73.06558809621941
44.48526099834761,-73.06558099682265
44.48526893927083,-73.06557288322462
44.485275887577856,-73.06556578382487
44.48528317548504,-73.06555833743796
44.48529077680475,-73.06555057082068
44.4852977251095,-73.06554347141653
44.485304673413474,-73.065536372011
44.485311621716754,-73.06552927260407
44.48531890962005,-73.06552182620958
44.48532585792184,-73.06551472679979
44.4853328062229,-73.06550762738858
44.48534040753682,-73.06549986076051
44.48534735583632,-73.06549276134642
44.48535430413509,-73.06548566193092
44.48536159203376,-73.06547821552738
44.48536854033106,-73.06547111610902
44.485375488627625,-73.06546401668926
44.48538243692345,-73.06545691726812
44.4853897248191,-73.06544947085858
44.48539667311344,-73.06544237143459
44.485403621407066,-73.06543527200917
44.48541090930042,-73.06542782559511
44.48541851060521,-73.06542005895002
44.485425458896515,-73.06541295952024
44.48543240718712,-73.06540586008906
44.48544008119239,-73.065399209357
44.4854480525715,-73.06539313555716
44.485456023950036,-73.06538706175587
44.485463995328004,-73.0653809879531
44.48547196670538,-73.06537491414888
44.48547993808221,-73.06536884034317
44.48548790945844,-73.065362766536
44.485495880834115,-73.06535669272736
44.48550385220922,-73.06535061891725
44.48551182358375,-73.06534454510566
44.48552009431574,-73.0653382431958
44.4855280656891,-73.06533216938122
44.485535899999995,-73.0653262
44.48554280189639,-73.06531864445425
44.48554991854731,-73.06531085381307
44.48555703519736,-73.06530306317033
44.48556380576031,-73.06529565138909
44.485570922408705,-73.06528786074334
44.48557803905624,-73.06528007009604
44.48558480961675,-73.06527265831052
44.48559192626263,-73.06526486766019
44.48559869682152,-73.06525745587182
44.48560581346571,-73.0652496652185
44.48561293010908,-73.06524187456361
44.48561970066553,-73.06523446277095
44.485626196171076,-73.06522735207702
44.485633312812006,-73.06521956141768
44.48564008336609,-73.06521214962085
44.48564720000536,-73.0652043589585
44.48565397055783,-73.06519694715882
44.48566108719542,-73.06518915649349
44.485668203832155,-73.06518136582658
44.48567497438219,-73.0651739540226
44.48568209101727,-73.06516616335269
44.48568920573193,-73.06515838271397
44.48569607093361,-73.06515113195462
44.48570391687743,-73.06514284537081
44.485710782077476,-73.06513559460849
44.48571799016318,-73.06512798170102
44.4857251982481,-73.06512036879201
44.4857320634458,-73.06511311802535
44.485739909385096,-73.06510483143322
44.485746774581166,-73.06509758066359
44.48575398266279,-73.06508996774838
44.48576119074362,-73.06508235483163
44.48576805593735,-73.06507510405767
44.48577590187211,-73.06506681745718
44.485783109950425,-73.06505920453573
44.48578997514174,-73.06505195375735
44.48579718321847,-73.06504434083284
44.48580404840825,-73.06503709005159
44.48581189433847,-73.06502880344276
44.4858191024127,-73.06502119051356
44.48582596760005,-73.06501393972788
44.48583317567269,-73.06500632679563
44.48584085364292,-73.06499870446405
44.48584791682846,-73.06499183205335
44.485854980013315,-73.06498495964127
44.48586204319747,-73.06497808722779
44.485869781212784,-73.06497055820742
44.485876844395506,-73.06496368579101
44.48588390757753,-73.06495681337323
44.48589097075889,-73.06494994095401
44.48589870877106,-73.06494241192742
44.48590577195095,-73.06493553950531
44.485912835130165,-73.06492866708182
44.485919898308694,-73.06492179465688
44.48592797051188,-73.06491394045527
44.48593503368894,-73.06490706802737
44.48594209686532,-73.06490019559806
44.48594916004101,-73.06489332316734
44.485956898046865,-73.06488579412826
44.48596396122112,-73.06487892169463
44.48597102439466,-73.0648720492596
44.48597819121331,-73.06486540868454
44.48598607537887,-73.06485816110897
44.48599293312771,-73.06485185707236
44.4860008172918,-73.06484460949369
44.486008002202354,-73.06483800470716
44.486015886364946,-73.06483075712529
44.48602307127417,-73.06482415233583
44.48603095543526,-73.06481690475083
44.48603814034313,-73.06481029995845
44.48604569733984,-73.06480335311787
44.48605288224639,-73.06479674832266
44.48606076640452,-73.06478950073138
44.486067951309735,-73.06478289593325
44.48607583546636,-73.06477564833878
44.48608302037024,-73.06476904353775
44.48609020527347,-73.06476243873531
44.48609776226514,-73.0647554918843
44.48610494716705,-73.06474888707903
44.486112831320014,-73.06474163947676
44.48612001622058,-73.06473503466859
44.48612790037205,-73.06472778706315
44.48613508527128,-73.06472118225204
44.486142969421245,-73.06471393464344
44.4861498271565,-73.06470763057811
44.486157711305,-73.06470038296641
44.486164896201565,-73.06469377814955
44.48617278034857,-73.06468653053466
44.486180059251524,-73.06468014655891
44.48618795074255,-73.06467387816149
44.486195842232966,-73.0646676097626
44.48620297679681,-73.0646619426068
44.48621117429969,-73.06465543113096
44.48621906578833,-73.06464916272768
44.48622695727635,-73.06464289432293
44.48623484876378,-73.06463662591666
44.48624198332495,-73.0646309587542
44.486249874811215,-73.06462469034511
44.48625807231042,-73.06461817886006
44.486265963795454,-73.06461191044794
44.48627309835449,-73.06460624328017
44.48628098983838,-73.0645999748652
44.48628888132165,-73.06459370644876
44.48629707881779,-73.06458719495602
44.486304970299834,-73.06458092653656
44.4863121048562,-73.0645752593621
44.486319996337095,-73.06456899093979
44.48632788781737,-73.064562722516
44.486335779297036,-73.06455645409073
44.48634321986471,-73.06455054383581
44.486351111343204,-73.06454427540764
44.48635900282109,-73.06453800697798
44.48636689429838,-73.06453173854685
44.48637402885051,-73.0645260713618
44.486381920326636,-73.06451980292782
44.48639011781548,-73.06451329141677
44.48639800929038,-73.06450702297977
44.48640590076467,-73.06450075454127
44.486413035314136,-73.06449508734954
44.48642092678727,-73.06448881890823
44.48642912427305,-73.06448230738951
44.486437015744954,-73.06447603894516
44.48644415029229,-73.0644703717481
44.48645204176304,-73.0644641033009
44.486459933233185,-73.06445783485223
44.48646782470271,-73.06445156640208
44.48647602218482,-73.06444505487413
44.486483156729484,-73.0644393876704
44.48649104819724,-73.06443311921586
44.486498956984164,-73.06442687949408
44.486507068095236,-73.06442119076407
44.48651489371837,-73.0644157022594
44.486523004828456,-73.06441001352657
44.486531115938035,-73.06440432479233
44.486538941559715,-73.0643988362836
44.4865470526683,-73.06439314754655
44.486554878289006,-73.06438765903513
44.48656298939659,-73.06438197029529
44.48657110050368,-73.064376281554
44.48657892612292,-73.06437079303852
44.48658703722902,-73.06436510429445
44.48659486284728,-73.06435961577628
44.48660297395237,-73.0643539270294
44.48661108505697,-73.06434823828108
44.48661891067376,-73.06434274975886
44.486627021777366,-73.06433706100775
44.4866348473932,-73.06433157248281
44.4866429584958,-73.06432588372891
44.48665106959791,-73.06432019497359
44.486658895212265,-73.06431470644459
44.48666700631337,-73.06430901768647
44.48667483192675,-73.06430352915478
44.486682943026885,-73.06429784039385
44.48669105519514,-73.06429216152837
44.486698952062966,-73.06428685971245
44.48670684893034,-73.06428155789524
44.48671502373883,-73.06427606947159
44.4867229206053,-73.06427076765175
44.486731095412864,-73.06426527922534
44.486738992278426,-73.06425997740284
44.486746889143525,-73.06425467557904
44.486755063949715,-73.06424918714853
44.48676296081391,-73.0642438853221
44.486770857677655,-73.06423858349434
44.48677903248246,-73.06423309505975
44.48678692934529,-73.06422779322936
44.48679482620769,-73.06422249139767
44.486803001011104,-73.06421700295898
44.48681089787258,-73.06421170112463
44.48681908735855,-73.06420628506106
44.486827134702224,-73.06420143954897
44.486836026265884,-73.06419608570866
44.48684407360877,-73.06419124019395
44.486852120951276,-73.06418639467802
44.48686101251365,-73.06418104083347
44.48686905985536,-73.06417619531496
44.4868771071967,-73.06417134979519
44.486885998757764,-73.06416599594642
44.48689404609831,-73.06416115042407
44.486902093438474,-73.06415630490046
44.48691014077826,-73.06415145937565
44.4869190323376,-73.0641461055213
44.48692707967659,-73.06414125999387
44.48693512701522,-73.06413641446522
44.486944018573254,-73.06413106060666
44.48695206591108,-73.06412621507539
44.48696011324853,-73.0641213695429
44.48696900480527,-73.0641160156801
44.486977052141924,-73.06411117014503
44.4869850994782,-73.06410632460872
44.48699399103362,-73.06410097074169
44.48700203836911,-73.06409612520278
44.487010137547415,-73.06409149734905
44.48701892343745,-73.06408672316229
44.48702708040369,-73.06408229072662
44.487035866293006,-73.06407751653727
44.48704402325857,-73.06407308409918
44.48705304957626,-73.06406817925969
44.48706096611206,-73.06406387746677
44.48706999242903,-73.06405897262461
44.48707790896417,-73.06405467082935
44.487086935280395,-73.0640497659845
44.48709509224399,-73.06404533353917
44.487103878130384,-73.06404055933943
44.48711203509332,-73.06403612689166
44.48712106140806,-73.06403122204148
44.48712897794126,-73.06402692023919
44.487138004255264,-73.06402201538633
44.4871459207878,-73.06401771358169
44.487154947101075,-73.06401280872618
44.48716310406202,-73.06400837627115
44.4871718899455,-73.06400360206102
44.48718004690578,-73.06399916960359
44.48718889322427,-73.0639945417271
44.4871969643062,-73.06399084680505
44.487205939003694,-73.06398673820873
44.48721401008514,-73.06398304328464
44.48722298478211,-73.063978934686
44.48723105586309,-73.06397523975986
44.48724003055951,-73.06397113115894
44.48724810164001,-73.06396743623074
44.4872570763359,-73.06396332762755
44.487266051031504,-73.06395921902313
44.48727391157249,-73.06395562047624
44.48728288626757,-73.06395151186958
44.487290957346865,-73.06394781693622
44.487299932041424,-73.06394370832727
44.48730800312024,-73.06394001339184
44.48731697781426,-73.0639359047806
44.487325048892615,-73.06393220984312
44.487334023586094,-73.0639281012296
44.487342094663965,-73.06392440629007
44.48735106935692,-73.06392029767426
44.48735914043431,-73.06391660273266
44.48736790458797,-73.06391259049933
44.48737687928012,-73.06390848188008
44.48738495035679,-73.06390478693535
44.487393925048394,-73.06390067831381
44.48740199612459,-73.06389698336704
44.48741097081567,-73.06389287474323
44.487418923421835,-73.06388961631448
44.487428010529435,-73.06388605275644
44.48743598512581,-73.06388292547472
44.48744488713465,-73.06387943450204
44.487453046829046,-73.06387623463117
44.487461948837485,-73.06387274365653
44.48746992343316,-73.06386961637129
44.487479010539566,-73.06386605280726
44.487487912547415,-73.06386256182962
44.48749607224093,-73.0638593619542
44.48750497424836,-73.0638558709746
44.487512948843154,-73.06385274368492
44.48752203594855,-73.06384918011582
44.48753001054299,-73.06384605282437
44.48753891254965,-73.06384256184086
44.48754707224209,-73.06383936196004
44.48755597424836,-73.06383587097456
44.48756394884208,-73.06383274367961
44.487573035946305,-73.06382918010449
44.487581010539685,-73.06382605280777
44.48758991254516,-73.06382256181838
44.487598999648775,-73.0638189982402
44.487606974241615,-73.06381587094081
44.4876158762465,-73.06381237994842
44.487624035937316,-73.06380918005947
44.48763293794181,-73.0638056890651
44.48764109763227,-73.06380248917432
44.487650012947626,-73.06379907097764
44.487658974278304,-73.06379585899612
44.48766699697981,-73.06379298344363
44.48767595831017,-73.0637897714603
44.487684919640344,-73.06378655947603
44.4876929423414,-73.06378368392106
44.487702074894386,-73.06378041056388
44.48771103622405,-73.06377719857682
44.48771905892467,-73.06377432301936
44.487728020253996,-73.06377111103046
44.48773698158317,-73.06376789904063
44.48774594291214,-73.06376468704983
44.48775396561214,-73.06376181148903
44.48776292694079,-73.06375859949642
44.4877720594924,-73.06375532613163
44.48778008219195,-73.06375245056833
44.48778904352008,-73.06374923857294
44.48779800599974,-73.06374604154264
44.48780692914389,-73.06374350938701
44.48781599102559,-73.06374093786047
44.487824914169515,-73.0637384057033
44.48783397605098,-73.0637358341752
44.487843037932336,-73.06373326264632
44.48785196107593,-73.06373073048687
44.48786102295707,-73.06372815895642
44.48786994610044,-73.06372562679543
44.48787900798134,-73.06372305526344
44.48788793112449,-73.0637205231009
44.48789699300518,-73.06371795156736
44.487905916148115,-73.0637154194033
44.48791401739885,-73.06371312047094
44.48792294054158,-73.06371058830541
44.48793200242182,-73.06370801676886
44.48794092556432,-73.06370548460183
44.487950021653354,-73.06370318837031
44.48795901797991,-73.06370115641374
44.487968014306404,-73.06369912445653
44.48797701063282,-73.06369709249871
44.48798503226558,-73.06369528068983
44.48799402859186,-73.06369324873083
44.48800302491806,-73.06369121677122
44.4880120212442,-73.063689184811
44.48802004287671,-73.06368737299995
44.48802903920272,-73.06368534103855
44.48803803552866,-73.06368330907654
44.48804703185452,-73.0636812771139
44.48805505348679,-73.0636794653007
44.48806404981251,-73.06367743333689
44.48807304613817,-73.06367540137248
44.48808204246376,-73.06367336940743
44.488090064095765,-73.0636715575921
44.48809906042121,-73.06366952562587
44.4881080567466,-73.06366749365904
44.48811705307192,-73.06366546169158
44.48812507470368,-73.0636636498741
44.48813407102887,-73.06366161790548
44.48814306735396,-73.06365958593624
44.488152063678996,-73.06365755396637
44.48816106000395,-73.06365552199588
44.48817005632884,-73.06365349002479
44.48817905265366,-73.06365145805307
44.488188048978415,-73.06364942608074
44.48819704530308,-73.06364739410778
44.48820604162769,-73.0636453621342
44.48821503795222,-73.06364333016
44.48822403427668,-73.06364129818519
44.48823400529445,-73.06363904605836
44.48824300161878,-73.06363701408225
44.48825199794302,-73.06363498210551
44.48826099426718,-73.06363295012817
44.488270004617064,-73.0636310661216
44.48827898837549,-73.06362983352363
44.4882879721339,-73.06362860092531
44.488298015566905,-73.06362722293603
44.48830699932525,-73.06362599033692
44.48831598308358,-73.0636247577374
44.48832496684188,-73.06362352513752
44.48833401976432,-73.0636222830477
44.48834300352256,-73.06362105044705
44.48835198728077,-73.06361981784605
44.488360971038965,-73.06361858524464
44.488371014471745,-73.06361720725192
44.488379998229874,-73.06361597464972
44.488389044267144,-73.06361451866545
44.48839800141148,-73.06361301653797
44.4884070426996,-73.06361150029898
44.488415999843866,-73.06360999817058
44.48842602702083,-73.06360831659534
44.48843498416501,-73.06360681446597
44.488444025452964,-73.06360529822507
44.48845298259707,-73.06360379609478
44.48846202388494,-73.06360227985296
44.488470981028954,-73.06360077772176
44.48848100820566,-73.06359909614335
44.48848996534959,-73.06359759401117
44.48849896709143,-73.06359636528371
44.48850797137793,-73.06359544795843
44.4885169756644,-73.06359453063287
44.48852697469655,-73.0635935119657
44.488535978983,-73.06359259463954
44.48854498326944,-73.06359167731308
44.48855398755585,-73.06359075998635
44.488563986587934,-73.06358974131793
44.488572990874324,-73.0635888239906
44.48858199516069,-73.06358790666299
44.48859099944705,-73.06358698933509
44.48860099847907,-73.06358597066537
44.488610005045864,-73.06358512100704
44.488619015958,-73.06358438269639
44.488627985313265,-73.06358364779051
44.488636996225395,-73.06358290947942
44.48864600713751,-73.06358217116811
44.48865501804961,-73.06358143285657
44.488663987404856,-73.06358069794976
44.48867299831694,-73.06357995963776
44.48868200922902,-73.06357922132554
44.48869102014109,-73.06357848301309
44.48869998949629,-73.06357774810539
44.48870900040835,-73.06357700979248
44.48871801132037,-73.06357627147933
44.488726980675544,-73.06357553657097
44.48873599158757,-73.06357479825736
44.48874500249958,-73.06357405994355
44.48875401341158,-73.0635733216295
44.48876298276671,-73.06357258672021
44.48877199367869,-73.06357184840572
44.48878100459068,-73.06357111009099
44.48879001550264,-73.06357037177604
44.48879898485773,-73.06356963686585
44.48880799576967,-73.06356889855043
44.4888170066816,-73.06356816023481
44.48882601759354,-73.06356742191893
44.48883498694859,-73.06356668700784
44.48884399786049,-73.0635659486915
44.4888530087724,-73.06356521037496
44.48886201968428,-73.06356447205819
44.4888709890393,-73.06356373714618
44.48887999995118,-73.06356299882896
44.48888901086303,-73.0635622605115
44.48889802177488,-73.06356152219382
44.48890699112986,-73.0635607872809
44.48891600204169,-73.06356004896276
44.488925012953516,-73.06355931064441
44.48893398230847,-73.06355857573081
44.48894299322026,-73.06355783741199
44.48895200413206,-73.06355709909295
44.488961015043856,-73.06355636077366
44.48896998439876,-73.06355562585917
44.488979003840974,-73.06355514408561
44.488986992685774,-73.06355472562319
44.48899600675659,-73.06355425345842
44.48900499420699,-73.0635537826879
44.489014008277785,-73.06355331052285
44.489022995728185,-73.06355283975205
44.489032009798976,-73.0635523675867
44.489039998643754,-73.06355194912351
44.48904898609414,-73.06355147835228
44.489058000164924,-73.06355100618651
44.48906698761528,-73.063550535415
44.489076001686065,-73.06355006324894
44.48908498913643,-73.06354959247714
44.48909300460159,-73.0635491726188
44.48910199205196,-73.06354870184673
44.48911100612271,-73.0635482296801
44.48912000038767,-73.06354792895335
44.48912899986115,-73.06354802544499
44.489137999334645,-73.06354812193666
44.48914799874963,-73.06354822914967
44.48915699822312,-73.0635483256414
44.4891659976966,-73.06354842213317
