44.43983501598681,-73.15762181352994
44.43983000254024,-73.15762097037067
44.439838959131805,-73.15762247668647
44.43984800023865,-73.15762399721646
44.43985695683013,-73.15762550353318
44.439865012150655,-73.15762685827482
44.43987396874207,-73.1576283645924
44.43988300984875,-73.15762988512422
44.43989196644008,-73.15763139144273
44.43990100754669,-73.15763291197547
44.43990996413793,-73.1576344182949
44.43991900524448,-73.15763593882858
44.439927961835636,-73.15763744514892
44.439936017155894,-73.15763879989383
44.439944973746975,-73.15764030621504
44.439954014853356,-73.15764182675053
44.43996297144437,-73.15764333307267
44.43997201255067,-73.1576448536091
44.4399809691416,-73.15764635993214
44.43999001024782,-73.15764788046951
44.43999896683868,-73.15764938679348
44.44000800794482,-73.15765090733176
44.44001597874943,-73.15765224786651
44.4400250198555,-73.15765376840568
44.440033976446195,-73.15765527473144
44.44004301755218,-73.15765679527152
44.44005197414281,-73.15765830159822
44.440061015248716,-73.15765982213924
44.44006997183925,-73.15766132846686
44.44007901294506,-73.1576628490088
44.440087969535526,-73.15766435533733
44.44009602485516,-73.15766571008963
44.44010498144554,-73.15766721641903
44.440114022551214,-73.15766873696278
44.44012297914153,-73.15767024329311
44.440132020247106,-73.1576717638378
44.44014097683735,-73.15767327016906
44.440150017942855,-73.15767479071467
44.440158974533006,-73.15767629704683
44.440167029852354,-73.15767765180239
44.44017598644242,-73.15767915813544
44.440185027547784,-73.15768067868285
44.44019398413777,-73.15768218501682
44.440203025243065,-73.15768370556518
44.440211981832974,-73.15768521190006
44.440221022938175,-73.15768673244933
44.440229979528006,-73.15768823878516
44.44023902063313,-73.15768975933537
44.44024699143684,-73.15769109988067
44.44025603254188,-73.15769262043176
44.44026498913156,-73.15769412676934
44.44027403023653,-73.15769564732139
44.44028298682613,-73.1576971536599
44.44029202793101,-73.15769867421285
44.44030098452053,-73.1577001805523
44.440310025625344,-73.15770170110618
44.44031799642878,-73.1577030416547
44.440327037533514,-73.15770456220946
44.44033599412289,-73.15770606855071
44.44034503522753,-73.1577075891064
44.44035399302136,-73.15770908214078
44.44036303491047,-73.15771058909282
44.44037199302625,-73.15771208208338
44.44038103491527,-73.15771358903633
44.44038999303096,-73.1577150820278
44.44039903491992,-73.15771658898169
44.44040799303552,-73.15771808197408
44.44041703492439,-73.15771958892887
44.44042599303993,-73.15772108192218
44.440433965117414,-73.15772241057904
44.440443007006174,-73.15772391753518
44.440451965121596,-73.15772541052979
44.44046100701028,-73.15772691748684
44.44046996512562,-73.15772841048238
44.440479007014225,-73.15772991744035
44.440487965129506,-73.15773141043681
44.44049700701802,-73.1577329173957
44.44050596513321,-73.15773441039305
44.44051500702166,-73.1577359173529
44.44052396513678,-73.15773741035116
44.44053300702515,-73.1577389173119
44.440541965140184,-73.15774041031108
44.44055100702847,-73.15774191727274
44.44055996514342,-73.15774341027284
44.44056802099367,-73.1577447528978
44.44057697910856,-73.15774624589875
44.44058602099671,-73.15774775286222
44.4405949791115,-73.1577492458641
44.44060402099956,-73.15775075282848
44.4406129791143,-73.15775224583126
44.44062202100228,-73.15775375279657
44.440630979116925,-73.15775524580027
44.44064002100483,-73.1577567527665
44.4406489791194,-73.1577582457711
44.44065802100724,-73.15775975273826
44.44066697912173,-73.1577612457438
44.44067602100948,-73.15776275271188
44.440684979123894,-73.15776424571831
44.440694021011566,-73.15776575268731
44.44070297912591,-73.15776724569466
44.440711034975614,-73.15776858832614
44.44071999308988,-73.15777008133436
44.44072903497739,-73.15777158830514
44.44073799309158,-73.15777308131426
44.44074703497902,-73.15777458828599
44.440755993093134,-73.15777608129602
44.440765034980494,-73.15777758826866
44.440773993094524,-73.15777908127963
44.44078303498181,-73.15778058825317
44.44079199309577,-73.15778208126504
44.440801034982975,-73.15778358823952
44.44080999309684,-73.1577850812523
44.44081903498397,-73.15778658822771
44.44082799309778,-73.1577880812414
44.440837034984824,-73.15778958821772
44.44084500706072,-73.15779091689316
44.440853965174405,-73.15779240990817
44.44086300706134,-73.15779391688584
44.44087196517494,-73.15779540990175
44.44088100706181,-73.15779691688032
44.440889965175344,-73.15779840989717
44.44089900706212,-73.15779991687667
44.44090796517557,-73.15780140989442
44.440917007062275,-73.15780291687483
44.44092596517566,-73.15780440989352
44.44093500706227,-73.15780591687485
44.44094396517557,-73.15780740989445
44.44095300706211,-73.15780891687669
44.44096196517533,-73.1578104098972
44.4409710070618,-73.15781191688038
44.440979965174954,-73.15781340990179
44.44098802102358,-73.15781475254592
44.44099697913665,-73.15781624556818
44.441006021022964,-73.15781775255317
44.44101497913595,-73.15781924557636
44.441024021022194,-73.15782075256224
44.441032979135095,-73.15782224558636
44.44104202102126,-73.15782375257318
44.4410509791341,-73.1578252455982
44.44106002102017,-73.15782675258593
44.441068979132936,-73.15782824561187
44.44107802101893,-73.15782975260053
44.44108697913161,-73.15783124562736
44.44109602101754,-73.15783275261697
44.441104979130145,-73.15783424564472
44.44111402101599,-73.15783575263524
44.441121993090825,-73.15783708132317
44.44113103497658,-73.15783858831456
44.44113999308905,-73.15784008134409
44.44114903497474,-73.15784158833638
44.44115799308712,-73.15784308136683
44.44116703497272,-73.15784458836006
44.441175993085025,-73.15784608139143
44.441185034970566,-73.15784758838556
44.441193993082784,-73.15784908141785
44.44120303496824,-73.15785058841291
44.44121199308038,-73.1578520814461
44.441221034965764,-73.1578535884421
44.44122999307782,-73.15785508147619
44.44123903496313,-73.15785658847311
44.441247993075116,-73.15785808150812
44.44125703496033,-73.15785958850596
44.44126500703463,-73.15786091720035
44.44127396514649,-73.15786241023669
44.44128300703159,-73.15786391723586
44.441291965143385,-73.1578654102731
44.44130100702843,-73.1578669172732
44.44130996514014,-73.15786841031135
44.4413190070251,-73.15786991731237
44.44132796513675,-73.15787141035143
44.441337007021616,-73.15787291735337
44.44134596513317,-73.15787441039335
44.44135500701798,-73.15787591739621
44.44136396512946,-73.15787741043711
44.441373007014185,-73.1578789174409
44.44138196512558,-73.1578804104827
44.44139100701024,-73.1578819174874
44.441398979084,-73.15788324618785
44.441408020968574,-73.15788475319343
44.44141697907982,-73.15788624623703
44.441426020964315,-73.15788775324351
44.44143497907549,-73.15788924628801
44.4414440209599,-73.15789075329543
44.441452979071,-73.15789224634085
44.441462020955335,-73.15789375334919
44.44147097906635,-73.15789524639551
44.44148002095061,-73.15789675340477
44.44148897906155,-73.15789824645202
44.44149802094574,-73.1578997534622
44.44150697881132,-73.1579012469332
44.44151601983538,-73.15790276883813
44.441524976273854,-73.15790427650495
44.4415330315364,-73.15790563247427
44.44154198797479,-73.15790714014196
44.4415510289987,-73.1579086620487
44.441559985437,-73.15791016971731
44.441569026460854,-73.15791169162497
44.44157798289907,-73.15791319929451
44.44158702392282,-73.15791472120311
44.441595980360965,-73.15791622887357
44.44160502138464,-73.15791775078311
44.44161397782271,-73.15791925845448
44.4416230188463,-73.15792078036495
44.44163197528428,-73.15792228803726
44.4416410163078,-73.15792380994866
44.44164898698434,-73.15792515168468
44.44165802800778,-73.15792667359695
44.44166698444562,-73.15792818127106
44.44167602546897,-73.15792970318425
44.44168498190672,-73.15793121085927
44.441694022929994,-73.1579327327734
44.441702979367676,-73.15793424044935
44.44171202039088,-73.15793576236442
44.44172097682847,-73.15793727004129
44.44173001785159,-73.15793879195728
44.4417389742891,-73.15794029963507
44.44174801531215,-73.157941821552
44.44175697174959,-73.15794332923072
44.441765027011236,-73.15794468521071
44.4417739834486,-73.1579461928903
44.44178302447148,-73.15794771480903
44.44179198090877,-73.15794922248955
44.44180102193157,-73.1579507444092
44.44180997836877,-73.15795225209065
44.4418190193915,-73.15795377401123
44.44182797582862,-73.15795528169359
44.44183701685126,-73.15795680361514
44.44184597328831,-73.15795831129839
44.44185501431087,-73.15795983322086
44.44186397074784,-73.15796134090505
44.441872026009065,-73.15796269688998
44.44188098244596,-73.15796420457505
44.441890023468375,-73.15796572649933
44.441898979905176,-73.15796723418532
44.44190802092751,-73.15796875611052
44.441916977364244,-73.15797026379742
44.441926018386496,-73.15797178572356
44.44193497482315,-73.15797329341139
44.441944015845316,-73.15797481533846
44.44195297228189,-73.15797632302721
44.44196201330398,-73.15797784495521
44.44197096974048,-73.15797935264489
44.44198001076249,-73.15798087457382
44.4419879814377,-73.15798221632531
44.44199702245964,-73.15798373825511
44.44200597889598,-73.15798524594658
44.442015030871374,-73.15798659014811
44.442024006294496,-73.15798791643368
44.44203298171757,-73.15798924271965
44.44204203163473,-73.15799058001393
44.442051007057735,-73.15799190630074
44.44205998248072,-73.15799323258793
44.44206903239778,-73.15799456988344
44.44207800782071,-73.15799589617146
44.442085994251514,-73.15799707631757
44.442094969674386,-73.15799840260635
44.44210401959132,-73.15799973990346
44.44211299501412,-73.15800106619304
44.4421219704369,-73.15800239248304
44.442131020353756,-73.15800372978137
44.44213999577647,-73.15800505607218
44.442148971199146,-73.1580063823634
44.44215802111591,-73.15800771966296
44.44216699653852,-73.15800904595498
44.44217597196111,-73.15801037224743
44.44218502187778,-73.15801170954822
44.44219300830826,-73.15801288969864
44.44220198373076,-73.15801421599224
44.44221103364734,-73.15801555329422
44.44222000906977,-73.15801687958866
44.44222898449219,-73.15801820588347
44.442238034408675,-73.15801954318667
44.44224700983102,-73.15802086948233
44.44225598525333,-73.15802219577836
44.44226496067562,-73.15802352207481
44.44227401059199,-73.15802485937967
44.442282986014206,-73.15802618567693
44.44229097244439,-73.15802736583129
44.44230002236066,-73.15802870313732
44.44230899778281,-73.15803002943575
44.4423179732049,-73.15803135573461
44.44232702312109,-73.15803269304186
44.44233599854313,-73.15803401934151
44.44234497396516,-73.15803534564158
44.442354023881244,-73.15803668295007
44.4423629993032,-73.15803800925096
44.44237197472511,-73.15803933555223
44.4423810246411,-73.15804067286196
44.44238901107099,-73.15804185302024
44.44239798649283,-73.1580431793227
44.442407036408746,-73.1580445166336
44.44241601183051,-73.15804584293687
44.442424987252245,-73.15804716924055
44.44243403716807,-73.15804850655267
44.44244301258975,-73.15804983285717
44.442451988011406,-73.15805115916207
44.44246096343302,-73.15805248546738
44.442470013348704,-73.15805382278116
44.44247898877026,-73.15805514908726
44.44248697519985,-73.15805632924949
44.44249602511545,-73.15805766656443
44.442505000536926,-73.15805899287173
44.44251397595836,-73.15806031917943
44.442523025873875,-73.15806165649562
44.44253200129525,-73.15806298280413
44.44254097671659,-73.15806430911304
44.442550026632006,-73.15806564643044
44.442559002053294,-73.15806697274019
44.44256797747456,-73.15806829905031
44.44257702738988,-73.15806963636896
44.44258501381918,-73.15807081653512
44.44259398924034,-73.15807214284644
44.44260303915558,-73.15807348016627
44.44261201457669,-73.15807480647837
44.44262098999776,-73.15807613279091
44.442629965418796,-73.15807745910384
44.44263901533391,-73.1580787964253
44.442647990754885,-73.15808012273905
44.442656966175846,-73.15808144905321
44.44266601609087,-73.1580827863759
44.44267499151176,-73.15808411269087
44.44268297794075,-73.15808529286097
44.4426920278557,-73.15808663018484
44.44270100327649,-73.15808795650099
44.44270997869725,-73.15808928281754
44.4427190286121,-73.15809062014264
44.44272800403281,-73.15809194645999
44.44273697945349,-73.15809327277776
44.44274602936823,-73.1580946101041
44.44275500478885,-73.1580959364227
44.442763980209435,-73.15809726274166
44.44277303012409,-73.15809860006924
44.44278101655279,-73.15809978024328
44.4427899919733,-73.15810110656344
44.44279896739376,-73.15810243288401
44.442808017308295,-73.15810377021316
44.4428169927287,-73.15810509653453
44.44282596814909,-73.15810642285632
44.44283501806353,-73.15810776018671
44.44284399348384,-73.15810908650931
44.44285296890412,-73.15811041283231
44.44286201881847,-73.15811175016393
44.442870994238696,-73.15811307648775
44.4428789806671,-73.15811425666573
44.442888030581365,-73.15811559399853
44.442897006001495,-73.15811692032352
44.442905981421596,-73.15811824664891
44.44291503133577,-73.15811958398295
44.4429240067558,-73.15812091030915
44.44293298217582,-73.15812223663578
44.4429420320899,-73.15812357397104
44.442951007509855,-73.15812490029846
44.44295998292977,-73.1581262266263
44.44296895462359,-73.15812755670719
44.44297701261384,-73.15812884524532
44.44298597727798,-73.15813027876841
44.44299502240198,-73.15813172515813
44.44300398706605,-73.15813315868209
44.44301295173009,-73.1581345922065
44.44302199685397,-73.15813603859753
44.44303096151794,-73.15813747212282
44.443039019507964,-73.15813876066366
44.44304798417187,-73.15814019418977
44.44305694883574,-73.15814162771633
44.44306599395944,-73.15814307410953
44.44307495862323,-73.15814450763696
44.44308400374686,-73.15814595403106
44.443092968410575,-73.15814738755935
44.44310094594052,-73.15814866323669
44.44310999106404,-73.15815010963207
44.44311895572766,-73.15815154316164
44.44312800085112,-73.1581529895579
44.44313696551467,-73.15815442308835
44.443145930178176,-73.15815585661923
44.44315398816779,-73.15815714516513
44.44316295283123,-73.15815857869683
44.44317191749465,-73.15816001222899
44.44318096261789,-73.15816145862786
44.44318992728123,-73.15816289216089
44.443198972404396,-73.15816433856065
44.44320793706766,-73.15816577209456
44.44321591459719,-73.15816704777687
44.44322495972026,-73.1581684941779
44.44323392438342,-73.15816992771309
44.443242969506414,-73.15817137411501
44.443251934169496,-73.15817280765106
44.44326089883256,-73.15817424118754
44.44326994395545,-73.15817568759078
44.44327792148475,-73.15817696327579
44.443286966607566,-73.15817840967988
44.44329593127048,-73.15817984321808
44.44330489593337,-73.15818127675672
44.443313941056076,-73.15818272316214
44.44332290571888,-73.15818415670164
44.443330963707865,-73.1581854452553
44.4433399283706,-73.15818687879563
44.44334889303332,-73.15818831233642
44.44335793815585,-73.158189758744
44.443366902818475,-73.15819119228566
44.44337594794094,-73.15819263869412
44.4433849126035,-73.15819407223665
44.4433939577259,-73.158195518646
44.44340292238839,-73.15819695218941
44.443411967510706,-73.15819839859965
44.443420932173126,-73.15819983214395
44.443429896835504,-73.15820126568867
44.443438941957716,-73.15820271210023
44.44344790662002,-73.15820414564584
44.443456951742164,-73.1582055920583
44.44346591640439,-73.1582070256048
44.44347496152647,-73.15820847201812
44.443483926188634,-73.15820990556547
44.44349297131063,-73.1582113519797
44.443501935972726,-73.15821278552795
44.443510900634784,-73.15821421907663
44.44351994575668,-73.15821566549216
44.44352891041866,-73.15821709904172
44.44353795554047,-73.15821854545817
44.443546920202394,-73.15821997900859
44.44355596532414,-73.15822142542591
44.44356492998598,-73.15822285897724
44.44357397510765,-73.15822430539544
44.44358293976941,-73.15822573894762
44.443591984891015,-73.15822718536673
44.44360094955272,-73.1582286189198
44.443609914214385,-73.1582300524733
44.44361895933588,-73.15823149889373
44.44362792399746,-73.15823293244812
44.44363696911889,-73.15823437886941
44.44364593378041,-73.15823581242468
44.44365497890176,-73.15823725884687
44.4436639435632,-73.158238692403
44.44367298868448,-73.15824013882609
44.44368195334586,-73.1582415723831
44.44369099846707,-73.15824301880707
44.443699963128374,-73.15824445236497
44.443708927789636,-73.15824588592332
44.44371797291073,-73.1582473323486
44.443726937571924,-73.15824876590781
44.443735982692964,-73.15825021233398
44.443744947354084,-73.15825164589408
44.44375399247504,-73.15825309232113
44.44376295713609,-73.15825452588211
44.443772002256964,-73.15825597231007
44.443780966917956,-73.15825740587191
44.44379001203876,-73.15825885230075
44.44379897669967,-73.15826028586348
44.44380794136054,-73.15826171942663
44.44381698648125,-73.1582631658568
44.443825951142045,-73.15826459942085
44.44383499626268,-73.15826604585189
44.44384297378998,-73.15826732156141
44.44385201891054,-73.15826876799329
44.443860983571206,-73.15827020155905
44.44387002869169,-73.15827164799184
44.443878993352286,-73.15827308155845
44.44388795801284,-73.15827451512553
44.44389700313322,-73.15827596155962
44.443905967793704,-73.15827739512757
44.44391501291402,-73.15827884156255
44.44392397757443,-73.15828027513137
44.443933022694665,-73.15828172156723
44.443941987355004,-73.15828315513694
44.44395103247517,-73.1582846015737
44.44395999574988,-73.15828605102534
44.44396903924095,-73.15828752888918
44.44397800055604,-73.15828899332446
44.44398696187109,-73.1582904577602
44.44399600536205,-73.15829193562539
44.44400496667703,-73.158293400062
44.44401401016792,-73.1582948779281
44.44402297148282,-73.15829634236565
44.44403201497364,-73.15829782023262
44.44403998971748,-73.15829912344776
44.44404903320822,-73.1583006013156
44.444057994522986,-73.15830206575488
44.44406703801364,-73.15830354362363
44.444075999328334,-73.1583050080638
44.44408496064298,-73.15830647250442
44.44409400413353,-73.15830795037454
44.4441029654481,-73.15830941481605
44.44411200893857,-73.15831089268706
44.444120970253074,-73.15831235712947
44.44413001374349,-73.1583138350014
44.44413897505791,-73.1583152994447
44.444147031977295,-73.15831661609363
44.44415599329165,-73.1583180805378
44.444165036781904,-73.15831955841148
44.444173998096176,-73.15832102285651
44.44418295941041,-73.15832248730202
44.44419200290056,-73.15832396517705
44.444200964214716,-73.15832542962345
44.444210007704804,-73.15832690749939
44.44421896901888,-73.15832837194668
44.44422801250888,-73.15832984982352
44.44423697382289,-73.1583313142717
44.44424503074192,-73.15833263092505
44.44425399205587,-73.15833409537406
44.44426303554572,-73.15833557325267
44.444271996859584,-73.15833703770261
44.44428095817341,-73.15833850215299
44.44429000348133,-73.15833994962891
44.44429898839186,-73.15834116795739
44.44430797330235,-73.15834238628624
44.44431702668478,-73.15834361390007
44.44432601159521,-73.15834483222967
44.44433499650564,-73.15834605055966
44.44434398141604,-73.15834726888998
44.4443529663264,-73.1583484872207
44.44436201970869,-73.15834971483642
44.44437100461901,-73.1583509331679
44.444379989529295,-73.15835215149973
44.44438897443956,-73.15835336983194
44.44439795934981,-73.15835458816453
44.44440701273197,-73.15835581578213
44.44441599764215,-73.15835703411545
44.44442498255233,-73.15835825244916
44.44443396746246,-73.15835947078324
44.44444302084451,-73.15836069840235
44.4444520057546,-73.15836191673718
44.44446099066465,-73.15836313507238
44.4444699755747,-73.15836435340796
44.44447896048469,-73.1583655717439
44.44448801386662,-73.1583667993649
44.44449699877657,-73.15836801770159
44.444505983686504,-73.15836923603867
44.444514968596415,-73.1583704543761
44.4445239535063,-73.15837167271391
44.444533006888086,-73.15837290033679
44.444541991797905,-73.15837411867535
44.4445509767077,-73.15837533701429
44.4445599616175,-73.15837655535361
44.44456901499919,-73.15837778297798
44.4445779999089,-73.15837900131804
44.44458698481859,-73.15838021965847
44.44459596972826,-73.15838143799928
44.444604954637924,-73.15838265634045
44.444614008019485,-73.1583838839667
44.444622992929084,-73.15838510230864
44.44463197783864,-73.15838632065093
44.44464096274817,-73.15838753899361
44.44465002097077,-73.15838854437315
44.4446589837193,-73.15838935372683
44.44466799230351,-73.15839016721982
44.4446770008877,-73.15839098071305
44.44468600947189,-73.15839179420652
44.44469501805607,-73.15839260770025
44.44470398080455,-73.15839341705518
44.4447129893887,-73.15839423054942
44.44472199797283,-73.1583950440439
44.44473001069602,-73.15839576761022
44.44473901928013,-73.15839658110517
44.44474798202855,-73.1583973904613
44.44475699061265,-73.15839820395675
44.44476599919673,-73.15839901745247
44.444775007780805,-73.15839983094841
44.444784016364856,-73.15840064444463
44.444792979113224,-73.158401453802
44.44480198769727,-73.15840226729871
44.44481099628129,-73.15840308079567
44.4448200048653,-73.15840389429287
44.4448290134493,-73.15840470779033
44.44483797619761,-73.15840551714895
44.444845988920655,-73.15840624071814
44.44485499750463,-73.15840705421631
44.44486400608859,-73.15840786771474
44.44487301467253,-73.15840868121342
44.444881977420785,-73.15840949057326
44.44489098600471,-73.15841030407245
44.44489999782465,-73.15841110783005
44.44490899064392,-73.158411463773
44.444918003620934,-73.15841182051395
44.444926996440174,-73.15841217645712
44.44493600941718,-73.15841253319829
44.44494500223643,-73.15841288914167
44.44495399505569,-73.15841324508519
44.44496300803269,-73.15841360182667
44.444972000851934,-73.1584139577704
44.44498099367118,-73.15841431371425
44.444989007446026,-73.15841463090673
44.44499800026527,-73.15841498685077
44.44500699308451,-73.15841534279492
44.44501600606149,-73.15841569953706
44.44502499888072,-73.15841605548144
44.44503399169996,-73.15841641142593
44.44504300467694,-73.15841676816838
44.44505199749616,-73.15841712411309
44.44506099031539,-73.1584174800579
44.44507000329236,-73.1584178368007
44.44507899538156,-73.15841768634802
44.445088006273096,-73.15841742602399
44.44509700244615,-73.15841716612512
44.445105998619205,-73.15841690622615
44.445114994792256,-73.15841664632711
44.445125005258575,-73.15841635712508
44.445134001431626,-73.15841609722587
44.44514299760468,-73.15841583732657
44.44515200849621,-73.15841557700197
44.445161004669245,-73.15841531710252
44.4451700008423,-73.158415057203
44.44517899701535,-73.15841479730338
44.44518800790688,-73.15841453697847
44.445197004079915,-73.15841427707868
44.44520600025296,-73.15841401717884
44.445215996000776,-73.15841372840113
44.4452250068923,-73.15841346807588
44.44523400306534,-73.15841320817577
44.44524299923837,-73.1584129482756
44.44525199541141,-73.15841268837534
44.44526100630293,-73.15841242804977
44.44527000357641,-73.15841214749986
44.44527899320695,-73.1584117198385
44.445288007056455,-73.15841129102485
44.44529699668698,-73.15841086336322
44.44530601053649,-73.1584104345493
44.445315000167,-73.15841000688741
44.44532498864534,-73.15840953170736
44.445334002494846,-73.15840910289303
44.44534299212534,-73.15840867523073
44.44535200597483,-73.15840824641614
44.44536099560533,-73.15840781875356
44.44537000945481,-73.1584073899387
44.44537902323874,-73.15840633740225
44.44538800848423,-73.15840512318219
44.4453969937297,-73.15840390896176
44.4454049881968,-73.15840282862976
44.44541397344222,-73.1584016144086
44.445422958687615,-73.15840040018709
44.44543194393299,-73.15839918596521
44.445440929178346,-73.15839797174296
44.44544991442366,-73.15839675752031
44.445457977130914,-73.15839566796471
44.4454669623762,-73.15839445374137
44.44547502508342,-73.15839336418513
44.44548301955032,-73.15839228385025
44.44549207303582,-73.15839106040421
44.44550006750268,-73.15838998006869
44.44550821108402,-73.1583883344913
44.44551695305485,-73.15838563597127
44.44552604332075,-73.15838333592377
44.4455350087015,-73.15838106747438
44.44554300568099,-73.15837904405237
44.44555197106158,-73.15837677560168
44.44556106132714,-73.15837447555144
44.44557002670754,-73.15837220709936
44.44557899208786,-73.15836993864662
44.44558795746809,-73.15836767019316
44.445597047733294,-73.15836537014015
44.44560601311335,-73.15836310168531
44.4456149784933,-73.1583608332298
44.445623943873194,-73.15835856477361
44.445632065736945,-73.15835650974661
44.445641031116665,-73.15835424128912
44.445649996496286,-73.15835197283093
44.44565896187581,-73.15834970437206
44.44566805214029,-73.15834740431353
44.44567701751964,-73.15834513585327
44.445685982898915,-73.15834286739232
44.445694948278096,-73.1583405989307
44.44570403854221,-73.1583382988694
44.44571300392121,-73.1583360304064
44.44572196930012,-73.1583337619427
44.44572996627797,-73.15833173850795
44.44573905654176,-73.15832943844393
44.4457480219204,-73.15832716997825
44.445756987298964,-73.15832490151188
44.44576595267744,-73.15832263304483
44.445775042940866,-73.15832033297801
44.445784008319166,-73.15831806450959
44.445792973697365,-73.15831579604047
44.44580193907549,-73.15831352757067
44.44581102933854,-73.15831122750106
44.44581902631562,-73.15830920406023
44.44582799169348,-73.15830693558844
44.44583695707126,-73.15830466711597
44.44584604733398,-73.15830236704363
44.44585501271157,-73.15830009856978
44.44586397808907,-73.15829783009525
44.44587294346649,-73.15829556162001
44.44588203372884,-73.1582932615449
44.44589099910609,-73.15829099306829
44.44589996448324,-73.15828872459099
44.4459089298603,-73.15828645611302
44.44591705172154,-73.1582844010663
44.44592601709842,-73.158282132587
44.44593498247524,-73.15827986410703
44.44594394785195,-73.15827759562637
44.4459530381136,-73.15827529554575
44.445962003490145,-73.15827302706373
44.44597096886659,-73.158270758581
44.44597993424294,-73.1582684900976
44.44598902450425,-73.15826619001419
44.44599798988043,-73.1582639215294
44.44600598685585,-73.15826189807584
44.44601495223188,-73.15825962958975
44.446024042492816,-73.15825732950363
44.44603300786865,-73.15825506101616
44.4460419732444,-73.15825279252802
44.446050938620054,-73.15825052403919
44.446060028880645,-73.15824822395027
44.44606899425613,-73.15824595546006
44.44607795963152,-73.15824368696917
44.44608704989184,-73.15824138687816
44.44609601526705,-73.15823911838588
44.44610401224161,-73.15823709492562
44.44611297761666,-73.15823482643205
44.44612206787664,-73.15823252633832
44.446131033251504,-73.15823025784337
44.44613999862628,-73.15822798934774
44.44614896400097,-73.1582257208514
44.44615805426058,-73.1582234207549
44.446167019635105,-73.15822115225718
44.446175985009525,-73.1582188837588
44.44618495038386,-73.15821661525973
44.44619307224265,-73.15821456019387
44.44620203761682,-73.15821229169349
44.44621098145307,-73.15820986619177
44.446220055233944,-73.15820739848954
44.4462289954416,-73.15820496711306
44.446237935649165,-73.15820253573587
44.44624700942972,-73.1582000680314
44.446254985963606,-73.15819789873338
44.446264059743974,-73.15819543102751
44.44627299995113,-73.15819299964744
44.44628194015819,-73.15819056826663
44.44629101393824,-73.15818810055852
44.446299954145104,-73.15818566917625
44.446308064251554,-73.15818346354776
44.44631700445821,-73.1581810321641
44.446325944664764,-73.1581786007797
44.44633501844432,-73.15817613306794
44.44634395865067,-73.15817370168207
44.44635303243001,-73.1581712339688
44.44636197263616,-73.15816880258147
44.44636994916889,-73.15816663327507
44.446379022947944,-73.15816416555965
44.446387963153796,-73.15816173417018
44.44639703693262,-73.15815926645327
44.44640597713828,-73.15815683506234
44.446415050916904,-73.15815436734394
44.44642302744911,-73.15815219803366
44.446431967654455,-73.1581497666406
44.446441041432784,-73.15814729892004
44.44644998163794,-73.15814486752551
44.44645905541606,-73.15814239980345
44.44646799562103,-73.15813996840745
44.44647597215266,-73.15813779909331
44.4464850459305,-73.1581353313691
44.446493986135145,-73.15813289997097
44.446503059912764,-73.15813043224526
44.44651200011722,-73.15812800084566
44.44652094032156,-73.15812556944533
44.44652905042575,-73.15812336380046
44.446537990629906,-73.15812093239875
44.44654706440703,-73.15811846466937
44.44655600461097,-73.15811603326618
44.44656494481482,-73.15811360186225
44.44657401859162,-73.15811113413066
44.446582958795254,-73.15810870272526
44.44659106889881,-73.15810649707578
44.44660000910227,-73.158104065669
44.44660894930561,-73.15810163426146
44.446618023280685,-73.15809916609581
44.44662695915402,-73.15809670858471
44.44663602998899,-73.15809421395618
44.44664400297883,-73.15809202125241
44.44665307381361,-73.15808952662246
44.446662009686534,-73.15808706910848
44.446670945559354,-73.15808461159374
44.44668001639382,-73.15808211696152
44.446688952266435,-73.1580796594453
44.44669802310068,-73.15807716481157
44.44670599608987,-73.15807497210325
44.446715066923915,-73.15807247746808
44.44672400279614,-73.15807001994898
44.446732938668234,-73.15806756242914
44.446742009501975,-73.15806506779171
44.44675094537386,-73.15806261027038
44.446760016207385,-73.15806011563144
44.44676798919595,-73.15805792291857
44.44677706002926,-73.15805542827822
44.44678599590076,-73.15805297075397
44.44679506673387,-73.15805047611211
44.44680400260515,-73.1580480185864
44.44681293847632,-73.15804556105995
44.44682200930912,-73.15804306641581
44.446829982297025,-73.15804087369835
44.44683905312963,-73.1580383790528
44.446847989000396,-73.15803592152346
44.44685705983278,-73.15803342687639
44.44686599570335,-73.15803096934556
44.4468749315738,-73.15802851181398
44.44688400240587,-73.15802601716466
44.446891975393136,-73.15802382444265
44.446901046225015,-73.15802132979188
44.446909982095065,-73.15801887225741
44.44691905292673,-73.15801637760515
44.44692798879656,-73.1580139200692
44.44693705962802,-73.15801142541544
44.44694599549764,-73.15800896787799
44.44695493136717,-73.15800651033982
44.44696303931542,-73.15800428049546
44.44697197518475,-73.15800182295587
44.44698104601569,-73.15799932829842
44.44698998188481,-73.15799687075733
44.44699905271553,-73.15799437609836
44.44700798858443,-73.15799191855581
44.44701692445324,-73.1579894610125
44.447025032400845,-73.1579872311635
44.44703396826946,-73.1579847736188
44.44704303909967,-73.15798227895614
44.44705197496806,-73.15797982140995
44.447061045798065,-73.15797732674578
44.44706998166626,-73.1579748691981
44.44707891753435,-73.1579724116497
44.4470870254813,-73.15797018179603
44.44709596134919,-73.1579677242462
44.44710503217867,-73.15796522957835
44.44711396804635,-73.15796277202705
44.447123038875624,-73.15796027735767
44.4471319747431,-73.15795781980488
44.44714104557216,-73.15795532513401
44.44714901855677,-73.15795313239305
44.44715795442394,-73.15795067483809
44.447167025252696,-73.15794818016505
44.447175961119655,-73.15794572260862
44.4471850319482,-73.15794322793406
44.447193967814954,-73.15794077037614
44.4472030386433,-73.15793827570006
44.44721101162727,-73.15793608295454
44.4472199474937,-73.15793362539448
44.447229018321735,-73.15793113071624
44.44723795418798,-73.15792867315469
44.4472470250158,-73.15792617847492
44.44725596088184,-73.15792372091188
44.44726503170944,-73.15792122623061
44.447273004692775,-73.15791903348052
44.447282075520185,-73.15791653879782
44.44729101138581,-73.1579140812319
44.447299947251324,-73.15791162366523
44.44730901807842,-73.15790912898026
44.447317953943724,-73.1579066714121
44.44732702477062,-73.15790417672564
44.44733499775331,-73.15790198397097
44.447344068579994,-73.15789948928308
44.44735300444489,-73.15789703171204
44.44736194030968,-73.15789457414026
44.447371011136056,-73.1578920794501
44.44737994700066,-73.1578896218768
44.447389017826815,-73.15788712718516
44.447396990808855,-73.15788493442594
44.447406061634815,-73.15788243973283
44.447414997499,-73.15787998215666
44.44742393336308,-73.15787752457976
44.44743300418871,-73.1578750298844
44.4474419400526,-73.157872572306
44.44745101087803,-73.15787007760915
44.447458983859434,-73.15786788484536
44.44746805468468,-73.15786539014705
44.44747699054814,-73.15786293256576
44.44748606137315,-73.15786043786598
44.447494997236404,-73.1578579802832
44.44750393309956,-73.15785552269968
44.44751300392426,-73.15785302799762
44.44752097690503,-73.15785083522925
44.44753004772955,-73.15784834052576
44.44753898359228,-73.15784588293937
44.447548054416586,-73.15784338823435
44.447556990279125,-73.15784093064647
44.44756592614154,-73.15783847305784
44.44757499696552,-73.15783597835059
44.44758296994564,-73.15783378557764
44.447592040769436,-73.15783129086896
44.44760097663145,-73.15782883327743
44.44761004745503,-73.15782633856723
44.44761898331684,-73.15782388097423
44.44762805414021,-73.15782138626251
44.447636990001804,-73.15781892866801
44.447644962981286,-73.15781673589052
44.44765403380435,-73.15781424117662
44.44766296966564,-73.15781178357999
44.44767204015258,-73.15780928905583
44.44768097951165,-73.15780685250574
44.44769005271258,-73.15780437947437
44.44769899207144,-73.15780194292282
44.44770793143019,-73.15779950637051
44.4477170046308,-73.15779703333689
44.447724980469964,-73.15779485940456
44.44773405367038,-73.15779238636952
44.44774299302874,-73.15778994981436
44.44775206622895,-73.15778747677781
44.4477610055871,-73.15778504022117
44.44776994494514,-73.15778260366379
44.44777901814505,-73.15778013062501
44.44778795750289,-73.15777769406617
44.44779703070259,-73.1577752210259
44.44780597006023,-73.15777278446556
44.44781407974044,-73.15777057404601
44.44782301909787,-73.15776813748431
44.44783195845521,-73.15776570092184
44.447841031654406,-73.15776322787791
44.44784997101154,-73.15776079131398
44.44785904421052,-73.15775831826856
44.44786798356744,-73.15775588170315
44.447877056766224,-73.15775340865622
44.447885996122935,-73.15775097208935
44.44789493547957,-73.15774853552173
44.44790400867803,-73.15774606247257
44.44791294803444,-73.15774362590348
44.447922021232706,-73.15774115285282
44.447930960588906,-73.15773871628225
44.44794003378698,-73.15773624323009
44.447949936662084,-73.15773354403466
44.447959009859915,-73.15773107098092
44.44796794921571,-73.15772863440732
44.44797702241335,-73.15772616135207
44.447985961768914,-73.15772372477701
44.44799503496634,-73.15772125172026
44.44800397432171,-73.15771881514374
44.44801291367698,-73.15771637856646
44.448021986874096,-73.15771390550749
44.44803092622916,-73.15771146892872
44.448039999426065,-73.15770899586826
44.448048938780914,-73.15770655928804
44.448058011977615,-73.15770408622606
44.4480659878133,-73.1577019122688
44.44807492716787,-73.15769947568646
44.44808400036427,-73.15769700262233
44.44809293971862,-73.1576945660385
44.44810201291481,-73.15769209297287
44.44811095226897,-73.15768965638756
44.44812002546495,-73.15768718332043
44.4481280013,-73.15768500935866
44.44813694065386,-73.15768257277122
44.448146013849545,-73.15768009970192
44.44815495320319,-73.15767766311302
44.44816402639868,-73.15767519004224
44.448172965752114,-73.15767275345185
44.448182038947394,-73.15767028037956
44.44819001478181,-73.15766810641324
44.44819895413496,-73.15766566982074
44.44820802732993,-73.15766319674628
44.44821696668288,-73.1576607601523
44.44822603987763,-73.15765828707636
44.44823497923037,-73.15765585048091
44.44824391858302,-73.1576534138847
44.448252991777466,-73.15765094080652
44.44826096761116,-73.15764876683502
44.448270040805426,-73.15764629375542
44.44827898015766,-73.15764385715636
44.44828805335171,-73.15764138407525
44.44829699243581,-73.15763894655619
44.44830592441184,-73.15763646594189
44.44831403039122,-73.1576342147251
44.448322962367065,-73.1576317341094
44.44833203052523,-73.15762921567192
44.44834096250084,-73.1576267350547
44.4483500306588,-73.1576242166157
44.4483589626342,-73.15762173599698
44.44836706861302,-73.15761948477619
44.448376000588226,-73.15761700415607
44.44838493256333,-73.15761452353517
44.44839400072076,-73.15761200509245
44.44840293269565,-73.15760952447008
44.448411038673996,-73.15760727324596
44.44841997064868,-73.15760479262217
44.4484290388057,-73.15760227417647
44.44843797078017,-73.15759979355117
44.44844703893697,-73.15759727510395
44.44845597091123,-73.15759479447716
44.448463940706574,-73.15759258107023
44.44847300886307,-73.15759006262081
44.44848194083701,-73.15758758199186
44.44849100899329,-73.15758506354092
44.44849994096704,-73.15758258291045
44.4485090091231,-73.157580064458
44.44851697891789,-73.15757785104712
44.44852604707374,-73.15757533259323
44.44853497904706,-73.15757285195984
44.44854391102028,-73.15757037132573
44.44855297917582,-73.15756785286955
44.44856094897014,-73.1575656394554
44.44857001712547,-73.15756312099778
44.448578949098284,-73.15756064036074
44.44858801725341,-73.15755812190159
44.44859694922599,-73.15755564126304
44.4486060173809,-73.15755312280238
44.44861398717467,-73.1575509093843
44.448622919146935,-73.1575484287436
44.44863198730154,-73.15754591028072
44.448640919273615,-73.15754342963851
44.448649987427984,-73.15754091117414
44.44865795722128,-73.15753869775277
44.44866702537546,-73.15753617928695
44.44867595734711,-73.15753369864181
44.44868502550109,-73.15753118017446
44.44869395747252,-73.15752869952784
44.44870302562627,-73.15752618105897
44.44871099541901,-73.15752396763367
44.44871995520238,-73.15752161870581
44.44872894663846,-73.1575195458142
44.448737938074466,-73.15751747292195
44.44874595588197,-73.15751562449019
44.44875494731783,-73.15751355159674
44.44876393875363,-73.15751147870266
44.44877195656095,-73.15750963026927
44.448780947996596,-73.157507557374
44.448789939432174,-73.15750548447812
44.44879795723929,-73.1575036360431
44.44880694867474,-73.15750156314601
44.44881594011011,-73.1574994902483
44.44882395791705,-73.15749764181166
44.448832949352266,-73.15749556891275
44.44884194078741,-73.15749349601322
44.44884995859416,-73.15749164757494
44.448858999927374,-73.15748999915742
44.44886795556266,-73.15748848445023
44.44887601052239,-73.15748712207798
44.44888496615759,-73.1574856073699
44.44889400674835,-73.15748407829244
44.44890197675241,-73.15748273028791
44.44891101734308,-73.15748120120955
44.448919972978125,-73.15747968649968
44.44892802793767,-73.15747832412501
44.44893698357264,-73.15747680941426
44.44894602416315,-73.15747528033408
44.448953994167006,-73.15747393232718
44.44896303475744,-73.15747240324612
44.448971990392245,-73.15747088853357
44.448979960396,-73.15746954052547
44.4489889821342,-73.15746864141292
44.44899798808956,-73.15746776094365
44.44900798919757,-73.15746678318273
44.44901699515289,-73.15746590271289
44.44902600110821,-73.15746502224277
44.44903500706349,-73.15746414177238
44.44904401301877,-73.15746326130173
44.449053018974034,-73.1574623808308
44.44906297050071,-73.15746140791536
44.44907197645596,-73.15746052744387
44.44908098241118,-73.1574596469721
44.44908999809074,-73.15745890521394
44.449098990931006,-73.15745854976608
44.44910700469362,-73.15745823301681
44.44911599753388,-73.15745787756876
44.44912499037416,-73.15745752212058
44.44913400334123,-73.15745716587676
44.44914199697702,-73.15745684992265
44.449151009944096,-73.15745649367864
44.44916000278434,-73.15745613823005
44.44916902258955,-73.15745642788174
44.449176998190865,-73.15745704581924
44.44918601010598,-73.15745774404895
44.44919498265746,-73.15745843922907
44.44920399457256,-73.15745913745921
44.449211970173856,-73.15745975539745
44.449220982088924,-73.15746045362799
44.449229994004,-73.15746115185877
44.44923896655544,-73.15746184703991
44.449247978470474,-73.15746254527112
44.449256990385535,-73.15746324350252
44.449266002300575,-73.15746394173416
44.449274974851974,-73.15746463691615
44.44928398676699,-73.15746533514822
44.449292998682004,-73.15746603338049
44.449302010597016,-73.15746673161298
44.449311022512006,-73.15746742984568
44.44931997787995,-73.15746833742902
44.44932903263288,-73.15746950220355
44.4493380223793,-73.1574706586162
44.4493470121257,-73.15747181502921
44.449356001872076,-73.15747297144259
44.44936499161843,-73.1574741278563
44.44937398136475,-73.15747528427038
44.449383036117545,-73.15747644904705
44.44939202586383,-73.15747760546184
44.44940101561008,-73.15747876187697
44.44941000535631,-73.15747991829247
44.44941899510252,-73.15748107470831
44.449427984848704,-73.15748223112452
44.44943697459488,-73.15748338754109
44.44944602934749,-73.15748455232024
44.449455003430906,-73.15748697561811
44.44946407317244,-73.15748947999677
44.449473007461506,-73.15749194697445
44.449481941750484,-73.15749441395288
44.44949101149169,-73.1574969183338
44.449499945780445,-73.15749938531373
44.449509015521436,-73.15750188969618
44.449517949809994,-73.15750435667758
44.44952605695258,-73.15750659526388
44.44953499124093,-73.1575090622467
44.449544060981516,-73.1575115666321
44.449552995269656,-73.15751403361641
44.44956206501003,-73.15751653800332
44.44957099929795,-73.15751900498913
44.44958006449844,-73.15752158821121
44.449587995931296,-73.15752402597651
44.44959703087009,-73.15752680291071
44.449604962302715,-73.1575292406774
44.449613997241244,-73.15753201761316
44.4496220781096,-73.15753450131118
44.44963096361195,-73.15753723231857
44.449639998550126,-73.15754000925675
44.449647929982206,-73.15754244702696
44.4496569649201,-73.15754522396671
44.4496650457879,-73.15754770766829
44.449673931289645,-73.15755043867962
44.44968201215722,-73.15755292238262
44.449691047094625,-73.15755569932553
44.44969997146497,-73.15755914282508
44.44970794619341,-73.15756226931562
44.449717033561285,-73.15756583201727
44.44972593565124,-73.15756932208184
44.449734837740976,-73.15757281214746
44.44974392510824,-73.15757637485227
44.44975282719755,-73.15757986491995
44.449761914564384,-73.15758342762689
44.44977081665329,-73.15758691769663
44.449779718742,-73.1575904077674
44.44978880610819,-73.1575939704775
44.44979789347418,-73.15759753318866
44.4498058682006,-73.15760065968931
44.44981495556619,-73.15760422240248
44.44982385765387,-73.15760771247832
44.449832945019025,-73.15761127519363
44.44984184710629,-73.15761476527155
44.44985093447105,-73.15761832798896
44.449860021835576,-73.15762189070742
44.44986892392222,-73.15762538078846
44.44987801128633,-73.15762894350905
44.449886913372566,-73.15763243359217
44.44989598223336,-73.1576360637453
44.44990413329159,-73.15764052176058
44.4499129102302,-73.1576453220868
44.44992106128776,-73.15764978010449
44.449930080072726,-73.15765471270561
44.449939098857286,-73.15765964530813
44.44994700806675,-73.15766397105719
44.44995602685056,-73.15766890366238
44.449965045633974,-73.15767383626901
44.4499731966895,-73.15767829429416
44.44998197362511,-73.15768309463095
44.44999095045688,-73.15768816098789
44.44999899427255,-73.15769301861106
44.450007881368016,-73.15769838548871
44.45001618469762,-73.15770339983435
44.450025071792176,-73.15770876671492
44.45003395888628,-73.15771413359698
44.45004200269992,-73.15771899122674
44.45005114930783,-73.15772451483174
44.450060036400565,-73.15772988171823
44.4500680500744,-73.15773484849525
44.4500759987365,-73.15774000382285
44.45008394739817,-73.1577451591517
44.450091896059426,-73.15775031448185
44.45010011689047,-73.15775564633708
44.45010806555086,-73.15776080166982
44.45011601421082,-73.15776595700385
44.450123962870364,-73.15777111233915
44.450131911529475,-73.15777626767574
44.450139860188166,-73.15778142301359
44.450147180395135,-73.15778651016221
44.45015495310136,-73.1577921273467
44.45016301667039,-73.1577979547339
44.4501707893756,-73.15780357192111
44.45017885294358,-73.15780939931112
44.45018583584932,-73.15781444572819
44.45019389941631,-73.15782027312092
44.45020167211954,-73.15782589031343
44.4502097356855,-73.15783171770896
44.450217799250915,-73.15783754510595
44.450226652613985,-73.15784394327791
44.45023471617831,-73.15784977067791
44.450243860403326,-73.15785637905513
44.45025192396652,-73.15786220645822
44.4502607773271,-73.15786860463686
44.4502682442232,-73.15787440556754
44.45027610538714,-73.1578807434907
44.45028396655044,-73.15788708141532
44.45029213633559,-73.15789366816301
44.45029999749763,-73.15790000609068
44.45030785865906,-73.15790634401985
44.450316028442295,-73.15791293077226
44.450323138424295,-73.15791866307923
44.4503309995839,-73.1579250010128
44.45033914820312,-73.15793165833944
44.450346891684006,-73.15793824970663
44.45035495196392,-73.15794511074014
44.45036301224312,-73.15795197177529
44.45037002538689,-73.15795794147427
44.450378085664774,-73.15796480251248
44.45038614594194,-73.15797166355235
44.45039388941879,-73.15797825492868
44.450401949694566,-73.15798511597175
44.45040923570831,-73.15799150805137
44.45041673301527,-73.1579985572259
44.45042387122431,-73.15800526876869
44.45043100943272,-73.15801198031292
44.450438837060915,-73.15801934007132
44.45044564494451,-73.15802574103884
44.45045278315091,-73.15803245258729
44.450460610776844,-73.15803981235031
44.45046774898185,-73.15804652390167
44.450475906929626,-73.1580541942478
44.4504837345532,-73.15806155401573
44.45049189249929,-73.1580692243654
44.450499030701415,-73.15807593592288
44.450506858322626,-73.15808329569573
44.45051501626627,-73.15809096605055
44.450522843885835,-73.15809832582678
44.450531001827805,-73.15810599618518
44.45053812057828,-73.1581127918894
44.45054513493692,-73.15812076710728
44.45055180000128,-73.15812834518533
44.45055821149966,-73.15813563496481
44.450565225855755,-73.15814361018711
44.45057189091766,-73.15815118826927
44.45057890527201,-73.15815916349456
44.450584967474065,-73.15816605613772
44.45059198182676,-73.15817403136587
44.45059899617856,-73.15818200659555
44.45060505837844,-73.15818889924252
44.450611997563456,-73.15819700370476
44.450618629648545,-73.15820556311988
44.45062507657392,-73.15821388356927
44.45063170865702,-73.1582224429873
44.45063815558056,-73.1582307634396
44.450644787661695,-73.15823932286055
44.4506512345834,-73.1582476433158
44.450657866662546,-73.15825620273965
44.450664854472,-73.15826522127537
44.45067094565959,-73.1582730826246
44.450677933467,-73.15828210116344
44.450684024652816,-73.1582899625154
44.45069091901059,-73.15829910927509
44.45069701655962,-73.1583079776569
44.45070311410766,-73.1583168460401
44.450709692899345,-73.15832641435591
44.4507161471206,-73.1583358014974
44.450722244665464,-73.15834466988494
44.45072882345365,-73.15835423820529
44.45073492099639,-73.15836310659564
44.45074101853814,-73.15837197498742
44.45074759732285,-73.15838154331222
44.450754051537565,-73.15839093046293
44.450760149076146,-73.15839979885904
44.450766127255065,-73.158408837188
44.45077205514428,-73.1584179294476
44.45077798303246,-73.15842702170852
44.450783910919576,-73.15843611397077
44.45078983880564,-73.15844520623435
44.45079576669064,-73.15845429849928
44.450801694574594,-73.15846339076552
44.450807167672465,-73.15847178547753
44.450813095554416,-73.15848087774637
44.450819023435294,-73.15848997001656
44.450824951315134,-73.15849906228809
44.45083123465732,-73.15850869977633
44.45083682407921,-73.15851820281644
44.450842345698725,-73.15852760144921
44.45084792086631,-73.15853709123202
44.450853846290855,-73.1585471772089
44.45085936790712,-73.15855657584565
44.45086494307126,-73.15856606563224
44.45087086849222,-73.15857615161322
44.45087603984732,-73.15858495406066
44.45088196526595,-73.15859504004433
44.4508878906833,-73.15860512602941
44.45089306203532,-73.15861392848052
44.450898987450344,-73.15862401446829
44.45090456260645,-73.15863350426358
44.45091008421304,-73.15864290291222
44.450915881817885,-73.1586531313604
44.450921289321485,-73.15866267841685
44.45092708316283,-73.15867290756385
44.450932877002884,-73.15868313671226
44.45093828450309,-73.15869268377267
44.45094373076005,-73.1587022992622
44.45094913825808,-73.15871184632513
44.450954932093275,-73.1587220754788
44.450960725927175,-73.15873230463383
44.450966133421815,-73.15874185170075
44.45097192725326,-73.15875208085848
44.45097733474567,-73.15876162792803
44.450983128574656,-73.15877185708848
44.45098892240236,-73.15878208625026
44.45099432989138,-73.15879163332382
44.45099977613651,-73.15880124882554
44.451005183623366,-73.15881079590162
44.451010977446195,-73.15882102506869
44.45101677126774,-73.15883125423711
44.45102217875119,-73.15884080131717
44.451027972570266,-73.1588510304883
44.451033766388065,-73.15886125966077
44.45103917386812,-73.15887080674482
44.45104496768345,-73.15888103591999
44.45105037516129,-73.15889058300665
44.4510558213946,-73.15890019852064
44.45106161520623,-73.15891042769977
44.451067022680725,-73.1589199747903
44.451072816489905,-73.1589302039721
44.45107822396218,-73.1589397510653
44.4510840177689,-73.15894998024982
44.45108981157432,-73.1589602094357
44.451095219043204,-73.15896975653287
44.451101012846166,-73.15897998572144
44.45110607273373,-73.15898891915629
44.4511118665343,-73.15899914834743
44.45111766033357,-73.15900937753997
44.45112306779689,-73.15901892464363
44.451128861593695,-73.15902915383886
44.45113426905479,-73.15903870094517
44.45114006284914,-73.15904893014309
44.45114585664221,-73.15905915934236
44.451151264099906,-73.15906870645266
44.45115705789052,-73.15907893565463
44.45116211776741,-73.15908786910143
44.45116791155562,-73.15909809830599
44.45117370534254,-73.1591083275119
44.45117911279466,-73.1591178746287
44.45118490657912,-73.15912810383732
44.45119031402902,-73.15913765095677
44.45119610781102,-73.15914788016809
44.45120190159173,-73.15915810938077
44.45120730903823,-73.15916765650418
44.451213102816475,-73.15917788571956
44.45121816268273,-73.1591868191783
44.45122395645857,-73.15919704839627
44.45122975023312,-73.15920727761558
44.45123515767406,-73.1592168247455
44.45124095144616,-73.15922705396753
44.45124674521696,-73.1592372831909
44.451252152654504,-73.1592468303248
44.45125794642286,-73.15925705955088
44.451263353858174,-73.15926660668744
44.45126880004651,-73.15927622224784
44.451274593811156,-73.15928645147784
44.45128000124314,-73.15929599861825
44.451285795005326,-73.15930622785099
44.45129120243509,-73.15931577499403
44.45129699619481,-73.15932600422944
44.45130278995326,-73.15933623346622
44.451308197379625,-73.15934578061326
44.45131399113561,-73.15935600985274
44.45131939855974,-73.15936555700243
44.45132484473624,-73.15937517257503
44.45133063848853,-73.15938540181845
44.45133604590933,-73.159394948972
44.45134183965915,-73.15940517821811
44.45134724707773,-73.15941472537429
44.45135304082509,-73.15942495462309
44.45135883457118,-73.15943518387328
44.45136424198636,-73.15944473103345
44.45137003572997,-73.15945496028634
44.451375443142936,-73.15946450744914
44.45138088930759,-73.15947412303397
44.451386683047524,-73.15948435229079
44.45139209045713,-73.15949389945744
44.4513978841946,-73.15950412871697
44.451403291602,-73.15951367588627
44.451409085337005,-73.1595239051485
44.45141487907071,-73.15953413441207
44.45142028647471,-73.15954368158536
44.45142608020596,-73.15955391085163
44.451431140031715,-73.15956284435578
44.45143693376057,-73.15957307362463
44.45144272748812,-73.15958330289484
44.45144813488656,-73.15959285007465
44.45145392861168,-73.15960307934756
44.45145972233548,-73.15961330862184
44.451465129730515,-73.15962285580561
44.45147092345187,-73.15963308508259
44.451476330844685,-73.15964263226901
44.451482124563576,-73.15965286154868
44.451487570705694,-73.15966247715674
44.45149297809517,-73.15967202434702
44.45149877181037,-73.15968225363065
44.45150417919762,-73.15969180082357
44.45150997291036,-73.15970203010987
44.4515157666218,-73.15971225939755
44.451521174005656,-73.15972180659446
44.451526967714656,-73.15973203588484
44.45153237509628,-73.1597415830844
44.45153816880281,-73.15975181237746
44.451543614933094,-73.15976142799774
44.45154902231138,-73.15977097520114
44.451554816014216,-73.15978120449816
44.45156022339029,-73.15979075170422
44.451566017090656,-73.15980098100393
44.45157181078976,-73.159811210305
44.45157721816242,-73.15982075751504
44.45158301185905,-73.15983098681882
44.451588419229495,-73.15984053403149
44.45159386534918,-73.15985014966274
44.45159965904211,-73.15986037897045
44.45160506640921,-73.159869926187
44.4516108600997,-73.1598801554974
44.451616267464566,-73.1598897027166
44.451622061152584,-73.15989993202969
44.451627854839316,-73.15991016134417
44.4516332622008,-73.15991970856734
44.45163905588507,-73.15992993788451
44.45164446324432,-73.15993948511033
44.45164990935218,-73.15994910075378
44.45165570303275,-73.15995933007491
44.45166111038867,-73.15996887730458
44.451666904066784,-73.1599791066284
44.45167269774361,-73.15998933595357
44.45167810509613,-73.15999888318721
44.4516838987705,-73.16000911251508
44.45168930612079,-73.16001865975137
44.45169509979269,-73.16002888908194
44.45170089346332,-73.16003911841386
44.4517059532368,-73.16004805197657
44.451711746905005,-73.16005828131108
44.451717154249735,-73.16006782855389
44.451722947915485,-73.16007805789108
44.451728741579956,-73.16008828722967
44.45173414892129,-73.16009783447645
44.451739942583295,-73.1601080638177
44.451745349922405,-73.16011761106714
44.45175114358195,-73.1601278404111
44.45175658966727,-73.1601374560778
44.451761997003025,-73.16014700333109
44.451767790658884,-73.16015723267898
44.45177319799243,-73.16016677993491
44.45177899164582,-73.16017700928553
44.45178478529792,-73.16018723863749
44.45179019262807,-73.16019678589741
44.45179598627771,-73.16020701525207
44.45180139360564,-73.16021656251463
44.45180718725283,-73.160226791872
44.4518126333263,-73.16023640755091
44.451818040650885,-73.16024595481731
44.45182383429437,-73.16025618417864
44.45182924161672,-73.16026573144768
44.45183503525777,-73.16027596081169
44.451840828897495,-73.16028619017708
44.45184623621647,-73.1602957374501
44.451852029853754,-73.16030596681817
44.45185743717049,-73.16031551409382
44.45186323080531,-73.1603257434646
44.45186867686696,-73.16033535915575
44.45187405847602,-73.16034493551264
44.45187982355388,-73.16035519458472
44.451885206022226,-73.16036477279879
44.451890971097605,-73.16037503187354
44.4518967361717,-73.16038529094966
44.45190211863662,-73.16039486916766
44.45190788370823,-73.16040512824642
44.45191326617092,-73.16041470646705
44.45191868429771,-73.16042434815604
44.45192406675821,-73.16043392637916
44.45192983182492,-73.16044418546318
44.451935214283196,-73.16045376368892
44.45194097934743,-73.16046402277561
44.45194674441038,-73.16047428186364
44.45195212686522,-73.16048386009334
44.451957891925694,-73.16049411918405
44.451963274378315,-73.16050369741637
44.45196903943631,-73.16051395650977
44.451974074944864,-73.16052291735105
44.45197984000045,-73.16053317644699
44.45198560505473,-73.16054343554427
44.45199098750173,-73.16055301378304
44.45199675255355,-73.160563272883
44.45200213499831,-73.16057285112441
44.45200790004765,-73.16058311022704
44.452013282490185,-73.16059268847107
44.45201904753704,-73.16060294757636
44.452024429977335,-73.16061252582303
44.45202984808044,-73.16062216753616
44.452035613123584,-73.16063242664536
44.45204099556051,-73.16064200489585
44.452046760601185,-73.16065226400772
44.45205214303588,-73.16066184226084
44.45205790807407,-73.1606721013754
44.452063290506516,-73.16068167963111
44.452069055542246,-73.16069193874834
44.45207482057668,-73.16070219786693
44.452080203005714,-73.16071177612662
44.45208562109691,-73.16072141785185
44.45209100352376,-73.160730996114
44.4520967685533,-73.16074125523784
44.45210215097791,-73.16075083350265
44.45210791600497,-73.16076109262912
44.45211329842734,-73.16077067089654
44.45211906345193,-73.1607809300257
44.45212482847522,-73.1607911891562
44.452130210894175,-73.16080076742757
44.45213597591498,-73.16081102656076
44.45214101139148,-73.16081998743756
44.45214677640989,-73.1608302465733
44.452152158824404,-73.1608398248498
44.45215792384033,-73.1608500839882
44.45216368885496,-73.16086034312796
44.45216907126608,-73.16086992140842
44.45217483627823,-73.16088018055085
44.452180218687104,-73.16088975883392
44.452185983696786,-73.16090001797903
44.45219136610341,-73.16090959626473
44.45219678417095,-73.16091923801413
44.4522021665754,-73.16092881630235
44.45220793158018,-73.16093907545267
44.45221369658367,-73.16094933460437
44.4522190789847,-73.16095891289652
44.45222484398571,-73.16096917205087
44.452230226384515,-73.16097875034563
44.45223599138305,-73.16098900950267
44.452241373779614,-73.16099858780008
44.45224714170508,-73.16100882434691
44.45225296486517,-73.161018043552
44.45225914228677,-73.16102782362589
44.452265758839594,-73.16103829893466
44.45227193625872,-73.16104807901162
44.452278113676655,-73.16105785909014
44.45228393683103,-73.1610670783022
44.45229011424666,-73.16107685838361
44.45229673079291,-73.16108733370018
44.452302908206065,-73.1610971137847
44.4523088285269,-73.16110667371318
44.45231472256191,-73.16111729638034
44.45232034717513,-73.16112762912135
44.45232599528711,-73.16113800503466
44.45233164339777,-73.16114838094926
44.45233726800726,-73.16115871369456
44.452342916115335,-73.16116908961189
44.452348908416305,-73.16118009783652
44.45235418882785,-73.16118979828006
44.452360181126124,-73.16120080650765
44.452365829228874,-73.16121118243034
44.452371819580634,-73.16122219134915
44.45237707655425,-73.16123191880811
44.45238233352678,-73.16124164626831
44.45238795483674,-73.16125204789923
44.45239321180696,-73.16126177536194
44.45239883311439,-73.1612721769954
44.452404090082304,-73.16128190446061
44.45241005491476,-73.16129294175857
44.45241531188031,-73.16130266922644
44.45242093318258,-73.16131307086512
44.45242619014582,-73.16132279833549
44.45243181144555,-73.16133319997671
44.45243706840649,-73.1613429274496
44.452443033230914,-73.16135396475605
44.452448290189494,-73.16136369223156
44.45245391148407,-73.161374093878
44.452459168440335,-73.16138382135604
44.45246478973237,-73.16139422300502
44.45247004668632,-73.16140395048556
44.45247566797581,-73.16141435213709
44.45248126845433,-73.16142471528366
44.45248688974122,-73.16143511693785
44.4524921466905,-73.16144484442356
44.45249776797485,-73.1614552460803
44.45250302492184,-73.16146497356851
44.452508646203626,-73.16147537522781
44.452513903148315,-73.16148510271853
44.45251986795402,-73.1614961400447
44.45252512489633,-73.16150586753805
44.45253074617298,-73.16151626920258
44.45253600311298,-73.16152599669844
44.452541624387095,-73.16153639836548
44.4525468813248,-73.16154612586388
44.45255284612248,-73.16155716319854
44.452558102862376,-73.16156689165855
44.452563337298486,-73.16157664473504
44.4525689328714,-73.16158707070423
44.45257416730519,-73.16159682378323
44.452579762875544,-73.16160724975497
44.45258499730702,-73.16161700283644
44.45259023173738,-73.16162675591913
44.45259582730397,-73.16163718189465
44.45260106173202,-73.16164693497986
44.45260665729605,-73.16165736095789
44.452611891721766,-73.16166711404557
44.45261712614639,-73.16167686713452
44.45262272170667,-73.16168729311634
44.452627956128964,-73.16169704620778
44.45263389456048,-73.16170811105562
44.452639128980394,-73.16171786414967
44.45264436339923,-73.16172761724495
44.4526499589531,-73.16173804323319
44.452655193369615,-73.16174779633096
44.45266078892092,-73.16175822232174
44.45266602333511,-73.161767975422
44.4526712577482,-73.16177772852352
44.45267685329574,-73.16178815451806
44.4526820877065,-73.16179790762207
44.45268768325148,-73.16180833361912
44.45269291765994,-73.16181808672563
44.452698152067285,-73.16182783983339
44.452703747608496,-73.16183826583423
44.452708982013526,-73.16184801894445
44.45271457755217,-73.16185844494781
44.45271981195488,-73.16186819806057
44.45272538922934,-73.16187859004006
44.45273098476416,-73.16188901604731
44.4527362191634,-73.16189876916391
44.45274181469565,-73.16190919517368
44.452747049092565,-73.16191894829278
44.45275228348838,-73.16192870141309
44.45275787901687,-73.16193912742665
44.45276311341036,-73.16194888054947
44.45276870893629,-73.16195930656556
44.45277394332746,-73.16196905969088
44.452779177717524,-73.16197881281742
44.452784773239685,-73.16198923883728
44.452790007627435,-73.16199899196634
44.45279560314703,-73.16200941798873
44.452800837532465,-73.16201917112028
44.452806071916804,-73.16202892425306
44.45281201030457,-73.16203998914663
44.45281724468652,-73.16204974228202
44.452822840199744,-73.16206016831083
44.45282807457937,-73.16206992144872
44.45283330895791,-73.16207967458787
44.45283890446735,-73.16209010062045
44.45284413884356,-73.16209985376207
44.452849734350444,-73.16211027979718
44.45285496872433,-73.1621200329413
44.45286020309712,-73.16212978608667
44.45286579860023,-73.16214021212555
44.4528710329707,-73.1621499652734
44.45287662847126,-73.16216039131481
44.45288186283942,-73.16217014446518
44.45288709720646,-73.16217989761677
44.45289269270323,-73.16219032366196
44.452897927067966,-73.16220007681603
44.45290386543319,-73.16221114173317
44.45290909979554,-73.16222089488987
44.452914334156794,-73.16223064804781
44.45291992964718,-73.16224107409941
44.452925164006125,-73.16225082725985
44.45293075949395,-73.16226125331399
44.45293599385057,-73.16227100647693
44.45294122820608,-73.16228075964108
44.452946823690134,-73.16229118569899
44.45295205804334,-73.16230093886566
44.45295765352484,-73.1623113649261
44.45296288787571,-73.16232111809526
44.45296812222548,-73.16233087126567
44.45297371770321,-73.16234129732986
44.452978952050664,-73.16235105050276
44.45298454752583,-73.16236147656949
44.452989781870954,-73.16237122974489
44.452995359085044,-73.16238162179293
44.45300095455638,-73.16239204786356
44.45300618889804,-73.16240180104283
44.453011784366815,-73.16241222711598
44.45301701870616,-73.16242198029772
44.453022253044395,-73.16243173348069
44.4530278485094,-73.16244215955763
44.453033082845316,-73.16245191274311
44.45303867830777,-73.16246233882256
44.45304391264136,-73.16247209201052
44.45304914697386,-73.16248184519974
44.453054742432535,-73.16249227128299
44.4530599767627,-73.16250202447468
44.45306557221883,-73.16251245056044
44.453070806546684,-73.16252220375463
44.45307604087344,-73.16253195695009
44.45308197919493,-73.16254302191291
44.45308721351932,-73.16255277511098
44.453092808969046,-73.16256320120316
44.4530980432911,-73.16257295440371
44.453103277612065,-73.1625827076055
44.453108873058014,-73.16259313370144
44.453114107376656,-73.16260288690573
44.453119702820054,-73.1626133130042
44.453124937136366,-73.16262306621097
44.45313017145159,-73.162632819419
44.453135766891215,-73.16264324552128
44.453141001204116,-73.16265299873179
44.45314659664118,-73.16266342483657
44.453151830951754,-73.16267317804956
44.45315706526123,-73.16268293126382
44.45316266069454,-73.16269335737238
44.453167895001684,-73.1627031105891
44.45317383330061,-73.1627141755755
44.453179067605404,-73.16272392879488
44.45318430190909,-73.16273368201546
44.45318989733598,-73.16274410813045
44.453195131637344,-73.16275386135354
44.4532007270617,-73.16276428747103
44.453205961360744,-73.16277404069663
44.453211195658675,-73.16278379392347
44.45321679107925,-73.16279422004473
44.45322202537486,-73.16280397327405
44.45322762079289,-73.16281439939786
44.45323285508618,-73.16282415262968
