36.84511825343499,-75.97554706900746
36.845117920488185,-75.97554897834985
36.8451159986226,-75.97555999962496
36.845114076755955,-75.97557102089979
36.84511215488822,-75.97558204217438
36.84511023301943,-75.97559306344868
36.84510831114957,-75.97560408472272
36.84510638927865,-75.97561510599648
36.8451045127358,-75.97562586732302
36.84510259086278,-75.97563688859614
36.8451008354629,-75.9756469551982
36.84509891358783,-75.97565797647083
36.84509699171171,-75.97566899774317
36.845095069834535,-75.97568001901526
36.84509314795626,-75.97569104028709
36.84509122607694,-75.97570206155862
36.84508930419654,-75.9757130828299
36.84508738231508,-75.97572410410092
36.845085505762164,-75.97573486542346
36.8450837503536,-75.97574493202349
36.84508182846907,-75.97575595329363
36.84507990658347,-75.97576697456348
36.84507798469682,-75.97577799583307
36.84507606280909,-75.97578901710241
36.845074140920296,-75.97580003837145
36.84507221903043,-75.97581105964024
36.8450702971395,-75.97582208090876
36.8450683752475,-75.975833102177
36.845066665160296,-75.97584290882568
36.84506474326629,-75.97585393009332
36.84506282137122,-75.97586495136069
36.8450608994751,-75.97587597262779
36.84505897757791,-75.97588699389462
36.84505705567964,-75.97589801516119
36.845055133780306,-75.97590903642748
36.84505321187991,-75.97592005769351
36.84505128997844,-75.97593107895928
36.84504953455245,-75.97594114555528
36.8450476579795,-75.97595190686992
36.84504573607498,-75.97596292813479
36.84504381416938,-75.9759739493994
36.845041892262714,-75.97598497066375
36.84503997035498,-75.97599599192783
36.84503804844617,-75.97600701319162
36.84503612653631,-75.97601803445517
36.84503420462537,-75.97602905571846
36.845032449190704,-75.97603912231239
36.845030572608714,-75.97604988362343
36.84502867764892,-75.97606091357548
36.84502678404961,-75.97607194210221
36.845024890449224,-75.97608297062867
36.84502299684779,-75.97609399915487
36.84502110324528,-75.97610502768083
36.845019209641706,-75.97611605620652
36.845017316037044,-75.97612708473197
36.84501542243134,-75.97613811325715
36.84501357283302,-75.97614888547314
36.84501167922522,-75.97615991399766
36.84500978561635,-75.97617094252196
36.8450078920064,-75.976181971046
36.845005998395386,-75.97619299956979
36.845004104783314,-75.97620402809332
36.84500221117016,-75.97621505661658
36.84500031755594,-75.97622608513959
36.844998588085936,-75.9762361576712
36.844996738478564,-75.97624692988369
36.844994844861276,-75.97625795840585
36.84499295124292,-75.97626898692776
36.844991057623496,-75.97628001544942
36.844989164003,-75.97629104397083
36.84498727038144,-75.97630207249196
36.84498537675881,-75.97631310101286
36.84498348313511,-75.97632412953348
36.84498158951035,-75.97633515805387
36.84497973989382,-75.9763459302628
36.844977846266964,-75.97635695878252
36.844975952639054,-75.97636798730201
36.844974059010056,-75.97637901582124
36.84497216537999,-75.9763900443402
36.84497027174886,-75.97640107285892
36.84496837811666,-75.97641210137738
36.84496648448339,-75.9764231298956
36.844964634858755,-75.97643390210136
36.844962741223405,-75.97644493061892
36.84496084758696,-75.97645595913625
36.84495911809658,-75.97646603166312
36.844957224458106,-75.97647706017999
36.84495533081857,-75.97648808869656
36.844953437177956,-75.9764991172129
36.844951543536276,-75.97651014572898
36.844949649893536,-75.9765211742448
36.84494759210206,-75.97653315875026
36.84494574246725,-75.97654393095209
36.84494384882126,-75.97655495946698
36.844941955174185,-75.9765659879816
36.84494006152605,-75.97657701649598
36.844938003728764,-75.97658900099972
36.8449361100784,-75.97660002951356
36.844934216426964,-75.97661105802712
36.844932322774476,-75.97662208654042
36.8449304291209,-75.97663311505346
36.84492837131773,-75.97664509955565
36.84492647766195,-75.97665612806814
36.84492462801578,-75.97666690026554
36.844922734357894,-75.9766779287774
36.84492084069895,-75.97668895728899
36.84491878288995,-75.9767009417895
36.84491688922876,-75.97671197030054
36.84491499556652,-75.97672299881133
36.84491310190322,-75.97673402732184
36.844911208238834,-75.97674505583211
36.844909150423945,-75.97675704033105
36.84490725675734,-75.97676806884078
36.844905379548564,-75.97677909032531
36.84490372674381,-75.97678993497021
36.844902038937406,-75.97680100926635
36.84490035112993,-75.97681208356235
36.84489869832212,-75.97682292820627
36.84489701051252,-75.97683400250177
36.84489517562827,-75.9768460417963
36.844893522817294,-75.97685688643915
36.844891835004425,-75.97686796073401
36.84489014719049,-75.97687903502872
36.84488845937546,-75.97689010932325
36.84488680656041,-75.97690095396477
36.844885118743285,-75.97691202825884
36.84488343092509,-75.97692310255275
36.84488177810697,-75.97693394719325
36.84488009028665,-75.9769450214867
36.84487825539075,-75.9769570607787
36.8448766025695,-75.97696790541815
36.84487491474591,-75.97697897971095
36.84487322692123,-75.97699005400354
36.84487157409692,-75.97700089864198
36.844869886270146,-75.97701197293411
36.84486819844228,-75.97702304722611
36.84486651061335,-75.97703412151792
36.844864857784934,-75.97704496615505
36.84486302287859,-75.97705700544475
36.844861335046375,-75.9770680797359
36.84485968221483,-75.97707892437197
36.844857994380504,-75.97708999866265
36.84485630654511,-75.97710107295316
36.8448546537105,-75.97711191758823
36.844852965872995,-75.97712299187826
36.844851278034405,-75.97713406616818
36.84484962519674,-75.97714491080218
36.844847937356036,-75.97715598509161
36.84484610243806,-75.97716802437883
36.84484441459514,-75.97717909866789
36.844842761753284,-75.97718994330054
36.84484107390823,-75.97720101758915
36.84483938606212,-75.97721209187759
36.8448377332172,-75.97722293650924
36.844836045368965,-75.97723401079722
36.84483435751966,-75.97724508508503
36.84483270467168,-75.97725592971565
36.84483086974325,-75.97726796900055
36.844829181890674,-75.9772790432877
36.84482752903955,-75.97728988791727
36.84482584118486,-75.97730096220394
36.844824153329085,-75.97731203649046
36.84482246547224,-75.97732311077681
36.84482081261702,-75.97733395540507
36.84481912475806,-75.97734502969097
36.84481743689803,-75.97735610397667
36.84481563098512,-75.97736790077504
36.844813896647935,-75.97737797220951
36.844811997727,-75.97738899938881
36.84481009880498,-75.97740002656786
36.8448081998819,-75.97741105374666
36.84480630095777,-75.9774220809252
36.84480440203256,-75.97743310810348
36.84480250310627,-75.9774441352815
36.84480064843418,-75.97745490546654
36.84479874950581,-75.97746593264392
36.84479685057637,-75.97747695982103
36.844794951645866,-75.9774879869979
36.844793052714294,-75.9774990141745
36.844791153781635,-75.97751004135085
36.84478925484794,-75.97752106852694
36.84478735591315,-75.97753209570278
36.8447854569773,-75.97754312287834
36.84478360229608,-75.97755389305983
36.84478170335812,-75.97756492023476
36.84477980441914,-75.97757594740943
36.844777905479056,-75.97758697458386
36.84477600653791,-75.97759800175801
36.8447741075957,-75.97760902893191
36.84477220865242,-75.97762005610554
36.84477030970806,-75.97763108327894
36.844768410762654,-75.97764211045207
36.84476655607229,-75.97765288062996
36.84476465712478,-75.97766390780244
36.8447627581762,-75.97767493497467
36.84476085922656,-75.97768596214664
36.844758960275854,-75.97769698931835
36.844757061324074,-75.97770801648979
36.844755162371236,-75.97771904366098
36.84475326341732,-75.97773007083192
36.84475136446233,-75.9777410980026
36.84474950976282,-75.97775186817694
36.84474761080575,-75.97776289534697
36.8447457118476,-75.97777392251673
36.844743812888396,-75.97778494968625
36.84474191392812,-75.97779597685552
36.84474017955297,-75.97780604828131
36.844738280590654,-75.97781707545009
36.84473638162726,-75.97782810261863
36.8447344826628,-75.9778391297869
36.84473262795423,-75.97784989995772
36.84473072898768,-75.97786092712536
36.84472883002006,-75.97787195429272
36.84472693105137,-75.97788298145984
36.84472503208161,-75.9778940086267
36.8447231331108,-75.97790503579331
36.844721234138895,-75.97791606295964
36.84471933516594,-75.97792709012572
36.84471743619191,-75.97793811729154
36.8447155814742,-75.9779488874588
36.84471368249808,-75.97795991462397
36.84471178352089,-75.9779709417889
36.84470988454264,-75.97798196895359
36.844707985563325,-75.97799299611798
36.844706086582924,-75.97800402328214
36.844704187601465,-75.97801505044602
36.84470228861893,-75.97802607760966
36.84470038963534,-75.97803710477305
36.84469853490849,-75.9780478749367
36.8446966359228,-75.97805890209945
36.84469473693604,-75.97806992926193
36.84469283794822,-75.97808095642415
36.84469093895933,-75.97809198358611
36.844689039969374,-75.97810301074782
36.84468714097835,-75.97811403790925
36.84468524198625,-75.97812506507046
36.844683342993086,-75.97813609223137
36.844681488257095,-75.97814686239148
36.84467958926185,-75.97815788955177
36.84467769026552,-75.97816891671178
36.84467579126813,-75.97817994387155
36.844673892269675,-75.97819097103107
36.84467199327015,-75.97820199819033
36.84467009426955,-75.97821302534933
36.84466819526789,-75.97822405250807
36.84466629626515,-75.97823507966655
36.84466456185108,-75.97824515108343
36.84466270710501,-75.97825592123964
36.84466080809921,-75.97826694839725
36.84465890909234,-75.97827797555463
36.84465701008441,-75.97828900271173
36.844655111075404,-75.97830002986859
36.84465321206533,-75.9783110570252
36.844651313054186,-75.97832208418153
36.84464941404198,-75.9783331113376
36.8446475150287,-75.97834413849343
36.84464566027349,-75.97835490864604
36.844643761258126,-75.97836593580122
36.84464186224168,-75.97837696295615
36.84463996322419,-75.9783879901108
36.84463806420561,-75.9783990172652
36.844636165185975,-75.97841004441935
36.84463426616526,-75.97842107157324
36.844632367143475,-75.97843209872687
36.84463046812064,-75.97844312588023
36.844628613356285,-75.9784538960293
36.84462671433135,-75.97846492318205
36.84462481530535,-75.9784759503345
36.84462291627828,-75.97848697748671
36.844621017250134,-75.97849800463868
36.84461911822093,-75.97850903179037
36.84461721919065,-75.97852005894181
36.84461532015931,-75.97853108609299
36.844613421126894,-75.9785421132439
36.84461156635341,-75.97855288338941
36.8446096673189,-75.97856391053969
36.84460776828333,-75.97857493768971
36.8446058692467,-75.97858596483948
36.84460397020898,-75.97859699198897
36.844602071170215,-75.97860801913822
36.84460017213037,-75.9786190462872
36.84459827308946,-75.97863007343594
36.84459637404748,-75.97864110058443
36.844594519264845,-75.97865187072632
36.84459262022078,-75.97866289787416
36.84459072117564,-75.97867392502174
36.84458908351937,-75.97868455361576
36.84458697822187,-75.97869599431445
36.84458513236093,-75.97870703455514
36.84458328649892,-75.97871807479562
36.84458144063584,-75.97872911503586
36.8445796365952,-75.97873990512663
36.84457779073002,-75.97875094536629
36.84457594486378,-75.97876198560569
36.84457409899645,-75.97877302584486
36.84457225312807,-75.97878406608379
36.84457024705655,-75.97879606449874
36.84456840118593,-75.97880710473717
36.84456659713808,-75.97881789482524
36.844564751265374,-75.97882893506306
36.844562905391584,-75.97883997530066
36.84456105951673,-75.97885101553801
36.84455921364081,-75.97886205577514
36.844557367763805,-75.978873096012
36.844555521885745,-75.97888413624865
36.84455355762791,-75.97889588450991
36.844551711747656,-75.97890692474593
36.84454986586634,-75.97891796498168
36.84454801998394,-75.97892900521721
36.84454617410048,-75.97894004545252
36.844544328215946,-75.97895108568758
36.84454248233034,-75.97896212592242
36.84454067826816,-75.97897291600512
36.84453883238045,-75.97898395623936
36.84453698649169,-75.97899499647336
36.844534980398095,-75.9790069948825
36.844533134507095,-75.979018035116
36.84453128861503,-75.97902907534923
36.844529442721885,-75.97904011558227
36.84452763865249,-75.97905090566225
36.844525792757246,-75.97906194589468
36.84452394686094,-75.97907298612687
36.844522100963566,-75.9790840263588
36.84452025506511,-75.97909506659053
36.844518248961045,-75.97910706499697
36.84451640306037,-75.97911810522817
36.84451459898376,-75.97912889530545
36.844512753080984,-75.97913993553607
36.84451090717714,-75.97915097576643
36.84450906127223,-75.97916201599656
36.844507215366235,-75.97917305622646
36.84450536945918,-75.97918409645612
36.84450352355105,-75.97919513668553
36.84450171946731,-75.97920592676019
36.84449971335166,-75.9792179251635
36.844497867440275,-75.97922896539207
36.844496021527824,-75.97924000562037
36.84449420000001,-75.9792509
36.84449225632818,-75.97926206964841
36.8444903383005,-75.97927309192166
36.84448842027177,-75.97928411419461
36.84448654738974,-75.97929487701843
36.84448462935892,-75.97930589929075
36.844482711327046,-75.97931692156278
36.84448079329409,-75.97932794383456
36.84447887526007,-75.97933896610607
36.844476957224984,-75.97934998837731
36.84447503918883,-75.97936101064828
36.84447312115162,-75.97937203291899
36.84447120311332,-75.97938305518942
36.844469285073984,-75.97939407745959
36.84446736703356,-75.9794050997295
36.84446544899207,-75.97941612199914
36.84446357609783,-75.97942688481818
36.84446165805426,-75.97943790708716
36.84445974000962,-75.97944892935588
36.8444578219639,-75.97945995162434
36.84445590391713,-75.9794709738925
36.84445398586928,-75.97948199616043
36.84445206782037,-75.97949301842809
36.84445014977039,-75.97950404069546
36.84444823171935,-75.97951506296258
36.84444631366723,-75.97952608522942
36.844444395614055,-75.979537107496
36.8444424775598,-75.97954812976232
36.84444060465338,-75.97955889257655
36.844438686597044,-75.9795699148422
36.84443676853964,-75.9795809371076
36.844434850481164,-75.97959195937273
36.84443293242164,-75.9796029816376
36.84443101436103,-75.97961400390219
36.84442909629936,-75.97962502616652
36.84442717823661,-75.97963604843058
36.844425260172805,-75.97964707069437
36.84442334210793,-75.97965809295789
36.84442142404199,-75.97966911522117
36.844419505974976,-75.97968013748415
36.844417633056366,-75.97969090029356
36.84441571498727,-75.97970192255589
36.84441379691711,-75.97971294481798
36.844411878845875,-75.97972396707979
36.844409960773575,-75.97973498934131
36.8444080427002,-75.9797460116026
36.84440612462577,-75.9797570338636
36.84440420655028,-75.97976805612434
36.84440228847371,-75.97977907838481
36.844400370396066,-75.979790100645
36.844398452317364,-75.97980112290495
36.8443965342376,-75.97981214516464
36.8443946613068,-75.97982290796922
36.84439274322494,-75.97983393022824
36.844390825142014,-75.979844952487
36.84438890705803,-75.97985597474548
36.844386988972964,-75.9798669970037
36.84438507088683,-75.97987801926163
36.844383152799644,-75.97988904151933
36.844381234711385,-75.97990006377675
36.844379316622046,-75.9799110860339
36.84437739853166,-75.9799221082908
36.8443754804402,-75.97993313054741
36.84437356234766,-75.97994415280375
36.84437152324169,-75.9799558704529
36.84436960514698,-75.97996689270857
36.844367687051204,-75.97997791496395
36.84436576895436,-75.97998893721906
36.84436385085645,-75.97999995947391
36.84436193275748,-75.9800109817285
36.84436001465743,-75.98002200398281
36.84435809655633,-75.98003302623687
36.84435617845415,-75.98004404849064
36.844354260350904,-75.98005507074414
36.84435234224659,-75.98006609299739
36.84435046929235,-75.98007685579269
36.84434855118595,-75.9800878780453
36.84434663307849,-75.9800989002976
36.84434471496994,-75.98010992254967
36.844342796860346,-75.98012094480147
36.844340878749684,-75.98013196705298
36.84433896063794,-75.98014298930426
36.84433704252514,-75.98015401155526
36.844335124411266,-75.98016503380597
36.84433320629632,-75.98017605605644
36.84433128818032,-75.98018707830664
36.84432937006326,-75.98019810055656
36.84432749709682,-75.98020886334704
36.84432557897766,-75.98021988559631
36.844323660857434,-75.98023090784531
36.84432174273614,-75.98024193009407
36.84431982461377,-75.98025295234252
36.84431790649034,-75.98026397459073
36.84431598836584,-75.98027499683867
36.84431407024028,-75.98028601908634
36.84431215211365,-75.98029704133374
36.84431023398596,-75.98030806358086
36.844308315857184,-75.98031908582774
36.844306397727344,-75.98033010807436
36.844304524748736,-75.98034087086002
36.844302606616814,-75.98035189310598
36.84430068848383,-75.98036291535165
36.84429877034977,-75.98037393759707
36.84429685221465,-75.98038495984221
36.84429493407846,-75.9803959820871
36.8442930159412,-75.98040700433171
36.84429109780288,-75.98041802657607
36.84428917966347,-75.98042904882014
36.844287261523014,-75.98044007106397
36.844285343381486,-75.98045109330752
36.84428342523889,-75.9804621155508
36.84428155224809,-75.98047287833165
36.844279634103415,-75.98048390057427
36.844277715957666,-75.98049492281663
36.84427579781085,-75.98050594505874
36.84427387966297,-75.98051696730056
36.84427196151402,-75.98052798954211
36.84427004336399,-75.9805390117834
36.844268125212906,-75.98055003402442
36.84426620706076,-75.98056105626519
36.84426428890754,-75.98057207850567
36.84426237075324,-75.98058310074592
36.844260452597894,-75.98059412298588
36.8442585795949,-75.9806048857619
36.84425666143746,-75.98061590800123
36.84425474327895,-75.98062693024026
36.84425282511937,-75.98063795247903
36.84425090695873,-75.98064897471752
36.84424898879702,-75.98065999695577
36.84424707063423,-75.98067101919374
36.844245152470386,-75.98068204143145
36.84424323430548,-75.98069306366888
36.844241316139495,-75.98070408590605
36.844239397972444,-75.98071510814296
36.84423747980433,-75.98072613037961
36.844235606789155,-75.98073689315082
36.84423368861895,-75.98074791538681
36.84423177044768,-75.98075893762253
36.84422985227534,-75.98076995985798
36.84422793410194,-75.98078098209314
36.84422601592747,-75.98079200432805
36.84422409775192,-75.98080302656271
36.84422217957531,-75.98081404879709
36.84422026139764,-75.9808250710312
36.8442183432189,-75.98083609326505
36.84421642503908,-75.98084711549863
36.844214506858215,-75.98085813773196
36.84421263383085,-75.98086890049836
36.84421071564788,-75.98087992273103
36.84420879746386,-75.98089094496342
36.84420687927875,-75.98090196719554
36.844204961092586,-75.98091298942741
36.844203042905356,-75.98092401165901
36.84420112471705,-75.98093503389032
36.84419920652768,-75.9809460561214
36.84419728833725,-75.98095707835218
36.84419537014574,-75.9809681005827
36.84419345195317,-75.98097912281297
36.84419153375954,-75.98099014504295
36.84418966071999,-75.98100090780456
36.84418774252426,-75.98101193003389
36.844185824327475,-75.98102295226295
36.84418390612962,-75.98103397449177
36.84418198793069,-75.98104499672029
36.84418006973069,-75.98105601894856
36.844178151529626,-75.98106704117657
36.8441762333275,-75.9810780634043
36.844174315124306,-75.98108908563178
36.84417239692005,-75.98110010785899
36.8441704787147,-75.98111113008592
36.84416811553924,-75.98112238687467
36.84416646439829,-75.98113313874607
36.84416436533657,-75.98114410914992
36.84416226627381,-75.98115507955345
36.844160167209985,-75.9811660499566
36.844158068145106,-75.98117702035944
36.84415596907917,-75.98118799076192
36.84415387001218,-75.98119896116405
36.84415177094413,-75.98120993156584
36.844149671875016,-75.98122090196729
36.84414757280486,-75.9812318723684
36.844145419658965,-75.98124312538013
36.84414332058663,-75.98125409578066
36.84414122151325,-75.98126506618084
36.8441391224388,-75.9812760365807
36.84413702336329,-75.98128700698018
36.84413492428673,-75.98129797737934
36.84413282520911,-75.98130894777815
36.84413072613043,-75.98131991817661
36.844128177708676,-75.98133205880164
36.84412586837587,-75.98134295644715
36.84412349351758,-75.98135416329913
36.8441209861566,-75.98136599541938
36.84411867682053,-75.98137689306363
36.84411610393256,-75.9813890343901
36.844114030595975,-75.98140000832801
36.84411210932584,-75.98141102975778
36.84411018805463,-75.98142205118725
36.844108312082156,-75.9814328127531
36.844106390808854,-75.98144383418193
36.84410446953449,-75.98145485561048
36.84410254825907,-75.98146587703877
36.84410062698257,-75.9814768984668
36.844098705705015,-75.98148791989455
36.844096784426384,-75.98149894132204
36.844094863146694,-75.98150996274926
36.84409294186594,-75.98152098417621
36.8440910205841,-75.9815320056029
36.8440890993012,-75.9815430270293
36.84408717801724,-75.98155404845546
36.844085302032575,-75.98156481001647
36.84408338074652,-75.98157583144196
36.8440814594594,-75.98158685286718
36.84407953817122,-75.98159787429212
36.84407761688197,-75.9816088957168
36.84407569559165,-75.98161991714123
36.84407377430026,-75.98163093856536
36.84407185300781,-75.98164195998925
36.84406993171429,-75.98165298141285
36.8440680104197,-75.9816640028362
36.84406608912404,-75.98167502425929
36.84406416782732,-75.98168604568208
36.84406224652953,-75.98169706710463
36.84406037053166,-75.98170782866042
36.84405844923179,-75.9817188500823
36.84405652793084,-75.98172987150392
36.84405460662883,-75.98174089292525
36.84405268532574,-75.98175191434633
36.8440507640216,-75.98176293576715
36.84404884271639,-75.9817739571877
36.844046921410104,-75.98178497860798
36.84404500010276,-75.98179600002797
36.84404307879434,-75.98180702144772
36.84404115748487,-75.98181804286719
36.84403923617431,-75.98182906428639
36.844037360164265,-75.98183982583734
36.84403543885163,-75.9818508472559
36.84403351753792,-75.98186186867416
36.844031596223154,-75.98187289009215
36.84402967490731,-75.98188391150991
36.84402775359041,-75.98189493292736
36.844025832272436,-75.98190595434457
36.8440239109534,-75.98191697576151
36.84402198963329,-75.98192799717818
36.84402006831212,-75.98193901859457
36.844018146989875,-75.98195004001072
36.84401622566657,-75.98196106142657
36.84401434964433,-75.98197182297271
36.84401242831894,-75.98198284438791
36.84401050699248,-75.98199386580285
36.844008585664945,-75.98200488721751
36.844006664336355,-75.98201590863191
36.844004743006685,-75.98202693004605
36.844002821675964,-75.98203795145992
36.844000900344156,-75.98204897287351
36.843998979011296,-75.98205999428684
36.843997057677356,-75.9820710156999
36.84399513634236,-75.98208203711269
36.8439932150063,-75.98209305852524
36.84399129366916,-75.98210407993747
36.84398941763372,-75.98211484147838
36.8439874962945,-75.98212586288996
36.84398557495421,-75.9821368843013
36.84398365361286,-75.98214790571237
36.843981732270436,-75.98215892712315
36.84397981092695,-75.98216994853368
36.84397788958238,-75.98218096994394
36.84397596823676,-75.98219199135393
36.84397421332107,-75.9822020580668
36.8439722919734,-75.9822130794763
36.84397037062465,-75.98222410088553
36.843968449274854,-75.9822351222945
36.84396657322731,-75.98224588383063
36.843964651875424,-75.98225690523894
36.84396273052246,-75.98226792664697
36.84396080916843,-75.98227894805474
36.84395888781335,-75.98228996946226
36.843956966457185,-75.98230099086949
36.84395504509996,-75.98231201227644
36.84395312374166,-75.98232303368313
36.84395120238231,-75.98233405508957
36.84394928102187,-75.98234507649573
36.84394735966038,-75.98235609790163
36.84394543829782,-75.98236711930727
36.84394356223809,-75.98237788083856
36.843941640873446,-75.98238890224353
36.84393971950772,-75.98239992364822
36.843937798140935,-75.98241094505266
36.84393587677308,-75.98242196645681
36.84393395540417,-75.9824329878607
36.84393203403419,-75.98244400926434
36.843930112663124,-75.98245503066771
36.843928191291006,-75.98246605207079
36.843926269917816,-75.98247707347362
36.84392434854356,-75.98248809487619
36.84392242716825,-75.98249911627846
36.84392055109633,-75.98250987780494
36.84391862971893,-75.98252089920656
36.84391670834045,-75.98253192060791
36.84391478696091,-75.98254294200902
36.8439128655803,-75.98255396340983
36.84391094419863,-75.9825649848104
36.84390902281588,-75.98257600621068
36.84390710143207,-75.98258702761069
36.84390518004719,-75.98259804901045
36.84390325866124,-75.98260907040992
36.84390133727423,-75.98262009180915
36.84389941588615,-75.9826311132081
36.84389749449701,-75.98264213460678
36.84389561841189,-75.98265289612803
36.84389369702065,-75.98266391752605
36.84389177562836,-75.98267493892381
36.84388985423497,-75.9826859603213
36.84388793284055,-75.98269698171852
36.843886011445036,-75.98270800311548
36.843884090048476,-75.98271902451215
36.84388216865082,-75.98273004590855
36.84388024725213,-75.9827410673047
36.84387832585235,-75.9827520887006
36.843876404451514,-75.98276311009619
36.8438744830496,-75.98277413149154
36.84387260695231,-75.98278489300796
36.843870685548325,-75.98279591440262
36.84386876414326,-75.98280693579704
36.843866842737135,-75.98281795719119
36.84386492132994,-75.98282897858506
36.84386299992168,-75.98283999997868
36.84386107851235,-75.98285102137203
36.84385915710195,-75.98286204276509
36.843857235690486,-75.98287306415791
36.84385531427795,-75.98288408555044
36.84385339286436,-75.98289510694272
36.84385147144969,-75.98290612833472
36.84384959534021,-75.9829168898463
36.843847673923456,-75.98292791123765
36.843845752505636,-75.98293893262871
36.84384383108675,-75.98294995401953
36.8438419096668,-75.98296097541008
36.84383998824578,-75.98297199680034
36.84383806682369,-75.98298301819035
36.84383614540054,-75.98299403958008
36.843834160754774,-75.9830050453004
36.84383217482621,-75.98301604926573
36.843830188896575,-75.98302705323076
36.84382820296589,-75.98303805719549
36.84382621703413,-75.98304906115995
36.8438242311013,-75.98306006512408
36.843822245167416,-75.98307106908793
36.843820259232466,-75.98308207305148
36.84381827329645,-75.98309307701474
36.843816287359374,-75.98310408097771
36.843814301421226,-75.98311508494037
36.843812315482026,-75.98312608890275
36.843810501282455,-75.98313614126133
36.8438085153412,-75.98314714522316
36.8438065293989,-75.98315814918467
36.84380459185217,-75.98316888498383
36.84380260590778,-75.98317988894466
36.84380061996234,-75.98319089290517
36.84379863401582,-75.98320189686541
36.84379664806824,-75.98321290082535
36.84379466211959,-75.98322390478498
36.84379267616989,-75.9832349087443
36.84379069021911,-75.98324591270334
36.843788704267276,-75.98325691666209
36.84378671831438,-75.98326792062055
36.843784732360405,-75.9832789245787
36.843782746405374,-75.98328992853656
36.84378076044929,-75.98330093249412
36.84377894623423,-75.9833109848487
36.8437769602761,-75.98332198880571
36.8437749743169,-75.98333299276246
36.84377298835664,-75.98334399671886
36.84377100239532,-75.983355000675
36.84376901643293,-75.98336600463085
36.84376703046948,-75.98337700858639
36.84376504450497,-75.98338801254165
36.84376305853938,-75.9833990164966
36.84376107257274,-75.98341002045125
36.843759086605026,-75.98342102440562
36.84375710063626,-75.98343202835966
36.84375511466642,-75.98344303231343
36.843753128695525,-75.9834540362669
36.84375114272356,-75.9834650402201
36.84374932849394,-75.983475092571
36.84374734251993,-75.98348609652363
36.843745356544865,-75.98349710047597
36.84374337056874,-75.98350810442801
36.84374138459154,-75.98351910837977
36.84373939861328,-75.98353011233122
36.84373741263396,-75.98354111628238
36.84373542665357,-75.98355212023324
36.843733440672125,-75.98356312418382
36.8437314546896,-75.98357412813407
36.84372951710455,-75.9835848639173
36.84372753111997,-75.98359586786685
36.8437255451343,-75.98360687181612
36.84372355914758,-75.98361787576509
36.84372157315979,-75.98362887971375
36.84371958717095,-75.98363988366211
36.843717772925835,-75.983649936009
36.84371578693495,-75.98366093995685
36.84371380094299,-75.98367194390437
36.84371181494997,-75.98368294785162
36.843709828955895,-75.98369395179854
36.843707842960754,-75.9837049557452
36.84370585696453,-75.98371595969155
36.84370387096726,-75.9837269636376
36.84370188496893,-75.98373796758335
36.843699898969525,-75.98374897152883
36.84369791296906,-75.98375997547399
36.84369592696754,-75.98377097941886
36.84369394096494,-75.98378198336344
36.84369195496129,-75.98379298730771
36.84368996895657,-75.9838039912517
36.84368798295079,-75.98381499519539
36.843686168690134,-75.98382504753837
36.8436841826823,-75.9838360514815
36.84368219667343,-75.98384705542438
36.84368021066347,-75.98385805936692
36.84367822465246,-75.98386906330919
36.84367623864037,-75.98388006725114
36.84367425262723,-75.98389107119282
36.84367226661303,-75.98390207513418
36.84367028059775,-75.98391307907526
36.84366829458142,-75.98392408301603
36.84366630856402,-75.98393508695652
36.84366432254556,-75.98394609089671
36.84366233652602,-75.9839570948366
36.84366035050544,-75.9839680987762
36.84365836448379,-75.9839791027155
36.84365637846106,-75.9839901066545
36.843654612585254,-75.9839998908222
36.84365262656054,-75.98401089476054
36.843650640534776,-75.98402189869857
36.84364865450794,-75.98403290263634
36.84364666848004,-75.98404390657379
36.84364468245107,-75.98405491051095
36.843642696421036,-75.98406591444781
36.84364071038995,-75.98407691838436
36.843638724357795,-75.98408792232064
36.84363673832458,-75.9840989262566
36.843634752290285,-75.98410993019228
36.84363276625494,-75.98412093412767
36.843630780218525,-75.98413193806276
36.84362879418104,-75.98414294199753
36.8436268081425,-75.98415394593204
36.8436249938518,-75.98416399826736
36.84362300781122,-75.9841750022013
36.84362102176957,-75.98418600613495
36.84361903572687,-75.98419701006833
36.8436170496831,-75.98420801400138
36.843615063638254,-75.98421901793415
36.84361307759235,-75.98423002186664
36.84361109154539,-75.9842410257988
36.843609105497364,-75.98425202973068
36.84360711944827,-75.98426303366227
36.843605133398114,-75.98427403759355
36.8436031473469,-75.98428504152454
36.843601161294615,-75.98429604545524
36.843599175241266,-75.98430704938565
36.843597189186866,-75.98431805331576
36.84359520313138,-75.98432905724557
36.843593388825134,-75.98433910957698
36.843591402767615,-75.98435011350625
36.84358941670903,-75.98436111743523
36.84358743064939,-75.98437212136389
36.84358544458869,-75.98438312529227
36.843583458526915,-75.98439412922036
36.84358147246409,-75.98440513314814
36.84357953480244,-75.9844158688996
36.84357754873753,-75.98442687282667
36.843575562671546,-75.98443787675346
36.8435735766045,-75.98444888067995
36.8435715905364,-75.98445988460612
36.84356960446723,-75.98447088853202
36.84356761839699,-75.98448189245762
36.8435656323257,-75.9844928963829
36.84356364625334,-75.98450390030793
36.8435618319316,-75.98451395263533
36.843559845857186,-75.9845249565598
36.84355785978173,-75.98453596048395
36.8435558737052,-75.98454696440783
36.843553887627614,-75.9845579683314
36.843551901548956,-75.98456897225465
36.84354991546924,-75.98457997617764
36.84354792938846,-75.98459098010032
36.84354594330661,-75.98460198402272
36.843543957223694,-75.98461298794483
36.843541971139715,-75.9846239918666
36.84353998505467,-75.98463499578811
36.84353799896858,-75.98464599970931
36.8435360128814,-75.98465700363023
36.843534026793165,-75.98466800755085
36.84353221245687,-75.98467805987461
36.843530226366596,-75.98468906379469
36.84352824027526,-75.98470006771446
36.84352625418286,-75.98471107163394
36.8435242680894,-75.98472207555311
36.843522281994865,-75.98473307947201
36.84352029589928,-75.98474408339061
36.84351830980262,-75.9847550873089
36.843516323704904,-75.98476609122689
36.84351433760612,-75.9847770951446
36.84351235150628,-75.98478809906202
36.843510365405365,-75.98479910297912
36.843508379303394,-75.98481010689594
36.84350639320036,-75.98482111081246
36.84350445388298,-75.98483182598373
36.843502354589944,-75.9848421129876
36.84350012473933,-75.98485303974732
36.84349789488767,-75.98486396650667
36.84349566503495,-75.98487489326561
36.84349337412498,-75.9848861192125
36.84349114427011,-75.98489704597077
36.8434889144142,-75.98490797272862
36.84348687617039,-75.98491796054245
36.843484646312476,-75.98492888729956
36.843482355397015,-75.98494011324522
36.84348012553694,-75.98495104000163
36.84347789567582,-75.98496196675767
36.84347566581364,-75.9849728935133
36.84347362756408,-75.98498288132524
36.84347133664315,-75.98499410726964
36.84346910677787,-75.98500503402424
36.843466876911535,-75.98501596077845
36.84346464704415,-75.98502688753226
36.84346235611874,-75.98503811347564
36.84346012624921,-75.98504904022877
36.84345808799289,-75.98505902803858
36.843455858121345,-75.98506995479094
36.84345362824875,-75.98508088154291
36.84345165876917,-75.9850919063494
36.843449722245154,-75.9851029237703
36.84344778572008,-75.98511394119095
36.84344584919395,-75.9851249586113
36.84344391266674,-75.98513597603139
36.843441808457676,-75.98514794743117
36.84343987192824,-75.98515896485067
36.84343793539775,-75.98516998226988
36.843435998866184,-75.98518099968882
36.84343406233356,-75.9851920171075
36.84343212579987,-75.98520303452587
36.843430189265106,-75.985214051944
36.84342825272928,-75.98522506936185
36.84342631619239,-75.98523608677941
36.84342437965443,-75.9852471041967
36.8434224431154,-75.98525812161374
36.84342050657531,-75.98526913903046
36.84341857003416,-75.98528015644695
36.84341646580997,-75.9852921278425
36.843414529266596,-75.98530314525837
36.84341259272216,-75.98531416267396
36.84341065617663,-75.98532518008929
36.843408719630055,-75.98533619750434
36.843406783082415,-75.98534721491913
36.843404892554645,-75.98535797051132
36.843402956004915,-75.98536898792543
36.84340101945411,-75.98538000533925
36.84339908290225,-75.98539102275281
36.84339714634933,-75.98540204016608
36.84339520979533,-75.98541305757908
36.84339327324027,-75.98542407499181
36.843391169001045,-75.98543604638301
36.843389232443755,-75.98544706379512
36.8433872958854,-75.98545808120699
36.843385359325985,-75.98546909861857
36.843383422765505,-75.98548011602989
36.84338148620395,-75.98549113344092
36.84337954964134,-75.98550215085167
36.84337765909928,-75.98551290643812
36.84337572253458,-75.9855239238482
36.843373785968815,-75.98553494125802
36.84337184940198,-75.98554595866756
36.84336991283408,-75.98555697607684
36.843367976265114,-75.98556799348583
36.84336603969508,-75.98557901089455
36.843364103123974,-75.985590028303
36.84336216655182,-75.98560104571116
36.843360229978586,-75.98561206311906
36.84335812571968,-75.98562403450457
36.843356189144224,-75.98563505191187
36.84335429858991,-75.98564580749333
36.84335236201237,-75.98565682489996
36.84335042543376,-75.98566784230631
36.84334848885409,-75.9856788597124
36.84334655227337,-75.9856898771182
36.843344615691564,-75.98570089452372
36.84334267910869,-75.98571191192897
36.84334074252476,-75.98572292933393
36.84333880593976,-75.98573394673865
36.84333686935367,-75.98574496414308
36.843334932766545,-75.98575598154723
36.84333299617835,-75.98576699895112
36.84333110561186,-75.98577775452767
36.843329169021565,-75.98578877193088
36.8433270647442,-75.9858007433109
36.84332512815168,-75.98581176071353
36.84332319155811,-75.98582277811587
36.84332125496347,-75.98583379551793
36.84331931836777,-75.98584481291972
36.843317381771,-75.98585583032123
36.843315445173154,-75.98586684772248
36.84331350857424,-75.98587786512344
36.843311571974276,-75.98588888252412
36.84330963537323,-75.98589989992455
36.84330769877112,-75.9859109173247
36.843305929854935,-75.98592098074799
36.843303993250785,-75.9859319981476
36.843302224332724,-75.98594206157047
36.84330025557664,-75.98595307137488
36.84329828659718,-75.98596408003803
36.843296317616655,-75.98597508870088
36.84329434863507,-75.98598609736345
36.84329237965242,-75.98599710602574
36.84329041066871,-75.98600811468773
36.84328844168393,-75.98601912334945
36.84328647269808,-75.98603013201085
36.84328455128477,-75.9860408746868
36.84328258229684,-75.98605188334751
36.843280613307854,-75.98606289200794
36.843278644317806,-75.98607390066807
36.84327667532668,-75.98608490932794
36.8432747063345,-75.9860959179875
36.843272737341245,-75.98610692664677
36.84327076834694,-75.98611793530577
36.843268799351556,-75.98612894396446
36.84326683035511,-75.98613995262288
36.84326486135761,-75.98615096128098
36.84326289235903,-75.98616196993882
36.8432609233594,-75.98617297859637
36.843258954358696,-75.98618398725361
36.84325698535693,-75.98619499591058
36.8432550163541,-75.98620600456725
36.8432530473502,-75.98621701322365
36.843251248695836,-75.98622706945416
36.8432492796899,-75.98623807811003
36.843247310682905,-75.98624908676561
36.84324534167483,-75.98626009542089
36.8432433726657,-75.9862711040759
36.843241403655504,-75.9862821127306
36.843239434644246,-75.98629312138502
36.843237465631915,-75.98630413003914
36.843235496618526,-75.986315138693
36.84323357517892,-75.98632588135817
36.84323160616344,-75.98633689001132
36.84322963714691,-75.98634789866416
36.84322766812931,-75.98635890731671
36.84322569911065,-75.98636991596898
36.843223730090905,-75.98638092462097
36.843221761070104,-75.98639193327269
36.84321979204826,-75.9864029419241
36.84321782302533,-75.98641395057523
36.843215854001336,-75.98642495922606
36.84321388497628,-75.9864359678766
36.84321191595017,-75.98644697652686
36.843209946922975,-75.98645798517683
36.84320797789473,-75.98646899382652
36.84320600886541,-75.9864800024759
36.84320403983504,-75.98649101112501
36.843202070803585,-75.98650201977384
36.843200101771075,-75.98651302842237
36.843198132737506,-75.9865240370706
36.84319616370286,-75.98653504571854
36.843194194667156,-75.9865460543662
36.84319222563039,-75.98655706301358
36.84319025659255,-75.98656807166067
36.84318828755365,-75.98657908030745
36.843186318513695,-75.98659008895397
36.84318434947267,-75.98660109760017
36.84318238043058,-75.9866121062461
36.84318062931735,-75.98662189647622
36.84317866027327,-75.9866329051215
36.84317669122811,-75.9866439137665
36.84317472218191,-75.98665492241119
36.84317275313462,-75.98666593105561
36.84317078408628,-75.98667693969973
36.84316881503687,-75.98668794834357
36.84316684598639,-75.98669895698713
36.84316487693485,-75.98670996563038
36.843162907882245,-75.98672097427337
36.84316093882858,-75.98673198291604
36.843159175771994,-75.98674304364009
36.84315741715122,-75.98675410356898
36.84315554353863,-75.98676588667117
36.84315378491564,-75.98677694659949
36.84315202629159,-75.9867880065276
36.84315026766645,-75.98679906645553
36.84314854701924,-75.98680988753506
36.843146788392005,-75.98682094746248
36.84314502976369,-75.98683200738968
36.843143271134316,-75.98684306731667
36.843141512503855,-75.98685412724348
36.84313979185153,-75.98686494832127
36.843137880248555,-75.98687697026831
36.84313612161483,-75.98688803019435
36.84313436298003,-75.98689909012022
36.843132642323546,-75.9869099111965
36.84313088368665,-75.98692097112183
36.84312912504866,-75.98693203104698
36.84312736640962,-75.9869430909719
36.843125645749055,-75.98695391204679
36.8431238871079,-75.9869649719712
36.84312197549445,-75.98697699391577
36.843120216851055,-75.98698805383975
36.84311849618633,-75.98699887491313
36.84311673754083,-75.98700993483659
36.843114978894256,-75.98702099475986
36.843113220246615,-75.98703205468293
36.84311146159791,-75.9870431146058
36.84310974092808,-75.98705393567744
36.843107982277246,-75.98706499559978
36.84310607065332,-75.98707701754188
36.84310431200026,-75.9870880774638
36.84310259132627,-75.98709889853394
36.84310083267111,-75.98710995845535
36.84309907401487,-75.98712101837654
36.84309731535757,-75.98713207829753
36.84309559467949,-75.98714289936626
36.84309383602008,-75.98715395928674
36.843092077359586,-75.98716501920701
36.843090318698025,-75.9871760791271
36.84308840706247,-75.98718810106648
36.8430866863792,-75.9871989221334
36.84308492771437,-75.98720998205273
36.84308316904846,-75.98722104197185
36.843081410381494,-75.98723210189078
36.843079689694164,-75.98724292295627
36.84307793102507,-75.98725398287468
36.84307617235493,-75.98726504279287
36.84307441368368,-75.98727610271088
36.84307254001855,-75.98728788579407
36.843070781345126,-75.9872989457115
36.843069022670626,-75.98731000562874
36.84306726399505,-75.9873210655458
36.84306554329948,-75.98733188660839
36.843063784621805,-75.98734294652492
36.84306202594307,-75.98735400644127
36.84306026726323,-75.9873650663574
36.84305850858233,-75.98737612627333
36.84305663303154,-75.98738790533201
36.84305480816012,-75.98739895051044
36.84305298328762,-75.98740999568865
36.84305115841406,-75.98742104086662
36.843049333539426,-75.9874320860444
36.843047549543584,-75.98744288379405
36.84304572466686,-75.98745392897122
36.843043899789045,-75.98746497414818
36.84304207491017,-75.9874760193249
36.843040250030235,-75.9874870645014
36.84303826668363,-75.98749906879759
36.843036482681576,-75.98750986654495
36.84303465779838,-75.9875209117206
36.843032832914105,-75.98753195689602
36.84303100802876,-75.98754300207122
36.84302918314234,-75.98755404724619
36.84302735825485,-75.98756509242095
36.843025533366294,-75.98757613759547
36.84302374935711,-75.98758693534023
36.843021766000064,-75.98759893963367
36.843019941108246,-75.98760998480735
36.843018116215354,-75.98762102998079
36.8430162913214,-75.98763207515402
36.843014466426354,-75.98764312032702
36.843012682410986,-75.98765391806948
36.84301085751385,-75.98766496324191
36.84300903261566,-75.98767600841407
36.84300720771637,-75.98768705358604
36.8430053,-75.9876986
36.84300336745642,-75.9877100964464
36.84300155424381,-75.98772088300215
36.84299969877347,-75.98773192093688
36.84299784330205,-75.98774295887137
36.84299598782955,-75.98775399680561
36.842994132356004,-75.98776503473962
36.842992276881375,-75.98777607267338
36.84299042140568,-75.9877871106069
36.84298860818595,-75.98779789715998
36.842986752708164,-75.9878089350929
36.84298489722929,-75.9878199730256
36.84298304174936,-75.98783101095803
36.84298118626836,-75.98784204889024
36.8429793307863,-75.98785308682221
36.842977517560456,-75.98786387337297
36.84297566207629,-75.98787491130433
36.842973806591054,-75.98788594923545
36.84297195110475,-75.98789698716634
36.84297009561738,-75.98790802509697
36.84296824012893,-75.98791906302738
36.84296638463941,-75.98793010095754
36.842964571406455,-75.98794088750562
36.84296271591485,-75.98795192543518
36.84296086042217,-75.9879629633645
36.842959004928424,-75.98797400129358
36.8429571494336,-75.98798503922241
36.84295529393771,-75.98799607715101
36.84295343844075,-75.98800711507938
36.842951625200676,-75.98801790162479
36.84294976970162,-75.98802893955255
36.84294791420149,-75.98803997748007
36.84294605870029,-75.98805101540734
36.84294420319803,-75.98806205333439
36.84294234769469,-75.9880730912612
36.84294049219028,-75.98808412918774
36.84293867894309,-75.98809491573047
36.84293682343659,-75.98810595365643
36.84293496792901,-75.98811699158216
36.84293311242037,-75.98812802950764
36.84293125691067,-75.98813906743287
36.84292940139988,-75.98815010535787
36.84292754588803,-75.98816114328264
36.84292573263371,-75.98817192982268
36.84292387711976,-75.98818296774684
36.84292186060492,-75.98819496341206
36.84292000508874,-75.9882060013357
36.842918149571496,-75.98821703925908
36.842916294053175,-75.98822807718224
36.84291448079268,-75.98823886371989
36.84291262527228,-75.98824990164243
36.84291076975079,-75.98826093956475
36.84290891422824,-75.98827197748682
36.842907058704625,-75.98828301540865
36.84290520317993,-75.98829405333026
36.84290334765417,-75.9883050912516
36.84290153438655,-75.9883158777866
36.8428996788587,-75.98832691570735
36.84289782332977,-75.98833795362785
36.84289597005612,-75.98834899273616
36.84289425050382,-75.98836006076768
36.84289256726969,-75.98837089502743
36.84289084771528,-75.98838196305846
36.8428891281598,-75.9883930310893
36.842887408603225,-75.98840409911998
36.84288572536503,-75.98841493337835
36.84288385608633,-75.98842696508905
36.8428821365265,-75.98843803311898
36.84288041696559,-75.98844910114877
36.842878733723204,-75.98845993540574
36.84287701416019,-75.98847100343502
36.84287529459609,-75.98848207146415
36.842873611350676,-75.98849290572005
36.84287189178447,-75.98850397374868
36.84287002249644,-75.98851600545727
36.84286830292799,-75.9885270734855
36.842866619678404,-75.98853790774
36.84286490010785,-75.98854897576773
36.84286318053622,-75.98856004379529
36.84286146096352,-75.98857111182265
36.84285977770984,-75.9885819460758
36.84285805813503,-75.98859301410268
36.842856338559145,-75.98860408212937
36.84285450558087,-75.98861588006123
36.84285278600279,-75.98862694808741
36.84285106107016,-75.98863801709884
36.8428490872518,-75.98864902442936
36.84284728417842,-75.9886590795663
36.84284531035801,-75.98867008689632
36.84284333653655,-75.98868109422602
36.842841362714026,-75.98869210155543
36.84283960744372,-75.98870189008905
36.84283763361919,-75.98871289741781
36.84283565979361,-75.9887239047463
36.84283368596696,-75.98873491207446
36.842831712139244,-75.98874591940236
36.842829909057286,-75.98875597453709
36.84282793522752,-75.98876698186444
36.8428259613967,-75.9887779891915
36.84282398756481,-75.98878899651828
36.84282201373187,-75.98880000384476
36.842820210645094,-75.98881005897834
36.84281823681011,-75.9888210663043
36.842816262974054,-75.98883207362996
36.84281428913694,-75.98884308095533
36.84281248604635,-75.98885313608798
36.8428105600148,-75.98886387680861
36.84280858617463,-75.98887488413303
36.84280661233339,-75.98888589145714
36.842804638491074,-75.98889689878101
36.84280283539572,-75.98890695391238
36.842800861551375,-75.9889179612357
36.8427989,-75.98892889999999
36.8427970503111,-75.98894001307497
36.842795212429074,-75.98895105520658
36.84279321500422,-75.98896305587584
36.84279137711997,-75.98897409800695
36.84278958069686,-75.9889848910303
36.84278774281051,-75.98899593316082
36.8427859049231,-75.98900697529112
36.84278390749238,-75.98901897595881
36.842782069602734,-75.9890300180886
36.84278023171202,-75.98904106021816
36.842778393820225,-75.98905210234746
36.842776597389914,-75.98906289536814
36.84277459995336,-75.98907489603427
36.84277276205832,-75.98908593816273
36.8427709241622,-75.98909698029094
36.842769086265,-75.98910802241895
36.84276724836674,-75.9891190645467
36.8427652509243,-75.9891310652114
36.84276341302381,-75.98914210733864
36.842761616585165,-75.98915290035623
36.84275972342723,-75.98916392582935
36.84275782924026,-75.989174954206
36.84275593505224,-75.98918598258246
36.84275404086314,-75.98919701095862
36.84275231086613,-75.98920708336756
36.84275041667499,-75.98921811174324
36.842748566515915,-75.98922888374884
36.842746672322676,-75.98923991212389
36.84274477812836,-75.9892509404987
36.842742883933,-75.98926196887327
36.84274098973656,-75.98927299724755
36.84273909553905,-75.9892840256216
36.84273736553431,-75.9892940980288
36.84273547133477,-75.98930512640237
36.84273362116765,-75.98931589840484
36.842731726966,-75.98932692677776
36.84272983276328,-75.98933795515046
36.842727938559506,-75.98934898352289
36.842726044354656,-75.98936001189506
36.84272415014873,-75.98937104026697
36.842722420136276,-75.98938111267239
36.842720569962154,-75.98939188467213
36.84271867575316,-75.9894029130432
36.84271678154311,-75.989413941414
36.84271488733198,-75.98942496978457
36.84271299311978,-75.98943599815486
36.84271109890653,-75.98944702652489
36.842709299999996,-75.9894575
36.842707242282856,-75.98946906729577
36.84270528344738,-75.98948007872953
36.842703324610824,-75.98949109016303
36.842701365773216,-75.98950210159624
36.84269940693454,-75.98951311302915
36.842697495179074,-75.9895238597821
36.84269553633831,-75.98953487121433
36.84269357749648,-75.98954588264628
36.842691618653596,-75.98955689407794
36.84268965980965,-75.9895679055093
36.842687700964625,-75.9895789169404
36.84268574211853,-75.98958992837123
36.8426837832714,-75.98960093980173
36.842681824423174,-75.98961195123198
36.842679865573906,-75.98962296266193
36.84267790672356,-75.9896339740916
36.84267594787214,-75.989644985521
36.842673989019666,-75.9896559969501
36.84267203016613,-75.98966700837893
36.84267007131151,-75.98967801980747
36.84266811245584,-75.98968903123571
36.84266615359912,-75.9897000426637
36.8426641947413,-75.98971105409137
36.842662235882436,-75.98972206551878
36.84266010750522,-75.9897340298607
36.842658148644134,-75.98974504128748
36.842656189781984,-75.98975605271397
36.84265423091876,-75.9897670641402
36.84265227205449,-75.98977807556615
36.84265031318913,-75.98978908699178
36.84264835432272,-75.98980009841715
36.84264639545524,-75.98981110984224
36.842644436586696,-75.98982212126704
36.84264252480272,-75.98983286800838
36.8426405659321,-75.98984387943248
36.842638607060415,-75.98985489085631
36.84263664818765,-75.98986590227985
36.84263468931383,-75.9898769137031
36.84263273043894,-75.98988792512606
36.84263077156299,-75.98989893654874
36.84262881268597,-75.98990994797113
36.842626853807886,-75.98992095939326
36.84262489492873,-75.98993197081508
36.84262293604853,-75.98994298223664
36.84262097716724,-75.9899539936579
36.84261901828491,-75.98996500507887
36.84261705940148,-75.98997601649957
36.84261510051701,-75.98998702791998
36.84261314163148,-75.98999803934011
36.84261101322538,-75.99001000367353
36.84260905433763,-75.99002101509305
36.8426070954488,-75.99003202651228
36.8426051365589,-75.99004303793122
36.842603177667954,-75.99005404934988
36.84260121877593,-75.99006506076826
36.842599259882846,-75.99007607218634
36.842597300988686,-75.99008708360415
36.842595342093475,-75.99009809502166
36.8425933831972,-75.99010910643891
36.842591424299854,-75.99012011785587
36.84258946540144,-75.99013112927254
36.84258755358896,-75.9901418760023
36.84258559468847,-75.99015288741829
36.84258363578691,-75.99016389883396
36.84258168040975,-75.9901749114008
36.84257972513088,-75.99018592379868
36.842577769850955,-75.99019693619628
36.84257581456995,-75.9902079485936
36.84257402851112,-75.99021800790409
36.842572073228084,-75.99022902030089
36.84257011794397,-75.99024003269741
36.84256816265879,-75.99025104509366
36.842566207372556,-75.9902620574896
36.84256425208526,-75.99027306988529
36.84256229679688,-75.9902840822807
36.842560510731296,-75.99029414158956
36.8425586023547,-75.99030488976112
36.84255664706327,-75.99031590215559
36.84255469177078,-75.99032691454975
36.84255273647722,-75.99033792694367
36.84255078118259,-75.9903489393373
36.842548825886894,-75.99035995173064
36.84254703981459,-75.9903700110378
36.84254508451686,-75.99038102343063
36.84254312921805,-75.99039203582316
36.84254117391819,-75.99040304821543
36.842539218617254,-75.9904140606074
36.84253726331525,-75.99042507299909
36.84253530801219,-75.9904360853905
36.84253352193313,-75.99044614469607
36.84253161354251,-75.99045689286194
36.84252965823639,-75.99046790525243
36.84252770292921,-75.99047891764262
36.84252574762095,-75.99048993003255
36.84252379231163,-75.99050094242219
36.84252190000001,-75.99051159999999
36.84251989105654,-75.9905229699448
36.84251794485471,-75.99053398478657
36.84251616712862,-75.9905440461073
36.842514220924755,-75.99055506094857
36.842512274719816,-75.99056607578954
36.84251032851381,-75.99057709063024
36.84250838230674,-75.99058810547066
36.8425064360986,-75.99059912031082
36.84250448988939,-75.99061013515067
36.84250259015871,-75.99062088693294
36.84250064394742,-75.99063190177213
36.842498697735074,-75.99064291661104
36.84249675152166,-75.99065393144967
36.842494805307176,-75.99066494628804
36.84249285909163,-75.99067596112607
36.842490912875014,-75.99068697596387
36.842488966657335,-75.99069799080138
36.84248702043858,-75.99070900563862
36.842485074218764,-75.99072002047559
36.8424831279979,-75.99073103531225
36.84248118177595,-75.99074205014865
36.84247923555294,-75.99075306498477
36.84247728932887,-75.99076407982062
36.84247534310372,-75.9907750946562
36.842473443357804,-75.99078584643229
36.84247166560941,-75.99079590774751
36.8424697193812,-75.99080692258217
36.84246777315193,-75.99081793741655
36.842465826921604,-75.99082895225064
36.8424638806902,-75.99083996708445
36.84246193445773,-75.99085098191802
36.84245998822419,-75.99086199675126
36.842458041989595,-75.99087301158423
36.84245609575393,-75.99088402641692
36.842454149517195,-75.99089504124935
36.84245220327941,-75.9909060560815
36.84245025704054,-75.99091707091335
36.8424483108006,-75.99092808574495
36.8424464,-75.9909389
36.842444235447545,-75.99095007123105
36.84244211134664,-75.99096103368625
36.84244017027697,-75.99097105151475
36.84243804617405,-75.99098201396929
36.84243592207008,-75.99099297642346
36.84243379796505,-75.99100393887727
36.842431673858954,-75.99101490133074
36.842429732784524,-75.99102491915777
36.84242760867642,-75.99103588161057
36.842425429193206,-75.9910471298464
36.842423305082924,-75.9910580922986
36.84242118097159,-75.99106905475047
36.84241923989235,-75.99107907257617
36.842417115778986,-75.99109003502737
36.842414991664576,-75.99110099747823
36.84241286754911,-75.99111195992873
36.84241074343258,-75.99112292237888
36.842408619315,-75.99113388482866
36.84240667823002,-75.9911439026526
36.84240449873585,-75.99115515088626
36.84240237461514,-75.99116611333515
36.84240025049336,-75.99117707578368
36.842398126370554,-75.99118803823187
36.84239618528074,-75.99119805605446
36.84239406115589,-75.99120901850199
36.84239193702998,-75.99121998094915
36.84238981290303,-75.99123094339598
36.84238768877501,-75.99124190584244
36.84238556464594,-75.99125286828854
36.84238362355039,-75.99126288610937
36.84238144404417,-75.99127413434067
36.84237931991198,-75.99128509678589
36.84237719577872,-75.99129605923075
36.8423750716444,-75.99130702167525
36.84237313054404,-75.99131703949473
36.842371006407696,-75.99132800193858
36.8423688822703,-75.99133896438207
36.84236675813184,-75.99134992682522
36.84236463399234,-75.991360889268
36.84236269288721,-75.99137090708604
36.84236051337004,-75.99138215531516
36.84235838922741,-75.99139311775707
36.84235626626266,-75.99140407855278
36.842354191966535,-75.99141505663397
36.84235211766936,-75.99142603471483
36.84235004337111,-75.99143701279536
36.842348148044415,-75.99144704367612
36.842346073744146,-75.99145802175603
36.84234399944281,-75.99146899983562
36.84234192514042,-75.99147997791486
36.842339850836964,-75.99149095599377
36.84233777653245,-75.99150193407236
36.84233570222688,-75.99151291215058
36.84233362792025,-75.9915238902285
36.842331553612574,-75.99153486830608
36.84232947930383,-75.99154584638332
36.84232753116642,-75.99155615670568
36.84232545685558,-75.99156713478244
36.8423233825437,-75.99157811285886
36.84232130823075,-75.99158909093494
36.84231923391674,-75.99160006901069
36.84231715960168,-75.9916110470861
36.84231508528556,-75.99162202516118
36.84231301096838,-75.99163300323592
36.84231093665015,-75.99164398131033
36.842308862330846,-75.99165495938442
36.84230696698482,-75.99166499025975
36.84230489266349,-75.99167596833323
36.84230281834111,-75.99168694640635
36.842300744017656,-75.99169792447914
36.84229866969316,-75.99170890255162
36.842296595367586,-75.99171988062373
36.84229452104097,-75.99173085869553
36.84229239391133,-75.9917421162134
36.84229031958254,-75.99175309428466
36.84228824525269,-75.99176407235556
36.84228634989697,-75.99177410322825
36.8422842755651,-75.99178508129853
36.84228220123216,-75.99179605936851
36.84228012689816,-75.99180703743815
36.842278052563096,-75.99181801550743
36.84227597822698,-75.9918289935764
36.84227390388981,-75.99183997164504
36.84227182955158,-75.99185094971332
36.842269755212286,-75.9918619277813
36.842267680871934,-75.99187290584892
36.84226578550658,-75.99188293671885
36.8422637111642,-75.99189391478586
36.84226163682075,-75.99190489285255
36.84225956247625,-75.99191587091887
36.84225743532787,-75.99192712843335
36.84225536440337,-75.99193810084219
36.84225341244164,-75.99194911413599
36.842251460478856,-75.99196012742952
36.84224955526915,-75.99197087692842
36.84224760330427,-75.99198189022124
36.84224565133833,-75.9919929035138
36.84224369937134,-75.99200391680607
36.84224174740327,-75.99201493009807
36.842239795434125,-75.99202594338978
36.842237843463934,-75.9920369566812
36.84223589149266,-75.99204796997236
36.84223393952033,-75.99205898326322
36.84223198754694,-75.99206999655381
36.84223003557246,-75.99208100984413
36.84222808359694,-75.99209202313415
36.84222613162035,-75.99210303642388
36.84222417964268,-75.99211404971335
36.84222222766396,-75.99212506300252
36.84222010673229,-75.99213702953655
36.84221815475134,-75.99214804282511
36.84221620276933,-75.99215905611341
36.842214250786256,-75.99217006940142
36.84221229880212,-75.99218108268914
36.84221034681691,-75.99219209597659
36.842208394830635,-75.99220310926376
36.84220648959851,-75.9922138587536
36.84220453761016,-75.99222487204007
36.84220258562073,-75.99223588532627
36.84220063363025,-75.99224689861218
36.84219868163869,-75.99225791189781
36.842196729646076,-75.99226892518315
36.842194777652395,-75.99227993846824
36.84219282565765,-75.99229095175303
36.84219087366182,-75.99230196503754
36.842188921664935,-75.99231297832176
36.842186969667,-75.99232399160573
36.84218501766797,-75.9923350048894
36.842183065667896,-75.99234601817277
36.842181113666754,-75.9923570314559
36.842179161664546,-75.99236804473871
36.842177209661266,-75.99237905802126
36.842175257656926,-75.99239007130352
36.84217330565152,-75.99240108458548
36.84217135364504,-75.9924120978672
36.8421694016375,-75.99242311114863
36.8421674496289,-75.99243412442975
36.84216549761923,-75.99244513771062
36.842163376654064,-75.9924571042349
36.84216147139851,-75.99246785371524
36.84215951938561,-75.99247886699509
36.842157567371636,-75.99248988027463
36.8421556153566,-75.99250089355392
36.8421537,-75.9925117
36.84215172649548,-75.99252292492001
36.84214978949358,-75.99253394221365
36.84214802021075,-75.99254400554808
36.842146083206806,-75.99255502284122
36.842144146201804,-75.99256604013408
36.84214220919573,-75.99257705742666
36.842140272188594,-75.99258807471898
36.84213833518038,-75.99259909201103
36.84213639817111,-75.99261010930279
36.84213446116076,-75.99262112659429
36.84213257019081,-75.99263188201205
36.84213063317839,-75.99264289930287
36.8421286961649,-75.99265391659341
36.84212675915034,-75.99266493388369
36.842124822134714,-75.99267595117367
36.84212288511804,-75.99268696846339
36.84212111582161,-75.99269703179458
36.84211917880289,-75.99270804908377
36.84211724178308,-75.99271906637273
36.84211530476222,-75.9927300836614
36.84211336774029,-75.99274110094979
36.84211143071729,-75.9927521182379
36.84210953973523,-75.99276287365083
36.84210760271016,-75.99277389093827
36.842105665684,-75.99278490822545
36.84210372865679,-75.99279592551234
36.84210179162851,-75.99280694279895
36.842099854599155,-75.99281796008532
36.84209791756873,-75.99282897737137
36.84209598053725,-75.99283999465717
36.84209421122727,-75.99285005798511
36.842092274193746,-75.99286107527041
36.84209033715914,-75.99287209255543
36.84208840012349,-75.99288310984018
36.84208646308675,-75.99289412712466
36.842084572091615,-75.9929048825323
36.842082635052805,-75.99291589981611
36.84208069801292,-75.99292691709964
36.84207876097198,-75.9929379343829
36.84207682392997,-75.99294895166587
36.842074886886884,-75.99295996894855
36.84207294984276,-75.992970986231
36.84207101279754,-75.99298200351315
36.842069075751255,-75.99299302079501
36.8420673064277,-75.99300308411969
36.84206536937939,-75.99301410140107
36.842063432329994,-75.99302511868218
36.84206149527955,-75.993036135963
36.842059604271284,-75.99304689136541
36.84205766721875,-75.99305790864558
36.842055730165136,-75.99306892592544
36.842053793110466,-75.99307994320506
36.84205185605474,-75.9930909604844
36.84204991899793,-75.99310197776343
36.842047981940055,-75.99311299504221
36.84204604488113,-75.99312401232069
36.84204410782112,-75.99313502959895
36.842042170760045,-75.9931460468769
36.84204040142292,-75.99315611019833
36.8420384643598,-75.99316712747577
36.84203657333946,-75.99317788287335
36.8420347416263,-75.99318993905398
36.842033068160355,-75.9932010160779
36.84203139469333,-75.99321209310163
36.84202975563526,-75.99322294235836
36.842028082166124,-75.99323401938166
36.84202626281859,-75.99324606199468
36.84202462375737,-75.99325691125034
36.84202295028496,-75.993267988273
36.84202127681145,-75.9932790652955
36.842019491869486,-75.99329088013987
36.8420178183938,-75.99330195716188
36.84201614491704,-75.99331303418373
36.842014471439185,-75.99332411120542
36.84201283237072,-75.99333496045874
36.84201101301262,-75.99334700306949
36.8420093395315,-75.99335808009053
36.84200770045988,-75.99336892934281
36.84200602697665,-75.9933800063634
36.84200420761383,-75.99339204897316
36.84200256853907,-75.9934028982244
36.84200089505256,-75.99341397524437
36.84199922156497,-75.99342505226413
36.84199754807629,-75.99343612928377
36.8419958,-75.99344769999999
36.84199689100042,-75.99345901640756
36.841998045659466,-75.99347099312695
36.841999105287904,-75.99348198415119
36.84200016491532,-75.99349297517561
36.842001319570926,-75.99350495189562
36.842002379196195,-75.99351594292041
36.842003533849464,-75.99352791964085
36.84200460777706,-75.99353905904037
36.84200576242797,-75.9935510357611
36.842006000001575,-75.993562
36.842006000002776,-75.993574
36.84200600000276,-75.993586
36.842006000001696,-75.993597
36.842005681339906,-75.99360893994296
36.84200422058537,-75.99362104157319
36.842002900095466,-75.99363198117122
36.84200146158198,-75.9936438985255
36.842000118846464,-75.99365502239876
36.84199868033065,-75.99366693975252
36.8419973375929,-75.99367806362557
36.841996017097664,-75.99368900322237
36.84199457857841,-75.99370092057528
36.841992911183944,-75.99371197844538
36.84199119085904,-75.99372304631932
36.84198947053305,-75.99373411419306
36.84198778655692,-75.99374494819975
36.841986066228834,-75.99375601607302
36.841984345899654,-75.9937670839461
36.84198266192048,-75.99377791795173
36.841980941589206,-75.99378898582434
36.84197922125684,-75.99380005369673
36.84197750092342,-75.99381112156895
36.84197581694016,-75.99382195557322
36.84197409660462,-75.99383302344498
36.84197237626801,-75.99384409131653
36.8419706922817,-75.99385492531975
36.841968822157845,-75.99386695683941
36.84196710181796,-75.99387802471026
36.841965262513725,-75.9938890821374
36.84196325879851,-75.993899080975
36.841961066511104,-75.99391002081055
36.841958874222655,-75.99392096064572
36.84195668193315,-75.99393190048052
36.84195467821415,-75.99394189931684
36.84195242692065,-75.99395313357873
36.84195023462803,-75.99396407341254
36.841948042334344,-75.99397501324597
36.84194603861152,-75.99398501208114
36.84194384631583,-75.99399595191383
36.84194165401908,-75.99400689174617
36.84193965029344,-75.99401689058041
36.84193739899233,-75.99402812484065
36.84193520669246,-75.99403906467201
36.84193301439154,-75.99405000450298
36.84193101066207,-75.99406000333606
36.84192881835913,-75.99407094316632
36.84192662605514,-75.99408188299618
36.84192437474745,-75.994093117255
36.84192237101414,-75.99410311608692
36.84192017870703,-75.99411405591582
36.841917986398876,-75.99412499574433
36.841915794089665,-75.99413593557244
36.84191379035257,-75.99414593440312
36.84191159804135,-75.99415687423054
36.84190934672603,-75.99416810848768
36.84190715441265,-75.99417904831446
36.84190515067173,-75.99418904714398
36.84190338085381,-75.99420009470273
36.84190165765085,-75.99421091487176
36.8418998963543,-75.99422197422753
36.84189798186459,-75.99423399549046
36.84189622056579,-75.99424505484582
36.841894497358666,-75.99425587501334
36.84189273605778,-75.99426693436817
36.841890974755806,-75.99427799372278
36.84188921345276,-75.9942890530772
36.84188749024156,-75.99429987324332
36.84188572893642,-75.9943109325972
36.841883967630196,-75.9943219919509
36.84188220632291,-75.99433305130441
36.84188044501454,-75.99434411065769
36.84187872179824,-75.99435493082207
36.84187696048776,-75.99436599017486
36.84187519917622,-75.99437704952742
36.84187343786359,-75.99438810887979
36.84187156144981,-75.9943998909494
36.84186980013499,-75.99441095030123
36.8418680388191,-75.99442200965282
36.84186627750214,-75.99443306900424
36.84186455427759,-75.99444388916571
36.84186279295854,-75.99445494851659
36.841861031638395,-75.99446600786729
36.84185927031718,-75.99447706721777
36.84185754708858,-75.99448788737782
36.84185578576525,-75.99449894672777
36.84185402444086,-75.99451000607755
36.841852263115406,-75.99452106542712
36.841850539882714,-75.99453188558572
36.84184877855515,-75.99454294493475
36.841847017226506,-75.9945540042836
36.84184525589679,-75.99456506363224
36.84184337946518,-75.9945768456954
36.84184161813329,-75.99458790504346
36.84183985680029,-75.99459896439136
36.84183829890933,-75.99461005252314
36.841837065573706,-75.99462101152236
36.84183583223705,-75.99463197052133
36.841834598899375,-75.99464292952001
36.84183334616881,-75.9946540608276
36.84183211282908,-75.99466501982597
36.84183087948833,-75.99467597882405
36.84182964614656,-75.99468693782192
36.84182839341176,-75.9946980691292
36.84182716006792,-75.9947090281267
36.84182592672307,-75.99471998712397
36.84182469337719,-75.99473094612097
36.8418234600303,-75.99474190511775
36.84182220729022,-75.99475303642461
36.84182097394126,-75.99476399542101
36.84181974059128,-75.99477495441718
36.84181850724028,-75.9947859134131
36.841817254495986,-75.99479704471965
36.84181602114291,-75.99480800371522
36.84181489901302,-75.9948189871286
36.84181400001158,-75.99483000000147
36.84181310100912,-75.99484101287425
36.84181220200562,-75.99485202574691
36.841811303001094,-75.99486303861948
36.84181040399555,-75.99487405149195
36.841809515286435,-75.99488493821991
36.84180861627885,-75.99489595109203
36.84180771727023,-75.99490696396406
36.84180681826059,-75.99491797683598
36.841805919249914,-75.9949289897078
36.841805020238205,-75.99494000257951
36.84180412122547,-75.99495101545112
36.84180322221172,-75.99496202832265
36.84180240398944,-75.99497205149171
36.841801504973716,-75.99498306436303
36.84180061625466,-75.99499395108847
36.8417997172369,-75.99500496395946
36.841798818218116,-75.99501597683035
36.841799293962275,-75.99502697896665
36.841799845350046,-75.99503901106537
36.84180034779193,-75.9950499751152
36.841800853500985,-75.99506101048212
36.841801355940824,-75.99507197453221
36.84180190732405,-75.995084006631
36.84180240976179,-75.99509497068144
36.84180291546666,-75.99510600604837
36.841803417902376,-75.99511697009906
36.84180396928103,-75.99512900219794
36.841804471714646,-75.99513996624896
36.84180497741532,-75.99515100161592
36.84180547984691,-75.99516196566722
36.84180598554555,-75.99517300103419
36.84180653691852,-75.9951850331331
36.84180703934698,-75.99519599718477
36.84180754504246,-75.99520703255169
36.841808047468895,-75.99521799660366
36.84180859883731,-75.99523002870262
36.841809101261646,-75.99524099275487
36.84180960695292,-75.99525202812183
36.84181010937524,-75.9952629921744
36.84181066073909,-75.99527502427343
36.841811163159285,-75.9952859883263
36.84181166884638,-75.99529702369327
36.84181217126457,-75.99530798774643
36.84181272262386,-75.99532001984554
36.84181322503993,-75.99533098389901
36.84181373072284,-75.99534201926599
36.84181423313689,-75.99535298331978
36.841814738817746,-75.99536401868674
36.841815286903554,-75.99537597947301
36.84181579258228,-75.99538701484
36.84181629499219,-75.99539797889439
36.84181680066887,-75.99540901426138
36.84181734875017,-75.9954209750483
36.84181785442471,-75.99543201041531
36.8418183568305,-75.9954429744703
36.84181886250299,-75.9954540098373
36.84181941057978,-75.99546597062488
36.841819916250145,-75.9954770059919
36.84182041865179,-75.99548797004748
36.8418209243201,-75.99549900541452
36.84182142671974,-75.99550996947038
36.841821978058555,-75.9955220015698
36.84182248045608,-75.99553296562597
36.84182298612021,-75.99554400099301
36.841823491783295,-75.99555503636002
36.84182403984996,-75.99556699714896
36.84182454551092,-75.99557803251597
36.8418250479033,-75.9955889965728
36.8418255535622,-75.99560003193982
36.84182610162437,-75.99561199272942
36.84182660728114,-75.99562302809645
36.84182710966938,-75.9956339921539
36.84182761532411,-75.99564502752091
36.84182816338177,-75.99565698831118
36.84182866903435,-75.9956680236782
36.84182917141847,-75.99567898773626
36.841829677069,-75.99569002310331
36.841830179451094,-75.99570098716164
36.841830730770546,-75.99571301926127
36.84183123315052,-75.99572398331992
36.84183173879688,-75.99573501868697
36.84183224117485,-75.99574598274592
36.841832792489726,-75.99575801484563
36.84183329486558,-75.99576897890486
36.84183380050775,-75.99578001427194
36.84183430288158,-75.99579097833148
36.841834854191916,-75.99580301043126
36.84183535656363,-75.9958139744911
36.84183586220162,-75.99582500985821
36.84183636457132,-75.99583597391833
36.84183691587709,-75.99584800601819
36.84183741824467,-75.99585897007863
36.84183792387848,-75.99587000544574
36.84183842624404,-75.99588096950649
36.84183893187579,-75.9958920048736
36.84183947990871,-75.99590396566744
36.84183998553833,-75.99591500103458
36.84184048789976,-75.99592596509592
36.84184099352732,-75.99593700046304
36.841841544822856,-75.99594903256298
36.84184204718116,-75.9959599966247
36.84184255280556,-75.99597103199177
36.84184305516185,-75.99598199605379
36.84184360645281,-75.99599402815379
36.84184410216015,-75.99600499826208
36.8418442219877,-75.99601599622365
36.841844352707504,-75.99602799399996
36.8418444834261,-75.99603999177631
36.84184461432879,-75.99605200656069
36.84184473415201,-75.99606300452233
36.841844864867085,-75.99607500229872
36.84184499558096,-75.99608700007518
36.84184511540095,-75.99609799803699
36.84184524611251,-75.99610999581355
36.841845376822874,-75.99612199359018
36.841845496824924,-75.99613300855901
36.84184612321792,-75.99614498974326
36.8418467114895,-75.99615602401578
36.84184729534188,-75.9961669754156
36.841847883611436,-75.99617800968822
36.84184852495719,-75.99619003954263
36.84184910880644,-75.99620099094295
36.841849697072824,-75.99621202521561
36.84185028092007,-75.9962229766163
36.84185092226128,-75.99623500647094
36.84185151052449,-75.99624604074364
36.84185209436861,-75.99625699214484
36.84185268262977,-75.99626802641762
36.84185331954838,-75.99627997340113
36.84185390780742,-75.996291007674
36.8418544960654,-75.99630204194685
36.841855079904384,-75.99631299334888
36.84185572123646,-75.99632502320381
36.841856305073335,-75.99633597460623
36.84185689332715,-75.99634700887924
36.84185747716201,-75.99635796028203
36.84185811848953,-75.99636999013721
36.841858706740176,-75.99638102441024
36.84185929057192,-75.99639197581352
36.841859878820514,-75.99640301008667
36.84186051572562,-75.99641495707245
36.84186110397208,-75.99642599134567
36.8418616922175,-75.99643702561886
36.84186227604411,-75.996447977023
36.84186291736249,-75.99646000687846
36.84186350118699,-75.99647095828296
36.84186408942823,-75.99648199255633
36.841864677668454,-75.99649302682965
36.84186531456455,-75.99650497381691
36.841865902802624,-75.9965160080903
36.84186648662198,-75.99652695949567
36.84186707485802,-75.99653799376915
36.841867716167265,-75.99655002362493
36.8418682999835,-75.99656097503079
36.84186888821636,-75.99657200930433
36.84186952510455,-75.99658395629292
36.84187011333528,-75.99659499056656
36.84187070156497,-75.99660602484015
36.84187128537608,-75.99661697624686
36.84187192667732,-75.99662900610296
36.84187251048632,-75.99663995751006
36.84187309871183,-75.99665099178382
36.84187368693631,-75.99666202605754
36.841874323815496,-75.9966739730476
36.84187491203783,-75.99668500732142
36.84187549584169,-75.99669595872936
36.84187608406198,-75.99670699300324
36.84187672535409,-75.99671902285966
36.84187730915483,-75.99672997426809
36.841877897371965,-75.99674100854203
36.84187848117069,-75.99675195995083
36.84187912245824,-75.99676398980748
36.841879710672195,-75.99677502408147
36.84188029446779,-75.99678597549077
36.8418808826797,-75.99679700976482
36.84188151954539,-75.99680895675718
36.841882107755175,-75.99681999103133
36.84188269596391,-75.99683102530547
36.84188327975437,-75.99684197671559
36.84188392103279,-75.99685400657255
36.84188450482115,-75.99686495798308
36.84188509302571,-75.99687599225737
36.841885681229236,-75.99688702653161
36.841886318085905,-75.99689897352543
36.84188690628731,-75.99691000779978
36.84188749007053,-75.99692095921117
36.841888078269875,-75.99693199348556
36.841888719539156,-75.99694402334282
36.84188930331925,-75.9969549747547
36.841889891515436,-75.99696600902917
36.84189047529352,-75.99697696044139
36.84189111655825,-75.99698899029889
36.841891704751255,-75.99700002457341
36.84189228852622,-75.99701097598614
36.84189287671718,-75.99702201026074
36.84189351356034,-75.99703395725683
36.841894101749176,-75.99704499153152
36.84189468993698,-75.99705602580617
36.8418952737068,-75.99706697721975
36.84189591496239,-75.99707900707755
36.84189649873012,-75.99708995849151
36.841897086913725,-75.99710099276633
36.84189772816586,-75.99711302262423
36.841898311930464,-75.99712397403867
36.841898900110905,-75.99713500831355
36.84189948387349,-75.99714595972837
36.84190012512107,-75.99715798958648
36.841900713298344,-75.99716902386142
36.8419012970578,-75.99717997527672
36.841901885233035,-75.99719100955171
36.84190252205929,-75.99720295655064
36.84190311023239,-75.99721399082573
36.84190369840445,-75.99722502510078
36.84190428215877,-75.99723597651693
36.841904923397216,-75.99724800637537
36.841905507149434,-75.99725895779191
36.84190609531731,-75.99726999206712
36.84190668348416,-75.9972810263423
36.8419073203014,-75.9972929733427
36.84190790846611,-75.99730400761797
36.8419084922132,-75.99731495903536
36.84190908037587,-75.9973259933107
36.84190972160518,-75.99733802316943
36.841910305349145,-75.99734897458734
36.84191089350864,-75.99736000886273
36.841911477250584,-75.99737096028097
36.84191211847534,-75.99738299013995
36.84191270346226,-75.99739401405495
36.84191303689995,-75.99740499825106
36.841913370336634,-75.99741598244734
36.841913735521295,-75.99742801253532
36.84191406895585,-75.99743899673176
36.841914402389406,-75.99744998092832
36.841914737258634,-75.99746101245287
36.84191510100206,-75.99747299521293
36.84191543443248,-75.99748397940981
36.841915769298545,-75.99749501093422
36.84191610272695,-75.99750599513122
36.84191646646587,-75.99751797789176
36.84191680132877,-75.99752900941604
36.84191713475404,-75.99753999361334
36.84191746817831,-75.99755097781082
36.84191783334931,-75.99756300789834
36.84191816677146,-75.99757399209597
36.84191850162916,-75.99758502361995
36.841918835049285,-75.9975960078177
36.841919198779166,-75.99760799057906
36.84191953363371,-75.9976190221029
36.84191986705071,-75.99763000630095
36.841920200466696,-75.99764099049916
36.84192056562858,-75.99765302058634
36.841920899042435,-75.99766400478472
36.8419212324553,-75.99767498898322
36.84192156730363,-75.99768602050676
36.84192193102449,-75.99769800326895
36.84192226443421,-75.99770898746776
36.841922599279386,-75.99772001899116
36.84192293268709,-75.99773100319013
36.84192329640342,-75.99774298595277
36.84192363124545,-75.99775401747605
36.84192396465003,-75.99776500167529
36.84192429805359,-75.9977759858747
36.84192466320183,-75.99778801596142
36.841924996603275,-75.99779900016098
36.84192533000371,-75.99780998436067
36.841925664839515,-75.99782101588367
36.84192602854682,-75.99783299864713
36.84192636194413,-75.99784398284713
36.84192669677679,-75.99785501436999
36.841927030172066,-75.99786599857012
36.84192739387487,-75.99787798133409
36.84192772870437,-75.9978890128568
36.84192806209652,-75.99789999705723
36.84192839548766,-75.99791098125782
36.841928760622245,-75.99792301134408
36.84192909401128,-75.99793399554484
36.841929427399286,-75.99794497974571
36.84192976222258,-75.99795601126814
36.841930125916335,-75.9979679940329
36.841930459301224,-75.9979789782341
36.84193079412135,-75.99799000975639
36.84193112750421,-75.99800099395772
36.841931491193456,-75.99801297672298
36.84193182601044,-75.99802400824512
36.841932159390176,-75.99803499244676
36.8419324942051,-75.99804602396875
36.84193285788982,-75.99805800673433
36.84193319126643,-75.99806899093628
36.84193352607821,-75.99808002245814
36.84193385945279,-75.9980910066602
36.841934223133,-75.99810298942627
36.84193455794163,-75.998114020948
36.84193489131308,-75.99812500515038
36.841935224683525,-75.9981359893529
36.84193558979534,-75.99814801943833
36.84193592316367,-75.99815900364102
36.84193625653099,-75.99816998784387
36.84193659133339,-75.99818101936529
36.84193695500458,-75.99819300213217
36.84193728836876,-75.9982039863353
36.84193762316801,-75.9982150178566
36.841937956530174,-75.99822600205985
36.84193832019683,-75.99823798482723
36.84193865499292,-75.99824901634838
36.84193898835197,-75.99826000055197
36.841939321709994,-75.99827098475566
36.84193968680816,-75.99828301484064
36.841940020164074,-75.99829399904452
36.84194035351897,-75.99830498324854
36.841940688308846,-75.9983160147694
36.84194135653601,-75.99832696540784
36.84194210374078,-75.99833898993478
36.84194278917679,-75.99835002045462
36.841943468618965,-75.99836095453344
36.84194415405294,-75.99837198505344
36.8419448394859,-75.99838301557344
36.84194552491781,-75.99839404609344
36.841946204355935,-75.998404980173
36.8419468897858,-75.99841601069318
36.841947575214654,-75.99842704121336
36.841948254649765,-75.9984379752935
36.841948940076556,-75.99844900581384
36.84194962550232,-75.9984600363342
36.841950304934414,-75.99847097041496
36.84195105212455,-75.99848299494283
36.841951737547156,-75.99849402546336
36.841952416976135,-75.99850495954473
36.84195310239669,-75.99851599006543
36.841953787816216,-75.99852702058614
36.84195446724218,-75.9985379546681
36.84195515265966,-75.99854898518895
36.84195583807612,-75.99856001570984
36.84195652349153,-75.99857104623071
36.84195720291345,-75.99858198031342
36.84195788832684,-75.99859301083447
36.84195857373918,-75.99860404135552
36.84195925315808,-75.99861497543881
36.8419600003336,-75.99862699996763
36.84196068574278,-75.99863803048888
36.841961365158575,-75.9986489645728
36.841962050565705,-75.99865999509419
36.841960953765245,-75.99867121063798
36.84195941469149,-75.9986820915842
36.841957982486704,-75.99869221698135
36.841956443410986,-75.998703097927
36.84195487404206,-75.99871419303169
36.84195333496431,-75.99872507397671
36.841951765593265,-75.99873616908106
36.84195022651348,-75.99874705002547
36.841948657140314,-75.99875814512943
36.841947118058485,-75.99876902607323
36.841945548683206,-75.99878012117685
36.84194414676223,-75.9987900324125
36.84194257738493,-75.99880112751579
36.8419410382991,-75.99881200845839
36.84193946891967,-75.9988231035613
36.84193792983181,-75.99883398450328
36.84193641131704,-75.998844952269
36.84193723042648,-75.99885597326036
36.8419380495349,-75.99886699425177
36.841938942329186,-75.99887900669235
36.841939761435455,-75.99889002768393
36.84194058054069,-75.99890104867556
36.84194139109404,-75.9989119546161
36.841942283883775,-75.9989239670572
36.84194310298584,-75.99893498804921
36.84194392208688,-75.99894600904129
36.84194481487314,-75.99895802148265
36.84194563397203,-75.99896904247487
36.84194644451918,-75.99897994841687
36.841947263616035,-75.99899096940938
36.841948156397734,-75.99900298185126
36.84194897549243,-75.99901400284391
36.8419497945861,-75.99902502383664
36.84195061367875,-75.99903604482942
36.841951497905264,-75.99904794222226
36.84195231699578,-75.99905896321533
36.841953136085266,-75.99906998420849
36.84195402885893,-75.99908199665117
36.84195484794627,-75.99909301764448
36.84195566703257,-75.99910403863785
36.84195648611784,-75.99911505963128
36.841957370336495,-75.99912695702592
36.84195818941963,-75.99913797801966
36.84195900850174,-75.99914899901346
36.84195990126739,-75.99916101145695
36.841960720347345,-75.99917203245091
36.84196153942628,-75.99918305344492
36.84196234995387,-75.99919395939143
36.84196324271496,-75.99920597183547
36.84196406179073,-75.99921699282983
36.84196488086547,-75.9992280138243
36.84196569993917,-75.9992390348188
36.841966665651306,-75.99925106818883
36.84196809114017,-75.99926198141242
36.8419695425761,-75.9992730932893
36.8419709680629,-75.9992840065134
36.84197239354871,-75.99929491973785
36.84197397221204,-75.9993070056672
36.84197539769569,-75.99931791889222
36.84197684912624,-75.99932903076983
36.84197827460784,-75.99933994399537
36.84197972603626,-75.99935105587325
36.84198127874593,-75.99936294315151
36.841982730172134,-75.99937405502966
36.841984155649556,-75.99938496825628
36.841985607073624,-75.99939608013472
36.841987032548985,-75.99940699336186
36.84198848397094,-75.99941810524054
36.84199003667381,-75.99942999252063
36.84199146214602,-75.99944090574868
36.84199291356472,-75.99945201762785
36.841994339034876,-75.9994629308564
36.84199579045145,-75.99947404273583
36.84199734314866,-75.99948593001753
36.84199879456301,-75.99949704189723
36.84200022002899,-75.99950795512689
36.84200167144122,-75.99951906700686
36.842003096905124,-75.999529980237
36.84200454831523,-75.99954109211724
36.84200610100566,-75.99955297940079
36.84200755241354,-75.99956409128131
36.84200897787326,-75.99957500451254
36.84201042927902,-75.99958611639332
36.84201185473669,-75.9995970296251
36.84201340742146,-75.99960891691026
36.842014858823966,-75.9996200287915
36.8420163807118,-75.99963090151749
36.84201821044421,-75.99964194556235
36.84202004017555,-75.9996529896074
36.84202186990582,-75.99966403365269
36.84202369963501,-75.99967507769821
36.84202548826756,-75.99968587369534
36.842027317994656,-75.99969691774145
36.84202914772069,-75.99970796178776
36.84203097744564,-75.99971900583434
36.84203280716953,-75.99973004988112
36.84203463689234,-75.99974109392814
36.84203642551878,-75.99975188992751
36.8420382552395,-75.9997629339751
36.842040084959145,-75.99977397802293
36.84204191467772,-75.999785022071
36.84204374439522,-75.99979606611927
36.84204557411166,-75.9998071101678
36.84204736273198,-75.99981790616941
36.842049192446325,-75.9998289502185
36.84205102215959,-75.99983999426782
36.84205285187178,-75.99985103831739
36.8420546815829,-75.99986208236714
36.842056470198145,-75.99987287837067
36.842058299907166,-75.99988392242102
36.84206012961513,-75.9998949664716
36.84206195932201,-75.99990601052244
36.84206378902782,-75.99991705457347
36.84206561873256,-75.99992809862475
36.84206724847678,-75.99993793572504
36.84206907817951,-75.99994897977686
36.84207090788117,-75.99996002382889
36.842072737581766,-75.99997106788118
36.84207456728127,-75.99998211193366
36.84207635588543,-75.99999290794128
36.84207818558285,-76.00000395199436
36.8420800152792,-76.00001499604765
36.84208184497448,-76.00002604010119
36.842083674668686,-76.00003708415497
36.84208550436181,-76.00004812820895
36.84208729295985,-76.0000589242188
36.84208912265089,-76.00006996827337
36.84209095234087,-76.00008101232818
36.842093037747695,-76.00009198876387
36.84209512961621,-76.00010296141788
36.84209722148367,-76.00011393407226
36.84209931335007,-76.00012490672698
36.84210140521541,-76.00013587938203
36.842103550779946,-76.00014713371648
36.842105642643126,-76.00015810637211
36.84210773450524,-76.00016907902807
36.842109826366304,-76.00018005168437
36.84211173782091,-76.00019007804104
36.84211382967993,-76.000201050698
36.84211592153791,-76.00021202335525
36.84211801339483,-76.00022299601287
36.84212010525069,-76.00023396867081
36.84212219710549,-76.00024494132911
36.84212428895924,-76.00025591398776
36.84212643451159,-76.00026716832446
36.84212852636316,-76.00027814098365
36.842130618213695,-76.00028911364319
36.842132710063154,-76.00030008630307
36.84213480191156,-76.0003110589633
36.842136893758905,-76.00032203162387
36.84213880520092,-76.00033205798414
36.84214089704623,-76.00034303064533
36.842142988890494,-76.00035400330687
36.842145080733694,-76.00036497596875
36.842147226274996,-76.00037623030751
36.84214931811603,-76.00038720296995
36.842151409956,-76.00039817563271
36.842153501794925,-76.00040914829584
36.842155593632796,-76.00042012095932
36.842157685469594,-76.0004310936231
36.84215977730533,-76.00044206628726
36.84216186914003,-76.00045303895172
36.84216396097366,-76.00046401161656
36.84216587240307,-76.00047403798042
36.842167964234676,-76.00048501064587
36.84217005606522,-76.00049598331168
36.84217220159324,-76.00050723765291
36.84217429342163,-76.00051821031929
36.84217638524894,-76.00052918298599
36.842178477075194,-76.00054015565303
36.84218056890041,-76.00055112832041
36.842182660724546,-76.00056210098813
36.842184752547645,-76.00057307365621
36.84218684436967,-76.0005840463246
36.84218893619063,-76.00059501899337
36.84219084760844,-76.0006050453605
36.842192939427385,-76.00061601802989
36.84219503124527,-76.0006269906996
36.84219712306209,-76.00063796336967
36.84219926857573,-76.00064921771363
36.84220136039039,-76.00066019038424
36.842203452204004,-76.0006711630552
36.842205544016544,-76.0006821357265
36.84220763582804,-76.00069310839817
36.84220972763846,-76.00070408107015
36.84221181944783,-76.00071505374248
36.84221391125615,-76.00072602641514
36.84221600306341,-76.00073699908816
36.84221791446861,-76.00074702545892
36.84222000627384,-76.00075799813256
36.84222209807801,-76.00076897080653
36.84222424357837,-76.00078022515298
36.84222633538038,-76.00079119782751
36.842228427181325,-76.0008021705024
36.84223051898121,-76.00081314317764
36.84223261078004,-76.00082411585319
36.842234702577805,-76.0008350885291
36.84223679437453,-76.00084606120534
36.84223888617018,-76.00085703388194
36.842240977964785,-76.00086800655887
36.842243069758325,-76.00087897923615
36.84224498115094,-76.00088900561049
36.84224707294245,-76.0008999782884
36.842249164732905,-76.00091095096666
36.84225131021888,-76.00092220531579
36.84225340200717,-76.0009331779946
36.84225549379439,-76.00094415067375
36.84225758558057,-76.00095512335322
36.84225967736568,-76.00096609603307
36.84226176914974,-76.00097706871324
36.84226386093274,-76.00098804139374
36.84226595271467,-76.0009990140746
36.84226804449555,-76.00100998675578
36.84227013627538,-76.00102095943733
36.842272047655406,-76.00103098581528
36.8422741394332,-76.00104195849744
36.84227623120995,-76.00105293117994
36.84227837668153,-76.00106418553177
36.84228046845611,-76.00107515821486
36.84228256022962,-76.00108613089826
36.84228465200207,-76.00109710358203
36.84228674377347,-76.00110807626609
36.84228883554381,-76.00111904895054
36.842290927313094,-76.00113002163532
36.84229301908131,-76.00114099432044
36.84229511084848,-76.0011519670059
36.842297202614596,-76.00116293969171
36.84229911398203,-76.00117296607323
36.842301205746104,-76.00118393875965
36.84230335120443,-76.00119519311397
36.84230544296633,-76.00120616580097
36.8423075347272,-76.00121713848829
36.84230962648698,-76.00122811117598
36.842311718245725,-76.00123908386398
36.84231381000341,-76.00125005655234
36.84231590176003,-76.00126102924105
36.8423179935156,-76.00127200193008
36.84232008527011,-76.00128297461946
36.842322177023554,-76.00129394730918
36.84232408837937,-76.00130397369402
36.84232618013079,-76.00131494638435
36.84232827188116,-76.00132591907506
36.84233041732509,-76.00133717343209
36.84233250907328,-76.00134814612332
36.84233460082042,-76.00135911881492
36.8423366925665,-76.00137009150686
36.84233878431152,-76.00138106419914
36.842340876055495,-76.00139203689176
36.8423429677984,-76.0014030095847
36.84234505954025,-76.00141398227801
36.84234715128105,-76.00142495497165
36.842349243020784,-76.00143592766564
36.842351154364,-76.00144595405406
36.84235324610171,-76.00145692674869
36.842355391532365,-76.00146818110821
36.84235748326789,-76.00147915380337
36.842359575002384,-76.00149012649888
36.8423616667358,-76.00150109919474
36.84236375846817,-76.00151207189094
36.84236585019948,-76.00152304458749
36.84236794192972,-76.00153401728436
36.842370033658916,-76.00154498998158
36.84237212538705,-76.00155596267915
36.84237421711413,-76.00156693537704
36.84237630884015,-76.00157790807529
36.84237822017078,-76.00158793446731
36.842380311894765,-76.0015989071662
36.84238245731103,-76.0016101615284
36.842384549032865,-76.00162113422785
36.842386640753624,-76.00163210692762
36.84238873247333,-76.00164307962773
36.84239082419198,-76.00165405232819
36.84239291590957,-76.001665025029
36.84239500762611,-76.00167599773015
36.84239709934158,-76.00168697043162
36.842399191056,-76.00169794313345
36.84240128276936,-76.00170891583562
36.84240337448166,-76.00171988853813
36.8424052857997,-76.00172991493372
36.842407431202695,-76.00174116929843
36.84240952291185,-76.00175214200179
36.84241161461997,-76.00176311470548
36.842413706327,-76.00177408740953
36.84241579803301,-76.00178506011392
36.84241788973794,-76.00179603281862
36.842419981441815,-76.0018070055237
36.84242207314464,-76.00181797822911
36.84242416484639,-76.00182895093484
36.84242625654709,-76.00183992364094
36.842428348246735,-76.00185089634738
36.84243043994533,-76.00186186905414
36.84243235125078,-76.00187189545333
36.84243449663938,-76.00188314982074
36.84243658833483,-76.00189412252836
36.84243868002921,-76.00190509523631
36.842440750407484,-76.00191607348705
36.84244282076412,-76.00192705277205
36.842444891119705,-76.00193803205738
36.84244696147422,-76.00194901134306
36.84244903182766,-76.00195999062905
36.842451102180064,-76.00197096991539
36.84245317253141,-76.00198194920208
36.84245524288169,-76.00199292848906
36.84245731323091,-76.00200390777638
36.84245938357907,-76.00201488706405
36.84246145392618,-76.00202586635204
36.84246357687144,-76.00203712458027
36.84246564721637,-76.0020481038688
36.84246771756024,-76.00205908315766
36.84246978790306,-76.00207006244688
36.84247185824483,-76.0020810417364
36.84247392858552,-76.00209202102627
36.84247599892516,-76.00210300031648
36.84247806926374,-76.00211397960699
36.842480139601264,-76.00212495889785
36.84248220993772,-76.00213593818904
36.84248428027312,-76.00214691748057
36.842486350607466,-76.00215789677243
36.84248842094076,-76.00216887606462
36.842490491272976,-76.00217985535714
36.84249238295562,-76.00218988724849
36.84249450588427,-76.0022011454797
36.84249657621336,-76.00221212477304
36.84249864654137,-76.00222310406673
36.84250071686834,-76.00223408336073
36.84250278719424,-76.00224506265508
36.842504857519096,-76.00225604194975
36.84250692784288,-76.00226702124476
36.84250899816561,-76.00227800054009
36.842511068487276,-76.00228897983577
36.84251313880789,-76.00229995913176
36.84251520912745,-76.0023109384281
36.84251727944594,-76.00232191772476
36.84251934976338,-76.00233289702173
36.84252142007974,-76.00234387631907
36.84252354299279,-76.00235513455311
36.842525613307,-76.002366113851
36.84252768362014,-76.0023770931492
36.842529753932226,-76.00238807244774
36.84253182424326,-76.00239905174661
36.84253389455321,-76.00241003104581
36.84253596486213,-76.00242101034534
36.84253803516999,-76.00243198964522
36.84254010547677,-76.0024429689454
36.8425421757825,-76.00245394824594
36.842544246087186,-76.0024649275468
36.842546316390795,-76.00247590684798
36.84254838669335,-76.00248688614951
36.84255045699485,-76.00249786545137
36.842552564415946,-76.00250910750756
36.842554275477,-76.0025199320089
36.842556024086385,-76.00253099405519
36.8425577726947,-76.00254205610169
36.84255948375271,-76.00255288060411
36.84256123235891,-76.00256394265111
36.84256298096405,-76.00257500469829
36.84256472956811,-76.00258606674568
36.842566440622036,-76.00259689124951
36.84256818922399,-76.00260795329741
36.84256993782488,-76.00261901534549
36.84257168642469,-76.00263007739379
36.842573397474524,-76.00264090189904
36.84257514607223,-76.00265196394783
36.84257689466886,-76.00266302599682
36.84257860571566,-76.00267385050316
36.842580354310186,-76.00268491255265
36.84258210290364,-76.00269597460236
36.84258385149601,-76.00270703665224
36.84258556253872,-76.00271786116
36.842587311128995,-76.0027289232104
36.84258905971819,-76.00273998526099
36.84259080830632,-76.00275104731178
36.842592519344954,-76.00276187182095
36.84259426793097,-76.00277293387224
36.84259601651592,-76.00278399592374
36.84259776509979,-76.00279505797542
36.84259947613434,-76.00280588248597
36.84260122471611,-76.00281694453817
36.8426029732968,-76.00282800659056
36.84260468432831,-76.00283883110222
36.8426064329069,-76.00284989315513
36.84260818148441,-76.00286095520823
36.842609930060846,-76.00287201726152
36.84261164108828,-76.00288284177458
36.84261338966261,-76.00289390382838
36.84261513823587,-76.00290496588238
36.84261688680806,-76.00291602793658
36.84261859783141,-76.00292685245105
36.84262034640148,-76.00293791450575
36.84262209497049,-76.00294897656065
36.842623566257195,-76.00295992929124
36.84262444716137,-76.00297094416284
36.842625328064514,-76.00298195903454
36.84262620896663,-76.00299297390636
36.84262708986771,-76.00300398877823
36.842628049950676,-76.00301599376269
36.842628930849614,-76.00302700863477
36.84262981174753,-76.00303802350697
36.842630692644406,-76.00304903837926
36.842631573540245,-76.00306005325164
36.84263244454765,-76.0030709444898
36.84263340462381,-76.00308294947511
36.84263428551651,-76.00309396434794
36.84263516640817,-76.00310497922086
36.84263604729881,-76.00311599409389
36.84263692818841,-76.003127008967
36.84263788825888,-76.0031390139529
36.84263876914635,-76.00315002882623
36.84263965003277,-76.00316104369965
36.842640530918175,-76.00317205857316
36.84264140191535,-76.00318294981385
36.842642282798714,-76.00319396468767
36.84264324286239,-76.00320596967447
36.842644123743604,-76.0032169845485
36.84264500462379,-76.00322799942263
36.842645885502954,-76.00323901429688
36.84264676638108,-76.0032500291712
36.842647408715834,-76.00326196838417
36.84264795541353,-76.00327300344892
36.8426484982926,-76.0032839614552
36.84264904498827,-76.00329499651998
36.84264959168289,-76.00330603158476
36.84265013455892,-76.00331698959141
36.84265068125151,-76.00332802465621
36.84265127347766,-76.00333997884566
36.84265182016811,-76.00335101391052
36.84265236304,-76.00336197191784
36.84265290972841,-76.00337300698274
36.84265345259829,-76.00338396499042
36.84265399928464,-76.00339500005532
36.84265454596997,-76.00340603512021
36.842655088836814,-76.0034169931283
36.842655684871495,-76.00342902437579
36.842656227736235,-76.0034399823842
36.84265677441737,-76.00345101744918
36.84265731728009,-76.00346197545792
36.84265786395919,-76.00347301052294
36.842658406819886,-76.00348396853201
36.842658953496944,-76.00349500359707
36.84265954952369,-76.00350703484473
36.84266009238128,-76.00351799285424
36.84266063905516,-76.0035290279193
36.842661181910714,-76.00353998592914
36.84266172858255,-76.00355102099422
36.842662271436105,-76.00356197900437
36.842662818105886,-76.00357301406952
36.84266341030751,-76.00358496826279
36.842663956975144,-76.00359600332796
36.842664503641764,-76.0036070383931
36.84266504649017,-76.00361799640402
36.84266559315474,-76.00362903146919
36.842666136001135,-76.00363998948043
36.8426664288422,-76.00365199007247
36.842666592218464,-76.00366300943993
36.84266675525061,-76.00367400566579
36.84266691828174,-76.00368500189172
36.842667081311866,-76.0036959981177
36.84266725916176,-76.00370799400069
36.842667422189756,-76.00371899022683
36.842667585559816,-76.00373000959374
36.842667748585804,-76.00374100581986
36.84266792643117,-76.003753001703
36.84266808945504,-76.00376399792928
36.84266825247788,-76.00377499415565
36.84266841549971,-76.00378599038206
36.84266857886358,-76.00379700974837
36.84266875670332,-76.00380900563174
36.84266891972202,-76.00382000185824
36.84266908273971,-76.0038309980848
36.84266924575638,-76.00384199431144
36.84266942359161,-76.00385399019513
36.842669586949185,-76.00386500956083
36.84266974996273,-76.00387600578755
36.84266991297526,-76.00388700201432
36.84267007598678,-76.00389799824119
36.84267025381637,-76.00390999412511
36.84267041682578,-76.0039209903521
36.842670580177156,-76.00393200971722
36.842670743184534,-76.00394300594421
36.842670921009606,-76.00395500182829
36.84267108401486,-76.00396599805545
36.84267124701911,-76.00397699428265
36.84267141002234,-76.00398799050996
36.84267157336753,-76.00399900987445
36.84267175118698,-76.00401100575877
36.84267191418707,-76.00402200198612
36.84267207718616,-76.00403299821356
36.84267224018423,-76.00404399444105
36.842672417999154,-76.0040559903257
36.84267258133806,-76.0040670096896
36.842672744333,-76.0040780059172
36.84267290732693,-76.00408900214481
36.84267307031985,-76.00409999837254
36.842673248129145,-76.0041119942574
36.84267341111994,-76.00412299048527
36.84267357445264,-76.00413400984858
36.842673737441416,-76.00414500607643
36.84267391524619,-76.00415700196146
36.84267407823284,-76.00416799818947
36.84267424121848,-76.00417899441753
36.84267440420311,-76.00418999064568
36.84267456752961,-76.00420101000843
36.84267474532876,-76.00421300589367
36.84267490831026,-76.00422400212189
36.84267507129074,-76.00423499835019
36.84267523427022,-76.00424599457855
36.842675412064835,-76.00425799046411
36.84267557538507,-76.00426900982625
36.8426757383614,-76.00428000605469
36.842675901336726,-76.0042910022832
36.84267606431104,-76.00430199851176
36.84267624210004,-76.00431399439756
36.84267640507224,-76.00432499062627
36.84267656838626,-76.00433600998784
36.84267673135642,-76.00434700621655
36.8426769091409,-76.0043590021025
36.842677072108955,-76.00436999833137
36.84267723507599,-76.00438099456032
36.842677398042014,-76.00439199078932
36.842677561349845,-76.00440301015028
36.8426777391287,-76.00441500603647
36.84267790209159,-76.00442600226556
36.84267806505347,-76.0044369984947
36.84267822801434,-76.00444799472393
36.84267840545173,-76.0044599911771
