38.856651070643615,-77.08822147994432
38.85665995972191,-77.08821878276704
38.8566690032633,-77.08821601760005
38.85667710045552,-77.08821354178961
38.856685968530066,-77.0882108302723
38.85669501207109,-77.08820806510333
38.85670310926299,-77.08820558929114
38.85671197733717,-77.08820287777189
38.85672102087782,-77.08820011260097
38.85672894260279,-77.08819769043802
38.856737986143216,-77.08819492526582
38.85674702968351,-77.08819216009293
38.856755897757076,-77.0881894485704
38.85676399494822,-77.08818697275409
38.85677303848815,-77.08818420757923
38.85678190656137,-77.08818149605479
38.856790003752174,-77.0881790202367
38.856799047291744,-77.08817625505986
38.856807915364584,-77.0881735435335
38.85681601255508,-77.08817106771365
38.85682505609428,-77.08816830253484
38.85683392416677,-77.08816559100654
38.856842021356925,-77.08816311518494
38.85685106489577,-77.08816035000416
38.8568599329679,-77.08815763847394
38.85686803015773,-77.08815516265057
38.85687707369621,-77.08815239746782
38.856885941767985,-77.08814968593566
38.856894038957485,-77.08814721011052
38.85690308249562,-77.08814444492582
38.856911950567024,-77.08814173339172
38.856920047756205,-77.08813925756482
38.856928915827375,-77.08813654602949
38.856937959365,-77.08813378084214
38.85694605655386,-77.08813130501346
38.85695493464628,-77.08812864061245
38.85696398656225,-77.08812592610431
38.85697303847811,-77.08812321159549
38.856980969663,-77.0881208331734
38.85699002157863,-77.08811811866333
38.85699907349414,-77.08811540415257
38.85700795296587,-77.088112741354
38.85701605659399,-77.08811031121678
38.8570249360655,-77.08810764841695
38.857033987980536,-77.0881049339036
38.857043039895444,-77.08810221938957
38.8570519193666,-77.08809955658779
38.85706002299418,-77.08809712644764
38.85706907490875,-77.08809441193168
38.857077954379555,-77.088091749128
38.857087006293874,-77.08808903461069
38.8570949374774,-77.08808665618119
38.8571039893915,-77.08808394166263
38.85711304130546,-77.08808122714339
38.857121920775676,-77.08807856433651
38.85713002440243,-77.0880761341917
38.85713907631605,-77.08807341967052
38.85714795578591,-77.08807075686174
38.857157007699286,-77.08806804233923
38.857164938881986,-77.08806566390517
38.85717399079513,-77.0880629493814
38.85718304270816,-77.08806023485697
38.857191922177435,-77.08805757204496
38.857200025803344,-77.0880551418955
38.85720907771602,-77.08805242736912
38.85721795718495,-77.08804976455522
38.85722700909737,-77.08804705002751
38.857234940279255,-77.08804467158888
38.85724399219144,-77.08804195705991
38.85725304410354,-77.08803924253027
38.857261923571876,-77.08803657971318
38.85727097548371,-77.0880338651822
38.85727907910867,-77.08803143502746
38.85728795857666,-77.08802877220845
38.85729701048816,-77.08802605767553
38.85730606239952,-77.08802334314196
38.85731399358045,-77.08802096469816
38.85732304549158,-77.08801825016332
38.85733192495899,-77.08801558734112
38.857340976869885,-77.08801287280492
38.857349080494004,-77.08801044264553
38.857357959961064,-77.08800777982142
38.85736701187161,-77.0880050652833
38.857376063782034,-77.0880023507445
38.85738399496213,-77.08799997229616
38.85739304687232,-77.0879972577561
38.857401926338795,-77.08799459492879
38.85741097824874,-77.0879918803874
38.85741908187202,-77.08798945022335
38.85742796133814,-77.08798678739413
38.85743701324774,-77.0879840728508
38.85744606515722,-77.0879813583068
38.857453996336474,-77.0879789798539
38.85746304824574,-77.08797626530863
38.857471927711266,-77.08797360247621
38.85748097962027,-77.08797088792963
38.85749003152915,-77.08796817338235
38.8574979627079,-77.08796579492659
38.857507014616544,-77.08796308037805
38.857516066525086,-77.08796036582883
38.857524945989915,-77.08795770299255
38.857533049611824,-77.0879552728209
38.85754192907643,-77.08795260998339
38.857550980984485,-77.08794989543158
38.85756003289243,-77.08794718087911
38.857567964070334,-77.08794480241879
38.857577015978045,-77.08794208786503
38.85758606788563,-77.08793937331062
38.85759494734954,-77.08793671046924
38.85760305097059,-77.08793428029293
38.85761193043427,-77.0879316174503
38.85762098234138,-77.08792890289328
38.85763003424838,-77.0879261883356
38.85763796542545,-77.08792380987072
38.85764701733222,-77.08792109531176
38.857656069238864,-77.08791838075214
38.85766494870182,-77.08791571790566
38.85767305232204,-77.08791328772467
38.85768193178476,-77.08791062487694
38.85769098369095,-77.08790791031473
38.857700035597,-77.08790519575183
38.85770891505937,-77.08790253290213
38.85771701867906,-77.08790010271824
38.85772607058477,-77.0878973881534
38.85773495004679,-77.08789472530181
38.85774400195225,-77.08789201073564
38.857751933127965,-77.08788963226334
38.8577609850332,-77.0878869176959
38.85777003693831,-77.08788420312781
38.85777891639974,-77.087881540273
38.85778702001859,-77.08787911008444
38.85779607192335,-77.0878763955144
38.85780495138444,-77.0878737326577
38.85781400328896,-77.08787101808633
38.85782193446384,-77.08786863960947
38.857830986200575,-77.0878659241433
38.857839089701166,-77.08786349309582
38.85784796895142,-77.08786082932305
38.8578560724518,-77.08785839827443
38.85786495170183,-77.08785573450041
38.85787305520201,-77.08785330345066
38.857881934451804,-77.08785063967541
38.85789003795178,-77.08784820862455
38.85789891720137,-77.08784554484804
38.85790702070113,-77.08784311379604
38.85791607245067,-77.08784039826817
38.85792400345004,-77.08783801896517
38.857933050788645,-77.08783527614534
38.8579419236604,-77.08783258493037
38.857950023571235,-77.08783012816022
38.85795907064496,-77.08782738410702
38.85796699635336,-77.0878249801727
38.85797604342686,-77.08782223611821
38.85798491629803,-77.08781954490009
38.857993016208326,-77.08781708812704
38.85800206328146,-77.0878143440706
38.858009988989345,-77.08781194013345
38.858019036062245,-77.08780919607574
38.85802696176992,-77.08780679213748
38.858036008842596,-77.08780404807851
38.85804505591515,-77.08780130401883
38.85805298162251,-77.08779890007887
38.85806202869481,-77.08779615601793
38.85806995440197,-77.08779375207683
38.858079001474046,-77.08779100801462
38.85808804802248,-77.08778826722008
38.85809598472934,-77.08778591502674
38.85810504149228,-77.08778323088292
38.85811392763131,-77.08778059730605
38.85812298439402,-77.0877779131609
38.85813109172427,-77.08777551039766
38.858139977862955,-77.08777287681892
38.85814903462532,-77.08777019267185
38.85815792076379,-77.08776755909182
38.85816602809361,-77.08776515632628
38.85817508485564,-77.0877624721773
38.85818397099376,-77.08775983859539
38.85819302775553,-77.08775715444509
38.85820096446118,-77.08775480224499
38.85821002122273,-77.08775211809345
38.858218907360396,-77.08774948450899
38.85822796412172,-77.08774680035613
38.858236071450726,-77.08774439758598
38.85824495758805,-77.08774176399966
38.85825401434903,-77.08773907984487
38.85826290048612,-77.08773644625725
38.858271007814714,-77.0877340434848
38.858280064575354,-77.08773135932809
38.85828895071211,-77.08772872573859
38.858298007472506,-77.08772604158057
38.85830594417691,-77.08772368937369
38.85831500093709,-77.08772100521443
38.858324057697146,-77.08771832105448
38.85833294383334,-77.08771568746181
38.8583410511611,-77.08771328468474
38.85834993729705,-77.08771065109084
38.858358994056644,-77.08770796692833
38.85836805081611,-77.08770528276516
38.858375987519715,-77.08770293055376
38.858385044278975,-77.08770024638933
38.858393930414344,-77.08769761279227
38.85840298717337,-77.08769492862652
38.858411094500305,-77.08769252584483
38.85841998063536,-77.08768989224588
38.85842903739403,-77.08768720807821
38.85843791959479,-77.08768457046729
38.85844601344457,-77.08768207182227
38.858455052663295,-77.08767928133258
38.85846391491608,-77.08767654547319
38.858472008765546,-77.0876740468264
38.85848104798389,-77.08767125633472
38.85848991023631,-77.08766852047339
38.85849800408544,-77.08766602182482
38.858507043303426,-77.08766323133115
38.85851608252127,-77.0876604408368
38.85852494477318,-77.08765770497284
38.85853303862188,-77.08765520632188
38.858542077839346,-77.08765241582554
38.85855094009091,-77.08764967995964
38.85855903393926,-77.08764718130689
38.85856807315637,-77.08764439080858
38.85857693540755,-77.08764165494074
38.858585974624404,-77.08763886444105
38.858594068472314,-77.0876363657859
38.85860293072313,-77.08763362991611
38.85861196993962,-77.08763083941444
38.8586200637872,-77.08762834075753
38.858628926037646,-77.08762560488579
38.858637965253756,-77.08762281438213
38.85864700446974,-77.08762002387779
38.85865509831688,-77.08761752521848
38.85866396056682,-77.08761478934413
38.85867299978244,-77.08761199883779
38.85868109362926,-77.0876095001767
38.858689955878845,-77.08760676430039
38.85869899509408,-77.08760397379208
38.85870803430919,-77.08760118328307
38.85871595118977,-77.08759873925096
38.858724990404646,-77.08759594874067
38.85873402961938,-77.08759315822968
38.85874194649964,-77.08759071419583
38.85875098571414,-77.08758792368356
38.85876002492851,-77.08758513317056
38.85876906414276,-77.0875823426569
38.85877698102259,-77.08757989862072
38.858786020236565,-77.08757710810576
38.85879505945044,-77.08757431759011
38.85880297632993,-77.08757187355218
38.85881201554356,-77.08756908303525
38.858821054757065,-77.08756629251761
38.85882991700468,-77.08756355663084
38.858838010849475,-77.08756105795902
38.85884705006261,-77.08755826743939
38.85885591230986,-77.08755553155068
38.85886400615434,-77.08755303287708
38.858873045367105,-77.08755024235548
38.85888190761398,-77.08754750646482
38.85889094682647,-77.08754471594185
38.858899040670515,-77.08754221726585
38.85890807988277,-77.08753942674157
38.85891694212915,-77.0875366908483
38.85892503597285,-77.08753419217052
38.85893407518474,-77.08753140164426
38.85894293743077,-77.08752866574903
38.8589519766424,-77.0875258752214
38.85896007048566,-77.08752337654124
38.858968932731294,-77.08752064064406
38.85897797194256,-77.08751785011445
38.858986065785494,-77.0875153514325
38.858994928030775,-77.0875126155334
38.85900396724167,-77.08750982500179
38.85901300645242,-77.08750703446951
38.85902110029491,-77.08750453578517
38.859029962539694,-77.08750179988343
38.859039001750084,-77.08749900934914
38.85904709559223,-77.08749651066303
38.85905595783666,-77.08749377475935
38.85906503568559,-77.08749120872814
38.85907394800037,-77.0874886958496
38.85908206940766,-77.08748640597143
38.85909098172223,-77.08748389309172
38.85910005714107,-77.08748133422311
38.85910896945543,-77.08747882134217
38.85911709086235,-77.08747653146179
38.859126003176506,-77.08747401857966
38.85913491549055,-77.08747150569691
38.859143036897194,-77.08746921581489
38.859151949211046,-77.08746670293097
38.85916102462916,-77.0874641440581
38.85916993694279,-77.08746163117293
38.859178058349066,-77.0874593412887
38.859186970662485,-77.08745682840238
38.859196046080186,-77.08745426952703
38.85920400438181,-77.08745202562957
38.859213079799304,-77.08744946675303
38.85922199211232,-77.08744695386427
38.85923106752959,-77.08744439498648
38.85923902583084,-77.08744215108685
38.85924793814357,-77.0874396381963
38.85925701356052,-77.08743707931667
38.85926497186149,-77.08743483541545
38.85927404727826,-77.08743227653463
38.859282959590544,-77.08742976364165
38.85929203500711,-77.08742720475956
38.85929999330771,-77.08742496085618
38.859309068724045,-77.08742240197289
38.85931798103592,-77.08741988907751
38.85932610244062,-77.08741759918398
38.85933501475229,-77.08741508628741
38.85934392706387,-77.08741257339024
38.85935300247967,-77.08741001450386
38.85936096077964,-77.08740777059671
38.859370036195244,-77.08740521170914
38.859378948506404,-77.08740269880956
38.85938706991044,-77.08740040891217
38.85939598222139,-77.08739789601141
38.859405057636586,-77.08739533712138
38.85941396994733,-77.08739282421935
38.859422091351,-77.08739053431978
38.85943100366153,-77.08738802141659
38.85944007907631,-77.0873854625241
38.85944803737533,-77.08738321861158
38.85945694968557,-77.0873807057066
38.85946602510004,-77.08737814681227
38.85947493741005,-77.08737563390605
38.85948305881306,-77.08737334400264
38.85949197112288,-77.08737083109524
38.85950104653693,-77.08736827219845
38.859509004835324,-77.08736602828219
38.85951808024916,-77.08736346938419
38.85952699255855,-77.08736095647438
38.859536067972186,-77.08735839757513
38.8595440262702,-77.0873561536567
38.85955310168364,-77.08735359475625
38.85956201399263,-77.08735108184402
38.85956997229037,-77.087348837924
38.85957903940783,-77.08734619886877
38.85958805033928,-77.08734325403356
38.85959612209189,-77.08734061612785
38.859604946915425,-77.08733773211254
38.859613957846456,-77.08733478727522
38.8596220295987,-77.08733214936767
38.85963104052947,-77.08732920452898
38.85963892617383,-77.08732662744156
38.85964810458682,-77.08732347945354
38.85965705648964,-77.08732025896342
38.859665081157985,-77.08731737204965
38.85967403306049,-77.08731415155803
38.85968205772856,-77.08731126464295
38.85969100963074,-77.08730804414986
38.85969996153275,-77.08730482365598
38.85970798620036,-77.08730193673885
38.85971693810205,-77.0872987162435
38.859724962769384,-77.08729582932504
38.85973391467074,-77.08729260882822
38.85974306883652,-77.08728931556475
38.85975109350341,-77.08728642864425
38.85976004540428,-77.08728320814514
38.85976807007088,-77.0872803212233
38.85977702197141,-77.0872771007227
38.859785973871766,-77.08727388022135
38.85979399853793,-77.08727099329748
38.85980295043797,-77.08726777279462
38.859810975103834,-77.08726488586943
38.85981992700355,-77.0872616653651
38.8598288789031,-77.08725844485998
38.859837105833094,-77.08725548516672
38.85984605773231,-77.0872522646601
38.85985408239745,-77.08724937773152
38.85986303429634,-77.08724615722345
38.859871986195074,-77.08724293671456
38.85988001085975,-77.08724004978397
38.859888962758156,-77.0872368292736
38.85989698742255,-77.08723394234168
38.85990593932063,-77.08723072182984
38.859914996298784,-77.08722797981216
38.859924044710304,-77.08722524386643
38.85993197193628,-77.08722284693019
38.859941020347584,-77.08722011098318
38.85995006875876,-77.0872173750355
38.85995894346022,-77.08721469161131
38.85996704439536,-77.08721224214858
38.85997609280619,-77.08720950619893
38.859984967507295,-77.08720682277287
38.85999401591787,-77.08720408682188
38.860001943143,-77.08720168988106
38.86001099155334,-77.08719895392879
38.86002003996355,-77.08719621797586
38.860028914664056,-77.08719353454656
38.860037963074035,-77.08719079859227
38.86004606400821,-77.08718834912423
38.86005493870837,-77.08718566569303
38.860063987118,-77.08718292973678
38.860073035527485,-77.08718019377989
38.86008096275165,-77.08717779683387
38.860090011160906,-77.08717506087571
38.86009905957005,-77.08717232491685
38.86010793426948,-77.08716964148172
38.86011698267838,-77.08716690552153
38.86012508361159,-77.0871644560482
38.86013395831067,-77.08716177261115
38.8601430067192,-77.08715903664901
38.86015205512762,-77.08715630068617
38.86015998235084,-77.08715390373499
38.860169030759,-77.0871511677709
38.86017807916706,-77.08714843180611
38.86018695386544,-77.08714574836519
38.86019505479778,-77.08714329888716
38.860203929495924,-77.087140615445
38.8602129779035,-77.0871378794776
38.86022202631094,-77.08713514350953
38.86023090100872,-77.08713246006538
38.86023900194055,-77.08713001058439
38.860248050347636,-77.08712727461437
38.86025692504504,-77.0871245911683
38.8602659734519,-77.08712185519695
38.860274074383284,-77.08711940571361
38.86028294908035,-77.08711672226563
38.86029199748684,-77.08711398629232
38.86030104589321,-77.08711125031833
38.860308973114634,-77.08710885335735
38.860318021520754,-77.08710611738208
38.86032706992678,-77.08710338140615
38.86033594462312,-77.08710069795427
38.86034499302888,-77.087097961977
38.860353093959304,-77.08709551248835
38.8603619686553,-77.08709282903457
38.860371017060714,-77.08709009305532
38.860380065465996,-77.08708735707543
38.86038799268645,-77.08708496010925
38.8603970410915,-77.08708222412807
38.8604059157869,-77.08707954067107
38.86041496419171,-77.08707680468854
38.8604240125964,-77.08707406870532
38.86043193981632,-77.08707167173628
38.860440988220766,-77.0870689357518
38.8604500366251,-77.08706619976664
38.860458911319775,-77.08706351630575
38.860467012248805,-77.08706106680945
38.86047606065278,-77.08705833082234
38.8604849353471,-77.08705564735953
38.86049398375082,-77.08705291137109
38.86050208467944,-77.08705046187245
38.8605109593734,-77.08704777840772
38.86052000777676,-77.08704504241733
38.860529056180006,-77.08704230642624
38.86053793087361,-77.08703962295954
38.86054603180168,-77.08703717345794
38.86055508020456,-77.08703443746492
38.86056395489782,-77.0870317539963
38.860573003300466,-77.08702901800193
38.8605811042281,-77.08702656849798
38.860589978921,-77.08702388502745
38.86059902732329,-77.08702114903113
38.860607902015936,-77.08701846555928
38.860616002943146,-77.087016016053
38.860625051345075,-77.08701328005472
38.86063392603739,-77.08701059658097
38.86064297443907,-77.08700786058135
38.86065202284062,-77.08700512458104
38.860659950057794,-77.08700272759704
38.86066899845912,-77.08699999159548
38.86067803933873,-77.08699726601611
38.86068701149918,-77.0869950777597
38.86069598365955,-77.08699288950272
38.86070399063159,-77.08699093664903
38.86071296279181,-77.08698874839104
38.860721934951954,-77.08698656013252
38.86073104984502,-77.08698433706166
38.860740022005,-77.08698214880204
38.860748994164894,-77.08697996054187
38.860757001136506,-77.08697800768532
38.86076597329625,-77.08697581942411
38.860774945455915,-77.08697363116238
38.86078406034851,-77.08697140808826
38.860793032508006,-77.08696921982543
38.86080200466743,-77.08696703156207
38.860810011638634,-77.08696507870265
38.860818983797884,-77.08696289043824
38.86082795595708,-77.0869607021733
38.86083692811619,-77.08695851390782
38.86084604300822,-77.08695629082989
38.86085501516717,-77.08695410256331
38.86086302213794,-77.08695214970103
38.86087199429674,-77.08694996143342
38.86088096645545,-77.08694777316528
38.860889938614086,-77.08694558489658
38.860899053505634,-77.08694336181541
38.860908025664116,-77.08694117354563
38.86091603263446,-77.08693922068048
38.860925004792776,-77.08693703240968
38.86093397695102,-77.08693484413833
38.86094294910918,-77.08693265586642
38.860952064000244,-77.086930432782
38.860961036158244,-77.086928244509
38.86097000831615,-77.08692605623547
38.86097801528602,-77.08692410336697
38.86098698744378,-77.08692191509242
38.86099595960147,-77.08691972681731
38.86100493175906,-77.08691753854167
38.86101402882929,-77.08691535609299
38.8610230126721,-77.08691415652287
38.86103100720947,-77.08691308904979
38.86103999105223,-77.08691188947911
38.86104897489496,-77.08691068990814
38.86105795873765,-77.08690949033686
38.861067022674526,-77.08690828007066
38.86107600651718,-77.08690708049878
38.86108499035982,-77.0869058809266
38.861092984897034,-77.08690481345167
38.86110196873963,-77.0869036138789
38.86111095258219,-77.08690241430585
38.86112001069775,-77.08690140328213
38.861129000264974,-77.0869010099891
38.86113798983221,-77.08690061669598
38.86114800473619,-77.08690017854431
38.86115699430342,-77.08689978525098
38.86116601036659,-77.08689939079837
38.86117499993381,-77.08689899750483
38.861183989501036,-77.0868986042112
38.861194004405,-77.08689816605896
38.86120299397221,-77.08689777276513
38.86121198353943,-77.08689737947118
38.86122099960258,-77.08689698501796
38.861231010300955,-77.08689693942007
38.86124008755805,-77.08689948507093
38.86124900251544,-77.08690198520667
38.86125896626191,-77.08690512438015
38.86126998535896,-77.0869100539762
38.86127922787873,-77.08691538972955
38.861289117346615,-77.08692183813163
38.86129597382963,-77.08693003609952
38.86130229463271,-77.08693759358259
38.86131200065094,-77.08693762799606
38.86132100060549,-77.08693765396991
38.86133000056006,-77.08693767994377
38.861339000514604,-77.08693770591763
38.86134800046914,-77.08693773189152
38.86135800041865,-77.08693776075138
38.86136700037321,-77.08693778672527
38.861376000327745,-77.08693781269916
38.8613850002823,-77.08693783867308
38.8613950002318,-77.08693786753297
38.86140400018635,-77.08693789350689
38.86141300014089,-77.0869379194808
38.861422000095445,-77.08693794545474
38.86143200004494,-77.08693797431467
38.86144099973011,-77.08693799333724
38.861450015837804,-77.0869373909893
38.861458991547806,-77.08693679134011
38.861468007655496,-77.08693618899187
38.86147698336548,-77.08693558934236
38.86148599947315,-77.08693498699381
38.86149497518312,-77.086934387344
38.861503991290796,-77.08693378499515
38.86151296700076,-77.08693318534506
38.86152198310841,-77.0869325829959
38.86153095881836,-77.08693198334548
38.86153999774475,-77.08693205086199
38.861549012852414,-77.0869327101424
38.86155798376294,-77.08693336619083
38.86156699887057,-77.08693402547159
38.86157501721038,-77.0869346118582
38.86158398812088,-77.0869352679071
38.86159300322849,-77.08693592718834
38.861602018336114,-77.08693658646973
38.8616109892466,-77.08693724251914
38.861620004354194,-77.08693790180088
38.86162901946179,-77.08693856108277
38.861636993604414,-77.08693914423824
38.861646008711986,-77.08693980352045
38.86165497962243,-77.08694045957066
38.86166399472999,-77.0869411188532
38.86167300983756,-77.08694177813592
38.86168198074798,-77.08694243418664
38.86169099585552,-77.08694309346969
38.86170001096304,-77.0869437527529
38.86170798510562,-77.08694433590952
38.86171700021314,-77.08694499519305
38.861726015320656,-77.08694565447675
38.861734986231035,-77.08694631052845
38.86174400133853,-77.08694696981247
38.861753016446016,-77.08694762909667
38.861761987356374,-77.08694828514885
38.86177100246384,-77.08694894443337
38.86177902080349,-77.08694953082335
38.861787991713825,-77.08695018687601
38.86179700682129,-77.08695084616103
38.861806021928736,-77.0869515054462
38.86181499283905,-77.08695216149937
38.861824007946474,-77.08695282078487
38.861832978856775,-77.08695347683836
38.86184199405323,-77.0869541357072
38.861850012478776,-77.0869547152308
38.8618589840649,-77.08695536364327
38.86186799933335,-77.086956015213
38.86187701460179,-77.08695666678291
38.86188598618791,-77.08695731519586
38.861895001456325,-77.0869579667661
38.86190401672475,-77.0869586183365
38.86191298831084,-77.08695926674994
38.861922003579245,-77.08695991832066
38.861931018847635,-77.08696056989154
38.8619399904337,-77.08696121830549
38.861948008859194,-77.0869617978307
38.86195698044525,-77.08696244624495
38.86196599571362,-77.08696309781648
38.86197501098198,-77.08696374938818
38.86198398256801,-77.08696439780292
38.86199299783636,-77.08696504937494
38.862002013780234,-77.08696570104765
38.86201098235074,-77.08696638288812
38.86201999685536,-77.08696706822094
38.86202901135995,-77.08696775355394
38.862037979930435,-77.08696843539494
38.86204699443501,-77.08696912072826
38.862056008939604,-77.08696980606176
38.86206398100223,-77.0869704121431
38.86207299550679,-77.08697109747693
38.86208201001135,-77.08697178281095
38.86209097858179,-77.08697246465296
38.86209999308632,-77.08697314998732
38.86210900759085,-77.08697383532184
38.86211802209537,-77.08697452065654
38.86212699066578,-77.08697520249925
38.862136005170285,-77.0869758878343
38.862145019674784,-77.08697657316952
38.86215398824517,-77.08697725501274
38.862163002749654,-77.0869779403483
38.86217102074631,-77.08697854992364
38.862179989316665,-77.08697923176736
38.86218900382113,-77.08697991710342
38.86219801832558,-77.08698060243965
38.86220698689591,-77.0869812842839
38.862216001400334,-77.08698196962048
38.86222501590478,-77.08698265495724
38.86223398447509,-77.08698333680198
38.8622429989795,-77.08698402213909
38.8622520134839,-77.08698470747638
38.86226098205419,-77.08698538932164
38.86226999655858,-77.08698607465927
38.86227801455515,-77.08698668423644
38.862286983125415,-77.0869873660822
38.86229599762978,-77.08698805142032
38.86230501213413,-77.08698873675863
38.86231398070437,-77.0869894186049
38.862322995208714,-77.08699010394355
38.86233200971306,-77.08699078928237
38.862340978283264,-77.08699147112917
38.86234999278757,-77.08699215646833
38.86235900729188,-77.08699284180767
38.86236797586208,-77.08699352365498
38.86237699036638,-77.08699420899467
38.862385008362864,-77.08699481857367
38.862394022867136,-77.08699550391367
38.86240299143729,-77.08699618576166
38.862412005941565,-77.08699687110203
38.86242102044582,-77.08699755644255
38.86242998901596,-77.08699823829106
38.86243900352019,-77.08699892363194
38.8624479,-77.0869996
38.86245322925867,-77.086992275107
38.86245874495881,-77.08698469395439
38.86246418297766,-77.08697721957044
38.86246969867635,-77.08696963841618
38.862476499198124,-77.0869630166743
38.862483542001634,-77.08695710071913
38.86249095553581,-77.08695188146747
38.86249897086826,-77.08694692234067
38.86251098670017,-77.08694221872426
38.86251899864721,-77.08694302224734
38.86252800453291,-77.08694392545335
38.86253601647995,-77.0869447289768
38.86254502236561,-77.08694563218324
38.86255402825125,-77.0869465353899
38.862561979760436,-77.08694733285259
38.862570985646066,-77.0869482360597
38.86257997864578,-77.08694917584154
38.862589002040316,-77.08695098319905
38.86259704918125,-77.08695259501641
38.86260595401934,-77.08695437862829
38.862614977413706,-77.08695618598708
38.862624000808026,-77.08695799334635
38.86263302420229,-77.08695980070604
38.86264204759648,-77.0869616080662
38.86265095243431,-77.0869633916803
38.8626599758284,-77.08696519904136
38.862668999222436,-77.08696700640289
38.86267802261642,-77.08696881376484
38.86268704601034,-77.08697062112726
38.86269595084789,-77.08697240474359
38.86270497424171,-77.08697421210692
38.86271302138203,-77.08697582392948
38.86272204477574,-77.08697763129366
38.86273094961307,-77.08697941491174
38.86273997300668,-77.08698122227682
38.86274899640023,-77.08698302964234
38.86275801979373,-77.08698483700833
38.86276704318716,-77.08698664437476
38.86277594802423,-77.08698842799508
38.86278497141756,-77.08699023536242
38.86279399481084,-77.0869920427302
38.86280301820406,-77.08699385009845
38.86281204159723,-77.08699565746714
38.86282094643402,-77.0869974410897
38.86282996982708,-77.08699924845928
38.86283801696671,-77.08700086028745
38.86284704035966,-77.0870026676579
38.86285606375256,-77.0870044750288
38.86286496858909,-77.08700625865353
38.86287399198187,-77.08700806602533
38.86288301537461,-77.0870098733976
38.86289203876729,-77.08701168077033
38.8629009436036,-77.08701346439682
38.86290996699617,-77.08701527177044
38.86291899038868,-77.0870170791445
38.86292801378114,-77.08701888651903
38.862937037173545,-77.087020693894
38.86294594200959,-77.08702247752274
38.862954965401876,-77.08702428489862
38.86296301254084,-77.08702589673238
38.862972035933026,-77.08702770410912
38.862981059325165,-77.0870295114863
38.86298996416093,-77.08703129511723
38.86299898755296,-77.08703310249531
38.863008010944924,-77.08703490987385
38.86301703433685,-77.08703671725286
38.86302605772871,-77.08703852463229
38.863034962564214,-77.08704030826544
38.86304398595596,-77.08704211564579
38.86305300934766,-77.0870439230266
38.8630620327393,-77.08704573040787
38.863070937574584,-77.08704751404278
38.86307898471291,-77.08704912588175
38.863088008104384,-77.08705093326431
38.863097031495826,-77.08705274064732
38.86310605488719,-77.08705454803079
38.86311495972222,-77.0870563316679
38.86312398311348,-77.08705813905227
38.86313300650468,-77.0870599464371
38.86314202989585,-77.08706175382237
38.86315105328695,-77.0870635612081
38.86315995812169,-77.08706534484745
38.86316898151267,-77.08706715223407
38.8631780049036,-77.08706895962115
38.8631870282945,-77.0870707670087
38.86319593312903,-77.08707255064982
38.86320398026667,-77.08707416249437
38.86321300365739,-77.08707596988322
38.86322202704805,-77.08707777727251
38.86323105043867,-77.08707958466226
38.86323995527293,-77.08708136830556
38.863248978663435,-77.08708317569621
38.8632579646518,-77.08708525188183
38.863266953341636,-77.08708733247501
38.86327594203141,-77.0870894130687
38.8632849307211,-77.08709149366291
38.86329295087216,-77.08709335007184
38.863302075482984,-77.08709546212847
38.863311064172464,-77.0870975427242
38.86332005286188,-77.08709962332043
38.86332904155121,-77.08710170391718
38.86333803024048,-77.08710378451445
38.86334701892966,-77.08710586511224
38.8633560076188,-77.08710794571054
38.863364027769336,-77.08710980212314
38.86337301645832,-77.08711188272243
38.86338200514723,-77.08711396332221
38.86339099383606,-77.08711604392253
38.86339998252483,-77.08711812452337
38.86340897121352,-77.08712020512473
38.863417959902144,-77.08712228572661
38.863425980052234,-77.08712414214239
38.86343496874071,-77.08712622274524
38.86344395742914,-77.08712830334862
38.86345294611747,-77.0871303839525
38.863461934805734,-77.0871324645569
38.86347105941516,-77.08713457662343
38.86348004810329,-77.08713665722888
38.86348903679133,-77.08713873783483
38.86349705694093,-77.08714059425427
38.86350604562883,-77.08714267486123
38.86351503431666,-77.08714475546869
38.86352402300442,-77.08714683607666
38.863533011692105,-77.08714891668517
38.863542000379724,-77.08715099729419
38.863550989067264,-77.08715307790372
38.86355900921641,-77.08715493432632
38.86356799790381,-77.08715701493685
38.86357698659115,-77.08715909554789
38.86358597527841,-77.08716117615943
38.863594963965596,-77.0871632567715
38.8636039526527,-77.08716533738409
38.863612941339746,-77.0871674179972
38.863621930026724,-77.08716949861083
38.86362995017535,-77.08717135503709
38.86363907478342,-77.08717346711343
38.863648063470166,-77.08717554772855
38.86365705215687,-77.08717762834421
38.863666040843476,-77.08717970896036
38.863675029530015,-77.08718178957704
38.863684018216475,-77.08718387019425
38.86369300690287,-77.08718595081197
38.86370102705099,-77.08718780724189
38.863710015737254,-77.08718988786057
38.86371900442344,-77.08719196847979
38.86372799310955,-77.08719404909952
38.86373698179558,-77.08719612971977
38.863745970481546,-77.08719821034055
38.863754959167444,-77.08720029096183
38.86376297931512,-77.08720214739492
38.86377196800086,-77.08720422801719
38.86378095668655,-77.08720630863998
38.86378994537217,-77.08720838926328
38.863798934057705,-77.0872104698871
38.8638080586644,-77.08721258197332
38.863817047349784,-77.08721466259819
38.8638260360351,-77.08721674322356
38.86383405618227,-77.08721859966032
38.86384304486745,-77.08722068028669
38.86385203355256,-77.08722276091356
38.863861022237586,-77.08722484154096
38.86387001092255,-77.08722692216887
38.86387899960744,-77.08722900279732
38.86388798829226,-77.08723108342626
38.863896008438964,-77.08723293986618
38.86390499712364,-77.08723502049611
38.86391398580825,-77.08723710112656
38.86392297449278,-77.08723918175752
38.86393196317725,-77.08724126238901
38.863940951861636,-77.087243343021
38.86394994054596,-77.08724542365353
38.863958929230186,-77.08724750428657
38.8639669493764,-77.08724936073015
38.863976073981725,-77.08725147282621
38.863985062665755,-77.08725355346074
38.86399405134971,-77.0872556340958
38.864003040033595,-77.08725771473138
38.86401202871741,-77.08725979536749
38.86402101740116,-77.08726187600409
38.864029037546906,-77.08726373245086
38.86403802623051,-77.08726581308846
38.86404701491403,-77.08726789372658
38.864056003597504,-77.0872699743652
38.86406499228088,-77.08727205500433
38.8640739809642,-77.08727413564401
38.86408296964744,-77.08727621628418
38.864091958330604,-77.08727829692488
38.864099978475856,-77.08728015337532
38.86410896715888,-77.08728223401698
38.86411795584183,-77.08728431465919
38.86412694452471,-77.0872863953019
38.86413593320753,-77.08728847594513
38.86414505781147,-77.08729058805108
38.864154046494136,-77.08729266869534
38.86416303517673,-77.08729474934013
38.864171055321464,-77.08729660579422
38.86418004400391,-77.08729868644
38.8641890326863,-77.08730076708628
38.8641980213686,-77.0873028477331
38.86420701005083,-77.08730492838042
38.864215998733,-77.08730700902827
38.864224986997506,-77.08730909110314
38.86423397060819,-77.08731120593652
38.864242954218774,-77.08731332077043
38.86425193782929,-77.08731543560486
38.86426105952307,-77.08731758294606
38.864271010627185,-77.08731992553969
38.864279994237464,-77.08732204037577
38.86428897784767,-77.08732415521236
38.86429796145781,-77.08732627004949
38.86430694506785,-77.08732838488713
38.86431703425488,-77.08733075999005
38.864326016361886,-77.08733286176253
38.864335044468426,-77.08733462429754
38.86434395688738,-77.08733636424758
38.864352984993815,-77.08733812678346
38.86436299051478,-77.08734008013819
38.864372018621104,-77.087341842675
38.86438104672738,-77.08734360521225
38.86438995914606,-77.08734534516454
38.86439898725224,-77.08734710770266
38.86440899277291,-77.0873490610599
38.864418021667305,-77.0873508248218
38.86442704143781,-77.08735266497924
38.86443594056525,-77.08735448052431
38.86444398494848,-77.08735612169012
38.864453004718804,-77.0873579618489
38.864462024489086,-77.08735980200812
38.86447104425929,-77.0873616421678
38.86447994338646,-77.0873634577151
38.864487987769444,-77.08736509888291
38.86449700753949,-77.08736693904393
38.864506027309474,-77.0873687792054
38.86451504707942,-77.08737061936735
38.864523946206326,-77.08737243491684
38.864532965976146,-77.0873742750797
38.86454101035882,-77.08737591624994
38.864550030128534,-77.08737775641367
38.8645590498982,-77.08737959657786
38.86456794902481,-77.08738141212959
38.86457696879436,-77.08738325229469
38.864585988563846,-77.08738509246025
38.86459403294622,-77.08738673363291
38.8646030527156,-77.08738857379934
38.864611951841944,-77.08739038935329
38.86462097161121,-77.08739222952065
38.864629991380426,-77.08739406968846
38.86463803576256,-77.0873957108631
38.86464705553165,-77.08739755103181
38.86465595465772,-77.08739936658797
38.864664974426724,-77.08740120675758
38.86467399419565,-77.08740304692763
38.86468301396452,-77.08740488709816
38.86469105834636,-77.08740652827525
38.864699957472155,-77.08740834383362
38.86470897724086,-77.08741018400548
38.864717997009514,-77.0874120241778
38.86472701677811,-77.08741386435057
38.86473603654665,-77.0874157045238
38.86474396028522,-77.08741732109026
38.86475298005365,-77.08741916126436
38.86476199982202,-77.08742100143893
38.864771019590336,-77.08742284161396
38.86478003935861,-77.08742468178944
38.86478796309691,-77.08742629835787
38.86479698286508,-77.08742813853422
38.86480600263318,-77.08742997871104
38.86481502240121,-77.08743181888832
38.86482404216918,-77.08743365906606
38.864832941294154,-77.08743547463114
38.86484098567515,-77.08743711581506
38.86485000544297,-77.08743895599413
38.864859025210734,-77.08744079617365
38.86486804497843,-77.08744263635364
38.86487694410312,-77.08744445192094
38.86488596387071,-77.08744629210186
38.864894008251405,-77.08744793328819
38.864903028018894,-77.08744977346996
38.86491204778631,-77.08745161365219
38.864920946910736,-77.08745342922172
38.86492996667804,-77.08745526940488
38.86493801105848,-77.08745691059322
38.86494703082568,-77.08745875077724
38.86495605059284,-77.08746059096174
38.86496494971697,-77.08746240653348
38.864973969484005,-77.08746424671888
38.864982989251,-77.08746608690474
38.86499103363113,-77.0874677280955
38.865000053398006,-77.08746956828224
38.86500895252186,-77.08747138385621
38.865017972288626,-77.08747322404385
38.86502699205531,-77.08747506423197
38.8650360117412,-77.08747690944921
38.86504404820187,-77.0874786282563
38.86505305767871,-77.08748055516881
38.86506194099005,-77.087482455098
38.865070950466766,-77.08748438201144
38.865079959943415,-77.08748630892538
38.86508896941999,-77.0874882358398
38.865097978896536,-77.08749016275469
38.865106015356815,-77.08749188156474
38.86511502483323,-77.08749380848056
38.865124034309574,-77.08749573539686
38.86513304378585,-77.08749766231364
38.86514205326208,-77.08749958923089
38.8651509365728,-77.08750148916477
38.865159946048905,-77.08750341608298
38.86516895552494,-77.08750534300168
38.86517699198479,-77.08750706181512
38.86518600146071,-77.08750898873471
38.86519501093655,-77.08751091565482
38.86520402041235,-77.08751284257538
38.865213029888075,-77.08751476949644
38.86522203936374,-77.08751669641796
38.865231048839355,-77.08751862333997
38.8652389591334,-77.08752031517245
38.865247968608884,-77.08752224209537
38.8652569780843,-77.08752416901878
38.86526598755966,-77.08752609594265
38.865274997034966,-77.08752802286703
38.8652840065102,-77.08752994979187
38.86529301598537,-77.08753187671721
38.86530202546048,-77.08753380364303
38.86531006191952,-77.0875355224628
38.86531894522909,-77.08753742240555
38.86532795470403,-77.08753934933274
38.865336964178894,-77.08754127626041
38.865345973653696,-77.08754320318857
38.865354983128455,-77.08754513011722
38.86536399260313,-77.08754705704635
38.86537202906178,-77.0875487758691
38.86538103853634,-77.08755070279912
38.86539004801084,-77.08755262972964
38.865399057485284,-77.08755455666063
38.86540794079425,-77.08755645660807
38.86541695026855,-77.08755838354003
38.86542595974281,-77.08756031047247
38.865434969217,-77.08756223740538
38.865443005675196,-77.08756395623152
38.86545201514928,-77.08756588316535
38.86546102462329,-77.08756781009966
38.865470034097235,-77.08756973703446
38.86547904357112,-77.08757166396974
38.865488053044956,-77.08757359090549
38.8654969363533,-77.08757549085762
38.865505945826996,-77.08757741779434
38.86551398228477,-77.08757913662384
38.865522991758354,-77.08758106356147
38.86553200123186,-77.08758299049958
38.865541010705314,-77.08758491743816
38.865550020178716,-77.08758684437724
38.86555902965205,-77.08758877131679
38.86556803912532,-77.08759069825683
38.8655759494173,-77.08759239010513
38.86558495889045,-77.08759431704607
38.86559396836354,-77.0875962439875
38.865602977836566,-77.0875981709294
38.865611987309535,-77.08760009787179
38.865620996782425,-77.08760202481466
38.86563000625527,-77.087603951758
38.86563901572804,-77.08760587870184
38.86564705218499,-77.0876075975377
38.86565606165766,-77.08760952448245
38.86566494496485,-77.08761142444342
38.865673954437376,-77.08761335138912
38.86568296390985,-77.0876152783353
38.865691973382255,-77.08761720528196
38.865700982854605,-77.08761913222912
38.865709019311176,-77.08762085106792
38.8657180287834,-77.08762277801598
38.86572703825557,-77.08762470496454
38.86573604772767,-77.08762663191355
38.86574505719971,-77.08762855886305
38.865753940506295,-77.08763045882873
38.86576294997821,-77.08763238577919
38.86577195945007,-77.08763431273012
38.8657799959062,-77.08763603157233
38.865789005377934,-77.08763795852418
38.86579801484961,-77.08763988547652
38.865807024321214,-77.08764181242934
38.86581603379277,-77.08764373938264
38.86582504326425,-77.08764566633641
38.865834052735686,-77.08764759329068
38.86584293340732,-77.08764949598549
38.86585193429333,-77.08765148938642
38.865860935179285,-77.08765348278784
38.86587006645149,-77.08765550506608
38.8658790673373,-77.08765749846852
38.86588903934672,-77.08765970694373
38.86589804023239,-77.08766170034721
38.86590704111799,-77.08766369375118
38.86591604200353,-77.08766568715566
38.8659260137025,-77.08766789805897
38.86593501429325,-77.087669893664
38.865944985943806,-77.08767210457236
38.86595398653443,-77.08767410017843
38.86596298712497,-77.08767609578501
38.865972958775295,-77.08767830669508
38.865981959365705,-77.0876803023027
38.86599100547355,-77.0876819498694
38.866000046065,-77.08768357810516
38.86600897957613,-77.08768518705584
38.86601802016747,-77.0876868152924
38.86602695367853,-77.08768842424391
38.86603599426978,-77.08769005248128
38.866045034860996,-77.08769168071906
38.8660529876574,-77.08769311304206
38.866062028248514,-77.08769474128063
38.866070961759355,-77.0876963502341
38.86608000235039,-77.08769797847347
38.86608904294139,-77.08769960671324
38.86609797645209,-77.08770121566793
38.866107017043,-77.08770284390853
38.866115950553606,-77.08770445286402
38.866124991144424,-77.08770608110544
38.866133051020725,-77.08770753271715
38.86614198453121,-77.08770914167381
38.866151025121894,-77.08771076991641
38.866159958632295,-77.08771237887387
38.8661689992229,-77.08771400711727
38.86617803981345,-77.0877156353611
38.86618697332371,-77.08771724431976
38.866196013914184,-77.0877188725644
38.86620494742436,-77.08772048152389
38.866213007300296,-77.08772193313882
38.86622204789064,-77.08772356138465
38.86623098140069,-77.0877251703453
38.86624002199093,-77.08772679859193
38.8662489555009,-77.08772840755337
38.86625799609106,-77.08773003580083
38.86626692960093,-77.08773164476308
38.866275970191,-77.08773327301134
38.86628501078101,-77.08773490126
38.86629296357637,-77.08773633359259
38.86630200416631,-77.08773796184204
38.866310937675976,-77.08773957080626
38.866319978265814,-77.08774119905652
38.86632901885562,-77.0877428273072
38.86633795236516,-77.08774443627263
38.86634699295486,-77.08774606452413
38.86635592646431,-77.08774767349037
38.866363986339586,-77.08774912511143
38.86637302692918,-77.08775075336409
38.86638196043849,-77.0877523623315
38.866391001028,-77.08775399058499
38.866399934537206,-77.0877555995532
38.86640897512662,-77.0877572278075
38.866418015715986,-77.0877588560622
38.86642694922508,-77.08776046503164
38.86643598981436,-77.08776209328715
38.86644394260905,-77.08776352562576
38.866452983198236,-77.08776515388205
38.866462023787385,-77.08776678213874
38.86647095729626,-77.08776839111016
38.86647999788533,-77.08777001936767
38.86648795067982,-77.08777145170802
38.8664969912688,-77.08777307996633
38.86650494406322,-77.08777451230735
38.866513984652116,-77.0877761405664
38.86652204452672,-77.08777759219386
38.866530978035286,-77.08777920116796
38.86653903790979,-77.0877806527961
38.86654797317399,-77.08778224793696
38.86655701496759,-77.08778386166338
38.86656595061399,-77.08778545644569
38.86657499240751,-77.08778707017291
38.866584034200976,-77.08778868390054
38.86659296984725,-77.08779027868404
38.86660103058518,-77.08779171731922
38.86660996623137,-77.08779331210347
38.866619008024685,-77.08779492583268
38.86662804981794,-77.0877965395623
38.866636985463984,-77.08779813434775
38.86664602725716,-77.08779974807818
38.866654962903134,-77.08780134286442
38.8666630236408,-77.08780278150208
38.86667195928669,-77.08780437628909
38.866681001079684,-77.0878059900211
38.86669004287265,-77.08780760375349
38.8666989785184,-77.0878091985417
38.86670802031128,-77.08781081227492
38.86671695595694,-77.08781240706392
38.866725997749725,-77.08781402079795
38.86673405848708,-77.08781545943845
38.86674299413263,-77.08781705422861
38.866752035925295,-77.0878186679638
38.86676097157075,-77.08782026275476
38.86677001336332,-77.08782187649076
38.86677894900869,-77.08782347128252
38.86678799080117,-77.08782508501935
38.86679605153827,-77.08782652366233
38.8668049871835,-77.08782811845525
38.86681402897587,-77.08782973219321
38.866822964621015,-77.08783132698693
38.8668320064133,-77.08783294072573
38.86684104820552,-77.08783455446492
38.86684998385054,-77.08783614925984
38.86685902564268,-77.08783776299985
38.866866980232324,-77.08783918270099
38.86687602202437,-77.08784079644175
38.866884957669235,-77.08784239123823
38.866893999461205,-77.08784400497981
38.866903041253124,-77.08784561872179
38.86691197689786,-77.08784721351947
38.86692101868969,-77.08784882726226
38.86692897327906,-77.08785024696586
38.866938015070815,-77.0878518607094
38.86694705686252,-77.08785347445338
38.86695599322017,-77.08785506292094
38.86696503554525,-77.0878566701186
38.86697397214356,-77.0878582585246
38.86698301446855,-77.08785986572306
38.86699195106678,-77.08786145412986
38.86700099339169,-77.08786306132913
38.86701003571655,-77.08786466852881
38.86701897231465,-77.0878662569368
38.867028014639416,-77.08786786413728
38.86703597002951,-77.0878692781442
38.86704501235421,-77.08787088534544
38.867054054678874,-77.08787249254708
38.86706299127676,-77.08787408095704
38.86707203360132,-77.08787568815947
38.86708097019912,-77.08787727657023
38.8670900125236,-77.08787888377347
38.86709894912131,-77.08788047218502
38.8671079914457,-77.08788207938908
38.86711703377004,-77.08788368659354
38.86712597036763,-77.08788527500627
38.8671350126919,-77.08788688221155
38.8671439492894,-77.08788847062509
38.86715201040571,-77.0878899034287
38.86716105272985,-77.08789151063515
38.86716998932723,-77.08789309904984
38.86717903165128,-77.08789470625707
38.86718796824856,-77.08789629467256
38.86719701057251,-77.0878979018806
38.86720594716972,-77.08789949029688
38.86721498949362,-77.08790109750572
38.86722403181743,-77.08790270471498
38.86723296841451,-77.08790429313245
38.86724201073825,-77.08790590034252
38.86725094733524,-77.08790748876079
38.867259989658905,-77.08790909597165
38.86726805077472,-77.08791052877991
38.86727698737158,-77.08791211719935
38.867286029695116,-77.08791372441137
38.867294966291894,-77.0879153128316
38.86730400861534,-77.08791692004444
38.86731305093875,-77.08791852725767
38.86732198753539,-77.0879201156791
38.867331029858704,-77.08792172289313
38.86733996645526,-77.08792331131535
38.867349008778504,-77.08792491853019
38.867357945374984,-77.08792650695321
38.86736698769813,-77.08792811416886
38.86737603002122,-77.08792972138494
38.86738398540984,-77.08793113540557
38.86739302773285,-77.08793274262239
38.86740196432912,-77.08793433104735
38.86741100665205,-77.08793593826498
38.86742004897494,-77.08793754548302
38.867428985571074,-77.08793913390916
38.867438027893876,-77.08794074112801
38.86744696448992,-77.08794232955495
38.86745600681264,-77.0879439367746
38.867464943408606,-77.08794552520234
38.86747398573123,-77.08794713242278
38.86748302805382,-77.08794873964365
38.86749196464965,-77.08795032807258
38.867500025764485,-77.08795176089012
38.86750896236023,-77.0879533493198
38.867518004682644,-77.08795495654223
38.86752704700502,-77.08795656376506
38.86753598360064,-77.08795815219595
38.86754502592293,-77.08795975941958
38.86755396251846,-77.08796134785126
38.86756300484066,-77.0879629550757
38.867572047162824,-77.08796456230054
38.86758098375824,-77.08796615073342
38.8675900236643,-77.08796775067528
38.86759795880376,-77.08796190318155
38.86760608489291,-77.0879561995134
38.86761388333545,-77.08795072581763
38.867622009423634,-77.08794502214722
38.86762980786524,-77.0879395484493
38.86763793395247,-77.08793384477661
38.86764606003922,-77.0879281411028
38.867653858479414,-77.0879226674016
38.867661984565196,-77.08791696372549
38.86766978300446,-77.08791149002214
38.86767790908929,-77.08790578634377
38.867686035173634,-77.08790008266426
38.8676938336115,-77.08789460895763
38.86770195969488,-77.08788890527585
38.867709758131795,-77.08788343156706
38.867717884214215,-77.08787772788303
38.86772601029616,-77.08787202419781
38.86773380873168,-77.08786655048574
38.867741934812656,-77.08786084679826
38.867750060893165,-77.08785514310965
38.86775785932726,-77.08784966939433
38.86776598540681,-77.08784396570341
38.867773783839965,-77.08783849198595
38.867781909918556,-77.08783278829279
38.867790035996656,-77.08782708459846
38.86779783442841,-77.08782161087771
38.86780596050556,-77.08781590718112
38.86781375893637,-77.08781043345823
38.86782172016216,-77.08780468120422
38.867827013904915,-77.08779701584069
38.867833134486226,-77.08778815320885
38.86783886855153,-77.08777985025183
38.86784498913098,-77.08777098761784
38.8678507231945,-77.08776268465887
38.867856843772095,-77.08775382202276
38.867862137510144,-77.08774615665365
38.867868258085956,-77.08773729401544
38.867873992146,-77.08772899105261
38.867880112719966,-77.08772012841227
38.86788584677823,-77.0877118254475
38.86789196735032,-77.08770296280501
38.86789770140681,-77.08769465983829
38.86790338165399,-77.08768643478575
38.867909115708784,-77.0876781318171
38.86791523627724,-77.0876692691704
38.86792097033026,-77.08766096619982
38.86792615682739,-77.08765179780939
38.86793052091755,-77.08764135925225
38.86793498571718,-77.08763067980244
38.86793934980498,-77.08762024124388
38.86794349009298,-77.08761033799378
38.86794763037997,-77.08760043474295
38.86795199446438,-77.08758999618234
38.867956459258366,-77.08757931672842
38.8679608233404,-77.0875688781664
38.8679649636231,-77.08755897491261
38.8679691039048,-77.08754907165809
38.86797346798343,-77.08753863309407
38.867977932771765,-77.08752795363598
38.867982296848034,-77.08751751507052
38.867986437125445,-77.08750761181304
38.86799057740184,-77.08749770855484
38.86799471767722,-77.08748780529591
38.867999081748984,-77.08747736672774
38.86800322202225,-77.08746746346739
38.86800736229451,-77.08745756020629
38.86801150256577,-77.08744765694445
38.868015642836,-77.08743775368188
38.86802010761332,-77.0874270742155
38.86802447167832,-77.08741663564315
38.86802861194537,-77.08740673237833
38.868032752211406,-77.08739682911276
38.86803689247644,-77.08738692584647
38.86804103274046,-77.08737702257943
38.868045173003466,-77.08736711931165
38.86804953706175,-77.0873566807352
38.86805367732265,-77.087346777466
38.86805781758254,-77.08733687419607
38.868061957841405,-77.0873269709254
38.86806609809927,-77.08731706765398
38.868070462151955,-77.08730662907413
38.8680746024077,-77.08729672580131
38.86807906716962,-77.08728604632338
38.86808321132069,-77.08727616544344
38.8680876801068,-77.08726674955494
38.868092224013935,-77.08725717538093
38.868097038826185,-77.08724703039711
38.868101853637306,-77.08723688541241
38.868106397541446,-77.08722731123581
38.86811086632244,-77.08721789534366
38.86811568113031,-77.08720775035654
38.8681202250315,-77.08719817617741
38.86812503983721,-77.0871880311886
38.86812985464181,-77.08717788619894
38.86813439853996,-77.08716831201723
38.86813886731479,-77.08715889612068
38.86814368211614,-77.0871487511286
38.86814822601134,-77.08713917694435
38.86815304081052,-77.08712903195057
38.868157855608565,-77.08711888695596
38.868162053473476,-77.08711004186438
38.86816686826941,-77.08709989686815
38.86817168306422,-77.0870897518711
38.868176226953466,-77.08708017768174
38.8681810417461,-77.08707003268299
38.86818551051062,-77.08706061677917
38.86819005439692,-77.0870510425873
38.86819486918632,-77.08704089758612
38.86819941307063,-77.08703132339248
38.86820422785786,-77.08702117838959
38.868209042643954,-77.08701103338589
38.86821324049864,-77.087002188286
38.86821805528263,-77.08699204328067
38.86822287006549,-77.08698189827453
38.868227413943835,-77.08697232407577
38.86823222872452,-77.08696217906792
38.86823669747778,-77.08695276315606
38.86824124135316,-77.08694318895482
38.86824605613063,-77.08693304394451
38.86825087090695,-77.08692289893341
38.868255414779334,-77.08691332472952
38.86825988352746,-77.08690390881402
38.86826469830056,-77.08689376380046
38.86826924216997,-77.08688418959407
38.8682740569409,-77.08687404457882
38.868278871710665,-77.08686389956274
38.868283415577096,-77.08685432535377
38.86828788431906,-77.08684490943384
38.8682926990856,-77.08683476441531
38.86829724294906,-77.08682519020381
38.86830205771343,-77.0868150451836
38.86830687247667,-77.08680490016256
38.86831107031179,-77.08679605504678
38.868315885072924,-77.08678591002413
38.86832069983293,-77.08677576500065
38.86832524369042,-77.08676619078402
38.86833005844825,-77.08675604575885
38.86833487320496,-77.08674590073284
38.86833907103446,-77.0867370556125
38.86834388578907,-77.08672691058489
38.86834842964163,-77.086717336364
38.868353244394044,-77.0867071913347
38.86835805914535,-77.08669704630455
38.86836225697024,-77.08668820118044
38.8683669924486,-77.08667799442568
38.86837159772237,-77.08666770304522
38.86837595468905,-77.08665796655221
38.86838031165474,-77.08664823005837
38.86838491692524,-77.08663793867558
38.86838927388888,-77.08662820218017
38.86839387915713,-77.08661791079584
38.868398236118736,-77.0866081742988
38.86840284138475,-77.08659788291295
38.868407198344315,-77.08658814641434
38.8684118036081,-77.08657785502696
38.86841616056561,-77.08656811852671
38.86842076582716,-77.0865578271378
38.86842512278265,-77.08654809063594
38.86842972804195,-77.0865377992455
38.86843408499539,-77.08652806274205
38.86843844194785,-77.0865183262378
38.86844304720386,-77.08650803484501
38.868447404154274,-77.08649829833914
38.86845200940805,-77.08648800694486
38.868456366356426,-77.08647827043738
38.86846097160797,-77.08646797904153
38.8684653285543,-77.08645824253246
38.8684699338036,-77.0864479511351
38.86847429074789,-77.08643821462442
38.86847889599497,-77.08642792322553
38.86848325293721,-77.08641818671325
38.86848760987847,-77.08640845020014
38.86849221512225,-77.08639815879893
38.868496572061474,-77.08638842228423
38.86850117730302,-77.08637813088147
38.8685055342402,-77.08636839436515
38.8685101394795,-77.08635810296089
38.86851449641463,-77.08634836644298
38.868519101651714,-77.08633807503718
38.86852345858481,-77.08632833851765
38.86852786013001,-77.08631790684105
38.868531889704066,-77.08630792653855
38.868536237464255,-77.08629715816056
38.868540797148384,-77.08628586489286
38.86854482671914,-77.08627588458816
38.86854917447581,-77.08626511620768
38.86855320404445,-77.08625513590151
38.86855776372358,-77.08624384263075
38.868562111476734,-77.0862330742478
38.868566141042066,-77.08622309393942
38.8685707007174,-77.08621180066635
38.86857493437807,-77.08620099090318
38.86857585962322,-77.08618998054034
38.86857678486732,-77.08617897017737
38.86857771011039,-77.08616795981428
38.86857863535239,-77.08615694945107
38.868579549078426,-77.08614607611541
38.868580474318364,-77.08613506575179
38.86858148262302,-77.08612306690294
38.86858240786078,-77.08611205653906
38.86858333309748,-77.08610104617507
38.86858396539205,-77.08608999913197
38.86858414777425,-77.08607800370638
38.86858431495686,-77.08606700789949
38.868584497717904,-77.08605498740225
38.86858468009654,-77.08604299197656
38.86858486247393,-77.08603099655076
38.86858504485011,-77.08601900112485
38.86858521202719,-77.08600800531772
38.86858539440101,-77.08599600989164
38.86858557715476,-77.08598398939503
38.86858575952613,-77.08597199396895
38.86858592669879,-77.08596099816162
38.86858610906781,-77.08594900273536
38.86858629143559,-77.08593700730903
38.868586473802154,-77.08592501188257
38.86858665654862,-77.08591299138658
38.86858682371576,-77.085901995579
38.86858701163317,-77.0858900005589
38.86858736062772,-77.0858780173256
38.86858768193552,-77.0858669847193
38.86858800184509,-77.08585600008865
38.868588350836156,-77.085844016855
38.868588672140746,-77.0858329842489
38.868589021129466,-77.08582100101509
38.86858934103471,-77.08581001638396
38.86858969141825,-77.08579798517518
38.868590011321345,-77.0857870005439
38.86859036030537,-77.0857750173096
38.868590681603436,-77.08576398470382
38.86859103058511,-77.08575200146933
38.86859135048389,-77.08574101683759
38.86859170086033,-77.08572898562907
38.86859202075695,-77.08571800099719
38.86859236973392,-77.0857060177622
38.868592691025476,-77.08569498515676
38.868593010918914,-77.08568400052455
38.868593359892415,-77.08567201728923
38.86859368118076,-77.08566098468398
38.8685940301519,-77.0856490014485
38.86859435004104,-77.08563801681582
38.86859470040685,-77.08562598560775
38.86859502029384,-77.08561500097491
38.868595369260284,-77.08560301773892
38.8685956905421,-77.08559198513399
38.8685960395062,-77.08558000189781
38.86859635938887,-77.08556901726453
38.86859670974758,-77.08555698605673
38.8685970296281,-77.08554600142328
38.86859734950758,-77.08553501678966
38.868597699862796,-77.08552298558203
38.868598019740126,-77.08551200094827
38.86859836869605,-77.08550001771125
38.86859868996814,-77.08548898510686
38.86859903892171,-77.0854770018697
38.86859935879473,-77.08546601723546
38.86859970952366,-77.08545398549005
38.86860799971467,-77.08545299700187
38.86861696099428,-77.08545159014223
38.86862601604179,-77.08545016856132
38.86863497732134,-77.08544876170099
38.86864304708972,-77.08544749480157
38.8686520083692,-77.08544608794057
38.868660969648666,-77.08544468107921
38.86867002469601,-77.08544325949654
38.86867898597538,-77.08544185263449
38.86868696197569,-77.08544060045446
38.86869601702294,-77.08543917887077
38.86870479195934,-77.08543798509126
38.86871400044396,-77.08543784288749
38.86872300032541,-77.08543788484008
38.868732000206876,-77.08543792679265
38.86874100008832,-77.08543796874527
38.86874999996977,-77.08543801069787
38.86875899985122,-77.0854380526505
38.868767999732675,-77.08543809460313
38.868776999614134,-77.08543813655578
38.86878599949558,-77.08543817850844
38.86879499937703,-77.0854382204611
38.868803999258475,-77.08543826241379
38.868812999139934,-77.08543830436648
38.86882199902139,-77.08543834631918
38.86883099890284,-77.0854383882719
38.86883999878429,-77.08543843022461
38.86884899866574,-77.08543847217734
38.86885800137292,-77.08543851414326
38.86886700125437,-77.08543855609601
38.86887600113582,-77.08543859804877
38.86888500101727,-77.08543864000154
38.86889400089871,-77.08543868195433
38.86890300078018,-77.08543872390712
38.86891200066163,-77.08543876585992
38.868921000543075,-77.08543880781275
38.86893000042453,-77.08543884976558
38.86893900030597,-77.08543889171841
38.86894800018744,-77.08543893367126
38.86895700006888,-77.08543897562411
38.86896599995033,-77.08543901757699
38.86897499983178,-77.08543905952986
38.86898399971323,-77.08543910148276
38.868992999594695,-77.08543914343566
38.86900199947614,-77.08543918538857
38.869010999357585,-77.0854392273415
38.86901999923903,-77.08543926929443
38.86902899912048,-77.08543931124737
38.86903799900195,-77.08543935320033
38.86904699888339,-77.08543939515329
38.86905599876484,-77.08543943710627
38.869064998646294,-77.08543947905926
38.869074001353454,-77.08543952102544
38.86908300123492,-77.08543956297844
38.86909200111637,-77.08543960493145
38.869101000997816,-77.08543964688448
38.86911000087927,-77.08543968883751
38.86911900076071,-77.08543973079057
38.86912800064218,-77.08543977274363
38.86913700052362,-77.08543981469671
38.869146000405074,-77.08543985664978
38.86915500028652,-77.08543989860289
38.869163999321174,-77.08543983935795
38.869172999056076,-77.0854397766217
38.86918199879098,-77.08543971388545
38.86919099852587,-77.08543965114919
38.86919999826077,-77.08543958841291
38.86920899799566,-77.08543952567662
38.86921800195611,-77.08543946291086
38.869228001661554,-77.08543939320381
38.86923700139645,-77.08543933046747
38.86924600113134,-77.0854392677311
38.86925500086625,-77.08543920499473
38.86926400060114,-77.08543914225832
38.86927300033603,-77.08543907952193
38.86928200007094,-77.0854390167855
38.86929099980582,-77.08543895404905
38.86929999954073,-77.0854388913126
38.869308999275624,-77.08543882857613
38.86931799901051,-77.08543876583964
38.86932699874541,-77.08543870310314
38.869335998480295,-77.08543864036662
38.869344998215205,-77.08543857763009
38.8693539979501,-77.08543851489353
38.86936300191054,-77.0854384521275
38.86937200164544,-77.08543838939092
38.86938100138033,-77.08543832665431
38.869390001115235,-77.0854382639177
38.86939900085013,-77.08543820118106
38.86940800058502,-77.08543813844442
38.86941700031991,-77.08543807570777
38.869426000054816,-77.08543801297108
38.86943499978971,-77.08543795023438
38.869443999524606,-77.08543788749768
38.869452999259494,-77.08543782476094
38.86946199899439,-77.0854377620242
38.869470998729284,-77.08543769928744
38.86947999846419,-77.08543763655067
38.86948899819908,-77.08543757381388
38.86949799793397,-77.08543751107707
38.86950700189441,-77.0854374483108
38.86951600162931,-77.08543738557395
38.86952500136421,-77.0854373228371
38.8695340010991,-77.08543726010022
38.86954300083399,-77.08543719736333
38.86955200056888,-77.08543713462645
38.86956100030378,-77.08543707188953
38.86957000003868,-77.0854370091526
38.86957899977357,-77.08543694641564
38.869588999479,-77.0854368767079
38.86959799921391,-77.08543681397092
38.86960699894879,-77.08543675123391
38.86961599868369,-77.08543668849691
38.86962499841858,-77.08543662575987
38.86963399815347,-77.08543656302282
38.86964299788837,-77.08543650028577
38.86965200184882,-77.08543643751923
38.869661001583715,-77.08543637478213
38.869670001318596,-77.08543631204502
38.869679001053484,-77.0854362493079
38.869688000788386,-77.08543618657076
38.86969700052329,-77.08543612383359
38.86970600025817,-77.08543606109643
38.869714999993064,-77.08543599835923
38.86972399972795,-77.08543593562203
38.86973299946285,-77.08543587288482
38.86974199919775,-77.08543581014757
38.86975099893263,-77.08543574741032
38.86976000179985,-77.08543572365737
38.86976900117006,-77.08543582035172
38.86977800054028,-77.0854359170461
38.86978699991051,-77.0854360137405
38.869795999280726,-77.08543611043493
38.86980499865094,-77.08543620712938
38.869813998021165,-77.08543630382383
38.86982299739138,-77.08543640051833
38.8698319967616,-77.08543649721285
38.86984100264447,-77.08543659397738
38.86985000201468,-77.08543669067194
38.86985900138491,-77.08543678736653
38.869868000755126,-77.08543688406117
38.869877000125335,-77.0854369807558
38.86988599949556,-77.08543707745046
38.86989499886576,-77.08543717414516
38.86990399823599,-77.08543727083986
38.869911997676176,-77.08543735679075
38.86992099704639,-77.08543745348551
38.86993000292927,-77.08543755025028
38.869939002299496,-77.08543764694508
38.86994800166971,-77.08543774363991
38.86995700103992,-77.08543784033479
38.86996600041014,-77.08543793702967
38.869974999780354,-77.08543803372459
38.86998399915057,-77.08543813041952
38.869992998520786,-77.08543822711447
38.87000199789099,-77.08543832380946
38.870010997261204,-77.08543842050446
38.870020003144084,-77.08543851726947
38.87002900251431,-77.08543861396453
38.87003800188452,-77.0854387106596
38.870047001254726,-77.08543880735472
38.870056000624935,-77.08543890404984
38.870064999995144,-77.085439000745
38.87007399936537,-77.08543909744017
38.87008299873558,-77.08543919413538
38.87009199810579,-77.0854392908306
38.870100997476,-77.08543938752585
38.870110003358874,-77.08543948429111
38.87011900272909,-77.0854395809864
38.8701280020993,-77.08543967768173
38.87013700146951,-77.08543977437708
38.87014600083972,-77.08543987107247
38.870155000209934,-77.08543996776785
38.87016399958015,-77.08544006446327
38.87017299895035,-77.08544016115873
38.87018199832056,-77.08544025785419
38.87019099769077,-77.0854403545497
38.87019999706097,-77.08544045124522
38.870209002943874,-77.08544054801074
38.870217002384045,-77.08544063396235
38.87022600175426,-77.08544073065795
38.87023500112446,-77.08544082735357
38.87024400049468,-77.08544092404921
38.87025299986488,-77.08544102074488
38.8702619992351,-77.08544111744055
38.87027099860531,-77.08544121413628
38.870279997975516,-77.08544131083201
38.870288997345725,-77.08544140752778
38.8702980032286,-77.08544150429356
38.87030700259881,-77.08544160098936
38.870316001969016,-77.0854416976852
38.870325001339225,-77.08544179438105
38.870334000709434,-77.08544189107694
38.870343000079636,-77.08544198777285
38.870351999449845,-77.08544208446878
38.870360998820054,-77.08544218116475
38.870369998190256,-77.08544227786074
38.870378997560465,-77.08544237455675
38.87038800344334,-77.08544247132275
38.87039700281355,-77.0854425680188
38.87040600218375,-77.08544266471489
38.87041500155396,-77.08544276141099
38.87042400092417,-77.08544285810713
38.870433000294376,-77.08544295480328
38.87044199966458,-77.08544305149947
38.87045099903478,-77.08544314819567
38.87045999840499,-77.08544324489189
38.87046899777519,-77.08544334158815
38.87047800365807,-77.0854434383544
38.87048700302827,-77.0854435350507
38.870496002398475,-77.08544363174704
38.870505001768684,-77.08544372844338
38.870514001138886,-77.08544382513976
38.87052200057907,-77.08544391109211
38.870530999949274,-77.08544400778852
38.870539999319476,-77.08544410448498
38.87054899868968,-77.08544420118145
38.870557998059894,-77.08544429787794
38.87056700394276,-77.08544439464444
38.870576003312955,-77.085444491341
38.87058500268316,-77.08544458803755
38.87059400205336,-77.08544468473416
38.87060300142357,-77.08544478143077
38.87061200079377,-77.0854448781274
38.87062100016398,-77.08544497482407
38.87062999953418,-77.08544507152077
38.87063899890438,-77.08544516821748
38.870647998274585,-77.08544526491421
38.87065699764479,-77.08544536161098
38.87066600352765,-77.08544545837775
38.87067500289785,-77.08544555507457
38.87068400226806,-77.08544565177141
38.870693001638266,-77.08544574846827
38.87070200100846,-77.08544584516515
38.870711000378655,-77.08544594186206
38.87071999974885,-77.08544603855901
38.87072899911906,-77.08544613525596
38.87073799848926,-77.08544623195296
38.87074699785947,-77.08544632864995
38.87075600374233,-77.08544642541698
38.870765003112524,-77.08544652211403
38.870774002482726,-77.0854466188111
38.870783001852935,-77.08544671550821
38.87079200122314,-77.08544681220535
38.870801000593325,-77.0854469089025
38.87080999996353,-77.08544700559969
38.87081899933373,-77.0854471022969
38.8708269987739,-77.08544718824999
38.8708359981441,-77.08544728494725
38.87084500402697,-77.08544738171449
38.87085400339717,-77.0854474784118
38.870863002767365,-77.08544757510911
38.87087200213755,-77.08544767180646
38.870881001507755,-77.08544776850384
38.87089000087796,-77.08544786520125
38.87089900024816,-77.08544796189867
38.87090799961836,-77.08544805859611
38.87091699898855,-77.08544815529358
38.87092599835875,-77.08544825199108
38.870935004241616,-77.08544834875858
38.87094400361181,-77.08544844545612
38.87095300298202,-77.08544854215369
38.8709620023522,-77.08544863885128
38.8709710017224,-77.08544873554891
38.870979997736136,-77.08544904558818
38.8709890107277,-77.08544978397359
38.87099797426129,-77.08545051830735
38.871006987252834,-77.08545125669313
38.87101500429619,-77.0854519134864
38.871024017287716,-77.08545265187254
38.871032980821276,-77.08545338620704
38.871041993812796,-77.08545412459353
38.87105100680429,-77.08545486298023
38.87106001979578,-77.0854556013671
38.871068983329295,-77.08545633570233
38.87107799632077,-77.08545707408958
38.87108601336407,-77.08545773088416
38.87109497689756,-77.08545846521993
38.87110398988901,-77.08545920360773
38.87111300288045,-77.0854599419957
38.87112201587188,-77.08546068038385
38.87113097940533,-77.08546141472037
38.871139992396735,-77.08546215310889
38.87114900538813,-77.08546289149763
38.87115702243136,-77.08546354829352
38.871165985964794,-77.08546428263075
38.87117499895617,-77.08546502102
38.87118401194753,-77.08546575940946
38.87119297548092,-77.08546649374725
38.871201988472265,-77.08546723213706
38.8712110014636,-77.08546797052708
38.87122001445493,-77.08546870891728
38.871227982040125,-77.08546936166263
38.87123699503144,-77.08547010005317
38.871246008022744,-77.0854708384439
38.87125502101403,-77.08547157683482
38.87126398454734,-77.08547231117407
38.871272997538625,-77.08547304956537
38.87128201052988,-77.08547378795684
38.871290974063186,-77.08547452229665
38.87129899110628,-77.08547517909516
38.871308004097514,-77.08547591748719
38.87131701708875,-77.08547665587938
38.871325980622004,-77.08547739021992
