38.859269812051664,-77.101729495289
38.85927892477404,-77.10173519823846
38.85928915223671,-77.10174159881974
38.85929684356886,-77.10174641223358
38.85930484154909,-77.10175141755613
38.85931203143676,-77.10175591715658
38.85932002941626,-77.10176092248108
38.85932691265485,-77.1017652301754
38.859334910633635,-77.10177023550177
38.85934290861204,-77.1017752408292
38.85934992067187,-77.10177924217328
38.859358109429365,-77.10178366593357
38.85936686951642,-77.1017883983408
38.8593750582733,-77.10179282210305
38.85938296871309,-77.10179709551281
38.859390879152606,-77.10180136892343
38.85939991755507,-77.10180625168822
38.85940782799396,-77.10181052510073
38.8594160167493,-77.10181494886768
38.8594239271876,-77.101819222282
38.85943268727197,-77.10182395469732
38.85944087602637,-77.10182837846715
38.859448786463766,-77.10183265188421
38.85945697521756,-77.1018370756559
38.859465735300596,-77.10184180807529
38.859473645737076,-77.10184608149511
38.85948183448995,-77.10185050526965
38.85948974492583,-77.10185477869128
38.8594987833242,-77.1018596614686
38.85950669375947,-77.10186393489211
38.85951460419446,-77.10186820831646
38.85952279294579,-77.10187263209573
38.85953155302614,-77.10187736452322
38.85953974177685,-77.10188178830442
38.85954765221062,-77.10188606173247
38.85955584096073,-77.10189048551554
38.85956375139391,-77.10189475894539
38.859571940143425,-77.1018991827303
38.85957985057601,-77.10190345616193
38.85958803932494,-77.10190787994874
38.85959594975695,-77.10191215338214
38.8596047098343,-77.10191688581861
38.859612898582284,-77.10192130960826
38.85962080901337,-77.10192558304442
38.85962899950172,-77.1019300016134
38.859636979570716,-77.10193406614923
38.85964582371852,-77.10193857079258
38.85965407064595,-77.10194277125117
38.8596620507141,-77.10194683578968
38.85967089486099,-77.101951340436
38.85967914178758,-77.10195554089735
38.859687121854925,-77.10195960543854
38.85969596600088,-77.1019641100878
38.85970394606766,-77.10196817463078
38.85971305707196,-77.10197281520323
38.859721037138186,-77.10197687974802
38.859729017204145,-77.10198094429366
38.85973786134856,-77.10198544894789
38.8597461082729,-77.10198964941662
38.85975408833804,-77.10199371396493
38.859762932481544,-77.1019982186221
38.85977091254611,-77.10200228317221
38.859779159469355,-77.1020064836446
38.859788003611925,-77.10201098830473
38.859795983675674,-77.1020150528575
38.85980396373916,-77.10201911741112
38.85981307473973,-77.10202375799575
38.85982105480265,-77.1020278225512
38.85982903486532,-77.10203188710749
38.85983787900606,-77.10203639177352
38.85984612592704,-77.10204059225329
38.859854105988894,-77.10204465681225
38.85986295012871,-77.10204916148122
38.859870930189985,-77.10205322604199
38.859879177109875,-77.10205742652542
38.859888021248764,-77.10206193119735
38.859896001309224,-77.10206599576077
38.859903981369435,-77.10207006032505
38.85991282550741,-77.10207456499991
38.85992107242588,-77.10207876548795
38.85992905248525,-77.1020828300549
38.85993789662232,-77.10208733473272
38.859945876681124,-77.10209139930146
38.85995412359849,-77.10209559979315
38.85996296773464,-77.10210010447392
38.85997094779262,-77.10210416904533
38.85997892785036,-77.1021082336176
38.85998803884438,-77.10211287422352
38.85999601890154,-77.10211693879761
38.86000399895843,-77.10212100337255
38.86001284309275,-77.10212550805919
38.86002109000787,-77.10212970855828
38.86002907006394,-77.10213377313589
38.86003791419733,-77.10213827782549
38.86004589425284,-77.10214234240489
38.86005414116685,-77.10214654290762
38.860062985299315,-77.10215104760017
38.86007096535401,-77.10215511218225
38.860078945408446,-77.10215917676517
38.86008805639873,-77.10216381738327
38.860096036452596,-77.10216788196801
38.8601040165062,-77.10217194655361
38.86011286063684,-77.10217645125205
38.86012110754861,-77.10218065176217
38.86012908760138,-77.10218471635042
38.86013793173108,-77.10218922105183
38.86014591178331,-77.10219328564189
38.86015415869398,-77.10219748615566
38.860163002822766,-77.10220199086002
38.86017098287416,-77.10220605545274
38.860178962925296,-77.10221012004631
38.86018807391185,-77.1022147606766
38.860196053962426,-77.10221882527199
38.86020403401273,-77.10222288986823
38.860212878139684,-77.10222739457848
38.86022085818944,-77.10223145917651
38.86022910509758,-77.10223565969855
38.860237949223624,-77.10224016441175
38.860245929272544,-77.10224422901246
38.8602539093212,-77.10224829361401
38.86026302030496,-77.10225293425343
38.860271000353066,-77.1022569988568
38.8602789804009,-77.10226106346103
38.860287824525095,-77.1022655681801
38.860296071431,-77.10226976870953
38.86030405147802,-77.10227383331645
38.86031289560128,-77.10227833803847
38.860320875647744,-77.10228240264718
38.860329122552535,-77.10228660318026
38.86033796667489,-77.10229110790524
38.86034594672053,-77.10229517251659
38.860353926765896,-77.10229923712882
38.86036303774591,-77.1023038777804
38.860371017790726,-77.10230794239443
38.86037899783527,-77.10231200700932
38.86038697787955,-77.10231607162504
38.860396088858316,-77.10232071228067
38.86040406890204,-77.10232477689821
38.8604120489455,-77.10232884151661
38.86042089306482,-77.1023333462514
38.86042913996625,-77.10233754679552
38.86043712000888,-77.10234161141658
38.86044596412727,-77.10234611615432
38.860453944169336,-77.10235018077718
38.86046219106967,-77.10235438132496
38.86047103518713,-77.10235888606564
38.860479015228385,-77.10236295069117
38.86048699526937,-77.10236701531755
38.860495843615006,-77.10237152156783
38.860504116213434,-77.10237561241047
38.86051299856646,-77.10238000478103
38.86052101004443,-77.10238396650027
38.86052902152215,-77.10238792822035
38.860537903874324,-77.1023923205938
38.86054591535151,-77.10239628231564
38.86055392682844,-77.10240024403831
38.860563070299634,-77.10240476554002
38.86057108177603,-77.10240872726447
38.860579964126735,-77.10241311964279
38.86058797560261,-77.10241708136901
38.86059598707823,-77.10242104309606
38.860604869428066,-77.10242543547723
38.86061288090316,-77.10242939720607
38.86062115349787,-77.10243348806131
38.86063003584684,-77.10243788044541
38.86063804732114,-77.10244184217684
38.86064692966951,-77.10244623456288
38.860654941143274,-77.10245019629608
38.860662952616806,-77.10245415803011
38.860671834964315,-77.10245855041903
38.86068010755715,-77.10246264128064
38.86068811902989,-77.1024666030173
38.860697001376515,-77.1024709954091
38.86070501284873,-77.10247495714754
38.86071389519477,-77.10247934954131
38.860721906666456,-77.10248331128149
38.86072991813789,-77.10248727302252
38.86073906160286,-77.10249179454517
38.86074707307376,-77.10249575628798
38.860755084544415,-77.10249971803162
38.860763966888705,-77.10250411043118
38.86077197835883,-77.10250807217659
38.860780860702526,-77.10251246457808
38.860788872172115,-77.10251642632525
38.86079714476123,-77.10252051719948
38.86080602710406,-77.10252490960389
38.86081403857287,-77.10252887135367
38.86082205004143,-77.1025328331043
38.86083093238338,-77.10253722551157
38.86083894385142,-77.10254118726397
38.86084782619279,-77.1025455796732
38.860856098780026,-77.10254967055378
38.86086411024727,-77.10255363230881
38.86087299258775,-77.10255802472093
38.86088100405448,-77.10256198647771
38.860889015520954,-77.10256594823532
38.86089789786057,-77.10257034065033
38.860905909326505,-77.10257430240969
38.86091505278524,-77.10257882395332
38.86092306425064,-77.10258278571446
38.860931075715804,-77.10258674747647
38.860939958053955,-77.10259113989633
38.86094796951858,-77.10259510166007
38.860955980982965,-77.10259906342468
38.86096486332024,-77.10260345584742
38.86097313590376,-77.10260754674063
38.860982018240456,-77.10261193916536
38.86099002970378,-77.1026159009335
38.86099804116683,-77.10261986270247
38.86100692350265,-77.10262425513007
38.86101493496518,-77.1026282169008
38.861022946427475,-77.10263217867237
38.86103208988207,-77.10263670022994
38.86104010134382,-77.1026406620033
38.86104898367817,-77.10264505443574
38.861056995139386,-77.10264901621086
38.86106500660036,-77.10265297798682
38.861073888933845,-77.10265737042214
38.86108190039429,-77.10266133219987
38.86109017297409,-77.1026654231057
38.8610990553067,-77.10266981554395
38.86110706676636,-77.10267377732428
38.86111594909838,-77.10267816976446
38.861123960557514,-77.10268213154657
38.86113197201639,-77.10268609332951
38.86114085434753,-77.10269048577257
38.861149126925454,-77.10269457668477
38.86115713838357,-77.10269853847034
38.861166020713824,-77.1027029309163
38.8611740321714,-77.10270689270361
38.86118291450108,-77.10271128515153
38.86119092595813,-77.10271524694062
38.86119893741491,-77.10271920873053
38.861208080863264,-77.10272373030905
38.86121609231952,-77.10272769210076
38.86122410377553,-77.1027316538933
38.86123298610346,-77.10273604634699
38.86124099755893,-77.1027400081413
38.86124987988629,-77.10274440059696
38.861257891341225,-77.10274836239302
38.861266163915445,-77.10275245331785
38.8612750462419,-77.1027568457764
38.86128305769608,-77.1027608075751
38.86129106914999,-77.10276476937462
38.861299951475594,-77.10276916183605
38.86130796292897,-77.10277312363732
38.86131684525398,-77.10277751610072
38.861325117826325,-77.1027816070319
38.861333129278925,-77.10278556883581
38.86134201160305,-77.1027899613021
38.86135002305513,-77.10279392310777
38.86135803450695,-77.10279788491427
38.861366916830214,-77.10280227738343
38.86137492828151,-77.1028062391917
38.861384071723634,-77.10281076079117
38.861392083174394,-77.10281472260122
38.8614000946249,-77.10281868441211
38.861408976946706,-77.10282307688614
38.861416988396684,-77.10282703869878
38.86142587071789,-77.10283143117475
38.86143388216733,-77.10283539298916
38.86144215473595,-77.10283948393298
38.8614510370563,-77.10284387641187
38.86145904850496,-77.10284783822888
38.86146705995337,-77.10285180004676
38.86147594227283,-77.1028561925285
38.86148395372072,-77.10286015434815
38.86149283603961,-77.10286454683185
38.86150110860634,-77.10286863778202
38.86150912005344,-77.10287259960428
38.86151800237144,-77.1028769920909
38.861526013818015,-77.1028809539149
38.86153402526434,-77.10288491573975
38.86154290758148,-77.10288930822924
38.861550919027266,-77.10289327005584
38.861560062463155,-77.10289779167628
38.861568073908415,-77.10290175350468
38.86157608535343,-77.10290571533392
38.8615849676691,-77.10291010782827
38.861592979113574,-77.10291406965926
38.861600990557804,-77.10291803149109
38.861609872872606,-77.1029224239883
38.86161814543563,-77.10292651495111
38.861627027749826,-77.10293090745031
38.861635039193,-77.10293486928569
38.86164305063591,-77.10293883112192
38.861651932949236,-77.10294322362398
38.861659944391626,-77.10294718546196
38.86166795583378,-77.10295114730077
38.86167709926552,-77.10295566893514
38.86168511070714,-77.10295963077574
38.86169399301899,-77.10296402328267
38.861702004460064,-77.10296798512503
38.8617100159009,-77.10297194696824
38.86171889821189,-77.10297633947805
38.861726909652184,-77.10298030132299
38.861734921092236,-77.10298426316879
38.86174404942777,-77.10298883743495
38.86175204632339,-77.10299284764514
38.86176091091885,-77.10299729298266
38.86176917163747,-77.10300143549452
38.861778036232316,-77.10300588083405
38.86178603312683,-77.1030098910478
38.861794897721076,-77.1030143363893
38.8618031584386,-77.10301847890486
38.861812023032236,-77.10302292424834
38.86182001992565,-77.10302693446569
38.861828884518694,-77.10303137981114
38.8618371452351,-77.10303552233042
38.86184600982753,-77.10303996767786
38.86185400671987,-77.10304397789878
38.86186287131168,-77.1030484232482
38.86187113202697,-77.10305256577118
38.861879996618185,-77.10305701112259
38.86188799350943,-77.1030610213471
38.86189685810004,-77.10306546670047
38.86190511881422,-77.10306960922716
38.86191398340421,-77.10307405458254
38.86192198029437,-77.10307806481062
38.861930844883766,-77.10308251016797
38.86193910559684,-77.10308665269837
38.86194797018562,-77.1030910980577
38.86195596707468,-77.10309510828937
38.86196483166286,-77.10309955365067
38.86197309237484,-77.10310369618477
38.861981089263104,-77.10310770641908
38.861989953850376,-77.10311215178331
38.86199795073809,-77.1031161620194
38.8620070791482,-77.10312073968639
38.862015076035384,-77.10312474992429
38.862023940621434,-77.10312919529248
38.86203193750807,-77.10313320553215
38.86204106557128,-77.10313778222265
38.86204907269651,-77.10314175855817
38.862057079821454,-77.10314573489453
38.862065086946174,-77.10314971123174
38.86207283214176,-77.1031535574959
38.862080839265964,-77.10315753383475
38.862088846389916,-77.10316151017443
38.86209685351362,-77.10316548651497
38.86210486063708,-77.10316946285634
38.86211286776028,-77.10317343919854
38.86212087488323,-77.10317741554158
38.862128882005926,-77.10318139188546
38.862137759054235,-77.10318580023625
38.86214602810524,-77.10318990665606
38.86215403522714,-77.10319388300256
38.86216291227458,-77.10319829135628
38.86217091939595,-77.10320226770456
38.862178926517075,-77.10320624405367
38.86218780356364,-77.10321065241025
38.862196072613024,-77.10321475883548
38.86220494965899,-77.10321916719406
38.86221295677903,-77.10322314354673
38.86222096389883,-77.10322711990023
38.86222984094392,-77.10323152826169
38.862237848063195,-77.10323550461698
38.86224585518221,-77.10323948097309
38.86225499415518,-77.10324401941199
38.862263001273654,-77.10324799576989
38.86227187831726,-77.10325240413623
38.86227988543521,-77.10325638049589
38.8622878925529,-77.10326035685641
38.86229676959563,-77.10326476522562
38.86230503864154,-77.10326887166262
38.862313045758434,-77.10327284802577
38.86232192280029,-77.1032772563979
38.862329929916655,-77.10328123276281
38.86233793703278,-77.10328520912854
38.862346814073746,-77.10328961750355
38.86235482118933,-77.10329359387106
38.86236396015842,-77.10329813232298
38.86237196727346,-77.10330210869229
38.86237997438826,-77.10330608506241
38.86238885142775,-77.10331049344231
38.86239685854203,-77.10331446981421
38.86240486565604,-77.10331844618695
38.86241400462334,-77.10332298464485
38.86242201173681,-77.10332696101938
38.86243088877483,-77.10333136940415
38.86243889588777,-77.10333534578044
38.86244690300046,-77.10333932215757
38.86245578003761,-77.1033437305452
38.86246404907842,-77.10334783699942
38.862472056190306,-77.10335181337919
38.86248093322658,-77.10335622176973
38.862488940337926,-77.10336019815126
38.86249694744905,-77.10336417453364
38.862505824484444,-77.10336858292708
38.862513831595024,-77.1033725593112
38.86252297055844,-77.10337709778213
38.86253097766848,-77.10338107416806
38.862538984778276,-77.10338505055482
38.862547861812175,-77.10338945895312
38.86255586892143,-77.10339343534164
38.86256387603044,-77.10339741173102
38.862573014992066,-77.10340195020792
38.86258102210055,-77.1034059265991
38.86258989913298,-77.10341033500227
38.862597906240914,-77.10341431139518
38.862605913348595,-77.10341828778894
38.86261479038015,-77.10342269619501
38.8626227974873,-77.10342667259053
38.862631066522766,-77.10343077906283
38.86263994355344,-77.1034351874718
38.8626479506598,-77.10343916386996
38.86265595776591,-77.10344314026896
38.862664834795716,-77.10344754868082
38.86267284190129,-77.10345152508157
38.86268198085903,-77.10345606357149
38.86268998796406,-77.10346003997405
38.86269799506886,-77.10346401637744
38.862706872097185,-77.10346842479417
38.862714879201434,-77.10347240119933
38.862722886305434,-77.10347637760533
38.86273202526139,-77.10348091610123
38.862740032364854,-77.10348489250902
38.86274803946807,-77.10348886891765
38.86275691649463,-77.10349327734016
38.86276492359732,-77.10349725375056
38.86277380062328,-77.10350166217503
38.86278180772543,-77.1035056385872
38.862790076755786,-77.1035097450767
38.862798953780896,-77.1035141535041
38.862806960882246,-77.10351812991888
38.86281496798335,-77.10352210633451
38.86282384500756,-77.10352651476477
38.86283185210814,-77.10353049118217
38.862840991060196,-77.10353502969109
38.86284899816023,-77.10353900611028
38.86285700526001,-77.1035429825303
38.86286588228275,-77.10354739096545
38.862873889381994,-77.10355136738723
38.86288189648099,-77.10355534380986
38.86289077350286,-77.10355975224788
38.86289904252974,-77.10356385874918
38.86290704962794,-77.10356783517445
38.862915926648924,-77.10357224361536
38.86292393374661,-77.1035762200424
38.862932810766985,-77.10358062848529
38.86294081786413,-77.10358460491408
38.862949086889415,-77.1035887114208
38.86295796390891,-77.1035931198666
38.86296597100526,-77.10359709629802
38.862973978101365,-77.10360107273029
38.862982855119995,-77.10360548117896
38.86299086221557,-77.10360945761299
38.86300000116194,-77.10361399614091
38.863008008256976,-77.10361797257673
38.863016015351754,-77.10362194901339
38.86302489236891,-77.10362635746694
38.86303289946316,-77.10363033390536
38.863040906557146,-77.10363431034463
38.863049783573416,-77.10363871880105
38.86305805259521,-77.10364282531958
38.86306605968841,-77.10364680176147
38.86307493670381,-77.1036512102208
38.86308294379647,-77.10365518666447
38.86309182081126,-77.10365959512576
38.863099827903405,-77.10366357157119
38.86310809692359,-77.10366767809512
38.863116973937515,-77.10367208655934
38.863124981028854,-77.1036760630074
38.86313298811995,-77.10368003945628
38.863141865133,-77.1036844479234
38.86314987222356,-77.10368842437404
38.863158749236,-77.1036928328431
38.863167018254295,-77.1036969393734
38.86317502534407,-77.10370091582669
38.86318390235563,-77.10370532429866
38.86319190944488,-77.10370930075372
38.86319991653386,-77.10371327720961
38.86320879354455,-77.10371768568446
38.86321706256125,-77.10372179222018
38.863225069649445,-77.1037257686787
38.86323394665926,-77.10373017715648
38.86324195374692,-77.10373415361677
38.86325083075612,-77.10373856209648
38.86325883784326,-77.10374253855854
38.86326710685835,-77.10374664509969
38.863275983866686,-77.10375105358231
38.86328399095303,-77.10375503004701
38.86329199803912,-77.10375900651252
38.86330087504657,-77.10376341499804
38.86330888213214,-77.10376739146533
38.863317759138994,-77.1037717999528
38.86332602815219,-77.10377590650033
38.86333403523696,-77.10377988297024
38.86334291224294,-77.10378429146063
38.863350919327175,-77.10378826793232
38.86335892641116,-77.10379224440481
38.86336780341627,-77.10379665289811
38.86337607242787,-77.10380075945105
38.863384079511064,-77.1038047359262
38.86339295651527,-77.10380914442239
38.86340096359794,-77.1038131208993
38.86340984060157,-77.10381752939745
38.86341784768369,-77.10382150587613
38.86342585476556,-77.10382548235563
38.86343499369643,-77.10383002093553
38.86344300077777,-77.10383399741684
38.863451007858856,-77.10383797389899
38.863459884860724,-77.10384238240295
38.863467891941276,-77.10384635888686
38.86347589902158,-77.1038503353716
38.86348503795066,-77.10385487395749
38.86349304503043,-77.10385885044403
38.863501922030835,-77.10386325895283
38.863509929110045,-77.10386723544114
38.86351793618903,-77.1038712119303
38.863526813188535,-77.10387562044198
38.86353508219505,-77.10387972701214
38.863543089273236,-77.10388370350391
38.86355196627188,-77.10388811201852
38.86355997334953,-77.10389208851207
38.863568850347576,-77.10389649702863
38.8635768574247,-77.10390047352394
38.86358486450157,-77.10390445002008
38.863594003426755,-77.10390898861898
38.86360201050309,-77.10391296511692
38.86361001757918,-77.10391694161571
38.86361889457545,-77.10392135013807
38.863626901651,-77.10392532663862
38.8636349087263,-77.10392930313999
38.8636440476497,-77.10393384174488
38.86365205472447,-77.10393781824806
38.863660931719274,-77.10394222677527
38.8636689387935,-77.10394620328022
38.863676945867475,-77.103950179786
38.86368582286139,-77.1039545883161
38.86369382993484,-77.10395856482364
38.86370209893601,-77.10396267141189
38.8637110225457,-77.10396691088303
38.86371894514288,-77.10397021683524
38.86372709657238,-77.1039736182757
38.86373592368162,-77.10397730166574
38.86374407511073,-77.10398070310775
38.86375199770718,-77.1039840090629
38.863761053648275,-77.10398778794304
38.86376897624432,-77.10399109389968
38.8637771276727,-77.10399449534471
38.86378595478067,-77.10399817873966
38.863794106208644,-77.10400158018626
38.86380202880397,-77.10400488614582
38.863810855911304,-77.10400856954323
38.86381900733871,-77.10401197099208
38.86382692993347,-77.10401527695385
38.86383598587264,-77.10401905584159
38.863843908467004,-77.10402236180485
38.86385215707512,-77.10402759304417
38.863860128245506,-77.10403266773697
38.863868099415484,-77.1040377424308
38.86387607058507,-77.10404281712566
38.863884041754275,-77.10404789182155
38.86389201292307,-77.10405296651845
38.86389998409147,-77.10405804121638
38.86390795525947,-77.10406311591534
38.863915926427076,-77.10406819061532
38.863924207434756,-77.10407346257075
38.86393217860156,-77.10407853727283
38.863940952513445,-77.10408412302982
38.86394892367941,-77.10408919773404
38.863956894844975,-77.1040942724393
38.86396486601016,-77.10409934714558
38.86397283717492,-77.10410442185288
38.86398080833929,-77.1041094965612
38.86398908934366,-77.10411476852533
38.863997060507245,-77.10411984323575
38.864005031670416,-77.1041249179472
38.86401300283319,-77.10412999265967
38.86402097399558,-77.10413506737316
38.86402894515756,-77.10414014208767
38.864036916319144,-77.10414521680323
38.86404488748033,-77.10415029151979
38.864053168481455,-77.10415556349253
38.86406113964184,-77.10416063821118
38.86406911080183,-77.10416571293088
38.86407708196142,-77.10417078765158
38.86408505312062,-77.10417586237332
38.8640930242794,-77.10418093709609
38.864100995437816,-77.10418601181988
38.864109769340374,-77.10419159760072
38.864117407293584,-77.10419719540387
38.8641251654794,-77.10420367310046
38.86413327948335,-77.10421044788917
38.86414033475891,-77.10421633869402
38.86414809294291,-77.10422281639414
38.864156206944976,-77.10422959118658
38.864163262218895,-77.10423548199466
38.86417137621972,-77.10424225678958
38.864179134401255,-77.10424873449448
38.864186189673546,-77.1042546253058
38.864194303672505,-77.10426140010445
38.86420206185221,-77.1042678778129
38.86420947294144,-77.10427406571903
38.86421723111995,-77.10428054342982
38.86422498929783,-77.1042870211418
38.86423240038538,-77.10429320905138
38.86423995686123,-77.10430006829002
38.86424684501949,-77.10430724533897
38.86425411413353,-77.10431481932308
38.864261002290334,-77.10432199637432
38.864267890446435,-77.10432917342668
38.864274778601825,-77.10433635048015
38.86428166675648,-77.10434352753471
38.8642889358668,-77.1043511015248
38.86429522095453,-77.10435765022224
38.864302109107115,-77.10436482728012
38.86430899725898,-77.10437200433911
38.864316266366416,-77.10437957833395
38.86432315451683,-77.10438675539521
38.86433004266654,-77.1043939324576
38.86433693081553,-77.10440110952108
38.864343818963825,-77.10440828658567
38.864351088067544,-77.10441586058647
38.86435797621437,-77.10442303765336
38.864364864360496,-77.10443021472133
38.864371752505896,-77.10443739179043
38.86437836390028,-77.10444553269078
38.864384978070895,-77.10445402816066
38.86439109229253,-77.10446188148086
38.86439809577792,-77.10447087700506
38.864404209997886,-77.10447873032744
38.86441082416482,-77.10448722580189
38.86441732769964,-77.10449557917873
38.8644239418647,-77.10450407465547
38.86443005608134,-77.10451192798217
38.86443705956098,-77.10452092351375
38.86444317377593,-77.10452877684264
38.864449787937325,-77.1045372723239
38.86445629146692,-77.10454562570781
38.864462905626446,-77.10455412119138
38.86446901983809,-77.10456197452457
38.86447513404895,-77.1045698278588
38.86448213752194,-77.10457882339894
38.864488251731125,-77.10458667673535
38.8644948658861,-77.10459517222455
38.864501369409666,-77.1046035256166
38.8645079126727,-77.10461208657692
38.86451354267491,-77.10462145339528
38.864519175912484,-77.10463082559916
38.86452480591262,-77.10464019241954
38.86453043914822,-77.10464956462556
38.864536069146276,-77.10465893144793
38.864541699143274,-77.10466829827128
38.86454733237587,-77.10467767048051
38.864552962370794,-77.10468703730582
38.864558592364645,-77.10469640413213
38.864564225594236,-77.10470577634456
38.86456985558602,-77.10471514317285
38.86457548881364,-77.10472451538746
38.86458111880333,-77.10473388221773
38.86458674879197,-77.10474324904898
38.86459238201659,-77.1047526212668
38.86459801200313,-77.10476198810004
38.86460312324469,-77.10477189668377
38.86460818098396,-77.10478184828085
38.86461323872215,-77.10479179987887
38.86461829645924,-77.10480175147782
38.86462335419524,-77.1048117030777
38.86462841193015,-77.10482165467852
38.86463346966397,-77.10483160628024
38.86463817100514,-77.10484085664623
38.86464322873684,-77.10485080824974
38.86464858523058,-77.10486134770143
38.86465364296001,-77.10487129930677
38.86465870068833,-77.10488125091307
38.86466375841556,-77.10489120252026
38.86466881614171,-77.10490115412841
38.864673873866764,-77.10491110573749
38.86467893159072,-77.1049210573475
38.8646839893136,-77.1049310089584
38.864689047035355,-77.10494096057027
38.86469406388585,-77.10494993673493
38.8646996897103,-77.10495930727463
38.86470494267401,-77.10496805676895
38.864710568496434,-77.10497742731059
38.86471582145829,-77.10498617680676
38.86472182379685,-77.1049961744909
38.86472707675685,-77.10500492398906
38.864732702575154,-77.10501429453457
38.86473795553331,-77.10502304403458
38.864743581349586,-77.10503241458201
38.86474883430589,-77.10504116408389
38.864754460120146,-77.10505053463321
38.864759713074626,-77.10505928413694
38.86476534254601,-77.10506866078302
38.86477096835721,-77.10507803133527
38.86477622130893,-77.1050867808419
38.8647818471181,-77.10509615139607
38.864787100067986,-77.10510490090458
38.864792725875134,-77.10511427146062
38.864797978823184,-77.10512302097102
38.86480398114572,-77.10513301867101
38.86480923409189,-77.10514176818337
38.86481485989492,-77.10515113874332
38.86482011283924,-77.10515988825752
38.86482672471916,-77.10516835760754
38.86483287329736,-77.10517616459487
38.8648399168747,-77.10518510798511
38.864846065451246,-77.10519291497465
38.86485271973795,-77.10520136407833
38.86485886831287,-77.10520917106999
38.864865016887016,-77.10521697806267
38.86487206045968,-77.10522592145902
38.86487820903218,-77.10523372845394
38.86488486331439,-77.10524217756328
38.86489101188524,-77.10524998456032
38.86489805545414,-77.10525892796157
38.86490420402335,-77.10526673496082
38.86491085830192,-77.10527518407474
38.86491700686949,-77.1052829910761
38.864923661146264,-77.10529144019225
38.86493025961275,-77.1052995812026
38.86493719985901,-77.10530667759505
38.8649447521567,-77.10531439981135
38.864952071812965,-77.10532188415408
38.864959012057035,-77.10532898055003
38.86496595230042,-77.10533607694711
38.86497327195451,-77.1053435612935
38.8649808242482,-77.105351283516
38.864987764489385,-77.10535837991657
38.864995084141206,-77.10536586426669
38.86500202438098,-77.10537296066956
38.86500896462007,-77.10538005707353
38.86501703543394,-77.10538693077208
38.86502476590488,-77.10539345735579
38.86503215551648,-77.10539969616471
38.86503988598621,-77.10540622275074
38.86504797385529,-77.10541305107938
38.865055006065184,-77.10541898815033
38.86506273653306,-77.10542551473992
38.86507082440023,-77.10543234307228
38.86507785660847,-77.10543828014647
38.86508594447439,-77.1054451084813
38.86509367493976,-77.1054516350757
38.86510176280436,-77.1054584634131
38.86510879501036,-77.1054644004917
38.86511688287371,-77.10547122883158
38.86512461333656,-77.10547775543074
38.865131645540906,-77.10548369251258
38.86514004759817,-77.10548987534881
38.86514803565504,-77.10549490662575
38.86515682983235,-77.10550044563901
38.865164817888406,-77.10550547691807
38.865173113762,-77.10551070207744
38.86518110181727,-77.1055157333586
38.86518989599277,-77.1055212723765
38.86519788404722,-77.10552630365979
38.86520587210127,-77.10553133494412
38.865214666275435,-77.10553687396549
38.86522296214655,-77.1055420991315
38.865230950199376,-77.10554713041901
38.865239964628614,-77.10555213108412
38.86524807045576,-77.1055557388954
38.86525593537837,-77.10555923948367
38.86526493398128,-77.10556324466121
38.86527303980778,-77.10556685247488
38.86528203841019,-77.10557085765427
38.865290144236255,-77.10557446546959
38.86529890193387,-77.10557836342687
38.865307007759505,-77.10558197124381
38.86531600636093,-77.1055859764268
38.865324112186116,-77.1055895842454
38.86533286988277,-77.10559348220616
38.86534097570752,-77.10559709002636
38.86534997430798,-77.10560109521299
38.86535808013228,-77.10560470303486
38.86536594505212,-77.10560820363335
38.86537494365185,-77.10561220882263
38.865383049475525,-77.10561581664687
38.86539204807476,-77.10561982183798
38.86539991299374,-77.10562332243964
38.8654089115925,-77.10562732763255
38.86541701741529,-77.10563093546007
38.86542601839362,-77.10563488156174
38.86543497276462,-77.10563717537107
38.86544392713552,-77.10563946918094
38.865452069126704,-77.10564155488686
38.86546102349745,-77.10564384869784
38.865469977868095,-77.10564614250937
38.86547908159811,-77.1056484745824
38.865488035968575,-77.10565076839507
38.86549699033896,-77.1056530622083
38.865506094068714,-77.10565539428306
38.865515048438915,-77.10565768809745
38.86552400280903,-77.10565998191241
38.86553310653851,-77.10566231398892
38.86554109916945,-77.10566436143897
38.8655500535393,-77.10566665525556
38.86556011900751,-77.1056692336999
38.86557003511614,-77.10567177388393
38.865578989485726,-77.10567406770237
38.86558106232309,-77.105674598696
38.865590026258744,-77.10567682291854
38.86559899744415,-77.10567901723589
38.86560796862948,-77.10568121155377
38.86561693981475,-77.1056834058722
38.865626054096005,-77.10568563519196
38.865635025281094,-77.1056878295115
38.865643996466105,-77.10569002383156
38.865652967651044,-77.10569221815217
38.865661938835885,-77.10569441247334
38.86567105311675,-77.10569664179586
38.865680024301426,-77.10569883611812
38.86568899548603,-77.10570103044093
38.86569796667055,-77.10570322476427
38.865706937855,-77.10570541908817
38.86571605213545,-77.10570764841347
38.86572502331972,-77.10570984273845
38.86573399450392,-77.10571203706398
38.86574296568804,-77.10571423139005
38.86575193687209,-77.10571642571668
38.86576105115212,-77.10571865504475
38.86577002233599,-77.10572084937247
38.865778110528595,-77.10572354420826
38.86578697789631,-77.10572709114996
38.865795154741875,-77.10573036188404
38.86580311053144,-77.10573354419661
38.86581106632084,-77.10573672650983
38.865820154743595,-77.10574036187697
38.865828110532654,-77.10574354419165
38.86583606632151,-77.10574672650704
38.86584493368787,-77.10575027345426
38.865853110532214,-77.10575354419345
38.86586106632057,-77.10575672651095
38.86586993368634,-77.10576027346056
38.865878110530154,-77.10576354420193
38.86588606631799,-77.1057667265216
38.865894928650405,-77.10577028010516
38.865903075603704,-77.10577370319403
38.86591099245915,-77.10577702960394
38.865919967386304,-77.1057810905546
38.86592804078124,-77.10578588676749
38.865936114175845,-77.10579068298136
38.86594389089218,-77.10579530294682
38.865951964286076,-77.10580009916265
38.86596003767961,-77.10580489537948
38.86596811107279,-77.10580969159732
38.86597618446562,-77.10581448781612
38.86598396118021,-77.10581910778629
38.865992034572336,-77.10582390400707
38.86600093171439,-77.10582918960054
38.866009005105774,-77.10583398582342
38.86601707849679,-77.10583878204727
38.86602485520962,-77.10584340202227
38.866032928599935,-77.10584819824808
38.8660410019899,-77.10585299447489
38.8660490753795,-77.10585779070269
38.86605714876875,-77.10586258693147
38.86606492547986,-77.10586720691121
38.86607299886841,-77.10587200314195
38.86608105202393,-77.10587688451898
38.86608907065432,-77.10588284316388
38.86609708928415,-77.10588880180997
38.86610510791346,-77.10589476045723
38.866112789031426,-77.1059004683011
38.86612005846431,-77.10590587022287
38.866128077092114,-77.10591182887349
38.86613609571938,-77.10591778752529
38.866144114346135,-77.10592374617826
38.86615179546157,-77.1059294540276
38.86615906489215,-77.10593485595457
38.86616708351738,-77.1059408146109
38.86617510214209,-77.10594677326844
38.86618312076625,-77.10595273192715
38.86619080187918,-77.10595843978192
38.866198820502305,-77.10596439844291
38.866206089930124,-77.10596980037616
38.86621410855225,-77.1059757590394
38.866222127173856,-77.10598171770381
38.86622980828428,-77.10598742556404
38.86623782690482,-77.10599338423076
38.86624509633034,-77.10599878616921
38.86625311494989,-77.10600474483819
38.86626113356891,-77.10601070350833
38.86626881467683,-77.106016411374
38.8662768332948,-77.10602237004643
38.86628410271801,-77.1060277719901
38.86629212133499,-77.10603373066478
38.86630013995145,-77.10603968934065
38.866308130773916,-77.10604571477238
38.86631611364884,-77.10605175212346
38.86632375608171,-77.10605753200387
38.86633099642747,-77.10606300779197
38.86633897930083,-77.10606904514643
38.86634696217364,-77.10607508250207
38.86635494504592,-77.10608111985891
38.866362927917656,-77.10608715721692
38.86637091078884,-77.10609319457612
38.866378151131734,-77.10609867037057
38.8663861340019,-77.106104707732
38.86639411687153,-77.10611074509464
38.866402099740604,-77.10611678245844
38.86640974216777,-77.10612256235096
38.86641772503578,-77.10612859971707
38.86642570790323,-77.10613463708435
38.86643294824281,-77.1061401128862
38.86644093110925,-77.10614615025575
38.86644891397515,-77.10615218762648
38.86645689684049,-77.1061582249984
38.86646487970529,-77.10616426237148
38.86647286256956,-77.10617029974576
38.86648010290628,-77.10617577555396
38.86648808576951,-77.10618181293049
38.8664960686322,-77.1061878503082
38.866503711053156,-77.10619363021392
38.86651169391478,-77.10619966759393
38.86651967677586,-77.10620570497514
38.86652691710973,-77.10621118078964
38.86653489996978,-77.1062172181731
38.866542882829286,-77.10622325555772
38.866550865688254,-77.10622929294354
38.86655884854669,-77.10623533033052
38.86656683140457,-77.10624136771871
38.866574071735585,-77.10624684353958
38.866582054592435,-77.10625288093001
38.86658969700769,-77.10625866084784
38.866597679863474,-77.10626469824057
38.866605662718705,-77.10627073563448
38.86661290304737,-77.10627621146058
38.866620885901575,-77.10628224885676
38.866628126229315,-77.10628772468493
38.86663576864151,-77.10629350460923
38.86664375149418,-77.10629954200878
38.86665099182052,-77.10630501784003
38.866658974672156,-77.10631105524183
38.866666957523236,-77.10631709264483
38.866673857407264,-77.10632231100482
38.86668184025733,-77.10632834841
38.86668908058137,-77.10633382424639
38.86669706343041,-77.10633986165382
38.866704705838046,-77.10634564158784
38.8667119461607,-77.1063511174273
38.86671992900819,-77.10635715483812
38.86672791185513,-77.10636319225013
38.86673515217637,-77.10636866809273
38.866742794581484,-77.1063744480321
38.86675003490183,-77.1063799238767
38.866757950861384,-77.1063861036717
38.86676586273331,-77.10639228960255
38.86677377460467,-77.10639847553459
38.86678095686049,-77.10640409101488
38.86678886873077,-77.1064102769492
38.86679678060048,-77.1064164628847
38.86680396285483,-77.10642207836814
38.86681187472345,-77.1064282643059
38.86681978659152,-77.10643445024486
38.86682769845902,-77.10644063618501
38.86683488071138,-77.1064462516727
38.86684279257779,-77.1064524376151
38.866850820938346,-77.10645844400004
38.86685903653382,-77.10646390941099
38.8668669341478,-77.10646916328665
38.86687483176135,-77.10647441716334
38.86688304735551,-77.10647988257762
38.866890944968205,-77.10648513645644
38.86689884258046,-77.10649039033629
38.86690705817331,-77.10649585575388
38.86691495578472,-77.10650110963587
38.86692285339571,-77.10650636351892
38.86693075100626,-77.10651161740299
38.866938966597345,-77.10651708282496
38.86694686420704,-77.10652233671117
38.86695476181631,-77.10652759059842
38.86696297740609,-77.1065330560237
38.86697087501449,-77.10653830991308
38.866978772622474,-77.10654356380348
38.866986988210925,-77.10654902923208
38.86699488581805,-77.10655428312464
38.867002783424745,-77.1065595370182
38.86701099901188,-77.10656500245013
38.867018108155065,-77.10656973181965
38.86702600576051,-77.1065749857163
38.86703422134639,-77.10658045115142
38.867042118950984,-77.1065857050502
38.86705001655514,-77.10659095895001
38.86705823213971,-77.10659642438844
38.86706612974301,-77.10660167829039
38.86707402734588,-77.10660693219337
38.86708192494835,-77.10661218609741
38.86709014053116,-77.10661765154023
38.86709803813275,-77.10662290544639
38.86710593573391,-77.10662815935359
38.867114151315405,-77.10663362479973
38.86712204891571,-77.10663887870906
38.867129946515604,-77.10664413261942
38.86713816209577,-77.10664959806887
38.8671460596948,-77.10665485198136
38.86715395729339,-77.10666010589492
38.86716217287225,-77.10666557134768
38.867170070469975,-77.10667082526335
38.86717796806729,-77.10667607918003
38.86718613971473,-77.1066816631052
38.86719398698585,-77.10668703138106
38.86720183425655,-77.10669239965796
38.867210004586845,-77.1066979889397
38.86721707286047,-77.1067028243112
38.86722492012987,-77.1067081925912
38.86723309045884,-77.10671378187618
38.86724093772734,-77.10671915015833
38.8672487849954,-77.10672451844152
38.867256955323,-77.10673010772985
38.867264023594274,-77.10673494310704
38.867271870861025,-77.10674031139334
38.86728004118731,-77.1067459006849
38.86728788845316,-77.10675126897333
38.86729573571858,-77.10675663726282
38.867303906043475,-77.10676222655772
38.8673109743124,-77.1067670619406
38.86731896796745,-77.10677209813143
38.867327160174476,-77.1067765093071
38.86733592526252,-77.10678122895749
38.86734411746894,-77.10678564013512
38.86735203204767,-77.10678990182231
38.86736022425348,-77.10679431300179
38.86736813883162,-77.10679857469076
38.86737633103684,-77.1068029858721
38.867385096122895,-77.10680770552851
38.867393288327484,-77.1068121167118
38.86740120290443,-77.10681637840443
38.86741024561681,-77.10682124755552
38.867418160193125,-77.10682550925004
38.86742720290482,-77.10683037840327
38.867435117480525,-77.10683464009968
38.8674441601915,-77.10683950925507
38.8674520747666,-77.10684377095335
38.86746111747688,-77.10684864011088
38.86746903205135,-77.10685290181105
38.86747807476093,-77.10685777097073
38.86748598933479,-77.10686203267277
38.867495032043664,-77.10686690183461
38.867502946616895,-77.10687116353851
38.867511989325074,-77.1068760327025
38.867519973992636,-77.10688011993632
38.86752800184457,-77.10688299149352
38.86753695771491,-77.10688619500307
38.867544985566575,-77.10688906656159
38.86755394143658,-77.10689227007263
38.86756196928796,-77.10689514163249
38.86757092515767,-77.10689834514498
38.867578953008746,-77.10690121670616
38.867587908878114,-77.10690442022013
38.86759593672891,-77.10690729178263
38.86760489259798,-77.1069104952981
38.86761292044849,-77.10691336686192
38.867620948298864,-77.10691623842635
38.867630050657816,-77.10691868342008
38.86763899298651,-77.10692104382993
38.867647935315134,-77.10692340424036
38.86765607170068,-77.1069255519152
38.86766501402912,-77.10692791232674
38.86767395635745,-77.10693027273888
38.86768305221677,-77.10693267367758
38.86769199454492,-77.10693503409088
38.86769997739899,-77.1069371412423
38.86770901816384,-77.10693883877138
38.867719033788674,-77.10694070007993
38.867727959572086,-77.10694235885227
38.86773699570406,-77.10694403813228
38.867746031835985,-77.10694571741271
38.867754957619255,-77.1069473761863
38.86776399375109,-77.10694905546757
38.86777400937558,-77.10695091677896
38.86778304550733,-77.10695259606112
38.8677919712904,-77.10695425483642
38.86780100742204,-77.10695593411943
38.86781004355363,-77.10695761340284
38.867818981340186,-77.10695853353852
38.867827998120624,-77.10695905373696
38.867836979997776,-77.10695957192189
38.8678459967782,-77.1069600921206
38.86785497865535,-77.1069606103058
38.867862997449414,-77.10696107292863
38.867872014229825,-77.10696159312772
38.86788099610696,-77.1069621113133
38.867890012887365,-77.10696263151266
38.86789801043672,-77.10696227754836
38.86790698949281,-77.10696172057709
38.867915008391705,-77.10696122316428
38.867922989774875,-77.10696072807846
38.86793200634666,-77.10696016877968
38.86793998772983,-77.10695967369362
38.86794906347423,-77.10695865873852
38.86795703769799,-77.10695739123157
38.86796599683674,-77.10695596717156
38.867975050879146,-77.1069545280262
38.86798401001782,-77.10695310396547
38.86799198424148,-77.10695183645728
38.868001038283786,-77.10695039731087
38.8680099819392,-77.10694888938752
38.868019072008124,-77.10694644101028
38.86802800567539,-77.10694403475863
38.86803709574412,-77.10694158638017
38.868046029411175,-77.10693918012733
38.8680559209519,-77.10693651587376
38.86806501102032,-77.10693406749341
38.86807394468708,-77.10693166123872
38.8680830347553,-77.10692921285717
38.86809196842187,-77.10692680660128
38.8681010584899,-77.1069243582185
38.86810996678107,-77.10692184682163
38.868118922574,-77.10691864297495
38.86812807961782,-77.1069153671319
38.868137035410406,-77.10691216328365
38.86814599120281,-77.10690895943462
38.86815494699507,-77.10690575558482
38.868163902787146,-77.10690255173425
38.86817305983009,-77.10689927588719
38.86818201562183,-77.10689607203504
38.8681909714134,-77.1068928681821
38.8681999272048,-77.10688966432839
38.86820833011456,-77.10688609408038
38.868217204301956,-77.10688167710667
38.86822607848906,-77.10687726013192
38.86823408324667,-77.1068732758998
38.86824295743316,-77.1068688589231
38.868251224521266,-77.10686474411833
38.868260098707154,-77.10686032713963
38.868268972892736,-77.10685591015991
38.86827697764899,-77.1068519259233
38.868286114164974,-77.1068473783706
38.86829411892069,-77.1068433941322
38.868302993105075,-77.10683897714853
38.86831099786025,-77.10683499290835
38.868320030702264,-77.10683113307083
38.86832894047491,-77.10682774200427
38.86833785024736,-77.10682435093689
38.868346052840224,-77.10682122902192
38.86835496261231,-77.10681783795297
38.868363872384215,-77.10681444688322
38.868372994252375,-77.10681097508845
38.86838098474811,-77.10680793389473
38.86838989451945,-77.10680454282259
38.86839901638706,-77.10680107102539
38.86840792615803,-77.1067976799516
38.8684159166531,-77.10679463875499
38.86842503852015,-77.10679116695535
38.86843394829057,-77.10678777587918
38.86844285806079,-77.10678438480218
38.86845106065163,-77.10678126287836
38.86845997042149,-77.1067778717998
38.868468880191166,-77.10677448072043
38.86847801180893,-77.10677110546227
38.86848693913919,-77.10676945646878
38.86849597617339,-77.10676778721111
38.86850501320755,-77.10676611795304
38.86851492027391,-77.10676428798817
38.86852395730798,-77.1067626187292
38.86853299434198,-77.10676094946983
38.86854290140819,-77.10675911950354
38.86855193844209,-77.10675745024328
38.868560975475965,-77.10675578098258
38.868570882542,-77.10675395101487
38.86857893983958,-77.10675246272376
38.86858797687331,-77.10675079346183
38.868596904202995,-77.10674914446328
38.86860594123664,-77.10674747520052
38.86861497827022,-77.10674580593732
38.868622925863605,-77.10674433790821
38.868631962897105,-77.10674266864424
38.86864099993054,-77.10674099937984
38.86865003696397,-77.106739330115
38.8686589846398,-77.10673865493361
38.86866799968609,-77.106737992948
38.86867697036363,-77.1067373342203
38.86868598540991,-77.10673667223438
38.868694003714246,-77.10673608344028
38.868702974391766,-77.1067354247121
38.86871198943803,-77.1067347627257
38.868720960115546,-77.10673410399717
38.8687300012362,-77.10673390224211
38.868738998862696,-77.10673408993691
38.8687479964892,-77.10673427763174
38.86875599437942,-77.10673444447166
38.86876500464812,-77.10673463243029
38.86877400227461,-77.10673482012528
38.868782999901114,-77.1067350078203
38.868790997791336,-77.10673517466037
38.86879999541782,-77.10673536235548
38.86880904558949,-77.10673650836338
38.86881801114325,-77.10673787983133
38.86882697669698,-77.10673925129963
38.868836033683735,-77.10674063675486
38.8688449992374,-77.10674200822385
38.86885396479103,-77.10674337969317
38.8688630217777,-77.10674476514946
38.86887198733128,-77.10674613661949
38.86888103691582,-77.10674751727241
38.86889002666165,-77.10674865136045
38.868899016407454,-77.10674978544877
38.86890800615325,-77.10675091953738
38.86891699589901,-77.10675205362627
38.86892499519998,-77.10675306276721
38.868933984945706,-77.10675419685664
38.86894297469141,-77.10675533094637
38.868951964437095,-77.10675646503637
38.86896102992542,-77.10675760868187
38.86897001967106,-77.10675874277244
38.868979009416684,-77.10675987686331
38.86898799916228,-77.10676101095446
38.86899698890785,-77.10676214504589
38.8690059786534,-77.10676327913761
38.86901397795417,-77.10676428828107
38.86902296769968,-77.10676542237333
38.86903203318783,-77.10676656602112
38.86904102293332,-77.10676770011393
38.86905001267875,-77.10676883420706
38.86905999286891,-77.10677009324915
38.86907004880174,-77.10677136184688
38.86908000224862,-77.10677298276202
38.869089010279325,-77.1067749211986
38.869098018309955,-77.10677685963567
38.86910799893832,-77.10677900808476
38.8691160330259,-77.10678074850527
38.86912503945284,-77.10678269956368
38.869133918193576,-77.10678462296198
38.86914195228099,-77.10678636338376
38.86915095870774,-77.10678831444356
38.869159965134436,-77.10679026550386
38.86916897156105,-77.10679221656464
38.86917700564826,-77.10679395698811
38.86918588438862,-77.10679588038917
38.86919489081506,-77.10679783145136
38.8692029249021,-77.10679957187608
38.869211931328415,-77.1068015229392
38.869220937754676,-77.10680347400279
38.86922897184154,-77.10680521442876
38.869237850581534,-77.1068071378326
38.8692468570076,-77.1068090888976
38.86925586343362,-77.10681103996308
38.86926486985955,-77.10681299102906
38.869273876285426,-77.10681494209553
38.86928288271125,-77.10681689316247
38.869291889137,-77.10681884422992
38.869299923223416,-77.10682058465933
38.869308929649044,-77.10682253572769
38.86931793607461,-77.10682448679653
38.86932694250011,-77.10682643786586
38.86933594892554,-77.10682838893568
38.86934496330104,-77.10683214490247
38.86935311390473,-77.10683555025764
38.86936193978645,-77.10683923774764
38.86937009038976,-77.10684264310437
38.86937891627106,-77.10684633059604
38.86938706687397,-77.10684973595433
38.86939589275483,-77.10685342344766
38.86940404335735,-77.1068568288075
38.869412869237784,-77.10686051630252
38.86942101983993,-77.10686392166392
38.869430074751385,-77.1068677048511
38.86943799632167,-77.10687101452352
38.8694470512327,-77.10687479771245
38.86945497280261,-77.10687810738638
38.86946402771319,-77.10688189057701
38.86947194928274,-77.10688520025245
38.869481004192885,-77.1068889834448
38.8694900591028,-77.10689276663808
38.86949798067174,-77.10689607631583
38.869507035581215,-77.10689985951083
38.86951495714979,-77.10690316919008
38.86952401205885,-77.1069069523868
38.86953193362701,-77.10691026206756
38.869540988535626,-77.106914045266
38.86954891010342,-77.10691735494827
38.86955796501161,-77.10692113814841
38.869566115610425,-77.10692454352305
38.86957494148676,-77.10692823103406
38.869583092085186,-77.10693163641024
38.86959191796109,-77.10693532392294
38.86960006855914,-77.10693872930065
38.86960889443461,-77.10694241681503
38.869617045032264,-77.1069458221943
38.8696260999387,-77.10694960540138
38.869634021504574,-77.10695291509117
38.86964307641059,-77.10695669829997
38.86965190228499,-77.10696038581858
38.86966005288164,-77.10696379120179
38.86966887875562,-77.10696747872207
38.86967702935189,-77.10697088410683
38.86968585522543,-77.1069745716288
38.86969400582131,-77.10697797701509
38.86970306072578,-77.10698176022997
38.86971098228992,-77.1069850699266
38.86972003719394,-77.10698885314318
38.86972795875771,-77.10699216284131
38.86973701366131,-77.10699594605961
38.86974493522468,-77.10699925575926
38.86975399012785,-77.10700303897929
38.869762140722166,-77.10700644437182
38.869770966593556,-77.10701013190219
38.8697791171875,-77.10701353729627
38.869787943058455,-77.1070172248283
38.869796998308935,-77.10702100672458
38.869804925708394,-77.10702429542445
38.86981398635604,-77.10702805425589
38.86982191375512,-77.10703134295727
38.86983097440235,-77.10703510179042
38.86983890180103,-77.10703839049329
38.86984796244783,-77.10704214932815
38.869856117563714,-77.1070455325018
38.86986495049252,-77.10704919686908
38.86987310560801,-77.1070525800443
38.86988193853639,-77.10705624441323
38.86989009365149,-77.10705962758998
38.869898926579445,-77.10706329196059
38.86990708169418,-77.10706667513888
38.869915914621714,-77.10707033951115
38.86992406973605,-77.10707372269098
38.869932902663166,-77.10707738706492
38.86994196330759,-77.10708114590926
38.86995011842134,-77.10708452909147
38.869958951347805,-77.10708819346796
38.86996710646117,-77.10709157665171
38.8699759393872,-77.10709524102987
38.869984094500204,-77.10709862421515
38.86999292742581,-77.10710228859497
38.870001082538415,-77.10710567178181
38.8700099154636,-77.1071093361633
38.87001807057582,-77.10711271935166
38.87002690350058,-77.10711638373483
38.87003505861242,-77.10711976692475
38.87004389153677,-77.10712343130957
38.87005204664821,-77.10712681450103
38.87006110728962,-77.10713057335737
38.87006994021332,-77.10713423774476
38.870078095324175,-77.10713762093859
38.87008692824745,-77.10714128532764
38.870095083357924,-77.107144668523
38.870103916280776,-77.10714833291372
38.87011207139087,-77.10715171611062
38.870120904313296,-77.10715538050302
38.870129059423,-77.10715876370145
38.870137892345,-77.1071624280955
38.87014604745432,-77.1071658112955
38.8701548803759,-77.10716947569122
38.870163035484836,-77.10717285889275
38.870172096123454,-77.1071766177603
38.87018002351456,-77.10717990649322
38.87018908415274,-77.10718366536247
38.87019791707324,-77.10718732976241
38.870206072181205,-77.10719071296785
38.87021490510129,-77.10719437736945
38.87022306020887,-77.10719776057643
38.870231893128526,-77.10720142497972
38.87024004823573,-77.10720480818823
38.870248881154964,-77.10720847259319
38.87025703626178,-77.10721185580324
38.87026586918058,-77.10721552020986
38.87027402428701,-77.10721890342147
38.87028308492283,-77.10722266230019
38.87029101231146,-77.1072259510429
38.87030007294683,-77.10722970992335
38.870308000335086,-77.10723299866754
38.870317060970024,-77.10723675754969
38.8703249883579,-77.10724004629539
38.87033404899242,-77.10724380517925
38.870342881909316,-77.10724746959342
38.870351037014004,-77.10725085281202
38.87035986993046,-77.10725451722786
38.87036802503478,-77.10725790044799
38.870376857950816,-77.1072615648655
38.870385013054744,-77.10726494808719
38.87039407368774,-77.1072687069771
38.87040200107389,-77.10727199572958
38.87041106170648,-77.1072757546212
38.870418989092244,-77.10727904337519
38.870428049724396,-77.10728280226853
38.87043597710979,-77.107286091024
38.87044503774151,-77.10728984991904
38.87045296512653,-77.10729313867603
38.870462025757824,-77.1072968975728
38.870470858671524,-77.10730056199952
38.87047901377333,-77.10730394522973
38.870488074403944,-77.10730770412911
38.870496001788005,-77.1073109928899
38.87050506241822,-77.10731475179098
38.8705129898019,-77.10731804055325
38.870522050431674,-77.10732179945606
38.870529977814975,-77.10732508821982
38.87053903844431,-77.10732884712435
38.87054696582724,-77.10733213588962
38.87055602645616,-77.10733589479585
38.87056395383871,-77.10733918356262
38.87057301446718,-77.10734294247055
38.87058094184936,-77.10734623123881
38.8705900024774,-77.10734999014846
38.87059906310524,-77.10735374905904
38.87060699048682,-77.10735703782959
38.870616051114226,-77.10736079674187
38.870623978495445,-77.10736408551394
38.870633039122396,-77.10736784442791
38.87064096650324,-77.10737113320147
38.87065002712978,-77.10737489211718
38.870657954510236,-77.10737818089221
38.87066701513634,-77.10738193980964
38.87067494251641,-77.10738522858618
38.870684003142095,-77.10738898750532
38.8706919305218,-77.10739227628335
38.87070099114704,-77.10739603520419
38.87070914624365,-77.1073994184553
38.87071797915119,-77.1074030829063
38.87072703977578,-77.10740684182977
38.870734967154526,-77.10741013061158
38.87074402777868,-77.10741388953677
38.87075195515705,-77.1074171783201
38.87076101578078,-77.107420937247
38.87076894315876,-77.10742422603182
38.870778003782064,-77.10742798496044
38.87078593115967,-77.10743127374676
38.870794991782546,-77.10743503267707
38.870802919159786,-77.1074383214649
38.87081197978223,-77.10744208039692
38.87082013487632,-77.10744546365812
38.870828970981385,-77.10744912679897
38.87083696668499,-77.10745214557237
38.87084609351009,-77.1074555914009
38.87085500968105,-77.10745895769796
38.87086300538417,-77.10746197647347
38.87087192155477,-77.10746534277209
38.87088012791151,-77.10746844108137
38.870889044081764,-77.1074718073815
38.87089703978426,-77.1074748261598
38.87090595595416,-77.1074781924615
38.870914872123876,-77.107481558764
38.8709230784798,-77.10748465707687
38.87093199464915,-77.10748802338094
38.87093999035083,-77.10749104216272
38.870948906519835,-77.10749440846833
38.87095711287512,-77.10749750678404
38.87096602904376,-77.1075008730912
38.87097494521222,-77.10750423939918
38.8709829409131,-77.10750725818447
38.87099206773511,-77.1075107040266
38.87100006343567,-77.1075137228133
38.87100897960342,-77.10751708912434
38.87101697530366,-77.10752010791242
38.87102610212495,-77.10752355375773
38.87103501829215,-77.10752692007115
38.87104301399191,-77.10752993886136
38.87105193015875,-77.10753330517632
38.8710599258582,-77.10753632396789
38.87106905267857,-77.10753976981721
38.87107704837771,-77.10754278861017
38.87108596454384,-77.10754615492823
38.871093960242646,-77.10754917372259
38.8711030870623,-77.10755261957506
38.871112003227886,-77.10755598589547
38.87111999892622,-77.10755900469196
38.87112895887273,-77.1075631354309
38.87113695678629,-77.1075671423015
38.87114521827642,-77.1075712812222
38.87115408414015,-77.10757572292896
38.87116208205291,-77.1075797298022
38.87117007996541,-77.10758373667629
38.871178945828255,-77.10758817838594
38.87118694374021,-77.10759218526181
38.871194941651915,-77.1075961921385
38.87120407109067,-77.10760076590054
38.87121206900183,-77.10760477277906
38.87122006691273,-77.1076087796584
38.871228201900415,-77.10761348560662
38.87123614549375,-77.10761862931716
38.87124408908667,-77.10762377302875
38.87125203267918,-77.10762891674136
38.8712599762713,-77.10763406045501
38.87126823282385,-77.10763940682129
38.87127617641514,-77.10764455053705
38.871284120006,-77.10764969425384
38.871292063596464,-77.10765483797164
38.87129996457022,-77.10766007756625
38.87130795490925,-77.10766609871693
38.87131520131055,-77.10767155927186
38.8713228518418,-77.10767732436194
38.87133084217929,-77.10768334551604
38.87133808857921,-77.10768880607404
38.87134607891568,-77.10769482723036
38.8713540692516,-77.10770084838786
38.87136171978029,-77.10770661348342
38.8713688996173,-77.10771415520753
38.871376102812505,-77.10772184103563
38.87138292332861,-77.10772911854609
38.87139012652225,-77.10773680437661
38.871396947036864,-77.10774408188935
38.87140415022896,-77.10775176772233
38.871411353420285,-77.10775945355657
38.87141876561335,-77.10776736239868
38.87142596880304,-77.10777504823544
38.87143278931382,-77.10778232575394
38.871439992501976,-77.10779001159314
38.871446349783696,-77.10779752241604
38.87145278327061,-77.10780529591567
38.87145907479168,-77.10781289788173
38.87146536631202,-77.10782049984887
38.87147179979655,-77.10782827335159
38.87147809131539,-77.10783587532082
38.87148438283348,-77.10784347729111
38.8714908163156,-77.10785125079693
38.87149710783219,-77.10785885276933
38.87150392986466,-77.10786709576058
38.87150983282777,-77.10787422825169
38.87151612434211,-77.10788183022724
38.871522946372096,-77.10789007322184
38.87152884933304,-77.10789720571586
38.87153514084514,-77.10790480769455
38.8715416520507,-77.10791343241365
38.8715480547085,-77.10792193201108
38.87155455181065,-77.1079305569868
38.87156111172693,-77.10793884417205
38.87156800308341,-77.10794699569949
38.87157396538258,-77.10795404828166
38.87158085673742,-77.10796219981135
38.87158774809136,-77.10797035134227
38.87159409834842,-77.1079778628314
38.871600989700696,-77.10798601436466
38.87160733995624,-77.10799352585602
38.87161423130684,-77.1080016773916
38.87162073469661,-77.10800937002406
38.87162708494988,-77.10801688151868
38.87163397629796,-77.10802503305771
38.87164086764515,-77.10803318459797
38.871647217896125,-77.10804069609593
38.871654109241625,-77.10804884763851
38.871661000586265,-77.10805699918232
38.8716669628752,-77.10806405177868
38.871673854218194,-77.10807220332474
38.8716807455603,-77.108080354872
38.8716870958067,-77.10808786637654
38.871693987147125,-77.10809601792616
38.87170033739202,-77.1081035294329
38.87170722873078,-77.10811168098485
38.87171373210912,-77.10811937363248
38.87172008235175,-77.10812688514247
38.87172697368797,-77.10813503669787
38.87173386502331,-77.10814318825449
38.87174021526365,-77.10815069976783
38.871733803464544,-77.10815976503979
38.871727059651136,-77.10816907131358
38.87172031583663,-77.10817837758614
38.87171364793342,-77.1081875791005
