36.8812580082536,-76.30220178831497
36.881248990689784,-76.30220123878459
36.881240012023554,-76.30220069162475
36.881230994459735,-76.30220014209463
36.88122201579348,-76.30219959493506
36.88121299822965,-76.3021990454052
36.881203980665816,-76.30219849587547
36.88119500199955,-76.30219794871628
36.8811859844357,-76.30219739918681
36.88117600813985,-76.30219679123245
36.881166990575984,-76.30219624170324
36.881158011909704,-76.30219569454458
36.88114899434585,-76.30219514501565
36.88114001567955,-76.30219459785725
36.881130998115665,-76.30219404832856
36.88112198055178,-76.30219349880001
36.88111300188548,-76.30219295164198
36.881103984321584,-76.3021924021137
36.88109500565526,-76.30219185495595
36.88108598809137,-76.3021913054279
36.88107700942504,-76.3021907582704
36.88106799186113,-76.30219020874263
36.8810580155652,-76.30218960079014
36.88104899800127,-76.30218905126264
36.881040019334925,-76.30218850410567
36.881031001770985,-76.30218795457843
36.88102198420705,-76.3021874050513
36.881013005540694,-76.30218685789472
36.88100398797673,-76.30218630836787
36.88099500931036,-76.30218576121155
36.88098599174641,-76.30218521168494
36.88097701118486,-76.3021846954745
36.880966995573274,-76.30218412052439
36.88095801450923,-76.30218360496302
36.880948996793656,-76.30218308729778
36.8809400157296,-76.30218257173665
36.880930998014,-76.30218205407165
36.88092201694994,-76.30218153851077
36.88091200133834,-76.30218096356148
36.88090298362275,-76.30218044589687
36.88089400255866,-76.30217993033635
36.88088498484306,-76.30217941267199
36.880876003778965,-76.30217889711172
36.880866986063346,-76.30217837944758
36.88085700710324,-76.30217780660313
36.880847989387604,-76.30217728893925
36.880839008323505,-76.30217677337949
36.880829990607864,-76.30217625571585
36.880821009543745,-76.30217574015633
36.8808119918281,-76.30217522249293
36.88080301426002,-76.30217465127312
36.880793996934635,-76.30217407496313
36.88078497960925,-76.30217349865329
36.88077600306891,-76.30217292495021
36.88076698574352,-76.30217234864064
36.88075800920316,-76.30217177493782
36.880748991877745,-76.30217119862853
36.88074001533739,-76.30217062492599
36.88073099801198,-76.30217004861694
36.88072098329319,-76.30216940856337
36.8807120067528,-76.30216883486125
36.880702989427355,-76.30216825855264
36.88069401288696,-76.30216768485079
36.880684995561516,-76.30216710854245
36.88067601902112,-76.30216653484086
36.88066700169566,-76.30216595853281
36.880657984370195,-76.30216538222487
36.880649007829774,-76.3021648085237
36.880639990504314,-76.30216423221604
36.88063101396387,-76.30216365851514
36.88062199663839,-76.30216308220776
36.88061302009795,-76.30216250850711
36.88060400277244,-76.3021619322
36.880594985446955,-76.302161355893
36.88058600890649,-76.30216078219279
36.88057699158098,-76.30216020588607
36.8805680150405,-76.30215963218612
36.88055899771498,-76.30215905587967
36.880550028249544,-76.30215847705607
36.88054101533662,-76.30215771609478
36.88053200242369,-76.30215695513367
36.880522989510744,-76.30215619417272
36.8805139765978,-76.30215543321198
36.88050501745979,-76.30215467679162
36.88049600454682,-76.30215391583121
36.88048599617406,-76.30215307082433
36.88047698326106,-76.30215230986431
36.88046802412301,-76.3021515534447
36.88045901120999,-76.30215079248504
36.88044999829699,-76.30215003152554
36.88044098538395,-76.30214927056625
36.880431972470916,-76.30214850960712
36.880423013332816,-76.30214775318838
36.880413004959976,-76.30214690818312
36.880403992046894,-76.30214614722455
36.88039497913382,-76.30214538626616
36.88038601999568,-76.30214462984814
36.88037700708259,-76.30214386889013
36.880367994169475,-76.30214310793227
36.88035898125635,-76.30214234697459
36.88035002211818,-76.30214159055731
36.88034100920505,-76.30214082959998
36.8803310008321,-76.30213998459654
36.88032198791895,-76.30213922363959
36.88031297500578,-76.30213846268283
36.880304015867544,-76.30213770626645
36.88029500295436,-76.30213694531004
36.880285990041166,-76.30213618435383
36.88027697712796,-76.30213542339777
36.88026802022093,-76.30213463936303
36.88025900843119,-76.30213384963108
36.88024999664144,-76.3021330598993
36.880239989741256,-76.30213218296306
36.880230977951484,-76.3021313932317
36.88022202195758,-76.30213060839007
36.88021301016779,-76.30212981865907
36.88020399837799,-76.30212902892825
36.88019498658819,-76.30212823919763
36.88018603059423,-76.30212745435674
36.88017701880441,-76.30212666462647
36.88016800701456,-76.3021258748964
36.88015899522471,-76.30212508516651
36.88014998307509,-76.30212436928066
36.8801410125258,-76.30212372670282
36.880131996294345,-76.30212308085281
36.88012298006288,-76.30212243500299
36.88011400951358,-76.3021217924256
36.8801049932821,-76.30212114657606
36.88009602273279,-76.30212050399896
36.8800870065013,-76.30211985814974
36.880077990269804,-76.30211921230065
36.880068022992766,-76.30211849832662
36.880059006761265,-76.30211785247788
36.88004999052973,-76.30211720662926
36.880041019980375,-76.3021165640531
36.88003200374886,-76.30211591820479
36.88002298751732,-76.30211527235664
36.88001401696793,-76.30211462978093
36.880005000736375,-76.30211398393308
36.87999598450482,-76.30211333808539
36.87998701395542,-76.30211269551013
36.879977997723856,-76.30211204966274
36.87996898149227,-76.3021114038155
36.879960010942845,-76.3021107612407
36.87995099471125,-76.30211011539376
36.879941978479664,-76.30210946954699
36.87993300793021,-76.30210882697263
36.879923991698604,-76.30210818112616
36.87991502114914,-76.30210753855211
36.879906004917515,-76.30210689270594
36.87989698868588,-76.3021062468599
36.87988801813642,-76.30210560428633
36.87987900190476,-76.3021049584406
36.879869985673096,-76.30210431259502
36.8798610151236,-76.30210367002189
36.87985199889194,-76.30210302417663
36.87984298266026,-76.30210237833151
36.87983401211075,-76.30210173575884
36.87982399915133,-76.30210101851709
36.879814982919626,-76.30210037267244
36.87980601237009,-76.30209973010022
36.879796996138374,-76.3020990842559
36.87978797990665,-76.30209843841172
36.87977900935709,-76.30209779583996
36.87976999312536,-76.30209714999607
36.87976102257579,-76.30209650742462
36.879752006344034,-76.30209586158104
36.879742990112284,-76.30209521573761
36.87973401956269,-76.30209457316661
36.87972500333092,-76.30209392732348
36.879715987099146,-76.30209328148052
36.879707016549524,-76.30209263890997
36.87969800031774,-76.30209199306731
36.87968898408595,-76.30209134722479
36.87968001353631,-76.30209070465469
36.8796709973045,-76.3020900588125
36.87966198107269,-76.30208941297043
36.87965300132423,-76.30208895873218
36.87964398374744,-76.30208850648624
36.87963499820793,-76.30208805584712
36.87962601266841,-76.3020876052081
36.87961599669833,-76.30208710289149
36.879607011158804,-76.30208665225268
36.879597993582,-76.3020862000073
36.87958900804247,-76.3020857493687
36.87957999046564,-76.30208529712351
36.879571004926106,-76.30208484648513
36.8795619873493,-76.30208439424015
36.879553001809754,-76.302083943602
36.879543984232924,-76.30208349135724
36.87953499869335,-76.30208304071928
36.87952601315381,-76.30208259008145
36.87951699557697,-76.30208213783699
36.879508010037405,-76.30208168719938
36.87949899246056,-76.30208123495514
36.8794890085277,-76.3020807342469
36.879479990950855,-76.3020802820029
36.87947100541128,-76.30207983136572
36.879461987834425,-76.3020793791219
36.87945300229483,-76.30207892848493
36.87944398471797,-76.30207847624135
36.87943499917837,-76.30207802560459
36.879426013638785,-76.30207757496792
36.879416996061906,-76.30207712272465
36.879408010522305,-76.30207667208822
36.87939899294542,-76.30207621984516
36.879390007405824,-76.30207576920893
36.87938098982894,-76.30207531696608
36.87937200428931,-76.30207486633006
36.879361988319125,-76.30207436401679
36.87935300277951,-76.30207391338098
36.8793439852026,-76.30207346113859
36.87933499966297,-76.302073010503
36.87932601412333,-76.30207255986751
36.87931699654642,-76.30207210762543
36.879308011006785,-76.30207165699017
36.87929899342987,-76.3020712047483
36.87929000789021,-76.30207075411325
36.87928099031329,-76.3020703018716
36.87927200477364,-76.30206985123675
36.879262987196704,-76.3020693989953
36.87925400165705,-76.30206894836068
36.87924498408011,-76.30206849611945
36.87923500014715,-76.30206799541453
36.879226014607475,-76.30206754478024
36.87921699703052,-76.30206709253935
36.87920801149084,-76.30206664190526
36.87919899218788,-76.30206618638711
36.87919001683034,-76.30206559844994
36.879180999674126,-76.30206500777487
36.8791719825179,-76.30206441709994
36.87916300716036,-76.3020638291632
36.87915399000413,-76.30206323848856
36.87914501464657,-76.30206265055207
36.87913500022836,-76.30206199455145
36.8791259830721,-76.30206140387723
36.87911700771455,-76.30206081594119
36.879107990558275,-76.30206022526724
36.87909901520068,-76.3020596373315
36.87908999804441,-76.30205904665782
36.87908098088813,-76.3020584559843
36.87907200553053,-76.30205786804895
36.87906298837423,-76.3020572773757
36.87905301575465,-76.30205662411451
36.879043998598355,-76.30205603344156
36.87903498144205,-76.30205544276875
36.879026006084416,-76.30205485483411
36.87901698892808,-76.30205426416157
36.879008013570434,-76.3020536762272
36.87899899641409,-76.30205308555495
36.87898997925775,-76.30205249488283
36.8789810039001,-76.30205190694888
36.87897198674374,-76.30205131627703
36.8789620141241,-76.30205066301741
36.87895299696774,-76.30205007234586
36.87894397981136,-76.30204948167444
36.87893500346568,-76.30204889501937
36.878925985812536,-76.30204842975857
36.878917001115894,-76.30204796619824
36.87890801641923,-76.30204750263803
36.87889899876607,-76.30204703737756
36.878890014069405,-76.30204657381756
36.878880996416235,-76.30204610855733
36.878872011719565,-76.30204564499755
36.8788629940664,-76.30204517973752
36.87885400936972,-76.30204471617797
36.87884499171653,-76.30204425091814
36.87883600701984,-76.30204378735881
36.87882698936666,-76.30204332209922
36.87881800466997,-76.3020428585401
36.87880898701677,-76.30204239328073
36.87880000232006,-76.30204192972184
36.878790984666864,-76.30204146446268
36.87878199997016,-76.302041000904
36.87877301527345,-76.30204053734542
36.878763997620226,-76.3020400720866
36.87875601122315,-76.30203966003472
36.87874699356992,-76.3020391947761
36.87873800887319,-76.30203873121795
36.87872899121998,-76.30203826595955
36.878720006523245,-76.30203780240161
36.87871098887001,-76.30203733714345
36.87870200417326,-76.30203687358572
36.87869298652002,-76.30203640832777
36.87868400182328,-76.30203594477028
36.87867498417003,-76.30203547951253
36.87866599947327,-76.30203501595525
36.878657014776515,-76.30203455239808
36.87864799712326,-76.30203408714067
36.87863901242649,-76.30203362358374
36.87862999477323,-76.30203315832654
36.87862101007645,-76.3020326947698
36.878611992423174,-76.30203222951283
36.8786030077264,-76.30203176595631
36.87859399007312,-76.30203130069957
36.87858500537632,-76.30203083714328
36.87857598772303,-76.30203037188673
36.87856700302625,-76.30202990833067
36.87855798537295,-76.30202944307435
36.87854900067616,-76.30202897951848
36.87854001597934,-76.30202851596273
36.878530998326035,-76.30202805070675
36.87852201362922,-76.30202758715122
36.87851299597591,-76.30202712189546
36.8785040112791,-76.30202665834014
36.878494993625765,-76.30202619308459
36.87848600892894,-76.3020257295295
36.87847699127562,-76.30202526427416
36.878468006578785,-76.3020248007193
36.878458988925445,-76.30202433546418
36.878450004228604,-76.30202387190953
36.878440986575264,-76.30202340665464
36.878432001878416,-76.3020229431002
36.87842298422506,-76.30202247784553
36.8784139995282,-76.30202201429131
36.878405014831344,-76.30202155073721
36.87839599717799,-76.30202108548285
36.87838701248112,-76.30202062192896
36.878377994827744,-76.30202015667483
36.878369010130875,-76.30201969312117
36.878359992477506,-76.30201922786726
36.87835100778062,-76.3020187643138
36.87834199012724,-76.30201829906011
36.878333005430356,-76.30201783550687
36.87832398777696,-76.30201737025341
36.87831500308006,-76.30201690670039
36.878306983726326,-76.302016492953
36.87829799902943,-76.3020160294002
36.87828901433252,-76.3020155658475
36.878279996679105,-76.30201510059456
36.8782710119822,-76.30201463704208
36.87826199432878,-76.30201417178937
36.87825300963186,-76.3020137082371
36.87824399197844,-76.3020132429846
36.87823500728151,-76.30201277943256
36.87822598962808,-76.30201231418029
36.87821700493115,-76.30201185062845
36.87820798727771,-76.30201138537639
36.87819900258077,-76.30201092182477
36.87818998492732,-76.30201045657294
36.87818100023037,-76.30200999302156
36.87817201553342,-76.30200952947027
36.878162997879976,-76.30200906421877
36.878154013183014,-76.3020086006677
36.87814499552955,-76.3020081354164
36.87813601083258,-76.30200767186555
36.87812699317911,-76.30200720661449
36.87811800848214,-76.30200674306386
36.87810899082866,-76.302006277813
36.87810000613169,-76.3020058142626
36.8780909884782,-76.30200534901196
36.87808200378121,-76.30200488546178
36.87807298612772,-76.30200442021136
36.87806400143072,-76.3020039566614
36.878054983777226,-76.30200349141118
36.87804599908022,-76.30200302786143
36.87803701438322,-76.30200256431179
36.87802799672971,-76.30200209906192
36.87801901203269,-76.3020016355125
36.87800999437918,-76.30200117026286
36.87800100968216,-76.30200070671364
36.87799199202863,-76.30200024146421
36.87798300733161,-76.30199977791521
36.87797398967807,-76.30199931266601
36.87796500498103,-76.30199884911724
36.87795598651612,-76.30199838274012
36.87794700393957,-76.30199788817514
36.87793898426543,-76.30199744662599
36.877930001688874,-76.30199695206123
36.877920983950666,-76.30199645556064
36.877912001374106,-76.30199596099612
36.877902983635884,-76.30199546449577
36.877894001059296,-76.30199496993149
36.87788498332108,-76.30199447343138
36.87787600074451,-76.30199397886732
36.877868016231986,-76.30199353925491
36.87785899849374,-76.30199304275513
36.877850015917154,-76.30199254819141
36.87784099817889,-76.30199205169187
36.8778320156023,-76.30199155712839
36.877822997864044,-76.30199106062906
36.877814015287434,-76.30199056606581
36.87780599561324,-76.30199012451818
36.87779701303662,-76.30198962995516
36.877787995298355,-76.3019891334563
36.877779012721724,-76.3019886388935
36.877769994983446,-76.30198814239488
36.877761012406815,-76.3019876478323
36.87775199466853,-76.30198715133392
36.87774301209189,-76.30198665677158
36.87773499241767,-76.30198621522477
36.87772600984103,-76.30198572066266
36.877716992102705,-76.30198522416472
36.877708009526046,-76.30198472960284
36.877698991787746,-76.30198423310513
36.87769000921108,-76.30198373854348
36.87768099147276,-76.30198324204603
36.87767300696015,-76.30198280243587
36.87766398922183,-76.30198230593862
36.87765500664514,-76.30198181137742
36.877645988404616,-76.30198138208539
36.87763700133989,-76.30198095584876
36.87762801427515,-76.30198052961224
36.87761899690641,-76.30198010193857
36.877610009841675,-76.30197967570224
36.877600992472914,-76.30197924802876
36.87759300397091,-76.30197886915221
36.87758398660216,-76.30197844147891
36.877574999537416,-76.30197801524298
36.877566012472656,-76.30197758900715
36.877556995103895,-76.30197716133418
36.87754800803913,-76.30197673509853
36.87753899067035,-76.30197630742575
36.87753000360559,-76.30197588119032
36.877521984799564,-76.30197550087722
36.87751299773479,-76.30197507464197
36.87750401067002,-76.30197464840684
36.87749499330123,-76.30197422073455
36.877486006236445,-76.30197379449962
36.877476988867656,-76.30197336682753
36.877468001802875,-76.30197294059278
36.87745901473808,-76.30197251435813
36.87744999736928,-76.30197208668635
36.87744200886723,-76.30197170781129
36.877432991498424,-76.30197128013968
36.87742400443362,-76.30197085390544
36.877414987064796,-76.30197042623405
36.877406,-76.30197
36.87739700929557,-76.3019696386006
36.87738799289667,-76.30196927616844
36.87737900219222,-76.30196891476922
36.87737001148778,-76.30196855337006
36.877360995088864,-76.30196819093815
36.87735200438443,-76.30196782953918
36.877342987985514,-76.30196746710745
36.87733399728106,-76.30196710570864
36.87732500657661,-76.30196674430992
36.87731599017769,-76.30196638187844
36.87730699947324,-76.30196602047988
36.87729800876878,-76.30196565908142
36.87728899236984,-76.30196529665021
36.87728000166538,-76.3019649352519
36.87727101096093,-76.3019645738537
36.87726199456199,-76.30196421142273
36.877252004890366,-76.30196380986936
36.87724298849141,-76.30196344743858
36.877233997786945,-76.30196308604073
36.877225007082465,-76.30196272464295
36.877215990683524,-76.30196236221242
36.87720699997905,-76.3019620008148
36.87719800927455,-76.30196163941729
36.8771889928756,-76.30196127698702
36.87718000217112,-76.30196091558966
36.87717101146663,-76.30196055419239
36.8771619934934,-76.30196018888272
36.877153010153,-76.30195970526464
36.877143992428515,-76.30195921979562
36.8771350090881,-76.30195873617778
36.87712599136362,-76.30195825070899
36.8771170080232,-76.30195776709138
36.877107990298704,-76.30195728162282
36.877099006958275,-76.30195679800543
36.877089989233774,-76.3019563125371
36.877081005893345,-76.30195582891994
36.87707198816882,-76.30195534345184
36.87706300482838,-76.30195485983491
36.877053987103864,-76.30195437436704
36.87704500376342,-76.30195389075033
36.877035986038884,-76.30195340528269
36.877027002698426,-76.30195292166621
36.87701798497389,-76.30195243619879
36.87700900163343,-76.30195195258254
36.87699898575994,-76.30195141338024
36.876990002419475,-76.30195092976423
36.87698098469492,-76.30195044429728
36.87697200135443,-76.30194996068151
36.87696298362988,-76.30194947521478
36.876954000289395,-76.30194899159923
36.8769450169489,-76.3019485079838
36.87693599922432,-76.30194802251742
36.87692701588383,-76.30194753890223
36.87691799815924,-76.30194705343607
36.876909014818736,-76.30194656982108
36.87689999709415,-76.30194608435517
36.87689101375363,-76.30194560074041
36.876881995151734,-76.30194515244652
36.876873009355194,-76.30194470584006
36.876863991805756,-76.30194425765553
36.87685500600921,-76.30194381104928
36.876845988459785,-76.30194336286498
36.87683700266323,-76.30194291625894
36.876828983535624,-76.30194251769771
36.87681999773906,-76.30194207109187
36.87681101194249,-76.30194162448612
36.876801994393034,-76.30194117630234
36.876793008596465,-76.3019407296968
36.876783991047006,-76.30194028151323
36.87677500525044,-76.3019398349079
36.876765987700985,-76.30193938672453
36.87675700190438,-76.30193894011943
36.8767480161078,-76.30193849351443
36.876738998558324,-76.30193804533137
36.87673001276173,-76.30193759872657
36.87672199363409,-76.30193720016646
36.87671300783749,-76.30193675356188
36.87670399028799,-76.30193630537923
36.876695004491395,-76.30193585877484
36.87668598694191,-76.3019354105924
36.87667700114528,-76.30193496398823
36.87666801534867,-76.30193451738417
36.876658997799154,-76.30193406920205
36.876650012002536,-76.3019336225982
36.876640994453034,-76.30193317441629
36.876632008656394,-76.30193272781264
36.876622991106885,-76.30193227963095
36.87661400531023,-76.30193183302751
36.876605986182575,-76.30193143446861
36.87659700038591,-76.30193098786538
36.87658801458926,-76.30193054126224
36.876578997039736,-76.30193009308105
36.87657001124308,-76.30192964647814
36.876560993693545,-76.30192919829717
36.87655200789687,-76.30192875169446
36.87654299034733,-76.3019283035137
36.87653400455066,-76.30192785691119
36.87652498700112,-76.30192740873065
36.87651600120444,-76.30192696212836
36.876507015407746,-76.30192651552618
36.87649899628004,-76.30192611696839
36.87649001048335,-76.3019256703664
36.876480992933786,-76.30192522218638
36.876472007137096,-76.3019247755846
36.876462989587516,-76.30192432740479
36.876454003790826,-76.30192388080322
36.87644498624124,-76.3019234326236
36.876436000444535,-76.30192298602225
36.876427014647824,-76.301922539421
36.87641799709823,-76.3019220912417
36.87640901130152,-76.30192164464066
36.87639999375191,-76.30192119646158
36.8763910079552,-76.30192074986074
36.87638298882745,-76.30192035130418
36.87637400303072,-76.30191990470354
36.8763649854811,-76.30191945652487
36.876355999684385,-76.30191900992446
36.8763470085086,-76.30191865809378
36.876337992348866,-76.30191830745015
36.87632900105084,-76.3019179577735
36.8763200097528,-76.30191760809693
36.87631099359307,-76.30191725745354
36.876302002295034,-76.30191690777714
36.87629301099698,-76.30191655810081
36.87628399483725,-76.3019162074577
36.87627500353921,-76.30191585778152
36.876266012241175,-76.30191550810545
36.87625699608143,-76.30191515746257
36.87624800478338,-76.30191480778666
36.87623898862362,-76.30191445714395
36.87622999732557,-76.30191410746819
36.87622100602752,-76.30191375779253
36.87621198986776,-76.30191340715007
36.876202998569696,-76.30191305747456
36.876194007271636,-76.30191270779915
36.87618499111188,-76.30191235715692
36.87617599981381,-76.30191200748166
36.87616700851575,-76.30191165780649
36.87615799235597,-76.30191130716452
36.87615000009102,-76.30191099634229
36.876141008792956,-76.30191064666735
36.87613199263318,-76.30191029602562
36.876123001335095,-76.30190994635086
36.87611401003703,-76.30190959667615
36.87610499387724,-76.30190924603468
36.876096002579146,-76.30190889636015
36.87608701128108,-76.30190854668572
36.87607799512129,-76.30190819604448
36.87606900382318,-76.3019078463702
36.8760599876634,-76.30190749572914
36.87605099636531,-76.30190714605503
36.87604200506721,-76.30190679638099
36.87603298890742,-76.30190644574016
36.876023997609316,-76.3019060960663
36.87601500631122,-76.30190574639252
36.87600599015141,-76.30190539575194
36.8759969988533,-76.30190504607833
36.87598801159107,-76.30190469475363
36.87597899393847,-76.30190415962802
36.87597001417333,-76.30190362675087
36.87596099652072,-76.30190309162552
36.87595201675557,-76.30190255874861
36.875942999102946,-76.30190202362353
36.87593398145032,-76.30190148849856
36.87592500168516,-76.30190095562202
36.875915984032524,-76.3019004204973
36.87590700426736,-76.30189988762102
36.875897986614696,-76.30189935249655
36.87588900684951,-76.30189881962053
36.875879989196875,-76.30189828449632
36.87587100943167,-76.30189775162053
36.87586199177901,-76.30189721649657
36.875853012013806,-76.30189668362105
36.87584399436114,-76.30189614849733
36.87583501459592,-76.30189561562206
36.87582599694325,-76.30189508049861
36.875817017178015,-76.30189454762358
36.87580799952532,-76.30189401250037
36.875798981872634,-76.30189347737729
36.875790002107394,-76.30189294450263
36.87578098445469,-76.30189240937982
36.87577200468943,-76.30189187650541
36.875762987036715,-76.30189134138284
36.87575400727146,-76.3018908085087
36.87574498961875,-76.30189027338636
36.87573600985348,-76.30188974051246
36.87572699220075,-76.30188920539038
36.87571801243546,-76.30188867251674
36.87570899478273,-76.30188813739494
36.87570001501744,-76.30188760452154
36.87569199511639,-76.3018871286081
36.875683015351086,-76.30188659573494
36.87567399769833,-76.30188606061361
36.87566498004556,-76.30188552549241
36.87565600028026,-76.30188499261962
36.87564698262749,-76.30188445749867
36.87563800286215,-76.30188392462614
36.87562898520938,-76.30188338950545
36.87562000544405,-76.30188285663317
36.87561098779125,-76.30188232151272
36.87560200802591,-76.30188178864069
36.87559299037311,-76.30188125352049
36.87558401060776,-76.30188072064871
36.875574992954945,-76.30188018552877
36.875566013189584,-76.30187965265723
36.87555699553676,-76.30187911753754
36.87554801413604,-76.30187860911674
36.875538996402454,-76.30187809947792
36.87553001475944,-76.3018775918789
36.87552099702582,-76.30187708224034
36.87551201538282,-76.30187657464154
36.87550299764919,-76.30187606500321
36.87549401600618,-76.30187555740466
36.87548599623289,-76.3018751041664
36.875477014589855,-76.30187459656807
36.87546799685622,-76.3018740869302
36.87545901521319,-76.30187357933212
36.87544999747955,-76.3018730696945
36.8754410158365,-76.30187256209665
36.87543199810285,-76.30187205245926
36.87542301645978,-76.30187154486165
36.87541399872613,-76.30187103522451
36.8754060150434,-76.30187058402684
36.87539699730973,-76.30187007438992
36.875388015666665,-76.30186956679279
36.875378997932984,-76.30186905715611
36.87537001628991,-76.3018685495592
36.87536099855622,-76.30186803992277
36.87535201691313,-76.30186753232611
36.87534299917944,-76.3018670226899
36.87533401753634,-76.3018665150935
36.875325997762985,-76.30186606185711
36.87531701611987,-76.30186555426091
36.87530799838616,-76.30186504462517
36.87529901674304,-76.30186453702922
36.87528999900932,-76.30186402739373
36.875281017366206,-76.301863519798
36.875271999632474,-76.30186301016275
36.87526301798933,-76.30186250256726
36.875254000255595,-76.30186199293226
36.87524601657281,-76.30186154173649
36.87523699883906,-76.30186103210168
36.875228017195916,-76.30186052450668
36.87521899946216,-76.30186001487213
36.875210017819015,-76.30185950727736
36.875201000085234,-76.30185899764304
36.87519201844207,-76.30185849004852
36.875183000708304,-76.30185798041444
36.875175017025484,-76.3018575292195
36.87516499859684,-76.30185704587824
36.87515601173385,-76.30185661634914
36.87514699433079,-76.30185618536048
36.875138007467825,-76.30185575583158
36.87512899006476,-76.30185532484312
36.87512000320178,-76.30185489531443
36.87511098579871,-76.30185446432618
36.87510199893572,-76.30185403479769
36.87509301207273,-76.3018536052693
36.87508399466966,-76.30185317428135
36.87507500780665,-76.30185274475318
36.87506599040356,-76.30185231376542
36.87505700354057,-76.30185188423744
36.87504798613748,-76.30185145324988
36.875038999274466,-76.30185102372211
36.87503001241145,-76.30185059419443
36.87502099500835,-76.30185016320719
36.87501200814533,-76.30184973367972
36.875002990742225,-76.30184930269267
36.87499400387921,-76.30184887316538
36.87498498647609,-76.30184844217857
36.87497599961305,-76.30184801265149
36.87496701275002,-76.30184758312451
36.874957995346904,-76.301847152138
36.87494900848387,-76.30184672261122
36.87493999108073,-76.30184629162488
36.874931004217686,-76.30184586209832
36.87492198681455,-76.3018454311122
36.8749129999515,-76.30184500158583
36.87490401308845,-76.30184457205957
36.874894995685295,-76.30184414107374
36.87488600882223,-76.30184371154769
36.87487699141908,-76.30184328056207
36.87486800455602,-76.30184285103621
36.874858987152855,-76.3018424200508
36.87485000028979,-76.30184199052515
36.87484101342671,-76.30184156099958
36.87483199602354,-76.30184113001448
36.874823009160465,-76.30184070048912
36.874813991757286,-76.30184026950421
36.87480500489419,-76.30183983997907
36.87479598749102,-76.30183940899435
36.87478700062792,-76.30183897946941
36.87477701522449,-76.30183850221958
36.87476799782129,-76.3018380712352
36.87475901095818,-76.30183764171056
36.87474999355499,-76.30183721072638
36.8747410164592,-76.3018367590569
36.87473201379754,-76.30183579802038
36.87472301113586,-76.30183483698409
36.874715001234705,-76.3018339819254
36.87470599857301,-76.30183302088952
36.874696995911286,-76.30183205985388
36.87468799324956,-76.30183109881845
36.87467899058782,-76.30183013778327
36.874669987926055,-76.3018291767483
36.874660985264285,-76.30182821571356
36.87465198260249,-76.30182725467904
36.874642979940674,-76.30182629364474
36.87463397727886,-76.30182533261068
36.87462497461703,-76.30182437157684
36.87461597195518,-76.30182341054324
36.8746069692933,-76.30182244950983
36.87459796663141,-76.30182148847668
36.87458896396952,-76.30182052744374
36.87458002912458,-76.30181957365048
36.874571026462654,-76.30181861261798
36.874562023800706,-76.30181765158574
36.874553021138745,-76.3018166905537
36.87454401847677,-76.30181572952188
36.874535015814786,-76.3018147684903
36.874526013152774,-76.30181380745894
36.87451800325132,-76.30181295240465
36.87450900058928,-76.30181199137371
36.874499997927224,-76.30181103034302
36.87449099526516,-76.30181006931254
36.87448199260307,-76.30180910828228
36.874472989940976,-76.30180814725225
36.87446398727887,-76.30180718622243
36.87445498461673,-76.30180622519286
36.87444598195459,-76.30180526416352
36.874436979292426,-76.30180430313439
36.87442797663026,-76.30180334210547
36.87441897396806,-76.30180238107681
36.87440997130586,-76.30180142004836
36.87440096864364,-76.30180045902014
36.8743919659814,-76.30179949799214
36.87438296331915,-76.30179853696437
36.87437396065688,-76.30179757593682
36.87436502581157,-76.30179662214891
36.87435602314929,-76.30179566112182
36.87434702048697,-76.30179470009493
36.87433801782464,-76.30179373906829
36.87432901516229,-76.30179277804187
36.87432100526054,-76.30179192299198
36.87431200259816,-76.30179096196599
36.87430299993577,-76.30179000094023
36.874293997273355,-76.30178903991468
36.874284994610946,-76.30178807888937
36.874275991948515,-76.30178711786428
36.87426698928606,-76.30178615683941
36.8742579866236,-76.30178519581477
36.87424898396112,-76.30178423479036
36.874239981298615,-76.30178327376616
36.874230978636106,-76.3017823127422
36.87422197597358,-76.30178135171847
36.87421297331103,-76.30178039069496
36.87420397064848,-76.30177942967168
36.8741949679859,-76.30177846864862
36.87418596532333,-76.30177750762579
36.87417696266071,-76.30177654660318
36.87416795999808,-76.3017755855808
36.874158957335446,-76.30177462455865
36.874150022489786,-76.30177367077609
36.87414101982712,-76.30177270975437
36.87413201716444,-76.30177174873289
36.87412400726237,-76.30177089368739
36.874115004599666,-76.30176993266635
36.87410600193694,-76.30176897164552
36.8740969992742,-76.30176801062491
36.87408799661144,-76.30176704960454
36.874078993948665,-76.30176608858439
36.87406999128587,-76.30176512756447
36.87406098862308,-76.30176416654476
36.87405198596026,-76.30176320552529
36.87404298329742,-76.30176224450604
36.87403398063457,-76.30176128348701
36.874024977971715,-76.30176032246823
36.87401597530882,-76.30175936144965
36.87400697264594,-76.30175840043131
36.87399796998304,-76.30175743941318
36.8739889673201,-76.30175647839529
36.87397996465717,-76.30175551737761
36.873970961994196,-76.30175455636018
36.87396195933122,-76.30175359534296
36.87395295666824,-76.30175263432598
36.87394395400523,-76.3017516733092
36.8739350191592,-76.301750719532
36.87392700925683,-76.30174986449089
36.87391800659379,-76.30174890347477
36.87390900393071,-76.30174794245889
36.87390000126764,-76.30174698144323
36.87389099860455,-76.30174602042779
36.87388199594144,-76.30174505941257
36.873872993278326,-76.30174409839758
36.87386399061517,-76.30174313738283
36.873854987952015,-76.30174217636831
36.87384598528885,-76.30174121535399
36.873836982625654,-76.30174025433989
36.873834599999995,-76.30174
36.87381903237182,-76.30173766116866
36.87380997054757,-76.30173630827453
36.87380100291932,-76.30173496944381
36.873793021227975,-76.30173377780977
36.873783959403625,-76.30173242491657
36.87377499177529,-76.30173108608675
36.87376602414695,-76.30172974725724
36.8737569623225,-76.30172839436499
36.8737479946941,-76.3017270555361
36.87373902706567,-76.30172571670755
36.87372996524113,-76.30172436381625
36.87372198354956,-76.30172317218438
36.87371301592105,-76.30172183335674
36.87370395409641,-76.30172048046634
36.87369498646784,-76.30171914163931
36.87368601883921,-76.30171780281259
36.87367697370475,-76.3017198160272
36.87366797511112,-76.30172182586675
36.87365994558151,-76.30172361926506
36.873650946987745,-76.30172562910373
36.873641948393924,-76.30172763894193
36.87363294980003,-76.30172964877967
36.87362505877864,-76.30173141124048
36.87361606018463,-76.30173342107734
36.873607199999995,-76.3017354
36.87359802194696,-76.30173460437804
36.87358900981128,-76.30173382313923
36.87357999767558,-76.30173304190059
36.87356999032581,-76.30173217438967
36.8735609781901,-76.30173139315143
36.87355202126345,-76.30173061669929
36.873543009127715,-76.30172983546143
36.873533001777886,-76.30172896795132
36.87352398964214,-76.30172818671385
36.87351497750635,-76.30172740547653
36.87350602057966,-76.30172662902534
36.8734960132298,-76.30172576151608
36.873487001094,-76.30172498027936
36.873478000000006,-76.3017242
36.87346899660235,-76.30172304125321
36.873460009504086,-76.30172188460446
36.87345102240581,-76.30172072795598
36.873442035307505,-76.30171957130779
36.87343296671207,-76.3017184041711
36.873423979613726,-76.30171724752343
36.873414992515364,-76.30171609087603
36.873406005416975,-76.30171493422891
36.87339701831856,-76.30171377758207
36.87338803122012,-76.30171262093548
36.87337896262456,-76.30171145380044
36.87336997552608,-76.3017102971544
36.87336098842758,-76.30170914050862
36.873352001329046,-76.30170798386314
36.87334301423049,-76.30170682721791
36.87333402713193,-76.30170567057296
36.873324958536244,-76.30170450343955
36.87331597143763,-76.30170334679514
36.87330698433898,-76.301702190151
36.873297997240314,-76.30170103350713
36.87328901014164,-76.30169987686354
36.87328002304293,-76.3016987202202
36.87327103594421,-76.30169756357715
36.873261967348355,-76.30169639644566
36.87325298024958,-76.30169523980315
36.87324399315078,-76.3016940831609
36.87323500605197,-76.30169292651894
36.87322599916325,-76.30169100607597
36.873216990707924,-76.30168906747328
36.873207982252545,-76.30168712887102
36.8731989737971,-76.30168519026923
36.873190936558665,-76.30168346067181
36.873181928103115,-76.30168152207085
36.873173053398475,-76.30167961225328
36.87316404494278,-76.30167767365324
36.873155036487034,-76.30167573505365
36.873146028031236,-76.3016737964545
36.873137990792465,-76.30167206685942
36.87312898233654,-76.30167012826114
36.873119973880556,-76.3016681896633
36.87311096542451,-76.3016662510659
36.873101956968405,-76.30166431246896
36.87309294851223,-76.30166237387246
36.873085045024126,-76.30166067306263
36.87307603656783,-76.30165873446697
36.87306702811148,-76.30165679587178
36.87305801965507,-76.30165485727704
36.87304901119859,-76.30165291868275
36.87304000274205,-76.30165098008891
36.87303099428545,-76.30164904149551
36.87302295704599,-76.30164731190558
36.87301394858927,-76.30164537331304
36.87300494013249,-76.30164343472096
36.87299606542663,-76.3016415249121
36.872987056969734,-76.3016395863209
36.87297804851278,-76.30163764773016
36.872970011272976,-76.30163591814261
36.87296100281589,-76.3016339795527
36.87295199435875,-76.30163204096327
36.872942985901545,-76.30163010237428
36.87293397744428,-76.30162816378574
36.872924968986965,-76.30162622519765
36.872916931746836,-76.30162449561244
36.87290805704038,-76.30162258580793
36.872899048582866,-76.30162064722114
36.8728900401253,-76.3016187086348
36.87288103120549,-76.30161677304135
36.87287202234622,-76.3016148374752
36.872863013486885,-76.30161290190948
36.87285400462747,-76.30161096634423
36.87284596707484,-76.30160923946589
36.872836958215316,-76.30160730390149
36.87282794935574,-76.30160536833755
36.87281894049609,-76.30160343277404
36.872810065185426,-76.30160152590413
36.872801056325656,-76.30159959034152
36.87279204746583,-76.30159765477936
36.872783038605924,-76.30159571921766
36.87277500105286,-76.30159399234248
36.87276599219285,-76.30159205678163
36.87275698333279,-76.30159012122122
36.87274797447266,-76.30158818566125
36.87273896561246,-76.30158625010175
36.87272995675221,-76.3015843145427
36.8727209478919,-76.30158237898408
36.87271207258056,-76.301580472119
36.872703063720124,-76.30157853656127
36.87269502616656,-76.30157680968966
36.872686017306,-76.30157487413281
36.87267700844539,-76.3015729385764
36.872667999584706,-76.30157100302044
36.87265899072397,-76.30156906746491
36.87264998186316,-76.30156713190985
36.8726409730023,-76.30156519635524
36.87263196414138,-76.30156326080106
36.87262392658738,-76.30156153393264
36.87261505127538,-76.30155962707232
36.872606042414276,-76.30155769151945
36.872597033553106,-76.30155575596704
36.87258802469188,-76.30155382041507
36.872579015830595,-76.30155188486356
36.87257000696924,-76.30154994931247
36.87256099810782,-76.30154801376186
36.872551989246354,-76.30154607821169
36.87254395169186,-76.30154435134682
36.872534942830285,-76.30154241579748
36.872525933968625,-76.30154048024862
36.87251705865595,-76.30153857339315
36.872508049794185,-76.30153663784516
36.87249904093233,-76.30153470229764
36.87249003207044,-76.30153276675057
36.87248102320848,-76.30153083120393
36.87247298565355,-76.30152910434224
36.87246300672618,-76.30152695129713
36.872453998981506,-76.30152500737474
36.87244499123677,-76.30152306345278
36.87243598349197,-76.30152111953127
36.87242600468865,-76.30151896605047
36.87241699694372,-76.30151702212993
36.87240798919873,-76.30151507820982
36.87239898145367,-76.30151313429018
36.87238900265007,-76.30151098081141
36.872379994904875,-76.30150903689272
36.87237110895256,-76.3015065879966
36.872360902080885,-76.30150237028053
36.872350933604054,-76.30149825107588
36.872343523004794,-76.3014929544804
36.87233633115644,-76.30148733837424
36.872329646443326,-76.30148034429119
36.87232504329421,-76.30147295784037
36.87232005231374,-76.3014649490572
36.87231506133254,-76.30145694027475
36.872309967054726,-76.30144922321126
36.872301944941334,-76.301447373034
36.87229295574823,-76.3014452998151
36.872283966555045,-76.30144322659667
36.872274977361776,-76.30144115337873
36.87226598816846,-76.30143908016129
36.87225796605478,-76.3014372299861
36.87224897686131,-76.30143515676956
36.87223998766777,-76.30143308355348
36.872230998474166,-76.3014310103379
36.872222976360234,-76.30142916016437
36.8722139871665,-76.30142708694969
36.87220499797268,-76.3014250137355
36.87219600877881,-76.30142294052177
36.872187986664635,-76.30142109034992
36.87217899747063,-76.3014190171371
36.87217000827652,-76.30141694392478
36.87216101908236,-76.30141487071292
36.872152029888134,-76.30141279750154
36.872144007773656,-76.3014109473318
36.8721350185793,-76.30140887412132
36.87212602938486,-76.30140680091134
36.87211704019035,-76.30140472770184
36.87210901807563,-76.30140287753376
36.872100028881,-76.30140080432516
36.87209103968627,-76.30139873111703
36.872082050491485,-76.3013966579094
36.87207402837653,-76.30139480774298
36.872065039181614,-76.30139273453625
36.87205604998663,-76.30139066133
36.872047060791566,-76.30138858812423
36.872038071596435,-76.30138651491893
36.87203004948116,-76.30138466475462
36.872021060285896,-76.30138259155024
36.87201207109056,-76.30138051834633
36.87200308189516,-76.3013784451429
36.871994917041675,-76.30137656206021
36.87198592784614,-76.3013744888577
36.87197693865054,-76.30137241565568
36.871967949454856,-76.30137034245412
36.87195992733909,-76.30136849229315
36.87195093814327,-76.30136641909252
36.87194194894738,-76.30136434589234
36.871932959751426,-76.30136227269267
36.87192397055539,-76.30136019949347
36.871915948439316,-76.30135834933458
36.87190695924315,-76.3013562761363
36.87189797004692,-76.30135420293848
36.87188898085061,-76.30135212974115
36.8718809587343,-76.30135027958393
36.871871969537864,-76.30134820638752
36.87186298034134,-76.30134613319156
36.87185399114477,-76.3013440599961
36.8718459690282,-76.30134220984056
36.87183697983148,-76.301340136646
36.8718279906347,-76.30133806345192
36.87181900143784,-76.30133599025834
36.87181001224091,-76.30133391706521
36.87180199012404,-76.30133206691175
36.87179298985714,-76.30133007158581
36.87178398883884,-76.30132807877266
36.871774987820494,-76.30132608595996
36.871765986802075,-76.30132409314773
36.87175698578359,-76.30132210033595
36.871748954349634,-76.30132032218913
36.87173995333102,-76.30131832937822
36.87173095231234,-76.3013163365678
36.8717219512936,-76.30131434375782
36.8717129502748,-76.30131235094832
36.871703949255924,-76.30131035813928
36.87169494823698,-76.3013083653307
36.87168705418124,-76.30130661760205
36.871678053162185,-76.30130462479434
36.87166905214305,-76.30130263198708
36.871660051123854,-76.3013006391803
36.8716510501046,-76.30129864637398
36.87164204908528,-76.3012966535681
36.871633048065895,-76.30129466076271
36.87162501663113,-76.30129288262157
36.87161601561162,-76.30129088981704
36.87160701459203,-76.30128889701297
36.871598013572395,-76.30128690420936
36.87158901255268,-76.30128491140623
36.87158001153291,-76.30128291860355
36.87157101051307,-76.30128092580134
36.87156297907791,-76.30127914766304
36.871553978057946,-76.3012771548617
36.871544977037914,-76.30127516206082
36.87153597601781,-76.3012731692604
36.87152697499766,-76.30127117646046
36.871517973977426,-76.30126918366096
36.87150897295714,-76.30126719086194
36.871500941521575,-76.30126541272648
36.87149194050116,-76.30126341992832
36.87148293948067,-76.30126142713063
36.87147393846013,-76.3012594343334
36.87146493743952,-76.30125744153665
36.87145607379747,-76.30125547915551
36.87144707277672,-76.30125348635967
36.87143904134076,-76.30125170822704
36.87143004031988,-76.30124971543208
36.87142103929895,-76.30124772263757
36.87141203827795,-76.30124572984352
36.8714030372569,-76.30124373704993
36.87139403623576,-76.30124174425681
36.871386004799454,-76.30123996612663
36.87137700377819,-76.30123797333438
36.87136800275689,-76.30123598054259
36.8713590017355,-76.30123398775127
36.871350000714045,-76.3012319949604
36.871340999692535,-76.30123000217002
36.87133199867096,-76.30122800938007
36.87132396723424,-76.30122623125274
36.87131496621254,-76.30122423846369
36.871305965190764,-76.30122224567508
36.87129696416893,-76.30122025288695
36.87128796314702,-76.30121826009928
36.87127896212507,-76.30121626731207
36.871269961103046,-76.30121427452532
36.87126192966592,-76.30121249640082
36.87125292864376,-76.30121050361494
36.87124392762154,-76.30120851082954
36.87123506397789,-76.30120654845959
36.87122606295554,-76.30120455567508
36.87121706193312,-76.30120256289106
36.87120806091064,-76.30120057010751
36.87120002947313,-76.30119879198584
36.87119102845052,-76.30119679920315
36.87118202742784,-76.30119480642092
36.8711730264051,-76.30119281363915
36.871164025382306,-76.30119082085785
36.87115502435944,-76.301188828077
36.87114602333651,-76.30118683529663
36.8711379918986,-76.30118505717782
36.871128990875526,-76.3011830643983
36.87111999155544,-76.30118105920694
36.871110992352996,-76.3011790536151
36.871101993150475,-76.30117704802373
36.871092993947904,-76.3011750424328
36.871084963938,-76.30117325283965
36.8710759647353,-76.30117124724961
36.87106696553253,-76.30116924166005
36.87105796632968,-76.30116723607094
36.871048967126775,-76.30116523048231
36.87104093711659,-76.30116344089117
36.871031937913564,-76.30116143530343
36.871022938710475,-76.30115942971614
36.87101393950731,-76.3011574241293
36.87100507853806,-76.30115544935012
36.870997048527585,-76.30115365976104
36.87098804932423,-76.30115165417554
36.87097905012081,-76.30114964859052
36.87097005091732,-76.30114764300596
36.87096105171377,-76.30114563742185
36.870953021703,-76.30114384783481
36.87094402249934,-76.30114184225158
36.87093502329559,-76.30113983666884
36.87092602409178,-76.30113783108655
36.870917024887895,-76.30113582550473
36.870908994876835,-76.3011340359197
36.87089999567284,-76.30113203033876
36.87089099646878,-76.3011300247583
36.87088199726465,-76.30112801917828
36.87087299806044,-76.30112601359875
36.8708649680491,-76.30112422401575
36.87085596884478,-76.30112221843709
36.870846969640375,-76.30112021285889
36.87083797043593,-76.30111820728115
36.87082897123138,-76.30111620170389
36.87082094121976,-76.30111441212291
36.8708119420151,-76.30111240654654
36.87080294281039,-76.30111040097061
36.87079394360561,-76.30110839539516
36.870784944400754,-76.30110638982016
36.87077608342984,-76.30110441505265
36.87076805341784,-76.30110262547413
36.870759054212805,-76.30110061990047
36.87075005500771,-76.30109861432729
36.87074105580253,-76.30109660875456
36.870732056597284,-76.30109460318229
36.870724026585016,-76.3010928136058
36.87071502737965,-76.30109080803443
36.870706028174226,-76.30108880246352
36.87069702896872,-76.30108679689309
36.87068802976315,-76.30108479132309
36.87067999975059,-76.30108300174862
36.87067100054491,-76.30108099617954
36.870662001339156,-76.3010789906109
36.870653002133324,-76.30107698504273
36.870644002927435,-76.30107497947503
36.870635972914584,-76.3010731899026
36.87062697370857,-76.30107118433577
36.8706179745025,-76.30106917876941
36.87060897529634,-76.3010671732035
36.87059997609013,-76.30106516763809
36.87059194607699,-76.3010633780677
36.870582946870655,-76.30106137250314
36.87057394766424,-76.30105936693906
36.87056494845777,-76.30105736137544
36.870555949251234,-76.3010553558123
36.87054791923781,-76.30105356624391
36.87053905826516,-76.30105159148846
36.87053005905843,-76.30104958592665
36.87052105985162,-76.30104758036529
36.870512060644764,-76.3010455748044
36.870504030631054,-76.30104378523806
36.870495031424056,-76.30104177967806
36.87048603221701,-76.30103977411852
36.87047703300989,-76.30103776855945
36.870468033802695,-76.30103576300085
36.8704600037887,-76.30103397343653
36.87045100458138,-76.30103196787881
36.870442004057836,-76.30102997141101
36.87043300351053,-76.30102797526708
36.87042400296315,-76.3010259791236
36.8704150024157,-76.30102398298057
36.87040600186819,-76.30102198683801
36.87039700132059,-76.3010199906959
36.87038800077294,-76.30101799455429
36.87037996970705,-76.30101621342473
36.87037096915929,-76.30101421728398
36.870361968611455,-76.30101222114368
36.87035296806355,-76.30101022500385
36.87034396751557,-76.30100822886449
36.87033496696754,-76.30100623272558
36.87032596641944,-76.30100423658715
36.870316965871275,-76.30100224044918
36.87030796532304,-76.30100024431165
36.87029993425663,-76.30099846318578
36.87029093370828,-76.30099646704915
36.87028193315985,-76.30099447091298
36.870272932611364,-76.30099247477726
36.870263932062805,-76.300990478642
36.87025506911991,-76.30098851302532
36.87024606857122,-76.30098651689099
36.87023706802247,-76.30098452075713
36.87022806747365,-76.30098252462373
36.87021906692477,-76.30098052849078
36.87021103585777,-76.300978747369
36.87020203530877,-76.30097675123693
36.87019303475971,-76.30097475510533
36.870184034210574,-76.3009727589742
36.87017503366136,-76.30097076284353
36.8701660331121,-76.30096876671331
36.870157032562766,-76.30096677058357
36.87014803201337,-76.3009647744543
36.8701390314639,-76.30096277832547
36.87013100039638,-76.30096099720735
36.870121999846795,-76.30095900107942
36.87011299929714,-76.30095700495194
36.87010399874742,-76.30095500882491
36.87009499819763,-76.30095301269837
36.87008599764778,-76.30095101657227
36.87007699709786,-76.30094902044665
36.870067996547874,-76.30094702432147
36.87005899599782,-76.30094502819678
36.87004999544771,-76.30094303207255
36.87004196437961,-76.30094125095852
36.870032963829374,-76.30093925483516
36.87002396327907,-76.30093725871227
36.870014962728696,-76.30093526258982
36.870005962178254,-76.30093326646785
36.869996961627756,-76.30093127034634
36.869987961077186,-76.3009292742253
36.86997896052656,-76.30092727810471
36.86996995997586,-76.3009252819846
36.86996192890724,-76.30092350087425
36.86995292835642,-76.30092150475501
36.869943927805515,-76.30091950863623
36.86993506486029,-76.30091754303574
36.869926064309276,-76.30091554691788
36.86991706375819,-76.30091355080047
36.869908063207035,-76.30091155468355
36.86989906265581,-76.30090955856708
36.86989006210453,-76.30090756245107
36.869882031035395,-76.3009057813444
36.86987303048399,-76.30090378522925
36.869864029932515,-76.30090178911459
36.86985502938098,-76.30089979300038
36.86984602882937,-76.30089779688664
36.86983702827769,-76.30089580077336
36.86982802772595,-76.30089380466056
36.86981902717416,-76.3008918085482
36.8698100266223,-76.30088981243631
36.869801026070355,-76.30088781632489
36.86979299500065,-76.30088603522229
36.86978399444858,-76.30088403911175
36.86977499389646,-76.30088204300166
36.869765989808904,-76.3008800727942
36.86975698556061,-76.30087810313938
36.86974798131226,-76.30087613348502
36.86973897706385,-76.30087416383111
36.86972997281536,-76.30087219417767
36.86972096856682,-76.30087022452469
36.86971196431822,-76.30086825487216
36.869702960069546,-76.30086628522008
36.8696949261065,-76.30086452781543
36.86968605769649,-76.30086258787854
36.86967705344764,-76.30086061822779
36.869668049198715,-76.30085864857749
36.86965904494973,-76.30085667892764
36.86965004070068,-76.30085470927825
36.869641036451576,-76.30085273962932
36.8696320322024,-76.30085076998085
36.869623027953146,-76.30084880033284
36.869614023703846,-76.30084683068529
36.869605019454475,-76.30084486103819
36.86959698549081,-76.30084310363797
36.869587981241324,-76.30084113399175
36.86957897699177,-76.30083916434597
36.86956997274215,-76.30083719470066
36.86956096849247,-76.3008352250558
36.86955196424273,-76.30083325541139
36.86954295999292,-76.30083128576744
36.86953395574304,-76.30082931612397
36.8695249514931,-76.30082734648093
36.8695159472431,-76.30082537683836
36.86950707883184,-76.3008234369104
36.86949807458171,-76.30082146726873
36.86949004061735,-76.30081970987338
36.86948103636712,-76.30081774023259
36.8694720321168,-76.30081577059225
36.86946302786642,-76.30081380095237
36.86945402361597,-76.30081183131293
36.86944501936547,-76.30080986167395
36.8694360151149,-76.30080789203545
36.86942701086427,-76.30080592239739
36.86941800661358,-76.3008039527598
36.869409002362815,-76.30080198312264
36.86939999811197,-76.30080001348597
36.86939099386109,-76.30079804384974
36.869382959896065,-76.30079628645925
36.86937395564506,-76.30079431682388
36.86936495139398,-76.30079234718899
36.86935594714285,-76.30079037755453
36.86934694289164,-76.30078840792054
36.869337938640385,-76.300786438287
36.86932907022785,-76.30078449836796
36.86932006597646,-76.30078252873534
36.869311061725,-76.30078055910317
36.86930205747347,-76.30077858947146
36.86929305322188,-76.3007766198402
36.86928501925624,-76.30077486245415
36.86927601500453,-76.30077289282377
36.86926701075276,-76.30077092319384
36.869258006500935,-76.30076895356437
36.869249002249035,-76.30076698393535
36.86923999799706,-76.30076501430679
36.86923099374505,-76.3007630446787
36.86922198949294,-76.30076107505106
36.86921298524079,-76.30075910542388
36.86920398098857,-76.30075713579714
36.86919497673628,-76.30075516617087
36.86918597248394,-76.30075319654506
36.869177938517616,-76.30075143916386
36.869168934265154,-76.30074946953891
36.86915993001262,-76.30074749991442
36.869151061598835,-76.30074556000429
36.869142057346174,-76.3007435903807
36.86913305309345,-76.30074162075758
36.86912404884067,-76.3007396511349
36.869115044587815,-76.3007376815127
36.869106040334906,-76.30073571189095
36.869097037052896,-76.30073374118236
36.86908803888067,-76.30073172841526
36.86908000967864,-76.30072993239384
36.869071011506286,-76.3007279196276
36.86906201333386,-76.30072590686186
36.86905301516136,-76.30072389409656
36.8690440169888,-76.30072188133174
36.86903501881617,-76.30071986856738
36.869026020643496,-76.3007178558035
36.86901702247072,-76.30071584304008
36.8690080242979,-76.30071383027712
36.86899999509535,-76.3007120342594
36.86899099692239,-76.30071002149732
36.868981998749376,-76.30070800873573
36.86897300057628,-76.30070599597458
36.86896400240313,-76.30070398321391
36.86895500422991,-76.3007019704537
36.868946006056625,-76.30069995769398
36.868937007883275,-76.3006979449347
36.86892897868026,-76.30069614892027
36.86891998050677,-76.30069413616188
36.86891098233322,-76.30069212340396
36.868901984159606,-76.3006901106465
36.86889298598592,-76.30068809788952
36.868883987812175,-76.300686085133
36.86887498963836,-76.30068407237694
36.868865991464475,-76.30068205962135
36.86885699329052,-76.30068004686623
36.868848964086986,-76.30067825085551
36.868839965912905,-76.30067623810127
36.86883096773876,-76.30067422534749
36.868821969564564,-76.30067221259421
36.86881297139028,-76.30067019984135
36.86880397321594,-76.30066818708899
36.86879497504152,-76.30066617433708
36.86878597686705,-76.30066416158564
36.868777947663034,-76.3006623655782
36.86876894948843,-76.30066035282766
36.868759951313756,-76.30065834007758
36.86875095313903,-76.30065632732796
36.868741954964214,-76.3006543145788
36.868732956789344,-76.3006523018301
36.8687239586144,-76.30065028908189
36.868714960439405,-76.30064827633414
36.86870596226433,-76.30064626358686
36.86869793305979,-76.30064446758311
36.868688934884595,-76.30064245483672
36.86867993670932,-76.30064044209078
36.868670938533995,-76.30063842934531
36.8686619403586,-76.30063641660031
36.86865294218313,-76.30063440385577
36.8686439440076,-76.3006323911117
36.868634945832,-76.3006303783681
36.86862594765634,-76.30062836562496
36.8686180571712,-76.30062660065428
36.86860905899541,-76.30062458791203
36.86860006081955,-76.30062257517022
36.86859106264363,-76.3006205624289
36.868582064467645,-76.30061854968804
36.86857306629158,-76.30061653694764
36.868564068115454,-76.30061452420772
36.86855506993927,-76.30061251146826
36.86854704073372,-76.30061071547152
36.8685380425574,-76.30060870273293
36.868529044381006,-76.30060668999482
36.868520046204544,-76.30060467725718
36.868511048028026,-76.30060266452001
36.86850204985146,-76.3006006517833
36.868493051674804,-76.30059863904705
36.86848405349808,-76.30059662631128
36.86847505532129,-76.30059461357598
36.86846702611522,-76.30059281758292
36.86845802793831,-76.30059080484851
36.86844902976132,-76.30058879211454
36.86844003158428,-76.30058677938106
36.86843103340718,-76.30058476664803
36.86842203523,-76.30058275391548
36.86841328233167,-76.300581033394
36.86840403546863,-76.30057874960096
36.86839600395342,-76.30057697208987
36.868387002834474,-76.30057497998942
36.868378001715456,-76.30057298788942
36.86836900059637,-76.3005709957899
36.8683599994772,-76.30056900369081
36.86835099835798,-76.30056701159221
36.868341997238694,-76.30056501949406
36.86833396572308,-76.30056324198583
36.86832496460367,-76.30056124988855
36.8683159634842,-76.30055925779173
36.86830696236466,-76.30055726569539
36.86829796124506,-76.3005552735995
36.868288960125376,-76.30055328150408
36.868279959005655,-76.30055128940911
36.86827095788584,-76.30054929731462
36.86826292636977,-76.30054751980963
36.868253925249846,-76.30054552771601
36.86824506147273,-76.30054356601903
36.86823606035268,-76.30054157392632
36.868227059232545,-76.30053958183407
36.86821805811236,-76.3005375897423
36.868209056992114,-76.30053559765099
36.86820102547564,-76.30053382014883
36.86819202435527,-76.30053182805838
36.86818302323482,-76.30052983596839
36.86817402211431,-76.30052784387887
36.868165020993736,-76.30052585178983
36.8681560198731,-76.30052385970123
36.8681470187524,-76.30052186761309
36.868138987235525,-76.30052009011378
36.868129986114695,-76.30051809802653
36.8681209849938,-76.30051610593972
36.86811198387285,-76.3005141138534
36.868102982751815,-76.30051212176753
36.86809398163073,-76.30051012968211
36.86808498050958,-76.30050813759716
36.86807597938836,-76.30050614551268
36.86806794787102,-76.30050436801662
36.86805894674968,-76.30050237593301
36.868049945628265,-76.30050038384987
36.868040944506795,-76.30049839176719
36.868031943385255,-76.30049639968495
36.86802294226365,-76.3004944076032
36.868014078484855,-76.3004924459179
36.868006046967125,-76.30049066842469
36.867997045845335,-76.30048867634424
36.86798804472346,-76.30048668426429
36.86797904360155,-76.30048469218478
36.86797004247955,-76.30048270010573
36.86796104135749,-76.30048070802715
36.86795204023537,-76.30047871594904
36.86794303911318,-76.30047672387137
36.867935007595,-76.30047494638141
36.86792600647267,-76.30047295430462
36.8679170053503,-76.3004709622283
36.867908004227864,-76.30046897015245
36.86789900310535,-76.30046697807705
36.86789000198278,-76.30046498600211
36.86788100086013,-76.30046299392764
36.86787296934155,-76.30046121644052
36.86786396821877,-76.30045922436693
36.86785496709595,-76.3004572322938
36.86784596597305,-76.30045524022111
36.8678369648501,-76.30045324814891
36.86782796372708,-76.30045125607715
36.867818962603984,-76.30044926400588
36.867810931084996,-76.3004474865216
36.86780192996177,-76.30044549445118
36.8677929288385,-76.30044350238124
36.86778406505804,-76.30044154070758
36.867775063934644,-76.30043954863855
36.86776606281116,-76.30043755656997
36.86775706168762,-76.30043556450187
36.86774806056401,-76.30043357243423
36.86774002904455,-76.3004317949532
36.867731009551186,-76.3004299276691
36.867721991146766,-76.30042806704537
36.86771297274228,-76.30042620642205
36.86770395433774,-76.30042434579916
36.86769493593313,-76.30042248517672
36.867686046074944,-76.30042065107561
36.86767702767024,-76.30041879045405
36.867668009265465,-76.30041692983289
36.86765899086064,-76.30041506921216
36.86764997245575,-76.30041320859189
36.867640954050806,-76.30041134797203
36.867632064192286,-76.30040951387349
36.867623045787234,-76.3004076532545
36.86761402738211,-76.30040579263594
36.86760500897695,-76.30040393201782
36.867595990571715,-76.30040207140013
36.86758697216644,-76.30040021078287
36.86757808230757,-76.30039837668689
36.867569063902174,-76.30039651607049
36.86756004549672,-76.30039465545453
36.86755102709121,-76.300392794839
36.86754200868564,-76.30039093422391
36.867532990280004,-76.30038907360924
36.86752397187433,-76.300387212995
36.86751508201505,-76.30038537890202
36.86750606360926,-76.30038351828865
36.867497045203415,-76.30038165767571
36.8674880267975,-76.30037979706321
36.867479008391534,-76.30037793645114
36.86746997273859,-76.30037630119472
36.86746099711155,-76.30037503191275
36.867452021484475,-76.30037376263105
36.86744304585739,-76.30037249334967
36.867433980863204,-76.30037121143083
36.86742500523606,-76.30036994215003
36.86741602960888,-76.30036867286954
36.86740606661944,-76.30036726396241
36.867397001625136,-76.3003659820448
36.86738802599788,-76.30036471276522
36.86737905037061,-76.30036344348596
36.8673700123533,-76.30036258917056
36.86736099502245,-76.30036216553684
36.86735200771833,-76.30036174331387
36.86734299038748,-76.30036131968035
36.867334003083364,-76.30036089745758
36.8673249857525,-76.30036047382427
36.86731599844838,-76.3003600516017
36.867307011144256,-76.30035962937922
36.86729799381339,-76.30035920574619
36.86728900650925,-76.30035878352393
36.86727998917838,-76.3003583598911
36.867271001874236,-76.30035793766903
36.867262014570095,-76.30035751544706
36.86725299723922,-76.30035709181453
36.86724400993508,-76.30035666959277
36.86723499260418,-76.30035624596044
36.867226005300026,-76.30035582373887
36.86721602067209,-76.30035646228305
36.86720700412444,-76.30035709223333
36.86719798757678,-76.30035772218346
36.86718901560722,-76.30035834901895
36.86717999905953,-76.30035897896879
36.86717098251185,-76.30035960891848
36.86716201054229,-76.30036023575353
36.86715299399459,-76.30036086570293
36.86714298056136,-76.30036156530046
36.86713400859177,-76.30036219213507
36.867124992044054,-76.300362822084
36.86711597549635,-76.30036345203277
36.86710700352672,-76.30036407886692
36.86709798697898,-76.30036470881541
36.86708897043123,-76.30036533876374
36.86707993076512,-76.30036641292021
36.86707002801297,-76.300368237537
36.86706098857078,-76.30036990308548
36.86705194912855,-76.30037156863358
36.86704302510918,-76.30037321291422
36.86703398566685,-76.30037487846154
36.86702396749153,-76.30037672434318
36.867015043472016,-76.30037836862265
36.867006004029555,-76.30038003416875
36.86699696458704,-76.30038169971446
36.866987061834436,-76.30038352432733
36.86697802239182,-76.30038518987223
36.86696898294916,-76.30038685541675
36.86695992694318,-76.30038858521496
36.866951007017434,-76.30039103984194
36.866943040863454,-76.30039323200502
36.86693395294799,-76.30039573285909
36.86692598679386,-76.30039792502122
36.866917066867735,-76.30040037964608
36.86690893272389,-76.30040261803535
36.86690001279758,-76.30040507265913
36.8668920466431,-76.30040726481937
36.86688295872707,-76.30040976567014
36.866874038800475,-76.3004122202923
36.866866072645735,-76.30041441245108
36.86685698472942,-76.3004169133002
36.866849018574506,-76.30041910545803
36.86683993065799,-76.30042160630606
36.86683201116006,-76.30042405505483
36.86682298265552,-76.30042691443622
36.866814893824866,-76.30042947621666
36.86680605579962,-76.30043227527082
36.86679796696875,-76.30043483705018
36.866788938463706,-76.30043769642907
36.8667801004381,-76.30044049548138
36.866772011606876,-76.30044305725903
36.86676298310145,-76.30044591663606
36.86675489427,-76.3004484784126
36.8667460562439,-76.3004512774625
36.86673796741223,-76.30045383923795
36.86672893890631,-76.30045669861248
36.866720100879824,-76.30045949766054
36.86671201204781,-76.3004620594343
36.866702983541515,-76.30046491880695
36.86669508518885,-76.30046742025381
36.8666860566823,-76.30047027962523
36.866677967849846,-76.30047284139677
36.866668939343036,-76.30047570076697
36.86665986491639,-76.30047955462503
36.86665180948322,-76.30048337186008
36.86664287971489,-76.30048760341609
36.86663482428123,-76.30049142064956
36.866625894512346,-76.30049565220381
36.86661696474317,-76.30049988375713
36.86660890930879,-76.30050370098816
36.86659997953909,-76.30050793253972
36.866591049769106,-76.30051216409035
36.86658272914548,-76.3005161069838
36.86657379937494,-76.30052033853265
36.86656486960413,-76.30052457008057
36.86655681416827,-76.30052838730673
36.86654788439693,-76.30053261885288
36.86653895462529,-76.3005368503981
36.8665308991887,-76.30054066762183
36.86652212237086,-76.30054528652182
36.86651423476629,-76.300550549687
36.86650679301023,-76.30055551534954
36.86649890540486,-76.30056077851286
36.866491017799085,-76.30056604167518
36.866483908412235,-76.30057078555436
36.86647602080567,-76.30057604871487
36.86646813319869,-76.30058131187441
36.86645991322093,-76.30058679681352
36.86645280383262,-76.30059154068924
36.86644491622442,-76.30059680384593
36.866437028615806,-76.30060206700168
36.866429141006755,-76.30060733015647
36.866422031617006,-76.30061207402879
36.866413805745864,-76.30061756589568
36.86641031467691,-76.30060879745234
36.86640675517638,-76.30060015758531
36.866402986075,-76.30059100896308
36.866399216972766,-76.30058186034137
