45.63803899583718,-122.64182928805232
45.63803812225416,-122.64181697407615
45.63803678210689,-122.64180404620406
45.63803542044916,-122.64179091084398
45.63803408029891,-122.64177798297264
45.63803274014718,-122.6417650551018
45.63803147991905,-122.64175289823308
45.63803013976443,-122.64173997036289
45.63802879960836,-122.64172704249319
45.63802743794151,-122.64171390713413
45.63802609778242,-122.64170097926511
45.638024859056635,-122.6416890298872
45.638023497385305,-122.6416758945287
45.638022157221855,-122.64166296666083
45.638020817056955,-122.64165003879341
45.63801947689057,-122.64163711092654
45.63801821664841,-122.6416249540592
45.63801687647914,-122.64161202619293
45.6380155363084,-122.64159909832715
45.63801417462644,-122.64158596296994
45.6380128344527,-122.64157303510487
45.638011595713344,-122.64156108573042
45.63801023402689,-122.64154795037369
45.638008893848806,-122.6415350225098
45.638007553669226,-122.64152209464633
45.638006293414456,-122.64150993778016
45.638004953232006,-122.64149700991737
45.63800361304808,-122.64148408205504
45.638002251352525,-122.6414709466994
45.6380009111656,-122.64145801883781
45.63799967241405,-122.64144606946644
45.63799831071399,-122.64143293411126
45.63799697052272,-122.64142000625083
45.63799563032996,-122.64140707839087
45.637994268625306,-122.64139394303623
45.63799302986694,-122.6413819936665
45.63799168966984,-122.64136906580768
45.63799032796068,-122.64135593045356
45.63798898776057,-122.64134300259546
45.637987647559,-122.64133007473781
45.63798638728316,-122.64131791787355
45.63798504707871,-122.64130499001656
45.63798370687277,-122.64129206216008
45.63798234515451,-122.64127892680702
45.637981106383954,-122.64126697744035
45.63797976617366,-122.641254049585
45.637978404450905,-122.64124091423243
45.63797706423762,-122.64122798637781
45.637975724022866,-122.64121505852363
45.63797446373441,-122.6412029016605
45.63797312351677,-122.64118997380702
45.63797178329765,-122.64117704595398
45.63797042156579,-122.64116391060247
45.637969081343684,-122.6411509827502
45.637967842559554,-122.641139033387
45.63796648082321,-122.641125898036
45.637965140596734,-122.64111297018485
45.63796380036879,-122.64110004233416
45.63796243862783,-122.64108690698369
45.6379611998369,-122.64107495762214
45.63795985960461,-122.6410620297726
45.63795851937083,-122.64104910192353
45.63795715762385,-122.64103596657382
45.63795591882752,-122.64102401721371
45.6379545785894,-122.64101108936576
45.63795321683792,-122.64099795401657
45.6379518765968,-122.64098502616937
45.6379505363542,-122.64097209832264
45.6379492760391,-122.64095994146197
45.637947935793626,-122.64094701361591
45.63794659554667,-122.64093408577031
45.6379452337861,-122.64092095042216
45.63794389353615,-122.64090802257729
45.63794265472625,-122.64089607322063
45.63794129296118,-122.64088293787302
45.63793995270689,-122.64087001002926
45.63793861245111,-122.640857082186
45.637937250681425,-122.64084394683891
45.637936011864724,-122.64083199748389
45.63793467160458,-122.64081906964174
45.63793330983041,-122.6408059342952
45.63793197306747,-122.64079300503022
45.63793078922266,-122.64078003936713
45.63792969515171,-122.6407680569369
45.637928494536546,-122.64075490763467
45.63792731068735,-122.64074194197237
45.637926126836675,-122.64072897631046
45.637924942984526,-122.64071601064892
45.63792375913089,-122.64070304498773
45.63792257527576,-122.64069007932692
45.63792146442752,-122.6406779132575
45.63792028056951,-122.64066494759714
45.63791909671,-122.64065198193715
45.637917912849005,-122.64063901627748
45.63791672898654,-122.64062605061824
45.63791554512258,-122.64061308495931
45.63791434448915,-122.64059993565829
45.63791325039907,-122.64058795323182
45.63791206653073,-122.64057498757371
45.63791088266092,-122.64056202191603
45.637909698789606,-122.64054905625864
45.637908514916816,-122.64053609060163
45.63790731427431,-122.64052294130123
45.63790613039851,-122.6405099756447
45.63790503629888,-122.64049799322022
45.63790385242023,-122.64048502756441
45.63790266854011,-122.64047206190898
45.63790146789004,-122.640458912609
45.63790028400688,-122.64044594695403
45.637899100122254,-122.64043298129944
45.63789791623614,-122.6404200156452
45.63789682212698,-122.64040803322271
45.63789563823801,-122.64039506756917
45.637894437578865,-122.64038191826984
45.63789325368689,-122.64036895261677
45.63789206979342,-122.64035598696407
45.637890885898486,-122.64034302131176
45.63788970200205,-122.64033005565982
45.637888607883355,-122.64031807323929
45.63788740721512,-122.64030492394053
45.63788622331431,-122.64029195828941
45.63788503941202,-122.64027899263863
45.63788385550823,-122.64026602698819
45.63788267160297,-122.64025306133819
45.637881487696234,-122.64024009568847
45.63788037679879,-122.64022792962116
45.63787919288916,-122.64021496397191
45.63787800897803,-122.64020199832309
45.63787697989469,-122.64018900325301
45.637875951978046,-122.64017600776988
45.63787492405991,-122.64016301228703
45.637873896140285,-122.64015001680441
45.63787286821916,-122.64013702132202
45.637871840296555,-122.64012402583994
45.637870812372455,-122.64011103035807
45.63786978444686,-122.64009803487644
45.63786875651978,-122.64008503939512
45.6378677285912,-122.64007204391403
45.637866622561575,-122.64005806106974
45.63786559462991,-122.6400450655892
45.63786456669675,-122.6400320701089
45.637863538762105,-122.64001907462887
45.63786251082596,-122.64000607914907
45.63786148288813,-122.63999308367119
45.6378605330313,-122.63998107555787
45.63785950507138,-122.63996808008204
45.63785855521189,-122.63995607196914
45.63785752724912,-122.6399430764938
45.63785657738697,-122.6399310683813
45.63785554942132,-122.63991807290637
45.63785452145419,-122.63990507743176
45.637853571587996,-122.6398930693199
45.637852543617996,-122.63988007384573
45.63785159374917,-122.63986806573428
45.637850565776276,-122.63985507026054
45.6378496159048,-122.63984306214945
45.63784858792905,-122.63983006667625
45.6378476380549,-122.63981805856558
45.63784661007628,-122.63980506309281
45.63784566019949,-122.63979305498256
45.63784463221799,-122.63978005951029
45.637843604235016,-122.63976706403828
45.63784265435419,-122.6397550559286
45.637841626368335,-122.63974206045708
45.63784067648485,-122.63973005234784
45.63783964849613,-122.63971705687675
45.63783869860998,-122.63970504876791
45.6378376706184,-122.6396920532973
45.6378367207296,-122.63968004518885
45.637835692735145,-122.63966704971872
45.637834742843694,-122.63965504161068
45.63783400831479,-122.6396419990589
45.637833287267945,-122.63962896748663
45.63783257244307,-122.63961604839159
45.63783185139325,-122.63960301681958
45.63783118532874,-122.6395909790241
45.63783046427604,-122.6395779474522
45.63782974944542,-122.63956502835842
45.637829028389746,-122.63955199678676
45.63782830733258,-122.63953896521518
45.63782764748493,-122.63952703989878
45.6378269264249,-122.6395140083275
45.63782620536338,-122.63950097675622
45.63782548430036,-122.63948794518498
45.637824769459584,-122.63947502609354
45.63782410338151,-122.63946298829886
45.63782338231414,-122.63944995672793
45.63782266746909,-122.63943703763744
45.63782194639874,-122.63942400606689
45.6378212253269,-122.63941097449631
45.63782056546592,-122.63939904918294
45.63781984439122,-122.63938601761268
45.637819123315026,-122.6393729860425
45.63781840223732,-122.63935995447228
45.63781774237104,-122.63934802916009
45.63781702129049,-122.63933499759021
45.637816300208435,-122.63932196602038
45.63781558534895,-122.63930904693312
45.637814864263945,-122.6392960153636
45.637814198166886,-122.63928397756999
45.63781347707898,-122.63927094600051
45.63781276221375,-122.63925802691453
45.63781204112288,-122.63924499534536
45.6378113200305,-122.63923196377625
45.637810660150905,-122.63922003846707
45.63780993905568,-122.63920700689822
45.637809217958946,-122.6391939753294
45.63780850308504,-122.63918105624549
45.637807781985344,-122.63916802467698
45.63780711587473,-122.63915598688416
45.637806393818785,-122.63914295536321
45.63780567798213,-122.6391300364987
45.637804955902816,-122.63911700499816
45.63780428888663,-122.6391049672564
45.637803573045694,-122.63909204839288
45.637802850962004,-122.63907901689267
45.637802128876835,-122.63906598539248
45.63780140679015,-122.63905295389235
45.637800746008566,-122.63904102878875
45.63780002391903,-122.63902799728889
45.63779930182799,-122.63901496578909
45.637798580680325,-122.63900207300085
45.637797559683,-122.63899007665647
45.637796440217166,-122.63897692336086
45.63779533535048,-122.63896394161742
45.6377942304823,-122.63895095987431
45.63779320947954,-122.63893896353072
45.6377921046085,-122.6389259817882
45.63779099973598,-122.63891300004599
45.63778989486197,-122.63890001830404
45.637788873853786,-122.63888802196149
45.637787768976914,-122.63887504022016
45.63778666409855,-122.63886205847913
45.63778555921869,-122.63884907673837
45.63778453820512,-122.63883708039685
45.637783418721284,-122.63882392710201
45.63778231383704,-122.63881094536193
45.63778120895131,-122.63879796362215
45.6377801879323,-122.63878596728146
45.637779083043704,-122.6387729855423
45.63777797815362,-122.63876000380343
45.63777695713058,-122.6387480074635
45.63777585223764,-122.63873502572518
45.63777474734321,-122.63872204398722
45.63777364244729,-122.6387090622495
45.63777262141884,-122.6386970659106
45.63777150191851,-122.63868391261636
45.63777039701821,-122.63867093087936
45.63776929211641,-122.63865794914264
45.63776827108253,-122.63864595280455
45.637767166177866,-122.63863297106839
45.63776606127171,-122.63861998933257
45.63776495636407,-122.63860700759705
45.63776393532479,-122.63859501126
45.637762830414296,-122.63858202952504
45.637761725502294,-122.6385690477904
45.63776062058883,-122.63855606605607
45.63775959954414,-122.63854406972004
45.6377584800258,-122.63853091642657
45.637757375107945,-122.63851793469289
45.637756270188575,-122.63850495295952
45.63775524913845,-122.63849295662433
45.63775414421624,-122.63847997489152
45.63775303929254,-122.63846699315906
45.63775201823839,-122.63845499682463
45.63775091331181,-122.63844201509272
45.63774980838376,-122.63842903336112
45.63774870345422,-122.63841605162982
45.63774768239466,-122.63840405529645
45.63774657746226,-122.63839107356573
45.63774545792591,-122.63837792027294
45.637744352990474,-122.63836493854262
45.63774333192549,-122.63835294221006
45.63774222698719,-122.63833996048032
45.63774112204742,-122.63832697875087
45.63774001710616,-122.63831399702174
45.63773899603577,-122.63830200069022
45.63773789109164,-122.63828901896163
45.63773679999999,-122.6382762
45.637735960942926,-122.63826300508035
45.6377351959251,-122.63825097451515
45.63773436783798,-122.63823795215357
45.637733547952955,-122.63822505880002
45.63773271986288,-122.63821203643892
45.63773195483966,-122.63820000587427
45.6377311267467,-122.63818698351336
45.63773029865225,-122.63817396115256
45.63772947876002,-122.6381610678009
45.6377287137314,-122.63814903723676
45.63772788563259,-122.63813601487654
45.6377270575323,-122.63812299251637
45.63772629249963,-122.63811096195252
45.637725464396446,-122.63809793959258
45.63772464449567,-122.63808504624312
45.637723816389524,-122.63807202388361
45.63772305135146,-122.63805999332033
45.63772222324243,-122.63804697096104
45.637721395131905,-122.6380339486019
45.63772057522393,-122.63802105525427
45.63771981018046,-122.6380090246915
45.637718982065586,-122.6379960023329
45.637718153949216,-122.63798297997441
45.63771732583136,-122.63796995761602
45.63771656898663,-122.6379580560661
45.63771574086592,-122.63794503370815
45.63771491274371,-122.63793201135033
45.63771408462,-122.63791898899258
45.63771331956569,-122.63790695843068
45.637712491439096,-122.63789393607317
45.637711671515376,-122.63788104272966
45.637710843385825,-122.63786802037257
45.63771007832611,-122.63785598981121
45.63770925019367,-122.63784296745435
45.637708422059745,-122.63782994509762
45.63770760212883,-122.63781705175599
45.6377068370637,-122.63780502119516
45.63770600892542,-122.63779199883898
45.63770518078565,-122.63777897648288
45.63770435264438,-122.6377659541269
45.637703595778476,-122.63775405258251
45.63770276763435,-122.63774103022698
45.637701939488736,-122.63772800787154
45.63770111134162,-122.63771498551624
45.63770034626566,-122.63770295495628
45.63769952632046,-122.63769006161839
45.637698698169,-122.63767703926362
45.637697870016034,-122.63766401690899
45.63769710493468,-122.63765198634955
45.63769627677885,-122.63763896399512
45.63769544862151,-122.63762594164079
45.63769462866763,-122.6376130483051
45.63769386358087,-122.63760101774626
45.63769303541919,-122.63758799539242
45.637692207256,-122.63757497303878
45.63769137909133,-122.63756195068522
45.63769062220424,-122.63755004914633
45.63768987602101,-122.63753701447342
45.637689132385084,-122.63752398454521
45.637688445441476,-122.63751194799853
45.63768770842122,-122.63749903403941
45.637686964780926,-122.63748600411152
45.637686277833296,-122.63747396756513
45.63768554080876,-122.6374610536071
45.637684797164134,-122.6374480236796
45.637684053518,-122.63743499375217
45.63768336656496,-122.63742295720608
45.63768262953467,-122.63741004324933
45.63768188588419,-122.63739701332231
45.63768119892712,-122.6373849767765
45.63768045527375,-122.63737194684954
45.63767971823773,-122.63735903289411
45.63767903127663,-122.63734699634863
45.63767828761891,-122.63733396642205
45.637677550578594,-122.63732105246766
45.63767686361348,-122.63730901592247
45.637676119951415,-122.63729598599625
45.63767537628784,-122.63728295607008
45.63767463924179,-122.63727004211701
45.63767395227126,-122.63725800557214
45.637673208603324,-122.63724497564634
45.637672464933914,-122.6372319457206
45.637671784578444,-122.63722002514977
45.63767104090617,-122.63720699522433
45.63767029723238,-122.63719396529898
45.63766961687298,-122.63718204472909
45.63766887319635,-122.63716901480404
45.63766812951822,-122.63715598487904
45.63766738583859,-122.63714295495411
45.63766670547386,-122.63713103438542
45.637665961791384,-122.63711800446083
45.63766521810741,-122.63710497453623
45.637664537738736,-122.6370930539685
45.6376637940519,-122.6370800240443
45.63766305036357,-122.6370669941201
45.637662363371504,-122.63705495757652
45.63766162629976,-122.63704204362944
45.63766088260706,-122.63702901370566
45.637660195610984,-122.63701697716236
45.637659451915404,-122.63700394723865
45.63765871483791,-122.63699103329289
45.637657971139376,-122.63697800336949
45.63765728413788,-122.63696596682655
45.63765654705611,-122.63695305288188
45.63765580335322,-122.63694002295884
45.6376551163477,-122.6369279864162
45.6376544418729,-122.63691495333235
45.63765372295321,-122.6369010292599
45.63765304995998,-122.63688799472352
45.637652382388715,-122.63687506522844
45.637651709392514,-122.63686203069228
45.63765103639482,-122.63684899615617
45.63765036881916,-122.636836066662
45.63764964446634,-122.63682203754969
45.63764897146406,-122.63680900301385
45.63764830388388,-122.63679607352061
45.63764763087863,-122.636783038985
45.63764695787187,-122.6367700044494
45.63764629028729,-122.6367570749571
45.63764561727757,-122.63674404042175
45.63764489833713,-122.6367301163539
45.63764427667738,-122.63671807639504
45.63764360366318,-122.63670504185993
45.63764293607129,-122.63669211236927
45.637642263054126,-122.63667907783442
45.63764159003546,-122.63666604329954
45.63764092243916,-122.63665311380979
45.63764030077125,-122.6366410738513
45.637639627748236,-122.63662803931665
45.63763896014765,-122.63661510982782
45.637638287121646,-122.63660207529342
45.63763761409415,-122.63658904075903
45.637636946489174,-122.63657611127115
45.63763627345871,-122.63656307673702
45.63763565178125,-122.63655103677883
45.63763497874791,-122.63653800224466
45.637634311137155,-122.63652507275789
45.63763363810084,-122.63651203822398
45.63763296506303,-122.63649900369008
45.63763229744789,-122.63648607420426
45.63763167576227,-122.63647403424639
45.637631002720084,-122.63646099971271
45.63763033510065,-122.63644807022777
45.63762966205552,-122.63643503569433
45.63762898900887,-122.63642200116091
45.63762832138504,-122.63640907167691
45.63762769969126,-122.63639703171937
45.63762702664026,-122.63638399718619
45.63762635901213,-122.63637106770308
45.63762568595816,-122.63635803317014
45.637625012902696,-122.63634499863717
45.63762434527017,-122.636332069155
45.63762367221173,-122.6363190346223
45.6376230505084,-122.6363069946651
45.637622382871605,-122.63629406518382
45.63762170980881,-122.63628103065135
45.63762103674451,-122.63626799611886
45.637620369103296,-122.63625506663853
45.63761969603603,-122.63624203210631
45.63761907432455,-122.63622999214944
45.63761840667905,-122.63621706266999
45.63761773360743,-122.636204028138
45.6376170605343,-122.636190993606
45.63761639288442,-122.63617806412746
45.63761571980831,-122.63616502959573
45.63761509808867,-122.63615298963919
45.637614430434496,-122.63614006016158
45.637613757354046,-122.63612702563006
45.63761308427208,-122.63611399109855
45.63761241661351,-122.63610106162186
45.63761174352858,-122.6360880270906
45.637611070442155,-122.63607499255932
45.63761045413792,-122.63606305765857
45.63760978104863,-122.63605002312758
45.63760910795785,-122.63603698859653
45.63760844029059,-122.63602405912167
45.637607767196826,-122.63601102459089
45.637607094101575,-122.63599799006009
45.63760647236423,-122.63598595010423
45.63760580469121,-122.63597302063052
45.6376051315916,-122.63595998609995
45.63760445849049,-122.6359469515694
45.63760379312753,-122.63593401578699
45.637603306671586,-122.63592097659703
45.63760286025458,-122.6359090106644
45.63760237379576,-122.63589597147441
45.63760189017444,-122.63588300838119
45.63760140371265,-122.63586996919118
45.63760092008839,-122.63585700609838
45.63760043362362,-122.63584396690835
45.63759998719857,-122.63583200097693
45.637599500730936,-122.6358189617869
45.63759901710091,-122.63580599869493
45.637598533469415,-122.63579303560337
45.63759804699734,-122.63577999641339
45.6375975633629,-122.63576703332225
45.63759707688785,-122.63575399413224
45.6375966304534,-122.63574202820232
45.63759614397547,-122.63572898901234
45.63759566033527,-122.63571602592204
45.63759517385438,-122.63570298673201
45.63759469021124,-122.63569002364217
45.63759420372737,-122.6356769844521
45.63759375728487,-122.63566501852341
45.637593270798135,-122.6356519793333
45.63759278714924,-122.6356390162443
45.63759230065953,-122.63562597705425
45.637591817007674,-122.6356130139657
45.63759133051499,-122.63559997477557
45.63759088406446,-122.63558800884803
45.63759039756891,-122.63557496965792
45.63758991391129,-122.63556200657023
45.63758942741277,-122.63554896738006
45.6375889437522,-122.63553600429285
45.63758845725071,-122.63552296510267
45.637588010792136,-122.63551099917633
45.63758752712728,-122.63549803608984
45.637587040621455,-122.63548499689976
45.63758655695365,-122.63547203381368
45.63758607044484,-122.63545899462355
45.6375855867741,-122.63544603153797
45.63758513746792,-122.63543398950826
45.63758465379436,-122.63542102642302
45.637584167279705,-122.63540798723287
45.6375836836032,-122.63539502414814
45.637583197085576,-122.63538198495795
45.637582713406125,-122.6353690218736
45.637582264091805,-122.63535697984372
45.637581780409526,-122.63534401675986
45.63758129388606,-122.6353309775696
45.63758081020084,-122.63531801448615
45.637580323674406,-122.63530497529594
45.63757983998625,-122.63529201221291
45.63757939066378,-122.63527997018285
45.63757890697279,-122.63526700710027
45.63757842044052,-122.63525396790997
45.63757793674659,-122.63524100482782
45.63757745021134,-122.63522796563751
45.63757696651447,-122.63521500255581
45.63757651718386,-122.63520296052559
45.63757573976205,-122.63519003245965
45.637574945489916,-122.63517700679908
45.63757421173367,-122.63516497359025
45.63757341745867,-122.63515194792984
45.63757263073062,-122.63513904605952
45.63757189697035,-122.63512701285107
45.63757110269099,-122.63511398719115
45.63757036892806,-122.6351019539828
45.637569582194374,-122.6350890521139
45.637568787910666,-122.63507602645446
45.63756805414372,-122.63506399324652
45.637567259857136,-122.63505096758722
45.63756653363618,-122.6350390581711
45.63756573934674,-122.6350260325122
45.6375649450558,-122.63501300685341
45.63756421128216,-122.63500097364593
45.637563416988336,-122.6349879479873
45.63756269076083,-122.63497603857276
45.63756189646416,-122.63496301291451
45.63756110216599,-122.63494998725635
45.637560368385664,-122.63493795404939
45.63755958163352,-122.63492505218508
45.637558787330995,-122.63491202652739
45.637558053546655,-122.6348999933208
45.63755725924125,-122.63488696766329
45.63755653300326,-122.6348750582514
45.637555738695006,-122.63486203259424
45.63755494438524,-122.63484900693719
45.63755421059422,-122.63483697373114
45.63755363089771,-122.63482403365693
45.63755304967562,-122.63481099547027
45.63755246845201,-122.63479795728354
45.6375519356737,-122.63478600586568
45.63755135444723,-122.63477296767907
45.63755077726784,-122.63476002031028
45.63755019603841,-122.63474698212377
45.63754961885608,-122.63473403475557
45.63754903762367,-122.63472099656917
45.63754850078869,-122.63470895433407
45.63754792360205,-122.63469600696658
45.637547342365295,-122.63468296878024
45.637546765175735,-122.63467002141333
45.637546183935996,-122.63465698322707
45.63754565114297,-122.63464503181196
45.63754506990036,-122.63463199362583
45.63754448865626,-122.63461895543963
45.637543911459474,-122.634606008074
45.63754333021239,-122.6345929698879
45.6375427974127,-122.63458101847398
45.63754221616276,-122.63456798028801
45.637541638960215,-122.6345550329235
45.637541057707296,-122.63454199473763
45.63754047645289,-122.63452895655169
45.63753989924594,-122.6345160091879
45.637539362389255,-122.63450396695315
45.637538785179466,-122.6344910195899
45.63753820391922,-122.63447798140419
45.63753762670651,-122.6344650340415
45.637537045443295,-122.63445199585591
45.63753650857982,-122.63443995362118
45.63753593136281,-122.63442700625923
45.637535350095234,-122.63441396807367
45.6375347728753,-122.6344010207123
45.63753419160473,-122.63438798252685
45.63753361438186,-122.63437503516604
45.637533077510255,-122.63436299293151
45.63753249623533,-122.63434995474613
45.63753191900816,-122.63433700738602
45.63753133773027,-122.63432396920074
45.637530760500155,-122.6343110218412
45.63753022362177,-122.63429897960675
45.63752964638884,-122.63428603224777
45.63752906510511,-122.6342729940627
45.63752848381989,-122.63425995587757
45.63752790658255,-122.63424700851934
45.63752736969739,-122.63423496628494
45.63752679245723,-122.63422201892723
45.63752621116616,-122.63420898074232
45.63752563392307,-122.63419603338517
45.63752505262903,-122.63418299520038
45.63752447133349,-122.63416995701552
45.6375239384897,-122.63415800560962
45.637523357191306,-122.63414496742487
45.63752277994097,-122.63413202006903
45.6375221986396,-122.63411898188436
45.637521621386334,-122.6341060345291
45.63752108448626,-122.63409399229495
45.637520503180525,-122.63408095411033
45.637519925922966,-122.63406800675578
45.63751934461427,-122.63405496857129
45.63751876735377,-122.63404202121731
45.63751823044691,-122.63402997898321
45.637517653183586,-122.63401703162978
45.637517071869055,-122.63400399344552
45.63751649055301,-122.63399095526115
45.637515913285284,-122.63397800790847
45.63751533196628,-122.63396496972426
45.637514799101105,-122.6339530183223
45.63751421777923,-122.63393998013814
45.637513640505745,-122.63392703278659
45.6375130591809,-122.63391399460258
45.63751247785455,-122.6339009564185
45.637511944982705,-122.6338890050177
45.637511363653495,-122.63387596683377
45.63751078637277,-122.63386301948348
45.6375102050406,-122.6338499812996
45.63750962775695,-122.63383703394989
45.63750904642179,-122.63382399576618
45.637508509491845,-122.63381195353232
45.6375079322039,-122.63379900618327
45.63750735086438,-122.63378596799961
45.637506773573506,-122.63377302065118
45.63750619223101,-122.63375998246758
45.63750565934447,-122.63374803106953
45.637505077999116,-122.63373499288608
45.63750449665227,-122.63372195470255
45.63750391935415,-122.63370900735536
45.63750333800433,-122.63369596917197
45.637502805111104,-122.6336840177751
45.637502223758425,-122.6336709795918
45.637501646454545,-122.63365803224573
45.63750106509889,-122.63364499406254
45.63750048374174,-122.63363195587928
45.637499906433455,-122.63361900853396
45.637499369481816,-122.63360696630042
45.63749879217071,-122.63359401895566
45.63749821080772,-122.63358098077265
45.63749763349369,-122.63356803342843
45.63749705212771,-122.63355499524549
45.6374965151693,-122.63354295301203
45.637495937850964,-122.63353000566856
45.637495356480635,-122.63351696748566
45.637494779159375,-122.63350402014275
45.63749419778606,-122.63349098196001
45.637493664871464,-122.63347903056706
45.6374930834953,-122.63346599238437
45.637492502117645,-122.63345295420163
45.637491924789146,-122.63344000686001
45.637491343408506,-122.63342696867741
45.63749076607707,-122.63341402133635
45.63749022910374,-122.63340197910314
45.63748965176948,-122.63338903176265
45.63748907038302,-122.63337599358023
45.63748848899504,-122.63336295539779
45.637487911656365,-122.63335000805802
45.63748737467626,-122.63333796582486
45.63748679733477,-122.63332501848564
45.63748621594096,-122.6333119803034
45.637485638596544,-122.63329903296474
45.63748505719977,-122.63328599478261
45.637484475801486,-122.63327295660041
45.63748394286415,-122.63326100521158
45.63748336146301,-122.63324796702948
45.63748278411136,-122.63323501969214
45.63748220270724,-122.63322198151016
45.637481625352656,-122.63320903417335
45.637481088357625,-122.63319699194048
45.637480506949146,-122.63318395375853
45.637479929590256,-122.63317100642246
45.63747934817881,-122.63315796824064
45.63747877081699,-122.63314502090515
45.63747823381518,-122.6331329786723
45.637477656450535,-122.63312003133734
45.63747707503325,-122.63310699315572
45.63747649361447,-122.63309395497406
45.63747591624542,-122.63308100763984
45.63747533482366,-122.63306796945831
45.637474801864954,-122.63305601807339
45.637474220440346,-122.63304297989193
45.63747364306553,-122.63303003255884
45.637473061637934,-122.6330169943775
45.63747248294161,-122.63300405181704
45.63747184426276,-122.63299101560726
45.6374712543359,-122.6329789745116
45.63747062054005,-122.63296603802786
45.63746998185685,-122.63295300181824
45.63746934317214,-122.63293996560861
45.63746870937189,-122.63292702912571
45.63746807068422,-122.63291399291627
45.63746743199504,-122.6329009567068
45.63746679819039,-122.6328880202248
45.637466159498246,-122.6328749840155
45.63746552569066,-122.63286204753413
45.63746488699554,-122.63284901132506
45.63746424829892,-122.63283597511598
45.63746361448693,-122.63282303863546
45.63746297578733,-122.63281000242655
45.6374623858413,-122.63279796133148
45.63746175202501,-122.63278502485178
45.637461113321066,-122.63277198864306
45.63746047461562,-122.6327589524343
45.63745984079494,-122.63274601595546
45.63745920208651,-122.63273297974692
45.63745856826291,-122.63272004326875
45.63745792955151,-122.63270700706038
45.63745729083862,-122.63269397085197
45.6374566570106,-122.63268103437467
45.637456018294735,-122.63266799816647
45.637455379577375,-122.63265496195827
45.63745474574495,-122.63264202548183
45.63745415578112,-122.63262998438734
45.637453521945886,-122.63261704791152
45.63745279682699,-122.63260302152185
45.637452121826634,-122.63258998709503
45.63745144682476,-122.63257695266823
45.63745077727716,-122.63256402359292
45.637450102272325,-122.63255098916636
45.63744942726599,-122.63253795473977
45.63744875771398,-122.63252502566539
45.63744808270468,-122.63251199123908
45.63744740769387,-122.63249895681277
45.637446686633076,-122.63248503319521
45.637446011619176,-122.63247199876919
45.63744533660378,-122.63245896434314
45.63744466704287,-122.63244603527066
45.637443992024515,-122.63243300084487
45.63744337458859,-122.63241997275681
45.63744287810027,-122.6324060088656
45.63744241449467,-122.6323929698543
45.63744191800308,-122.63237900596356
45.63744141893053,-122.63236496953148
45.63744095789949,-122.63235200306192
45.63744045882362,-122.63233796662986
45.63743999778954,-122.63232500016075
45.63743950128966,-122.63231103627136
45.6374389470268,-122.63229800461077
45.6374383922071,-122.63228496586235
45.637437841075936,-122.63227201383278
45.63743728625326,-122.63225897508443
45.63743677751414,-122.63224701936531
45.637436222688606,-122.63223398061702
45.637435671551685,-122.63222102858849
45.637435116723175,-122.63220798984027
45.63743456558333,-122.63219503781228
45.63743401075183,-122.63218199906413
45.63743345591884,-122.63216896031595
45.63743290477458,-122.63215600828863
45.637432349938614,-122.6321429695405
45.6374318411874,-122.63213101382347
45.63743128634858,-122.6321179750754
45.63743073519855,-122.63210502304916
45.637430180356745,-122.63209198430114
45.63742962920378,-122.63207903227544
45.637429074359005,-122.63206599352753
45.637428523203106,-122.63205304150233
45.637427968355354,-122.6320400027545
45.63742741350612,-122.63202696400658
45.6374269047428,-122.63201500829163
45.63742634989069,-122.63200196954381
45.637425798727556,-122.6319890175198
45.63742524387247,-122.63197597877205
45.6374246927064,-122.63196302674858
45.637424137848335,-122.6319499880009
45.637423586679326,-122.63193703597796
45.6374230318183,-122.63192399723036
45.63742252304425,-122.63191204151734
45.637421979979024,-122.63189900170394
45.637421437461995,-122.63188596276825
45.63742089847215,-122.63187300864091
45.637420355952145,-122.63185996970525
45.63741981695937,-122.63184701557846
45.63741931589754,-122.63183497311414
45.63741877690194,-122.63182201898782
45.6374182343761,-122.63180898005228
45.63741769537756,-122.63179602592649
45.63741715284874,-122.63178298699098
45.63741665530897,-122.63177102933689
45.637416112777295,-122.63175799040143
45.637415573773,-122.63174503627666
45.637415031238355,-122.63173199734126
45.6374144922311,-122.631719043217
45.63741399115574,-122.63170700075275
45.637413448616726,-122.63169396181732
45.637412909605196,-122.63168100769373
45.6374123670632,-122.63166796875836
45.63741182804872,-122.63165501463521
45.63741132696657,-122.63164297217092
45.63741078794927,-122.63163001804831
45.637410245401455,-122.63161697911306
45.63740970638121,-122.63160402499095
45.63740916383042,-122.63159098605577
45.63740866627061,-122.63157902840507
45.63740812371695,-122.63156598946993
45.637407584690955,-122.63155303534883
45.63740704213431,-122.63153999641378
45.637406503105375,-122.63152704229317
45.637406002009705,-122.63151499982892
45.6374054594487,-122.63150196089383
45.637404920415456,-122.6314890067739
45.6374043778515,-122.63147596783885
45.63740383881531,-122.6314630137194
45.637403337712854,-122.6314509712551
45.63740279867385,-122.6314380171362
45.63740225610405,-122.63142497820124
45.63740171706211,-122.63141202408282
45.63740117448933,-122.63139898514797
45.63740067690949,-122.63138702750065
45.637400134333845,-122.6313739885658
45.63739959528615,-122.6313610344484
45.637399052707536,-122.63134799551364
45.63739851365688,-122.63133504139677
45.6373980125409,-122.63132299893252
45.63739746995792,-122.63130995999772
45.63739693090297,-122.63129700588148
45.63739638831702,-122.63128396694673
45.63739584925914,-122.631271012831
45.637395348136366,-122.63125897036672
45.63739480907567,-122.63124601625148
45.637394266483874,-122.63123297731684
45.63739372742024,-122.63122002320212
45.63739318482547,-122.63120698426752
45.637392687225606,-122.63119502662363
45.63739214462798,-122.63118198768909
45.637391605558584,-122.63116903357539
45.63739103516711,-122.63115599685106
45.63739046441059,-122.63114295841575
45.637389941161175,-122.63113100526856
45.63738937040179,-122.6311179668333
45.63738880354538,-122.63110501759107
45.63738827638754,-122.63109297525145
45.63738770952829,-122.63108002600977
45.637387138763096,-122.6310669875747
45.63738657190091,-122.63105403833355
45.637386044737674,-122.63104199599402
45.63738547396811,-122.63102895755898
45.637384907101634,-122.63101600831853
45.63738437993437,-122.63100396597896
45.63738381306507,-122.63099101673903
45.637383242289665,-122.6309779783042
45.637382675417435,-122.63096502906482
45.637382148244775,-122.63095298672536
45.63738158136973,-122.63094003748654
45.63738101058847,-122.63092699905185
45.63738043980573,-122.63091396061711
45.637379916532446,-122.6309020074742
45.63737934574684,-122.63088896903957
45.637378778864544,-122.63087601980196
45.63737825168246,-122.6308639774626
45.63737768479736,-122.63085102822555
45.63737711400591,-122.63083798979106
45.637376547117874,-122.63082504055458
45.6373760199304,-122.63081299821529
45.63737544913461,-122.6307999597808
45.637374882242256,-122.630787010545
45.63737435505075,-122.63077496820569
45.63737378815559,-122.63076201897044
45.63737321735396,-122.63074898053614
45.63737265045585,-122.63073603130142
45.637372123258956,-122.63072398896222
45.63737155635803,-122.63071103972804
45.63737098555056,-122.63069800129395
45.637370458349636,-122.63068595895471
45.63736989144441,-122.63067300972119
45.637369320632594,-122.63065997128717
45.63736887273807,-122.63064700890418
45.63736842674158,-122.63063397014194
45.637368017255106,-122.6306219987927
45.63736757364334,-122.63060902983133
45.63736712764252,-122.63059599106907
45.63736668402782,-122.63058302210806
45.63736623802401,-122.63056998334582
45.63736579440635,-122.63055701438516
45.63736538252418,-122.63054497323512
45.63736493890371,-122.63053200427487
45.63736449289406,-122.63051896551242
45.637364049270644,-122.63050599655253
45.63736360564575,-122.63049302759299
45.63736319375682,-122.63048098644279
45.63736275012911,-122.63046801748358
45.637362304112145,-122.63045497872105
45.637361860481484,-122.63044200976223
45.63736141446155,-122.63042897099965
45.63736097082795,-122.6304160020412
45.63736056131871,-122.63040403069523
45.637360115294435,-122.63039099193264
45.63735967165654,-122.63037802297488
45.6373592256293,-122.6303649842122
45.63735878198844,-122.63035201525483
45.63735833595822,-122.63033897649206
45.637357926440934,-122.63032700514715
45.63735748040786,-122.6303139663843
45.63735703676124,-122.6303009974277
45.637356593113154,-122.63028802847138
45.63735614707561,-122.63027498970854
45.637355737551644,-122.6302630183646
45.637355291511234,-122.63024997960169
45.63735484785739,-122.63023701064613
45.63735440181401,-122.63022397188314
45.63735395815721,-122.63021100292796
45.63735351449895,-122.63019803397309
45.63735310257884,-122.630185992822
45.63735265891775,-122.6301730238675
45.63735221286706,-122.63015998510443
45.637351769203015,-122.6301470161503
45.637351323149346,-122.63013397738717
45.63735087948236,-122.63012100843343
45.637350467554114,-122.63010896728201
45.63735002388431,-122.63009599832866
45.637349580213034,-122.63008302937558
45.63734913415204,-122.63006999061236
45.6373487,-122.63005729999999
45.63734874129006,-122.63004499822384
45.63734878492123,-122.63003199852344
45.63734882855091,-122.63001899882302
45.63734886882317,-122.6300069990995
45.637348912450015,-122.629993999399
45.6373489560754,-122.62998099969849
45.637348996343675,-122.62996899997492
45.63734903996621,-122.62995600027432
45.63734908358729,-122.62994300057373
45.63734912385158,-122.62993100085006
45.637349167469814,-122.62991800114942
45.63734921108657,-122.62990500144866
45.6373492513469,-122.62989300172494
45.63734929496081,-122.6298800020242
45.6373495367068,-122.629866980527
45.63734982413467,-122.62985299260812
45.63735009103045,-122.62984000382615
45.637350357924745,-122.62982701504396
45.63735064621064,-122.62981298512997
45.63735091310188,-122.62979999634763
45.63735117999166,-122.62978700756511
45.637351468272634,-122.62977297765146
45.63735177081923,-122.6297599806903
45.63735230444295,-122.62974702565087
45.637352841523665,-122.6297339866476
45.63735337514444,-122.62972103160766
45.6373539122222,-122.62970799260434
45.637354449298456,-122.6296949536011
45.637354982914815,-122.6296819985605
45.63735551998809,-122.62966895955724
45.63735605360152,-122.62965600451611
45.63735663171884,-122.62964196897113
45.63735725958485,-122.62962905484005
45.6373586162668,-122.62961591893236
45.6373598505192,-122.62960396842064
45.637361185845116,-122.62959103926165
45.63736254252257,-122.62957790335342
45.63736387784549,-122.62956497419368
45.637365213166944,-122.62955204503352
45.637366569839784,-122.62953890912475
45.63736790515824,-122.62952597996382
45.637369240475216,-122.62951305080247
45.63737059714345,-122.62949991489316
45.637371934685014,-122.62948698527597
45.63737324935915,-122.6294750562131
45.63737469580971,-122.62946193142639
45.63737601048117,-122.62945000236279
45.63737745692877,-122.62943687757566
45.63737887913311,-122.62942397275305
45.637380193800574,-122.6294120436883
45.63738164024367,-122.62939891890053
45.63738295490845,-122.62938698983507
45.63738440134859,-122.62937386504693
45.63738571601071,-122.62936193598078
45.63738726301387,-122.6293490825532
45.63738925804473,-122.62933608099347
45.637391106679445,-122.62932403348387
45.63739310170732,-122.62931103192321
45.637395096733655,-122.6292980303621
45.63739694536416,-122.6292859828513
45.637398940387534,-122.62927298128929
45.637400935409346,-122.6292599797268
45.63740278403564,-122.62924793221481
45.6374047790545,-122.62923493065142
45.637406774071785,-122.62922192908754
45.637408769087536,-122.62920892752318
45.637410617708206,-122.62919688000962
45.637412612720986,-122.62918387844435
45.637414607732225,-122.62917087687863
45.637416538933735,-122.62915881076974
45.63741910101691,-122.62914604145924
45.63742147772049,-122.62913419606527
45.63742393050527,-122.6291219714781
45.637426307206184,-122.62911012608294
45.637428759988175,-122.62909790149489
45.63743113668642,-122.62908605609853
45.637433589465594,-122.62907383150956
45.63743596616119,-122.62906198611198
45.63743860431502,-122.6290488376042
45.63744098100787,-122.62903699220531
45.63744335769944,-122.62902514680572
45.63744581047152,-122.62901292221444
45.63744818716042,-122.62900107681362
45.63745063992969,-122.62898885222145
45.63745301661595,-122.62897700681944
45.63745565475917,-122.62896385830787
45.637458031442684,-122.62895201290456
45.637460584843836,-122.62893979949233
45.63746333288126,-122.62892816077138
45.63746639522184,-122.62891519087988
45.63746924561824,-122.6289031186259
45.63747230795571,-122.62889014873288
45.63747515834918,-122.62887807647763
45.63747822068351,-122.62886510658308
45.63748107107407,-122.62885303432648
45.63748413340528,-122.62884006443043
45.63748698379291,-122.6288279921725
45.63749087287173,-122.62881492199814
45.63749437918185,-122.62880323265384
45.63749804092767,-122.62879102511191
45.63750170267194,-122.62877881756914
45.637505208977885,-122.628767128222
45.63750887071919,-122.62875492067755
45.63751253245895,-122.62874271313231
45.637516038760715,-122.62873102378228
45.637519700497506,-122.62871881623533
45.63752346012899,-122.6287062823196
45.637527121862725,-122.62869407477082
45.63753078359492,-122.62868186722126
45.63753428988967,-122.62867017786633
45.6375379516189,-122.62865797031503
45.637541613346585,-122.62864576276293
45.63754511963716,-122.62863407340517
45.63754878136188,-122.62862186585136
45.63755228764969,-122.62861017649163
45.63755594937144,-122.62859796893615
45.63756005501561,-122.62858603926989
45.63756392572756,-122.62857494698473
45.63756779643822,-122.6285638546987
45.63757194651667,-122.6285519618239
45.63757581722466,-122.62854086953602
45.63757968793132,-122.62852977724725
45.63758383800557,-122.62851788436939
45.637587708709546,-122.62850679207875
45.63759157941223,-122.62849569978722
45.63759572948225,-122.62848380690627
45.637599600182256,-122.6284727146129
45.637603750249426,-122.62846082172983
45.63760742153566,-122.62845030088903
45.637611292231796,-122.62843920859282
45.637615442294866,-122.62842731570662
45.63761931298831,-122.62841622340855
45.63762318368046,-122.62840513110962
45.63762733373932,-122.62839323822033
45.637631204428786,-122.62838214591949
45.637635075116954,-122.62837105361781
45.637639225171576,-122.62835916072544
45.63764327888118,-122.62834821295435
45.637647583456726,-122.62833668192661
45.637651956703436,-122.62832496693866
45.637656039452764,-122.62831403012622
45.63766041269671,-122.62830231513588
45.637664717266446,-122.6282907841043
45.63766909050752,-122.62827906911167
45.637673173251535,-122.62826813229505
45.63767725599427,-122.62825719547743
45.637681851053784,-122.6282448862646
45.6376859337938,-122.62823394944495
45.63769030702792,-122.62822223444657
45.637694611587506,-122.62821070340824
45.63769869432354,-122.62819976658554
45.63770306755344,-122.62818805158375
45.63770715028686,-122.62817711475894
45.6377117453357,-122.62816480553855
45.637715828066405,-122.62815386871169
45.63772020129066,-122.62814215370528
45.637724284018766,-122.62813121687631
45.637728588566844,-122.62811968583033
45.63773296178688,-122.62810797082055
45.637737044511006,-122.62809703398848
45.637741417728286,-122.62808531897637
45.63774572227056,-122.6280737879265
45.63775009548496,-122.62806207291206
45.63775417820376,-122.6280511360759
45.637758260921295,-122.62804019923868
45.637762855951884,-122.62802789000531
45.637766938666694,-122.62801695316611
45.637771311874126,-122.62800523814595
45.637775616406266,-122.62799370708932
45.63777969911709,-122.62798277024703
45.637783987476745,-122.62797099067977
45.637787989182236,-122.62795999194906
45.637792277194094,-122.62794820629728
45.63779627889696,-122.62793720756454
45.637800280598526,-122.62792620883084
45.63780478168576,-122.62791383752328
45.637808783384585,-122.62790283878763
45.637812785082126,-122.62789184005106
45.63781707308558,-122.62788005439268
45.63782107478048,-122.62786905565409
45.63782507647412,-122.62785805691453
45.63782936447341,-122.62784627125284
45.63783336616441,-122.62783527251125
45.637837580932725,-122.62782368811685
45.63784186892775,-122.62781190245191
45.637845870614726,-122.62780090370745
45.63784987230042,-122.62778990496199
45.63785416029129,-122.62777811929372
45.63785816197436,-122.62776712054628
45.63786216365612,-122.6277561217979
45.63786645164286,-122.62774433612633
45.63787066639967,-122.62773275172461
45.63787466807741,-122.6277217529733
45.63787895605988,-122.62770996729844
45.63788295773498,-122.62769896854515
45.63788724571467,-122.62768718286804
45.637891247387145,-122.6276761841127
45.63789524905834,-122.6276651853564
45.63789975011072,-122.62765281402523
45.63790375177916,-122.627641815267
45.63790775344632,-122.62763081650778
45.637912041417586,-122.62761903082414
45.63791604308212,-122.62760803206291
45.63792004474537,-122.62759703330073
45.637924332712494,-122.6275852476138
45.6379283343731,-122.62757424884958
45.63793254910836,-122.62756266443424
45.63793683707122,-122.62755087874402
45.6379408387278,-122.62753987997694
45.63794484038311,-122.62752888120889
45.63794912834181,-122.62751709551534
45.637953129994486,-122.6275060967453
45.63795713164588,-122.62749509797426
45.63796141960043,-122.62748331227742
45.63796563432418,-122.62747172785475
45.63796963597155,-122.62746072908082
45.63797392392184,-122.62744894338073
45.63797792556657,-122.6274379446048
45.63798192721001,-122.6274269458279
45.637986215156154,-122.62741516012449
45.63799021679697,-122.62740416134554
45.63799450474033,-122.62739237563987
45.63799871945256,-122.62738079120993
45.638002721089336,-122.62736979242811
45.638007009028435,-122.62735800671915
45.638011010662574,-122.62734700793533
45.63801501229545,-122.62733600915057
45.63801930023039,-122.62732422343831
45.63802330186062,-122.6273132246515
45.63802730348957,-122.62730222586373
45.6380318044935,-122.62728985449972
45.6380358061197,-122.62727885571003
45.63803980774462,-122.62726785691936
45.638044095671155,-122.62725607120053
45.638048097293435,-122.62724507240787
45.63805209891444,-122.62723407361423
45.63805638683682,-122.6272222878921
45.63806060152753,-122.62721070344848
45.6380646031445,-122.62719970465197
45.63806889106263,-122.6271879189266
45.63807289267696,-122.62717692012804
45.63807699264025,-122.62716599435029
45.63808138339423,-122.6271542943127
45.6380857064527,-122.6271427746584
45.6380900972038,-122.62713107461852
45.63809419660814,-122.62712015092619
45.638098519662286,-122.62710863126901
45.63810291040919,-122.62709693122568
45.63810700980955,-122.62708600753032
45.63811140055372,-122.62707430748459
45.638115723602056,-122.62706278782352
45.63811982299844,-122.62705186412502
45.63812421373839,-122.62704016407592
45.638128313132185,-122.6270292403753
45.63813292751949,-122.62701694436049
45.63813702691057,-122.62700602065783
45.63814112630038,-122.62699509695418
45.63814574068312,-122.62698280093612
45.63814984007023,-122.62697187723037
45.638154230800346,-122.62696017717315
45.63815833018485,-122.6269492534653
45.638162653217364,-122.62693773379357
45.6381670439433,-122.6269260337329
45.638171143323824,-122.62691511002197
45.63817546635201,-122.62690359034735
45.638179857073716,-122.62689189028329
45.63818395645028,-122.62688096656926
45.63818834716923,-122.6268692665028
45.63819267019164,-122.62685774682426
45.63819676956422,-122.62684682310717
45.638201160278975,-122.6268351230373
45.63820525964895,-122.62682419931808
45.63820987400893,-122.62681190328368
45.63821397337619,-122.62680097956239
45.6382180727422,-122.62679005584012
45.63822268709761,-122.6267777598025
45.63822678646091,-122.62676683607812
45.63823094800607,-122.62675595930428
45.63823540325651,-122.62674431562937
45.63823979452211,-122.62673283917226
45.63824395532091,-122.62672196502962
45.63824811611843,-122.62671109088598
45.63825227691472,-122.6267002167413
45.638256668174755,-122.6266887402803
45.63826112341694,-122.62667709659843
45.638265284209275,-122.62666622245057
45.638269675465,-122.62665474598656
45.63827383625474,-122.62664387183666
45.638277997043225,-122.62663299768573
45.63828215783045,-122.62662212353376
45.63828684352864,-122.62660987753006
45.638291004313196,-122.62659900337592
45.63829516509648,-122.62658812922078
45.6382995473298,-122.62657666799572
45.63830350300741,-122.62656563548816
45.6383077425756,-122.62655381119596
45.63831169825054,-122.62654277868647
45.63831565392419,-122.62653174617607
45.63831989348821,-122.6265199218806
45.638323849159214,-122.62650888936821
45.638327804828926,-122.62649785685491
45.63833204438876,-122.62648603255622
45.63833600005584,-122.62647500004095
45.638339955721605,-122.62646396752474
45.638343911386094,-122.62645293500763
45.638348150940395,-122.62644111070466
45.63835210660222,-122.62643007818558
45.63835606226278,-122.62641904566553
45.63836030181291,-122.62640722135933
45.638364257470805,-122.62639618883735
45.638368213127414,-122.62638515631443
45.63837216878273,-122.6263741237906
45.63837640832732,-122.6263622994801
45.63838036397998,-122.62635126695429
45.6383845278454,-122.62633965370718
45.638388767385706,-122.6263278293935
45.63839272303433,-122.62631679686488
45.638396678681644,-122.62630576433533
45.63840063432768,-122.62629473180485
45.63840487386244,-122.62628290748694
45.63840882950583,-122.62627187495448
45.63841278514792,-122.62626084242113
45.63841702467851,-122.62624901809995
45.63842098031796,-122.62623798556463
45.63842493595612,-122.62622695302836
45.638429175482536,-122.62621512870395
45.638433131118035,-122.62620409616574
45.638437086752255,-122.62619306362656
45.63844104238518,-122.62618203108649
45.63844528190605,-122.6261702067578
45.638449237536335,-122.62615917421576
45.63845376656479,-122.62614682482102
45.6384577943534,-122.62613584567472
45.6384621098037,-122.62612408240096
45.638466425252574,-122.62611231912602
45.63847066891047,-122.62610075153765
45.638474984356456,-122.62608898826046
45.63847929980099,-122.6260772249821
45.638483543454434,-122.62606565739088
45.63848785889608,-122.62605389411027
45.63849217433629,-122.62604213082851
45.63849620211275,-122.62603115167295
45.63850073342261,-122.62601879995043
45.63850504885849,-122.6260070366652
45.638509076630854,-122.62599605750661
45.638513392063956,-122.62598429421912
45.638517259429605,-122.62597216862605
45.638520841089324,-122.62596089671008
45.63852468610589,-122.62594879597286
45.63852809658353,-122.62593806277805
45.638531941597265,-122.62592596203899
45.63853578660949,-122.62591386129903
45.63853919708335,-122.62590312810148
45.63854304209274,-122.62589102735971
45.63854688710063,-122.62587892661699
45.638550297570724,-122.62586819341676
45.63855414257579,-122.62585609267221
45.63855772422193,-122.62584482074828
45.63856139804568,-122.62583325872379
45.63856524304641,-122.62582115797649
45.63856882468845,-122.62580988605016
45.638572669686226,-122.62579778530116
45.63857634350457,-122.62578622327261
45.63857992514253,-122.62577495134384
45.638583770135966,-122.6257628505921
45.63858718059356,-122.62575211738287
45.63859102558418,-122.6257400166293
45.63859487057328,-122.62572791587479
45.638598281027114,-122.62571718266285
45.63860212601338,-122.62570508190656
45.63860570764182,-122.62569380997225
45.63860938144823,-122.62568224793468
45.63861322643015,-122.6256701471756
45.638616808054515,-122.62565887523887
45.63862065303351,-122.62564677447808
45.6386243268345,-122.62563521243642
45.638627908454765,-122.62562394049729
45.63863175342942,-122.62561183973376
45.63863516387073,-122.6256011065129
45.638639008842574,-122.62558900574754
45.63864285381289,-122.6255769049812
45.63864626425046,-122.62556617175764
45.63865010861205,-122.6255540742199
45.638654115690336,-122.62554207905677
45.63865785079472,-122.62553089804085
45.63866185787013,-122.62551890287585
45.63866559297179,-122.62550772185821
45.638669600044295,-122.62549572669128
45.638673421263924,-122.62548428786957
45.638677156361595,-122.62547310684923
45.63868116342982,-122.62546111167924
45.63868517049657,-122.62544911650828
45.63868890559011,-122.62543793548534
45.63869291265396,-122.62542594031243
45.63869691971634,-122.6254139451385
45.63870065480573,-122.62540276411293
45.63870466186522,-122.62539076893708
45.63870848307286,-122.62537933010563
45.63871221815825,-122.62536814907736
45.638716225213464,-122.62535615389848
45.6387202322672,-122.62534415871858
45.63872396734844,-122.62533297768772
45.638727974399295,-122.62532098250591
45.63873198144865,-122.62530898732305
45.63873571652577,-122.62529780628961
45.63873972357223,-122.62528581110485
45.63874327279729,-122.62527518641427
45.638747279840985,-122.62526319122748
45.638751286883185,-122.62525119603966
45.638755021953564,-122.62524001500182
45.63875902899287,-122.6252280198121
45.63876303603071,-122.62521602462131
45.638766771096954,-122.62520484358089
45.63877077813189,-122.62519284838818
45.63877478516534,-122.62518085319451
45.63877852022747,-122.62516967215142
45.63878234140982,-122.62515823329949
45.638786348439005,-122.62514623810273
45.63879008349711,-122.625135057057
45.63879409052341,-122.62512306185833
45.638798097548204,-122.62511106665866
45.6388018326022,-122.6250998856103
45.63880583962411,-122.6250878904087
45.63880957467537,-122.62507670935865
45.63881358169439,-122.62506471415514
45.63881740286474,-122.62505327529341
45.63882113791198,-122.62504209424067
45.63882514492674,-122.62503009903412
45.63882915194002,-122.62501810382653
45.638832886983124,-122.6250069227712
45.63883689399352,-122.62499492756169
45.63884090100241,-122.62498293235117
45.638844636041405,-122.62497175129319
45.6388486430474,-122.62495975608074
45.638852464205755,-122.62494831720929
45.63885619924072,-122.62493713614867
45.63886020624246,-122.62492514093319
45.63886421324272,-122.62491314571668
45.638867948273564,-122.62490196465343
45.63887195527093,-122.624889969435
45.6388759622668,-122.62487797421554
45.63887969729353,-122.62486679314969
45.63888370428651,-122.62485479792831
45.63888725346534,-122.62484417320196
45.63889126045556,-122.62483217797858
45.638895267444276,-122.62482018275416
45.63889900246424,-122.62480900168393
45.63890300945009,-122.62479700645756
45.63890701643444,-122.62478501123023
45.638910751450275,-122.62477383015737
45.63891475843174,-122.6247618349281
45.63891876541171,-122.62474983969781
45.638922314579276,-122.62473921496272
45.638926321556475,-122.6247272197304
45.63893032853219,-122.62471522449705
45.63893406353988,-122.62470404341893
45.6389380705127,-122.62469204818369
45.638942077484025,-122.6246800529474
45.6389458124876,-122.62466887186665
45.638949819456045,-122.62465687662845
45.63895355445688,-122.624645695546
45.63895737557931,-122.62463425664541
45.63896138254349,-122.62462226140418
45.63896511754032,-122.62461108031903
45.63896912450161,-122.62459908507587
45.638973131461405,-122.62458708983169
45.638976866454094,-122.62457590874394
45.63898087341101,-122.62456391349782
45.638984880366436,-122.6245519182507
45.638988615355004,-122.62454073716036
45.638992622307526,-122.62452874191132
45.63899644341658,-122.62451730299988
45.63900017840114,-122.6245061219068
45.639004185349414,-122.62449412665474
45.63900819229619,-122.62448213140163
45.63901192727662,-122.62447095030599
45.63901593422051,-122.62445895505098
45.6390196691982,-122.62444777395362
45.6390236761392,-122.62443577869666
45.63902768307872,-122.62442378343871
45.63903123221132,-122.62441315867652
45.63903523914806,-122.62440116341655
45.6390392460833,-122.62438916815555
45.63904298105286,-122.6243779870529
45.639046987985225,-122.62436599178996
45.63905099491609,-122.62435399652601
45.63905472988151,-122.62434281542079
45.6390587368095,-122.62433082015491
45.63906274373599,-122.62431882488804
45.63906629285734,-122.62430820011711
45.639070299781075,-122.62429620484822
45.63907430670329,-122.62428420957829
45.639078041660575,-122.62427302846775
45.63908204857992,-122.62426103319589
45.63908605549777,-122.62424903792304
45.63908979045093,-122.62423785680987
45.63909379736589,-122.62422586153508
45.63909753231632,-122.62421468042024
45.63910135338945,-122.62420324147963
45.639105360300164,-122.62419124620182
45.63910909524657,-122.62418006508427
45.63911310215438,-122.6241680698045
45.63911710906071,-122.62415607452375
45.63912084400298,-122.6241448934036
45.63912485090641,-122.62413289812092
45.63912885780836,-122.6241209028372
45.63913259274652,-122.62410972171442
45.639136221149776,-122.62409814173208
45.63914002089822,-122.6240860133934
45.639143820645145,-122.62407388505382
45.63914745317814,-122.6240622904358
45.63915099201429,-122.62405099488207
45.63915479175685,-122.62403886653982
45.639158591497896,-122.62402673819672
45.639162224025455,-122.62401514357475
45.63916602376356,-122.62400301522972
45.63916956259275,-122.62399171967208
45.63917319511628,-122.62398012504711
45.63917699485003,-122.62396799669948
45.63918079458227,-122.62395586835092
45.639184427101675,-122.62394427372287
45.639187965924,-122.6239329781612
45.63919176565188,-122.62392084980999
45.63919556537823,-122.62390872145791
45.6391991978922,-122.62389712682588
45.63920299761563,-122.62388499847188
45.63920653643098,-122.62387370290638
45.63921062531453,-122.62386173769694
45.63921471135823,-122.62384979793293
45.639218328048635,-122.62383922965427
45.63922241408957,-122.62382728988814
45.639226224049914,-122.62381615684865
45.63923031008799,-122.62380421708052
45.63923412004563,-122.62379308403925
45.639238206080854,-122.62378114426909
45.63924229211459,-122.62376920449786
45.63924610206812,-122.62375807145384
45.639250188099,-122.62374613168059
45.63925399804985,-122.62373499863477
45.63925808407786,-122.62372305885951
45.639261894026,-122.6237119258119
45.63926598005115,-122.62369998603462
45.63927006607482,-122.62368804625626
45.639273876018876,-122.62367691320591
45.639277962039685,-122.62366497342555
45.63928177198103,-122.62365384037341
45.63928585799897,-122.62364190059102
45.63928966793762,-122.62363076753711
45.63929375395269,-122.62361882775271
45.639297839966304,-122.62360688796721
45.639301649900865,-122.62359575491053
45.639305735911606,-122.62358381512307
45.63930954584347,-122.62357268206456
45.639313438581546,-122.62356130703193
45.63931724851081,-122.62355017397161
45.639321334515934,-122.62353823417999
45.6393254205196,-122.62352629438732
45.639329230444766,-122.62351516132424
45.63933331644556,-122.62350322152949
45.63933712636802,-122.62349208846463
45.639341212365956,-122.62348014866791
45.639345022285724,-122.62346901560124
45.6393491,-122.62345710000001
45.63935298964622,-122.62344499319528
45.63935660493181,-122.62343374035272
45.63936031114372,-122.62342220449025
45.63936419169286,-122.62341012598458
45.639368072240494,-122.62339804747798
45.6393716875206,-122.62338679463211
45.6393755680653,-122.6233747161237
45.639379274270425,-122.62336318025605
45.63938315481222,-122.62335110174568
45.63938677008684,-122.62333984889653
45.63939065062571,-122.62332777038439
45.63939435682544,-122.62331623451259
45.639398237361405,-122.62330415599847
45.63940185263053,-122.62329290314601
45.63940573316356,-122.6232808246301
45.6394095,-122.62326909999997
45.63941374347881,-122.62325681868546
45.63941786104318,-122.62324490178243
45.63942197860604,-122.62323298487831
45.63942609616744,-122.6232210679731
45.63943021372738,-122.6232091510668
45.63943433128585,-122.62319723415943
45.63943864512766,-122.62318474916925
45.639442762683075,-122.6231728322598
45.639446880237024,-122.62316091534922
45.6394509977895,-122.62314899843757
45.63945511534051,-122.62313708152483
45.63945900610699,-122.62312500396722
45.63946284920596,-122.62311290204103
45.63946625803554,-122.62310216762526
45.63947010113169,-122.62309006569724
45.639473944226324,-122.62307796376831
45.639477524066564,-122.62306669082403
45.639481196143976,-122.62305512741902
45.63948503923426,-122.62304302548736
45.63948861907041,-122.62303175254067
45.6394922911438,-122.62302018913265
45.639496134229766,-122.62300808719823
45.63949997731421,-122.62299598526289
45.639503386131196,-122.62298525083806
45.63950722921282,-122.62297314890091
45.63951107229291,-122.62296104696281
45.639514652119445,-122.62294977401051
45.63951832418343,-122.62293821059536
45.639522167259194,-122.62292610865451
45.639525747081635,-122.62291483569983
45.6395294191416,-122.62290327228159
45.63953326221303,-122.62289117033802
45.63953684203138,-122.62287989738093
45.63954068509987,-122.62286779543562
45.63954435715442,-122.62285623201338
45.63954793696869,-122.62284495905385
45.63955178003283,-122.6228328571058
45.63955545208337,-122.62282129368053
45.63955898662761,-122.62280999169442
45.639562686606084,-122.62279780535155
45.63956622792616,-122.6227861415645
45.63956992790166,-122.62277395521988
45.63957362787565,-122.62276176887443
45.63957716919156,-122.62275010508442
45.63958086916257,-122.62273791873723
45.639584569132055,-122.62272573238921
45.63958811044381,-122.6227140685963
45.63959181041033,-122.6227018822465
45.639595510375315,-122.6226896958959
45.639599051682914,-122.62267803210005
45.63960275164495,-122.62266584574766
45.639606451605445,-122.62265365939447
45.63960981762246,-122.6226418933583
45.639613186094415,-122.62263010881502
45.639616697768304,-122.62261782327607
45.639620066237455,-122.62260603873102
45.63962357790834,-122.62259375319057
45.6396269463747,-122.62258196864371
45.639630314839714,-122.62257018409593
45.639633826506135,-122.62255789855313
45.639637194968344,-122.6225461140036
45.6396404617274,-122.6225346852567
45.6396438301869,-122.6225229007055
45.63964719864506,-122.62251111615336
45.63965071030411,-122.62249883060677
45.63965407875947,-122.62248704605285
45.63965759041554,-122.62247476050474
45.63966095886809,-122.62246297594905
45.639664327319316,-122.62245119139243
45.6396678389709,-122.622438905842
45.639670962515744,-122.62242797808197
45.63967447416443,-122.6224156925301
45.63967784261014,-122.62240390797004
45.63968121105451,-122.62239212340903
45.639684722698725,-122.62237983785482
45.6396880911403,-122.62236805329206
45.639691602781504,-122.62235576773631
45.63969497122028,-122.62234398317177
45.63969848285849,-122.6223316976145
45.63970160639169,-122.62232076984753
45.63970497482641,-122.62230898528037
45.63970848646026,-122.62229669972089
45.63971185489217,-122.62228491515197
45.639715366523006,-122.62227262959094
45.63971873495213,-122.62226084502026
45.639722103379896,-122.62224906044865
45.639725615006284,-122.62223677488527
45.63972898343126,-122.62222499031188
45.63973249505464,-122.62221270474697
45.63973561857494,-122.62220177697219
45.63973898699584,-122.6221899923962
45.639742498614865,-122.62217770682904
45.639745867032985,-122.62216592225128
45.63974937864899,-122.6221536366826
45.639752747064314,-122.62214185210308
45.63975611547829,-122.62213006752262
45.63975962708984,-122.62211778195159
45.63976275059986,-122.62210685417054
45.63976611900978,-122.62209506958746
45.63976963061696,-122.62208278401421
45.63977299902409,-122.62207099942935
45.63977651062827,-122.62205871385459
45.639779879032595,-122.62204692926798
45.639783247435574,-122.62203514468041
45.6397867590353,-122.62202285910328
45.63978988253502,-122.62201193131597
45.63979339413182,-122.62199964573743
45.63979676252931,-122.62198786114645
45.63980013092543,-122.62197607655453
45.63980364251778,-122.62196379097362
45.639807010911106,-122.62195200637993
45.63981052250046,-122.6219397207975
45.639813890891,-122.62192793620204
45.63981701438043,-122.6219170084085
45.639820525965405,-122.62190472282383
45.639823894351885,-122.62189293822576
45.63982726273701,-122.62188115362676
45.63983077431754,-122.62186886803974
45.639834142699875,-122.62185708343894
45.63983765427739,-122.6218447978504
45.63984102265694,-122.62183301324788
45.63984414613608,-122.62182208544806
45.639847657709225,-122.62180979985725
45.639851026084706,-122.62179801525212
45.639854537654855,-122.62178572965982
45.63985790602754,-122.62177394505291
45.63986127439887,-122.62176216044507
45.63986478596456,-122.6217498748504
45.63986815433311,-122.62173809024077
45.63987127780196,-122.62172716243471
45.6398747893633,-122.6217148768378
45.63987815772778,-122.62170309222557
45.6398816692861,-122.62169080662716
45.63988499974553,-122.62167899985363
45.63988832220629,-122.621667185361
45.63989154186024,-122.62165573643837
45.63989486431827,-122.62164392194417
45.63989818677495,-122.62163210744903
45.63990164848287,-122.62161979777716
45.639904970936726,-122.62160798328031
45.639908051331346,-122.62159702953016
45.639911373782596,-122.62158521503162
45.639914835484674,-122.62157290535679
45.63991815793311,-122.6215610908565
45.63992148038018,-122.62154927635534
45.63992494207778,-122.62153696667825
45.63992802246469,-122.6215260129236
45.63993134490769,-122.62151419841989
45.63993480660092,-122.62150188874065
45.63993812904111,-122.62149007423524
45.63994145147995,-122.6214782597289
45.639944671111785,-122.62146681079616
45.63994799354789,-122.62145499628822
45.63995131598265,-122.62144318177937
45.639954777667015,-122.62143087209574
45.639958100098966,-122.62141905758516
45.639961180473094,-122.62140810382294
45.639964642153075,-122.62139579413716
45.63996796458095,-122.62138397962407
45.63997128700747,-122.62137216511006
45.639974748682974,-122.62135985542203
45.639977829050665,-122.62134890165608
45.639981151473094,-122.62133708713957
45.63998461314423,-122.62132477744936
45.63998793556386,-122.62131296293116
45.63999125798213,-122.62130114841202
45.63999447759321,-122.62128969946981
45.63999780000876,-122.62127788494908
45.64000112242296,-122.62126607042742
45.6400044448358,-122.62125425590486
45.64000790649661,-122.62124194620945
45.64001122890666,-122.62123013168518
45.64001430926028,-122.62121917791086
45.64001777091672,-122.6212068682133
45.64002109332267,-122.62119505368652
45.640024415727275,-122.62118323915881
45.64002787737924,-122.621170929459
45.64003095772642,-122.62115997568095
45.64003428012695,-122.62114816115073
45.64003773778469,-122.62113585763348
45.64004089935335,-122.62112394535517
45.64004406092064,-122.62111203307606
45.640047222486544,-122.62110012079617
45.64005050999964,-122.6210877339608
45.64005367156269,-122.62107582167938
45.640056833124355,-122.62106390939718
45.640059994684655,-122.62105199711414
45.64006315624358,-122.62104008483026
45.64006667572523,-122.62102682393966
45.640069837281196,-122.62101491165419
45.64007299883579,-122.62100299936792
45.64007616038901,-122.62099108708082
45.64007932194084,-122.6209791747929
45.64008260943887,-122.62096678795085
45.64008577098786,-122.62095487566143
45.64008893253547,-122.6209429633712
45.640092094081695,-122.62093105108013
45.64009525562654,-122.62091913878827
45.640098543117084,-122.62090675194297
45.64010170465908,-122.6208948396496
45.64010486619969,-122.62088292735541
45.64010792653581,-122.62087096157882
45.6401109863772,-122.6208589928754
45.6401140462172,-122.6208470241712
45.640117106055804,-122.62083505546626
45.640120165893016,-122.62082308676057
45.640123225728836,-122.62081111805414
45.64012628556326,-122.62079914934692
45.640129345396296,-122.62078718063898
45.64013217972587,-122.6207760939949
45.64013523955623,-122.62076412528553
45.64013829938518,-122.6207521565754
45.64014135921274,-122.62074018786453
45.640144536973914,-122.62072775784227
45.64014759679859,-122.62071578913003
45.640150656621884,-122.62070382041705
45.64015371644379,-122.6206918517033
45.6401567762643,-122.6206798829888
45.64015983608343,-122.62066791427354
45.64016289590114,-122.62065594555753
45.64016595571748,-122.62064397684078
45.64016901553242,-122.62063200812328
45.6401718498451,-122.62062092147085
45.64017490965736,-122.62060895275194
45.640177969468226,-122.62059698403229
45.640181029277684,-122.62058501531186
45.640184089085764,-122.62057304659068
45.640187148892466,-122.62056107786871
45.64019020869775,-122.62054910914604
45.64019326850167,-122.6205371404226
45.64019632830418,-122.62052517169842
45.640199388105295,-122.62051320297348
45.64020244790503,-122.62050123424778
45.640205507703364,-122.62048926552134
45.64020845993352,-122.62047771755337
45.640211519729085,-122.62046574882564
45.640214579523246,-122.62045378009715
45.640217873388046,-122.6204419279779
45.6402211641724,-122.62043009338801
45.640224591527705,-122.62041776764428
45.64022788230925,-122.62040593305272
45.64023117308942,-122.62039409846027
45.64023446386823,-122.62038226386693
45.6402378912176,-122.62036993812022
45.64024094190526,-122.6203589669534
45.64024423268,-122.6203471323576
45.64024766002496,-122.62033480660882
45.640250950796855,-122.62032297201137
45.640254241567405,-122.62031113741298
45.6402576689079,-122.62029881166197
45.640260959675615,-122.62028697706194
45.640264250441994,-122.62027514246098
45.640267677777985,-122.62026281670784
45.640270968541536,-122.62025098210523
45.64027401921629,-122.62024001093094
45.64027730997721,-122.62022817632666
45.64028073730735,-122.62021585057062
45.64028402806545,-122.62020401596465
45.64028731882219,-122.6201921813578
45.64029074614784,-122.62017985559962
45.640294036901764,-122.62016802099109
45.640297327654324,-122.62015618638164
45.640300754975485,-122.62014386062124
45.64030380563861,-122.62013288944028
45.640307096387076,-122.62012105482839
45.640310523703846,-122.62010872906593
45.640313814449506,-122.62009689445236
45.640317105193795,-122.62008505983792
45.64032039593672,-122.62007322522257
45.64032382324755,-122.62006089945714
45.64032711398767,-122.62004906484009
45.64033040472643,-122.62003723022217
45.64033383203276,-122.62002490445457
45.640336882682966,-122.62001393326612
45.64034017341762,-122.62000209864576
45.640343600719575,-122.61998977287602
45.640346891451415,-122.61997793825398
45.6403501821819,-122.61996610363104
45.640353609479355,-122.61995377785912
45.64035690020703,-122.61994194323454
45.64036019093333,-122.61993010860903
45.64036348165828,-122.61991827398263
45.64036690894979,-122.61990594820773
45.64036995958708,-122.61989497701187
45.64037325030793,-122.619883142383
45.64037667759506,-122.61987081660604
45.640379968313084,-122.61985898197553
45.640383259029775,-122.61984714734406
45.64038674638851,-122.61983485280118
45.640390093802466,-122.61982305444391
45.64039344121507,-122.61981125608574
45.640396686412785,-122.61979981799082
45.64040003382268,-122.61978801963103
45.6404033812312,-122.61977622127029
45.640406870027974,-122.619763924563
45.640410217433704,-122.61975212620054
45.64041370622744,-122.61973982949176
45.64041681002749,-122.61972888973828
45.64042015742917,-122.61971709137325
45.64042364621854,-122.61970479466228
45.6404269936174,-122.61969299629548
45.64043034101493,-122.61968119792776
45.640433829799825,-122.61966890121451
45.64043693359219,-122.61965796145641
45.64044028098564,-122.61964616308613
45.64044376976617,-122.61963386637066
45.64044711715682,-122.61962206799865
45.64045046454613,-122.61961026962567
45.64045395332219,-122.61959797290788
45.64045705710687,-122.61958703314517
45.64046054588001,-122.61957473642602
45.64046389326379,-122.61956293804967
45.64046724064622,-122.61955113967241
45.6404707294149,-122.61953884295097
45.640474076794526,-122.61952704457195
45.64047718057152,-122.61951610480462
45.64048066933583,-122.61950380808094
45.64048405819073,-122.6194910315562
45.640487216438295,-122.6194791173721
45.64049037468449,-122.61946720318717
45.64049365861332,-122.61945481486995
45.64049704862256,-122.61944202636745
45.640500206864424,-122.61943011218011
45.64050336510492,-122.61941819799195
45.64050664902766,-122.61940580967205
45.64051003903081,-122.6193930211659
45.64051319726697,-122.61938110697537
45.64051635550175,-122.61936919278398
45.64051963941838,-122.61935680446139
45.64052302941546,-122.61934401595161
45.64052618764592,-122.6193321017578
45.64052934587501,-122.6193201875632
45.64053262978552,-122.61930779923793
45.640536019776526,-122.61929501072451
45.64053917800128,-122.61928309652748
45.64054233622467,-122.61927118232967
45.64054562012908,-122.61925879400171
45.640549010114,-122.61924600548468
45.64055216833306,-122.61923409128441
45.64055532655074,-122.61922217708334
45.64055860706191,-122.61920978716854
45.64056176202531,-122.61919787110315
45.64056514854545,-122.61918508045828
45.640568303506015,-122.61917316439113
45.640571583886285,-122.61916077461608
45.64057473884399,-122.61914885854745
45.640577893800305,-122.61913694247802
45.64058104875525,-122.61912502640777
45.640584435266376,-122.61911223575743
45.640587715639064,-122.61909984597898
45.64059087058968,-122.61908792990634
45.64059402553892,-122.61907601383288
45.64059718048679,-122.6190640977586
45.64060033543327,-122.61905218168351
45.64060384735547,-122.61903891732192
45.640607002299,-122.61902700124523
45.64061015724116,-122.61901508516773
45.64061331218193,-122.61900316908944
45.64061659254103,-122.61899077930504
45.640619747478944,-122.61897886322525
45.64062313397193,-122.61896607256413
45.64062628890701,-122.6189541564826
45.6406294438407,-122.61894224040026
45.6406327241922,-122.61892985061253
45.640635879123046,-122.61891793452871
45.640639034052505,-122.61890601844406
45.640642420536466,-122.61889322777749
45.64064570088187,-122.61888083798708
45.640648855806994,-122.61886892190002
45.640652010730754,-122.61885700581216
45.640655165653136,-122.61884508972346
45.64065832057413,-122.61883317363399
45.64066183246736,-122.61881990925859
45.640664987385414,-122.61880799316751
45.64066814230209,-122.6187960770756
45.640671297217374,-122.61878416098291
45.64067457754917,-122.61877177118656
45.64067773246162,-122.61875985509234
45.6406812270688,-122.61874712763903
45.64068448457149,-122.61873527238531
45.640687875862504,-122.61872293022039
45.640691133362374,-122.61871107496506
45.64069439086087,-122.61869921970886
45.64069778214739,-122.61868687754178
45.64070103964306,-122.61867502228397
45.64070429713737,-122.61866316702526
45.6407076884194,-122.61865082485606
45.64071118392118,-122.61863810338471
45.64071444141121,-122.6186262481234
45.640717832688644,-122.61861390595199
45.64072109017584,-122.61860205068906
45.640724347661674,-122.61859019542524
45.64072773893459,-122.61857785325174
45.640730996417595,-122.61856599798628
45.64073425389923,-122.61855414271997
45.640737645167654,-122.61854180054435
45.64074114065597,-122.61852907906443
45.64074439813332,-122.61851722379551
45.640747789397146,-122.61850488161764
45.640751046871685,-122.61849302634711
45.640754304344846,-122.6184811710757
45.64075769560417,-122.61846882889573
45.640760953074505,-122.61845697362268
45.64076421054349,-122.61844511834873
45.640767601798316,-122.61843277616666
45.640771097273124,-122.61842005467821
45.64077435473782,-122.61840819940169
45.640777745988046,-122.6183958572174
45.64078100344991,-122.61838400193922
45.6407842609104,-122.61837214666019
45.64078765215614,-122.61835980447378
45.640790909613806,-122.6183479491931
45.64079416707011,-122.61833609391157
45.64079755831134,-122.61832375172303
45.640800735404305,-122.61831086671249
45.64080369522802,-122.61829884647413
45.64080665505034,-122.6182868262351
45.640809614871245,-122.61827480599538
45.64081257469074,-122.61826278575496
45.64081553450885,-122.61825076551385
45.64081838397466,-122.61823919342305
45.64082134379005,-122.6182271731804
45.64082430360404,-122.61821515293707
45.640827482479956,-122.61820224304365
45.64083044229104,-122.61819022279887
45.640833402100725,-122.6181782025534
45.640836361909,-122.61816618230723
45.64083932171588,-122.61815416206036
45.64084228152135,-122.61814214181281
45.64084524132543,-122.61813012156456
45.6408482011281,-122.61811810131562
45.64085137999193,-122.61810519141585
45.6408543397917,-122.61809317116544
45.64085729959005,-122.61808115091436
45.64086025938701,-122.61806913066259
45.64086321918256,-122.61805711041012
45.64086617897673,-122.61804509015693
45.640869138769474,-122.61803306990309
45.64087209856082,-122.61802104964855
45.64087527741258,-122.61800813974241
45.64087823720103,-122.61799611948639
45.640881196988076,-122.61798409922969
45.64088415677371,-122.61797207897229
45.64088711655794,-122.61796005871422
45.64089007634077,-122.61794803845544
45.64089303612219,-122.61793601819599
45.64089599590222,-122.61792399793583
45.64089917474192,-122.61791108802332
45.64090213451904,-122.61789906776168
45.640905094294766,-122.61788704749937
45.64090805406908,-122.61787502723634
45.64091101384199,-122.61786300697267
45.64091397361349,-122.61785098670826
45.64091693338361,-122.6178389664432
45.64091989315231,-122.61782694617744
45.640923071979934,-122.61781403625854
45.64092603174573,-122.61780201599132
45.64092899151014,-122.61778999572337
45.640931951273124,-122.61777797545477
45.640934900000005,-122.617766
45.64093831476607,-122.61775418612832
45.640942107758946,-122.61774106372027
45.6409456538956,-122.61772879534078
45.640949054060265,-122.61771703196703
45.64095284704822,-122.61770390955628
45.640956247210006,-122.61769214618063
45.64095979334058,-122.61767987779787
45.64096344302057,-122.617667231776
45.640966503706636,-122.61765526352514
45.640969682395756,-122.61764283383846
45.64097274307894,-122.61763086558625
45.64097580376072,-122.61761889733327
45.640978864441124,-122.61760692907954
45.640981925120144,-122.61759496082502
45.64098498579776,-122.61758299256978
45.64098827202931,-122.61757014231765
45.64099133270406,-122.61755817406083
45.6409943933774,-122.61754620580324
45.64099745404937,-122.61753423754489
45.641000632723404,-122.61752180785209
45.641003693392484,-122.61750983959237
45.64100675406017,-122.61749787133189
45.64100981472649,-122.61748590307064
45.64101287539139,-122.61747393480867
45.64101616160939,-122.61746108454896
45.641019222271424,-122.61744911628534
45.64102228293206,-122.617437148021
45.64102534359132,-122.6174251797559
45.64102840424918,-122.61741321149007
45.64103158290814,-122.61740078179116
45.641034643563124,-122.61738881352396
45.641037704216714,-122.61737684525598
45.64104099042265,-122.61736399498945
45.64104405107337,-122.61735202671989
45.6410471117227,-122.61734005844953
45.64105017237062,-122.61732809017845
45.64105323301717,-122.61731612190663
45.64105629366232,-122.61730415363402
45.64105935430607,-122.6172921853607
45.64106253294997,-122.61727975565569
45.64106559359085,-122.61726778738095
45.641068879783234,-122.61725493710681
45.641071940421234,-122.61724296883051
45.64107500105784,-122.61723100055345
45.64107806169307,-122.61721903227561
45.64108112232691,-122.61720706399704
45.64108418295935,-122.61719509571768
45.6410872435904,-122.61718312743758
45.64109030422005,-122.61717115915673
45.64109370840101,-122.61715784744621
45.641096769027705,-122.6171458791639
45.64109982965301,-122.61713391088082
45.641102890276905,-122.61712194259702
45.641105950899416,-122.61710997431244
45.641109011520534,-122.6170980060271
45.64111207214027,-122.61708603774103
45.6411151327586,-122.61707406945419
45.641118193375554,-122.61706210116662
45.64112147954243,-122.61704925087793
45.64112465815607,-122.61703682116064
45.64112771876866,-122.61702485287083
45.64113077937985,-122.61701288458026
45.64113383998965,-122.61700091628894
45.641136900598056,-122.6169889479969
45.64113996120508,-122.61697697970408
45.64114302181071,-122.61696501141047
45.64114630796552,-122.61695216111504
45.64114936856827,-122.61694019281985
45.64115242916963,-122.61692822452393
45.6411556077682,-122.61691579480053
45.641158668366685,-122.61690382650323
45.64116172896378,-122.61689185820518
45.641164789559475,-122.61687988990633
45.64116785015379,-122.61686792160677
45.64117091074671,-122.61685595330644
45.64117419688797,-122.6168431030034
45.64117725747801,-122.61683113470147
45.64118031806667,-122.61681916639878
45.64118337865393,-122.61680719809536
45.641186557237425,-122.61679476836588
45.641189617821794,-122.61678280006107
45.641192678404785,-122.61677083175552
45.64119573898639,-122.6167588634492
45.64119902511558,-122.61674601313936
45.64120208569431,-122.61673404483143
45.64120514627164,-122.61672207652276
45.64120820684759,-122.61671010821335
45.64121126742214,-122.61669813990319
45.64121432799529,-122.61668617159225
45.64121750656371,-122.61667374185664
45.64122056713399,-122.61666177354437
45.64122362770288,-122.61664980523132
45.64122690326711,-122.61663695416257
45.64122991329158,-122.61662395891277
45.64123313203118,-122.61661006256364
45.64123635076894,-122.61659616621355
