47.61851590262271,-122.33296800186208
47.618516015553254,-122.33298099970258
47.61851613716911,-122.33299499737707
47.6185162500966,-122.33300799521778
47.61851637170917,-122.33302199289244
47.61851648463361,-122.33303499073328
47.618516606408996,-122.33304900752577
47.61851671933038,-122.33306200536656
47.61851684093638,-122.33307600304134
47.61851695385472,-122.33308900088231
47.61851707545744,-122.33310299855728
47.61851718837273,-122.33311599639842
47.61851730997217,-122.33312999407357
47.6185174228844,-122.33314299191488
47.618517544646615,-122.3331570087058
47.6185176575558,-122.333170006547
47.61851777914866,-122.33318400422228
47.618517892054804,-122.33319700206368
47.61851801364439,-122.33321099973914
47.61851812654748,-122.33322399758075
47.618518248133775,-122.3332379952564
47.61851836103381,-122.33325099309815
47.618518482616835,-122.33326499077398
47.61851859567984,-122.33327800772916
47.61851871725956,-122.33329200540491
47.6185188301535,-122.33330500324675
47.618518951729946,-122.33331900092271
47.618519064620834,-122.33333199876475
47.618519186194,-122.33334599644088
47.61851929908184,-122.33335899428309
47.61851979008928,-122.33337201752781
47.6185202817485,-122.3333849764737
47.61852081438401,-122.33339901549907
47.61852130604018,-122.3334119744455
47.61852180085284,-122.33342501662887
47.61852229250609,-122.3334379755757
47.6185227873158,-122.3334510177591
47.61852331678531,-122.33346497354859
47.61852381159193,-122.33347801573196
47.61852430323921,-122.33349097467979
47.618524798042856,-122.33350401686319
47.618525289687206,-122.33351697581156
47.6185257844879,-122.33353001799487
47.618526313947825,-122.33354397378599
47.618526808745436,-122.33355701596933
47.618527300383825,-122.3335699749187
47.618527795178466,-122.33358301710207
47.61852828681391,-122.3335959760519
47.61852881942353,-122.33361001507755
47.618529311055944,-122.33362297402792
47.61852980584454,-122.33363601621126
47.618530297474024,-122.3336489751621
47.618530792259655,-122.33366201734545
47.61853128388621,-122.33367497629678
47.618531816486126,-122.33368901532255
47.61853230810966,-122.33370197427438
47.61853280288924,-122.33371501645772
47.618533294509824,-122.33372797541004
47.618533789286445,-122.33374101759338
47.61853384608759,-122.33375400122915
47.61853389325646,-122.33376700085242
47.61853394042388,-122.33378000047574
47.61853399121791,-122.33379400007011
47.61853403838228,-122.33380699969351
47.61853408554517,-122.33381999931696
47.6185341327066,-122.33383299894038
47.61853417986656,-122.33384599856387
47.61853422702505,-122.33385899818745
47.61853427418207,-122.33387199781097
47.61853432133762,-122.33388499743461
47.61853436849171,-122.33389799705826
47.618534415644326,-122.33391099668191
47.618534462795466,-122.33392399630561
47.618534509974104,-122.33393700391167
47.61853455712231,-122.33395000353516
47.61853460426905,-122.33396300315871
47.61853465141432,-122.33397600278235
47.61853469855813,-122.33398900240597
47.618534668149415,-122.33400299828926
47.61853463535664,-122.33401699812012
47.618534604904674,-122.33402999796303
47.6185345721086,-122.33404399779383
47.6185345416536,-122.33405699763668
47.61853450885425,-122.3340709974674
47.618534478384106,-122.33408400246691
47.61853444558148,-122.33409800229785
47.61853441277714,-122.33411200212878
47.61853438231445,-122.33412500197178
47.618534349506824,-122.33413900180267
47.61853431904108,-122.33415200164562
47.61853428623017,-122.33416600147648
47.61853425576138,-122.33417900131936
47.6185342229472,-122.33419300115015
47.6185341901313,-122.33420700098092
47.61853415965787,-122.3342200008237
47.618534126838696,-122.33423400065443
47.61853409636221,-122.33424700049721
47.618534063539755,-122.33426100032788
47.61853403071559,-122.33427500015853
47.61853400023448,-122.33428800000122
47.61853391296782,-122.33430199880054
47.61853383156928,-122.33431499767869
47.61853374390769,-122.33432899647045
47.61853366250611,-122.3343419953485
47.61853357484122,-122.33435599414011
47.618533493350284,-122.33436900679988
47.61853341194419,-122.33438200567795
47.618533324274445,-122.33439600446965
47.61853324286528,-122.33440900334763
47.61853315519225,-122.3344230021392
47.61853307378006,-122.33443600101702
47.61853298610373,-122.33444999980847
47.618532904688486,-122.33446299868613
47.618532817008884,-122.33447699747745
47.618532735590584,-122.334489996355
47.61853264790769,-122.33450399514616
47.61853256648635,-122.33451699402363
47.61853247871383,-122.33453100659963
47.618532397289435,-122.3345440054772
47.618532309599985,-122.33455800426836
47.618532228172526,-122.33457100314581
47.61853214047978,-122.33458500193684
47.618532059049286,-122.33459800081415
47.61853197135326,-122.33461199960504
47.618531889919716,-122.33462499848223
47.6185318022204,-122.33463899727296
47.61853172078381,-122.33465199615003
47.61853163308121,-122.33466599494065
47.61853155164156,-122.33467899381759
47.6185314638493,-122.33469300639615
47.6185313824066,-122.33470600527319
47.61853130096244,-122.3347190041502
47.618531213251686,-122.33473300294075
47.618531131804474,-122.3347460018176
47.61853104409043,-122.33476000060804
47.61853096264017,-122.33477299948477
47.61853087492285,-122.33478699827504
47.61853079346954,-122.33479999715166
47.61853070574894,-122.33481399594181
47.618530624292575,-122.33482699481831
47.618530536568684,-122.33484099360831
47.61853045502286,-122.33485400627582
47.618530367295676,-122.33486800506597
47.61853028583321,-122.33488100394244
47.618530199999995,-122.33489469999999
47.618529983351515,-122.33490799940309
47.61852977170246,-122.33492099181483
47.61852954377108,-122.33493498364265
47.61852933153525,-122.33494801188672
47.61852911988169,-122.33496100429822
47.618528891945445,-122.33497499612581
47.618528680288826,-122.33498798853698
47.618528468046996,-122.33500101678165
47.618528256387435,-122.33501400919275
47.61852802844474,-122.3350280010199
47.61852781678215,-122.33504099343067
47.61852760511808,-122.33505398584127
47.618527543025294,-122.33506799581603
47.61852748890767,-122.3350810044765
47.618527430666525,-122.33509500394335
47.61852737658393,-122.33510800344825
47.61852731833948,-122.33512200291499
47.61852726425385,-122.33513500241982
47.61852720600613,-122.33514900188648
47.618527151917434,-122.3351620013912
47.61852709366642,-122.33517600085779
47.61852703957468,-122.33518900036243
47.6185269813204,-122.33520299982895
47.618526923064394,-122.33521699929535
47.61852686896802,-122.33522999879987
47.618526810708744,-122.33524399826624
47.61852675660932,-122.33525699777068
47.61852669576995,-122.33527099278915
47.618526555804614,-122.3352839894716
47.61852641558263,-122.33529700985034
47.618526275614364,-122.33531000653281
47.61852612487766,-122.33532400295998
47.618525984906356,-122.33533699964224
47.618525844933565,-122.33534999632441
47.61852570495932,-122.33536299300646
47.61852555421618,-122.33537698943314
47.61852541398365,-122.33539000981317
47.618525274004874,-122.33540300649517
47.61852512325687,-122.33541700292177
47.618524983275044,-122.33542999960355
47.61852484329176,-122.33544299628518
47.618524703307,-122.33545599296674
47.61852485050828,-122.3354700036136
47.6185249932493,-122.33548300016318
47.61852513598885,-122.33549599671288
47.61852528970673,-122.33550999299729
47.61852543244323,-122.33552298954723
47.61852558642321,-122.33553700999664
47.618525729156666,-122.33555000654655
47.61852587188864,-122.33556300309652
47.61852602559838,-122.33557699938129
47.61852616832731,-122.33558999593147
47.61852631105478,-122.33560299248185
47.61852646475965,-122.33561698876692
47.61852660774941,-122.33563000948047
47.61852676145099,-122.33564400576553
47.618526904172356,-122.33565700231605
47.618527046892254,-122.33566999886668
47.61852720058896,-122.33568399515211
47.618527343305814,-122.33569699170296
47.61852748602119,-122.33570998825388
47.618527639978346,-122.3357240087009
47.618527782690684,-122.3357370052518
47.618527936379245,-122.33575100153755
47.618528079088534,-122.33576399808868
47.618528221796346,-122.33577699463991
47.61852837548005,-122.33579099092603
47.61852851845009,-122.33580401163717
47.61852866115338,-122.33581700818853
47.61852881483221,-122.33583100447468
47.618528957532455,-122.33584400102626
47.618529111208005,-122.33585799731267
47.61852925390521,-122.33587099386443
47.618529396600934,-122.33588399041628
47.61852945639374,-122.33589799586407
47.61852950995602,-122.33591100444076
47.61852956347951,-122.33592400395563
47.61852961700155,-122.33593700347053
47.618529674639014,-122.33595100294816
47.61852972815799,-122.33596400246317
47.618529781675505,-122.33597700197816
47.6185298393081,-122.33599100145592
47.618529892822565,-122.33600400097103
47.618529946335556,-122.3360170004862
47.618529999847084,-122.3360300000014
47.61853005747323,-122.33604399947933
47.61853011098171,-122.3360569989946
47.61853016448871,-122.3360699985099
47.618530222109996,-122.33608399798798
47.61853027561395,-122.33609699750335
47.61853032911644,-122.33610999701884
47.61853038261746,-122.3361229965343
47.61853044023229,-122.33613699601254
47.61853049373026,-122.3361499955281
47.61853054726404,-122.33616300410048
47.618530604874,-122.3361770035786
47.61853065836745,-122.33619000309405
47.61853071185943,-122.33620300260951
47.618530765349945,-122.33621600212501
47.61853082295347,-122.33623000160331
47.618530876440936,-122.3362430011189
47.61853092992692,-122.33625600063453
47.61853098752558,-122.33627000011296
47.618531041008524,-122.3362829996287
47.618531094489995,-122.33629599914444
47.61853115208378,-122.33630999862297
47.618531205562206,-122.3363229981388
47.618531259039166,-122.33633599765473
47.61853131251465,-122.33634899717062
47.618531370102,-122.33636299664937
47.61853142357444,-122.33637599616534
47.61853147704541,-122.33638899568139
47.61853153466512,-122.33640300421246
47.61853158813303,-122.33641600372835
47.61853164159948,-122.33642900324425
47.61853169506446,-122.33644200276021
47.618531752640486,-122.33645600223899
47.61853180610242,-122.33646900175503
47.61853185956288,-122.33648200127111
47.61853191713404,-122.33649600075002
47.618531970591455,-122.33650900026619
47.6185320240474,-122.33652199978239
47.618532077501875,-122.3365349992986
47.6185321350666,-122.33654899877769
47.61853218851802,-122.33656199829399
47.61853224196797,-122.33657499781037
47.61853229952782,-122.33658899728958
47.618532352974725,-122.33660199680604
47.61853240642017,-122.33661499632251
47.61853245986413,-122.33662799583904
47.618532517454724,-122.33664200436607
47.61853257089565,-122.33665500388241
47.618532624335096,-122.33666800339883
47.618532681883636,-122.33668200287808
47.618532735320024,-122.33669500239456
47.61853278875496,-122.33670800191109
47.61853284218842,-122.33672100142765
47.6185328997305,-122.33673500090708
47.61853295316092,-122.33674800042371
47.61853300658986,-122.33676099994037
47.618533064127085,-122.33677499941994
47.61853311755298,-122.33678799893673
47.61853317097741,-122.33680099845351
47.61853322440036,-122.33681399797037
47.61853328193113,-122.33682799745009
47.61853333535103,-122.33684099696703
47.61853338876948,-122.33685399648401
47.61853344629539,-122.33686799596389
47.61853349971077,-122.33688099548093
47.61853355316185,-122.33689400404084
47.618533606574296,-122.33690700355773
47.61853366409375,-122.33692100303749
47.61853371750316,-122.33693400255446
47.618533770911085,-122.33694700207144
47.61853382842568,-122.33696100155136
47.618533881830565,-122.33697400106843
47.61853393523398,-122.33698700058557
47.618533988635924,-122.33700000010273
47.61853404614406,-122.33701399958281
47.618534099542956,-122.33702699910005
47.618534152940384,-122.33703999861737
47.61853421044366,-122.33705399809757
47.61853426383803,-122.33706699761494
47.61853431723094,-122.33707999713236
47.618534370622385,-122.33709299664984
47.618534428119204,-122.33710699613022
47.618534481507595,-122.33711999564774
47.618534534931634,-122.33713300420354
47.61853459242359,-122.33714700368381
47.61853464580747,-122.3371600032012
47.61853469918986,-122.33717300271867
47.61853466478157,-122.33718699811682
47.61853463159925,-122.33719999793034
47.618534598415444,-122.3372129977438
47.61853456523017,-122.33722599755728
47.61853452949055,-122.33723999735635
47.61853449628788,-122.33725300278861
47.6185344630981,-122.33726600260225
47.6185344273536,-122.3372800024015
47.61853439416077,-122.33729300221508
47.61853436096646,-122.33730600202864
47.6185343252171,-122.33732000182782
47.61853429201974,-122.33733300164131
47.618534258820915,-122.33734600145475
47.618534225620614,-122.33735900126821
47.61853418986481,-122.33737300106726
47.61853415666147,-122.33738600088066
47.61853412345665,-122.33739900069406
47.61853408769598,-122.33741300049303
47.61853405448811,-122.33742600030635
47.618534021278776,-122.33743900011964
47.618533985513245,-122.33745299991855
47.61853395230085,-122.33746599973179
47.618533919087,-122.33747899954501
47.618533883316594,-122.33749299934382
47.618533850099695,-122.33750599915699
47.618533816881325,-122.33751899897014
47.6185337836615,-122.33753199878326
47.618533747884634,-122.33754599858197
47.618533714661744,-122.33755899839501
47.618533681437384,-122.33757199820803
47.61853364565566,-122.33758599800667
47.61853361242826,-122.33759899781968
47.61853357919938,-122.33761199763265
47.6185335434128,-122.3376259974312
47.61853351018087,-122.33763899724411
47.61853347693309,-122.33765200268353
47.618533441141636,-122.33766600248224
47.61853340790519,-122.33767900229532
47.61853337466728,-122.33769200210838
47.618533341427884,-122.33770500192145
47.61853330562998,-122.33771900172006
47.618533272387545,-122.33773200153304
47.618533239143645,-122.337745001346
47.61853320334088,-122.33775900114456
47.618533170093926,-122.33777200095741
47.61853313684551,-122.33778500077032
47.618533101037876,-122.33779900056878
47.6185330677864,-122.33781200038162
47.61853303453346,-122.33782500019441
47.618533005099216,-122.33783899988553
47.61853313767781,-122.33785199690907
47.61853327025493,-122.33786499393273
47.61853341302866,-122.33787899072752
47.618533545831674,-122.33789201019596
47.61853368860212,-122.33790600699072
47.618533821173145,-122.33791900401454
47.618533963940294,-122.33793300080951
47.61853409650826,-122.3379459978335
47.61853423927214,-122.33795999462873
47.618534371837065,-122.33797299165295
47.618534514826564,-122.33798701089111
47.61853464738844,-122.33800000791528
47.61853479014574,-122.33801400471069
47.61853492270457,-122.33802700173507
47.61853506545858,-122.33804099853067
47.618535198014364,-122.33805399555526
47.61853534076509,-122.33806799235109
47.61853547331783,-122.33808098937584
47.61853561629413,-122.33809500861258
47.618535748843804,-122.33810800563734
47.618535891587975,-122.33812200243335
47.618536024134606,-122.33813499945829
47.61853616687548,-122.33814899625453
47.61853629941907,-122.3381619932797
47.61853644215667,-122.33817599007612
47.618536574926026,-122.33818900954039
47.61853671766034,-122.33820300633676
47.61853685019782,-122.33821600336206
47.61853698273383,-122.33822900038751
47.61853712546328,-122.33824299718421
47.61853725799624,-122.33825599420986
47.61853740072241,-122.3382699910068
47.61853753348111,-122.33828301046972
47.61853767620399,-122.33829700726663
47.61853780873085,-122.33831000429241
47.61853795145045,-122.33832400108955
47.61853808397426,-122.3383369981155
47.618538226690575,-122.33835099491286
47.618538359211335,-122.33836399193905
47.61853849958947,-122.33837799771312
47.61853847050943,-122.33839200215036
47.61853844351383,-122.33840500202709
47.61853841443999,-122.33841900189432
47.61853838536446,-122.3384330017615
47.618538356287225,-122.33844700162871
47.6185383292854,-122.33846000150534
47.61853830020488,-122.33847400137246
47.61853842120594,-122.33848699128397
47.61853854360333,-122.3385000094441
47.61853866580472,-122.33851300691533
47.61853878800464,-122.33852600438667
47.61853891020311,-122.33853900185808
47.6185390324001,-122.33855199932958
47.618539154595624,-122.33856499680117
47.61853927678968,-122.33857799427287
47.61853939898227,-122.33859099174465
47.61853939628704,-122.33860500023303
47.61853939281301,-122.3386180002311
47.618539389337535,-122.33863100022913
47.61853938559305,-122.33864500022705
47.61853938211453,-122.3386580002251
47.61853937836676,-122.33867200022299
47.618539374885174,-122.338685000221
47.61853937113413,-122.33869900021892
47.61853936764949,-122.33871200021693
47.61853936389516,-122.33872600021482
47.618539360407475,-122.33873900021284
47.61853935664987,-122.33875300021073
47.61853935315912,-122.33876600020875
47.618539349666925,-122.33877900020677
47.61853934590444,-122.33879300020466
47.618539342409186,-122.33880600020268
47.61853933864342,-122.33882000020051
47.618539335145115,-122.33883300019853
47.61853933137606,-122.3388470001964
47.618539327874714,-122.33886000019439
47.61853932410237,-122.33887400019226
47.61853932059796,-122.33888700019024
47.61853931682234,-122.33890100018809
47.61853931331488,-122.33891400018611
47.61853930980596,-122.3389270001841
47.618539306025475,-122.33894100018193
47.61853930251349,-122.3389540001799
47.61853929872973,-122.33896800017772
47.618539295214696,-122.33898100017574
47.618539291427645,-122.33899500017353
47.61853928790956,-122.33900800017155
47.61853928411922,-122.33902200016934
47.6185392805981,-122.3390350001673
47.61853927680447,-122.33904900016512
47.6185392732803,-122.33906200016308
47.61853926975464,-122.33907500016105
47.61853926595616,-122.33908900015886
47.61853926242746,-122.33910200015683
47.61853925862568,-122.33911600015462
47.61853925509394,-122.33912900015255
47.61853925128887,-122.33914300015037
47.61853924775407,-122.33915600014828
47.618539243945726,-122.33917000014607
47.618539240407884,-122.33918300014402
47.618539236596256,-122.33919700014181
47.61853923305536,-122.33921000013974
47.61853922951299,-122.33922300013768
47.61853922569649,-122.33923700013545
47.61853922215107,-122.33925000013339
47.618539218331286,-122.33926400013115
47.61853921478282,-122.33927700012904
47.61853921095975,-122.3392910001268
47.61853920740824,-122.33930400012473
47.61853920358189,-122.33931800012249
47.61853920002732,-122.3393310001204
47.61853938540618,-122.33934498867657
47.61853955927153,-122.33935801294874
47.61853974608727,-122.33937200745996
47.6185399195575,-122.33938500236337
47.61854010636997,-122.33939899687493
47.618540279837156,-122.33941199177859
47.61854046664634,-122.33942598629038
47.618540640502495,-122.33943901056158
47.61854081396517,-122.3394520054654
47.618541000769476,-122.3394659999774
47.6185411742291,-122.33947899488149
47.61854136103013,-122.33949298939378
47.61854153487868,-122.3395060136641
47.61854172167643,-122.33952000817635
47.61854189512995,-122.33953300308077
47.61854208192441,-122.33954699759333
47.61854225537489,-122.339559992498
47.618542442166074,-122.33957398701084
47.61854261600543,-122.33958701128017
47.61854280279332,-122.33960100579306
47.618542976237705,-122.33961400069802
47.61854316302231,-122.3396279952112
47.618543336463645,-122.33964099011642
47.61854352363688,-122.339655013993
47.618543697075154,-122.33966800889823
47.618543883853185,-122.33968200341171
47.618544057288425,-122.33969499831721
47.61854424406319,-122.33970899283098
47.61854441749537,-122.33972198773677
47.61854460465871,-122.33973601161239
47.61854477808784,-122.33974900651818
47.61854496485603,-122.33976300103228
47.61854513828211,-122.33977599593834
47.61854532504702,-122.33978999045272
47.61854549886189,-122.33980301471934
47.61854547707706,-122.33981600186561
47.618545452201595,-122.33983000176845
47.61854542910143,-122.33984300167823
47.61854540422267,-122.33985700158101
47.618545381119446,-122.33987000149078
47.61854535801476,-122.33988300140045
47.61854533313113,-122.33989700130321
47.61854531002339,-122.33991000121291
47.618545285136484,-122.33992400111562
47.61854526202569,-122.33993700102526
47.618545238913434,-122.33995000093488
47.61854521402166,-122.33996400083754
47.618545190906346,-122.33997700074714
47.61854516601129,-122.33999100064973
47.61854514289292,-122.34000400055928
47.618545119773096,-122.34001700046885
47.61854509487318,-122.34003100037138
47.61854507175029,-122.3400440002809
47.61854504684708,-122.3400580001834
47.618545023721154,-122.34007100009288
47.618545000593755,-122.34008400000232
47.61854497568568,-122.34009799990478
47.61854495255524,-122.34011099981421
47.618544927643875,-122.34012499971664
47.61854490451037,-122.34013799962602
47.6185448813754,-122.34015099953537
47.61854485645918,-122.34016499943772
47.61854483332116,-122.34017799934703
47.61854480840165,-122.34019199924938
47.61854478526058,-122.34020499915867
47.61854476211805,-122.34021799906795
47.61854473719367,-122.34023199897021
47.61854471404807,-122.34024499887946
47.61854468912042,-122.34025899878168
47.618544665971775,-122.3402719986909
47.61854464282167,-122.34028499860005
47.61854461788914,-122.34029899850225
47.61854459473599,-122.34031199841138
47.61854456980018,-122.34032599831353
47.61854454664397,-122.34033899822262
47.618544523486285,-122.34035199813171
47.618544498538625,-122.34036600195476
47.6185444753779,-122.34037900186408
47.61854445043394,-122.34039300176637
47.61854442727016,-122.34040600167567
47.61854440410491,-122.3404190015849
47.61854437915609,-122.34043300148716
47.61854435598778,-122.34044600139637
47.618544331035665,-122.34046000129857
47.618544307864326,-122.34047300120778
47.6185442846915,-122.34048600111694
47.61854425973453,-122.3405000010191
47.61854423655866,-122.3405130009282
47.61854421159839,-122.34052700083032
47.618544188419484,-122.34054000073941
47.6185441652391,-122.3405530006485
47.61854414027397,-122.34056700055056
47.61854411709053,-122.34058000045958
47.61854409212211,-122.34059400036162
47.61854406893563,-122.34060700027064
47.61854404574767,-122.3406200001796
47.61854402077439,-122.34063400008156
47.618543997583394,-122.34064699999053
47.618543972606815,-122.34066099989244
47.61854394941276,-122.34067399980137
47.61854392621724,-122.34068699971026
47.6185439012358,-122.34070099961212
47.61854387803724,-122.34071399952099
47.61854385305251,-122.3407279994228
47.61854382985089,-122.34074099933163
47.61854380664781,-122.34075399924043
47.618543781658204,-122.34076799914223
47.61854375845207,-122.34078099905098
47.618543733459205,-122.34079499895272
47.61854371025,-122.34080799886142
47.61854368703934,-122.34082099877016
47.61854366204161,-122.34083499867182
47.618543638827894,-122.3408479985805
47.61854361382687,-122.34086199848214
47.61854359061011,-122.34087499839079
47.61854356739188,-122.34088799829942
47.618543542386,-122.340901998201
47.61854351916471,-122.34091499810961
47.61854349414851,-122.3409290019429
47.61854347092419,-122.34094200185167
47.618543447698386,-122.34095500176048
47.61854342268434,-122.34096900166222
47.61854339945549,-122.34098200157095
47.61854337443816,-122.34099600147269
47.61854335120626,-122.3410090013814
47.6185433279729,-122.34102200129007
47.618543302950705,-122.34103600119174
47.61854327971429,-122.34104900110042
47.61854325468882,-122.34106300100203
47.618543231449344,-122.34107600091066
47.6185432082084,-122.34108900081927
47.61854318317806,-122.34110300072082
47.61854315993408,-122.3411160006294
47.61854313490044,-122.34113000053094
47.61854311165341,-122.34114300043946
47.618543088404905,-122.34115600034797
47.618543063366396,-122.34117000024945
47.618543040114844,-122.3411830001579
47.618543015073065,-122.34119700005934
47.61854299181846,-122.34120999996779
47.61854296856239,-122.34122299987621
47.61854294351574,-122.34123699977759
47.618542920256616,-122.341249999686
47.61854289520668,-122.34126399958733
47.61854287194451,-122.34127699949568
47.61854284868087,-122.34128999940403
47.61854282362606,-122.34130399930528
47.61854280035938,-122.3413169992136
47.61854287751869,-122.34133100151406
47.61854295052895,-122.34134400061156
47.61854302915374,-122.34135799963963
47.618543102160956,-122.34137099873722
47.618543175166685,-122.34138399783482
47.61854325378661,-122.34139799686311
47.61854332678931,-122.34141099596089
47.618543405405944,-122.34142499498928
47.618543478405584,-122.34143799408716
47.618543557088344,-122.34145200547408
47.61854363008493,-122.34146500457177
47.61854370308006,-122.34147800366956
47.618543781688544,-122.34149200269799
47.61854385468061,-122.3415050017959
47.618543933285814,-122.34151900082445
47.61854400627484,-122.34153199992247
47.61854408487675,-122.34154599895113
47.61854415786272,-122.34155899804925
47.61854423084723,-122.34157199714743
47.61854430944428,-122.34158599617629
47.61854438242573,-122.3415989952746
47.61854446101951,-122.34161299430355
47.61854453406726,-122.34162600575705
47.618544612657736,-122.34164000478586
47.618544685633104,-122.34165300388412
47.61854475860699,-122.34166600298244
47.618544837192594,-122.34168000201146
47.61854491016343,-122.34169300110992
47.61854498874577,-122.34170700013905
47.61854506171355,-122.34171999923758
47.618545140292596,-122.34173399826686
47.61854521325733,-122.34174699736552
47.618545291833094,-122.3417609963949
47.61854536479478,-122.34177399549368
47.61854543775499,-122.34178699459247
47.618545516395216,-122.34180100597376
47.61854558935237,-122.34181400507245
47.61854566791999,-122.34182800410187
47.618545740874104,-122.34184100320068
47.61854581943843,-122.3418550022302
47.61854589238949,-122.34186800132915
47.61854596533909,-122.3418810004281
47.61854604389855,-122.34189499945782
47.618546116845096,-122.3419079985569
47.61854619540128,-122.34192199758674
47.61854626834477,-122.34193499668595
47.61854634689766,-122.3419489957159
47.618546419838104,-122.34196199481521
47.61854649277709,-122.34197499391458
47.618546571394404,-122.34198900529285
47.61854664433033,-122.34200200439207
47.61854672287507,-122.34201600342207
47.618546795807944,-122.34202900252143
47.618546874349406,-122.34204300155153
47.61854694727923,-122.34205600065098
47.618547025817406,-122.34206999968124
47.61854709874417,-122.34208299878082
47.61854717166949,-122.34209599788039
47.61854725020279,-122.3421099969108
47.61854732312506,-122.34212299601056
47.61854740195464,-122.34213699412084
47.618547488339516,-122.34214999285744
47.61854758146493,-122.34216400612148
47.61854766784676,-122.34217700485799
47.6185477608717,-122.34219100349738
47.618547847250476,-122.34220400223398
47.61854794027213,-122.34221800087353
47.618548033292086,-122.34223199951312
47.61854811966623,-122.34224499824998
47.61854821268291,-122.3422589968897
47.618548299054005,-122.34227199562669
47.61854839206738,-122.34228599426656
47.618548478435436,-122.34229899300368
47.61854857154268,-122.34231300626537
47.61854865790768,-122.34232600500236
47.618548750914485,-122.34234000364226
47.618548837276435,-122.3423530023794
47.618548930279964,-122.34236700101945
47.618549023281794,-122.34238099965958
47.61854910963911,-122.3423939983969
47.61854920419021,-122.34240799523556
47.61854934197857,-122.34242099202058
47.61854947976546,-122.3424339888057
47.61854962839701,-122.34244800867049
47.61854976618084,-122.34246100545555
47.61854990396322,-122.34247400224075
47.6185500523426,-122.34248799877875
47.618550190121915,-122.34250099556414
47.618550327899776,-122.34251399234964
47.6185504762743,-122.342527988888
47.61855061429637,-122.34254100899878
47.6185507520697,-122.34255400578438
47.61855090043935,-122.34256800232278
47.618551038209645,-122.34258099910855
47.61855117597846,-122.34259399589446
47.61855132434325,-122.34260799243323
47.618551462109025,-122.34262098921933
47.618551600120554,-122.3426340093288
47.61855174848046,-122.34264800586764
47.61855188624171,-122.34266100265381
47.6185520240015,-122.34267399944011
47.618552172356566,-122.34268799597926
47.6185523101133,-122.34270099276576
47.618552447868566,-122.34271398955232
47.61855259646594,-122.34272800941335
47.618552734218156,-122.34274100619989
47.61855287196891,-122.34275400298654
47.61855302031423,-122.34276799952615
47.61855315806193,-122.342780996313
47.61855329580816,-122.34279399309997
47.61855344414862,-122.34280798963992
47.61855358213895,-122.3428210097468
47.618553719880666,-122.34283400653386
47.61855386821626,-122.34284800307385
47.61855400595493,-122.34286099986112
47.618554143692116,-122.34287399664845
47.61855429202284,-122.3428879931888
47.618554429757,-122.34290098997636
47.61855457833155,-122.34291500983485
47.61855471606263,-122.3429280066224
47.61855485379227,-122.34294100341003
47.61855500211484,-122.34295499995066
47.61855513984142,-122.34296799673854
47.618555277566536,-122.34298099352648
47.61855542588425,-122.34299499006747
47.618555563853384,-122.34300801017179
47.61855570157398,-122.34302100695977
47.61855584988682,-122.34303500350086
47.61855598760437,-122.34304800028906
47.61855612532044,-122.34306099707742
47.61855627362843,-122.34307499361881
47.61855641134145,-122.34308799040737
47.618556549300045,-122.34310101051038
47.618556697603154,-122.34311500705185
47.618556835311665,-122.34312800384046
47.618556973018705,-122.34314100062919
47.61855712131696,-122.34315499717101
47.618557259020946,-122.34316799395992
47.618557396723475,-122.34318099074896
47.61855768314315,-122.34319501439757
47.61855795128402,-122.3432080022136
47.61855821942341,-122.34322099002979
47.61855850818728,-122.34323497690899
47.61855877726083,-122.3432480101208
47.61855904539572,-122.3432609979373
47.61855933415472,-122.34327498481692
47.618559603223716,-122.34328801802832
47.61855987135408,-122.34330100584525
47.61856016010822,-122.34331499272524
47.61856042823553,-122.3433279805426
47.61856069729851,-122.34334101375356
47.6185609654229,-122.34335400157104
47.6185612541706,-122.34336798845165
47.618561523229026,-122.34338102166221
47.61856179134889,-122.34339400948008
47.61856208009173,-122.34340799636102
47.618562348208556,-122.34342098417932
47.61856261726096,-122.34343401738946
47.61856290599893,-122.34344800427084
47.618563174111245,-122.34346099208949
47.61856344222208,-122.3434739799083
47.618563731892195,-122.34348801218098
47.618564,-122.343501
47.61856377303079,-122.34351399127263
47.61856354606014,-122.34352698254511
47.6185633009572,-122.34354101157247
47.61856307398348,-122.34355400284484
47.61856284700829,-122.34356699411705
47.618562620031646,-122.3435799853891
47.618562392382145,-122.34359301508836
47.61856214794254,-122.34360700568891
47.61856192096137,-122.34361999696067
47.618561693978734,-122.34363298823224
47.618561466323214,-122.3436460179321
47.618561239337645,-122.34365900920362
47.618560994890004,-122.34367299980349
47.61856076790138,-122.34368599107466
47.618560540911304,-122.34369898234563
47.61856031324829,-122.3437120120461
47.6185600687942,-122.34372600264554
47.61855984179961,-122.34373899391623
47.618559614803544,-122.34375198518678
47.6185593871345,-122.34376501488785
47.6185591601355,-122.34377800615829
47.6185589156734,-122.34379199675706
47.61855868867134,-122.34380498802714
47.61855846099628,-122.34381801772878
47.618558233991294,-122.34383100899879
47.61855800698484,-122.34384400026862
47.61855809731392,-122.34385799846731
47.61855819033309,-122.3438709970023
47.61855828335077,-122.34388399553738
47.618558383522036,-122.34389799395981
47.61855847653668,-122.34391099249505
47.618558569662525,-122.34392400677724
47.61855866982892,-122.34393800519969
47.61855876283904,-122.34395100373486
47.61855885584769,-122.3439640022701
47.61855895600922,-122.34397800069276
47.61855904901481,-122.34399099922814
47.61855914201895,-122.34400399776362
47.61855924217562,-122.34401799618647
47.618559335176705,-122.34403099472209
47.61855943533008,-122.3440449931451
47.618559528440755,-122.34405800742526
47.61855962143732,-122.34407100596083
47.618559721585825,-122.34408500438384
47.618559814579335,-122.34409800291951
47.618559907571395,-122.34411100145532
47.618560007715026,-122.34412499987853
47.618560051200625,-122.34413786056255
47.6185601465868,-122.34415099885258
47.61856019637555,-122.34416499846293
47.61856024260643,-122.34417799810113
47.61856029239188,-122.34419199771153
47.618560338619716,-122.34420499734982
47.618560388401896,-122.3442189969603
47.61856043462668,-122.34423199659865
47.61856048440557,-122.34424599620921
47.618560530655124,-122.3442590036728
47.61856057687539,-122.344272003311
47.61856062664942,-122.34428600292142
47.61856067286663,-122.34429900255971
47.618560722637376,-122.34431300217018
47.61856076885153,-122.34432600180854
47.61856081861899,-122.3443400014191
47.618560864830094,-122.34435300105753
47.618560914594276,-122.34436700066819
47.61856096080233,-122.34438000030667
47.61856100700893,-122.34439299994516
47.61856105676823,-122.34440699955591
47.618561102971775,-122.34441999919453
47.6185611527278,-122.34443399880536
47.61856119892829,-122.34444699844403
47.61856109702453,-122.34446000173124
47.61856099164475,-122.34447299985092
47.61856088626349,-122.34448599797052
47.618560772774345,-122.34449999594541
47.61856066739004,-122.34451299406484
47.61856056200427,-122.34452599218422
47.61856045647237,-122.34453900814563
47.61856035108366,-122.34455200626509
47.61856024569347,-122.34456500438446
47.61856014030183,-122.34457800250377
47.61856003490871,-122.34459100062294
47.618559929514134,-122.34460399874214
47.61855982411808,-122.34461699686119
47.618559718720554,-122.34462999498015
47.618559613321565,-122.34464299309907
47.6185595079211,-122.34465599121792
47.61855940237448,-122.34466900718125
47.618559354192435,-122.34468300260606
47.618559310733225,-122.34469600228635
47.61855926727255,-122.34470900196662
47.61855922381041,-122.34472200164691
47.618559177003384,-122.3447360013025
47.618559133538184,-122.34474900098269
47.61855909007153,-122.34476200066285
47.61855904325963,-122.34477600031836
47.61855899978992,-122.34478899999846
47.618558956318736,-122.34480199967851
47.61855891284609,-122.34481499935852
47.618558866027755,-122.34482899901391
47.618558822552046,-122.34484199869387
47.61855877907488,-122.34485499837378
47.61855873225168,-122.34486899802906
47.618558688771465,-122.3448819977089
47.61855864528977,-122.3448949973887
47.618558598461696,-122.34490899704386
47.61855855497696,-122.34492199672361
47.618558511490754,-122.34493499640337
47.61855846797846,-122.34494800344561
47.61855842114392,-122.34496200310089
47.6185583776532,-122.34497500278077
47.61855833416101,-122.34498800246061
47.61855828732162,-122.34500200211576
47.61855824382638,-122.34501500179555
47.61855820032965,-122.34502800147527
47.618558267605835,-122.34504099691263
47.61855834098801,-122.34505499606612
47.61855840912706,-122.34506799528012
47.61855847726466,-122.34508099449414
47.618558545461255,-122.34509400524355
47.61855861883698,-122.34510800439696
47.61855868697005,-122.34512100361097
47.61855875510165,-122.34513400282493
47.61855882847251,-122.34514800197856
47.61855889660106,-122.34516100119268
47.61855896472815,-122.34517400040686
47.618559032853774,-122.34518699962105
47.618559106218186,-122.34520099877489
47.618559174340746,-122.3452139979892
47.61855924246185,-122.34522699720358
47.61855931058148,-122.34523999641802
47.618559383939434,-122.34525399557207
47.61855945205602,-122.3452669947866
47.61855952023156,-122.3452800055329
47.618559593584656,-122.34529400468683
47.61855966169672,-122.34530700390131
47.618559729807316,-122.34532000311576
47.61855979791643,-122.34533300233029
47.618559630536964,-122.34534598905408
47.618559455211795,-122.34535901348652
47.61855928028381,-122.34537200830401
47.61855910535435,-122.34538500312136
47.61855893042343,-122.34539799793862
47.61855875549104,-122.3454109927557
47.61855858055718,-122.34542398757267
47.61855840522317,-122.3454370120061
47.618558389320036,-122.34545000072629
47.61855837745251,-122.34546400070425
47.618558366431124,-122.3454770006838
47.61855835540827,-122.34549000066329
47.618558344383956,-122.34550300064281
47.61855833335817,-122.34551600062233
47.61855832233092,-122.34552900060181
47.61855831130219,-122.34554200058128
47.61855830027201,-122.34555500056078
47.61855828924033,-122.34556800054024
47.61855827820722,-122.3455810005197
47.61855826632374,-122.34559500049758
47.61855825528756,-122.34560800047701
47.61855824424991,-122.34562100045643
47.61855823321079,-122.3456340004359
47.61855822217021,-122.34564700041531
47.61855821112816,-122.3456600003947
47.618558200084635,-122.34567300037412
47.61855820000596,-122.34568699999984
47.61855820001028,-122.34570099999989
47.61855820001289,-122.34571499999996
47.618558200013794,-122.345729
47.61855820001288,-122.34574400000004
47.61855820001025,-122.34575800000012
47.61855820000592,-122.34577200000015
47.618558200752055,-122.34578599832453
47.61855825004706,-122.34579899791318
47.6185582993406,-122.34581199750184
47.61855834863267,-122.34582499709059
47.618558401714786,-122.3458389966477
47.61855845100381,-122.34585199623649
47.61855850029134,-122.34586499582534
47.61855854960907,-122.34587800375817
47.61855859889368,-122.34589100334685
47.618558648176815,-122.34590400293554
47.61855870124932,-122.3459180024926
47.61855875052941,-122.3459310020814
47.61855879980803,-122.34594400167022
47.61855884908518,-122.34595700125904
47.618558898360874,-122.3459700008479
47.61855895142535,-122.34598400040522
47.618559000697985,-122.34599699999417
47.61855904996916,-122.34600999958316
47.618559099238844,-122.34602299917219
47.6185591763695,-122.34603599768364
47.61855925393877,-122.34604899666495
47.61855933747327,-122.34606299556793
47.618559415039506,-122.34607599454937
47.61855949260426,-122.34608899353083
47.6185595702459,-122.34610200564369
47.618559647807714,-122.34611500462502
47.618559725368065,-122.34612800360642
47.61855980292695,-122.34614100258788
47.61855988048437,-122.34615400156939
47.61855995804031,-122.34616700055098
47.61856004156046,-122.3461809994543
47.618560119113354,-122.346193998436
47.61856019666479,-122.34620699741774
47.618560274214744,-122.34621999639955
47.61856035176323,-122.34623299538138
47.61856042931026,-122.34624599436333
47.618560506934124,-122.34625900647364
47.61856058447821,-122.3462720054554
47.61856066798558,-122.34628600435899
47.618560745526615,-122.34629900334085
47.61856082306618,-122.34631200232282
47.618560900000006,-122.3463249
47.61856111016654,-122.34633799610893
47.61856131867104,-122.34635098874467
47.618561543779194,-122.34636501611341
47.61856175228064,-122.34637800874923
47.61856196078064,-122.34639100138517
47.61856216927915,-122.3464039940213
47.618562393814386,-122.34641798609115
47.6185626028763,-122.34643101402564
47.61856281137031,-122.346444006662
47.618563019862854,-122.34645699929851
47.61856324439164,-122.34647099136872
47.61856345288112,-122.34648398400559
47.618563661935546,-122.34649701193936
47.6185638704221,-122.34651000457622
47.61856409494443,-122.3465239966469
47.61856430342795,-122.34653698928412
47.61856451247635,-122.34655001721728
47.61856472095692,-122.34656300985455
47.618564945472805,-122.34657700192564
47.61856515395033,-122.34658999456323
47.61856536242639,-122.34660298720101
47.6185655714673,-122.3466160151334
47.61856579597675,-122.34663000720492
47.61856600444828,-122.34664299984291
47.61856621291836,-122.34665599248108
47.618566421386966,-122.34666898511936
47.61856663042038,-122.34668201305107
47.618566854921816,-122.34669600512315
47.61856706338589,-122.3467089977617
47.618567271848505,-122.34672199040035
47.61856748030966,-122.34673498303918
47.61856770537089,-122.34674901040391
47.61856791382898,-122.34676200304284
47.61856812228562,-122.3467749956819
47.618568330740786,-122.34678798832113
47.618568555795534,-122.34680201568527
47.61856876424765,-122.34681500832458
47.618568972698306,-122.34682800096404
47.618569181147485,-122.34684099360365
47.61856940562958,-122.34685498567725
47.618569614641885,-122.34686801360688
47.618569823086546,-122.34688100624672
47.61857003152974,-122.34689399888671
47.6185702560054,-122.34690799096074
47.618570464445554,-122.34692098360102
47.61857067345035,-122.34693401152995
47.618570881887564,-122.34694700417036
47.61857110374098,-122.34696099785309
47.61857122595478,-122.34697399532396
47.61857135756799,-122.34698799260035
47.61857147977874,-122.3470009900714
47.61857160218254,-122.34701400823239
47.61857173379089,-122.34702800550882
47.61857185599711,-122.3470410029799
47.61857198760217,-122.34705500025656
47.61857210980535,-122.34706799772782
47.61857224140712,-122.34708199500469
47.61857236360724,-122.34709499247609
47.61857249520574,-122.34710898975318
47.618572617597316,-122.3471220079126
47.61857273979291,-122.34713500538409
47.61857287138654,-122.34714900266118
47.6185729935791,-122.34716200013284
47.61857312516944,-122.34717599741013
47.618573247358945,-122.347188994882
47.618573378946,-122.34720299215951
47.61857350132693,-122.34721601031757
47.618573632910696,-122.34723000759497
47.61857375509411,-122.34724300506699
47.61857388667459,-122.34725700234459
47.61857400885495,-122.34726999981679
47.618574131033846,-122.34728299728908
47.618574262609464,-122.347296994567
47.618574384785305,-122.34730999203947
47.618574516552066,-122.34732401000154
47.61857463872486,-122.34733700747395
47.618574770293904,-122.34735100475204
47.61857489246365,-122.34736400222464
47.61857502402942,-122.34737799950292
47.61857514619611,-122.3473909969757
47.618575277758595,-122.34740499425415
47.618575399922236,-122.34741799172717
47.618575524051295,-122.3474320092756
47.61857563914413,-122.3474450070325
47.61857576308863,-122.34745900461697
47.61857588703141,-122.34747300220151
47.618576010972504,-122.34748699978617
47.618576126059125,-122.34749999754345
47.61857624999693,-122.3475139951283
47.618576373933024,-122.34752799271324
47.61857648901502,-122.3475409904708
47.61857661312033,-122.34755500753886
47.61857673705144,-122.34756900512383
47.618576860980845,-122.3475830027089
47.61857697605663,-122.34759600046655
47.61857709998275,-122.34760999805184
47.6185770305769,-122.34762300035939
47.61857696115862,-122.34763599954347
47.618576886398806,-122.34764999866476
47.618576816977466,-122.34766299784877
47.61857674755466,-122.34767599703277
47.61857667813038,-122.34768899621663
47.61857660870463,-122.34770199540048
47.61857653927742,-122.34771499458428
47.61857646444523,-122.34772900545961
47.61857639501496,-122.34774200464354
47.61857632558323,-122.34775500382743
47.61857625615002,-122.34776800301127
47.61857618671535,-122.34778100219505
47.61857611727922,-122.34779400137879
47.61857604250019,-122.34780800049965
47.618575973061,-122.34782099968331
47.61857590362034,-122.34783399886686
47.618575834178216,-122.34784699805039
47.61857576473462,-122.34785999723384
47.61857569528956,-122.34787299641728
47.61857562050092,-122.34788699553779
47.61857555105281,-122.34789999472109
47.61857548154041,-122.34791300566226
47.618575412089356,-122.34792600484573
47.61857534263683,-122.34793900402912
47.618575267840164,-122.34795300314964
47.61857519934231,-122.34796600095873
47.61857517093325,-122.34797900082215
47.61857514033723,-122.34799300067505
47.61857511192512,-122.3480060005384
47.618575081325815,-122.34802000039124
47.61857505291064,-122.34803300025455
47.618575024494014,-122.34804600011783
47.618574993889844,-122.34805999997062
47.61857496547017,-122.34807299983386
47.61857493486271,-122.34808699968659
47.61857490643998,-122.3480999995498
47.61857487582923,-122.34811399940243
47.61857484740346,-122.34812699926559
47.618574816789426,-122.34814099911823
47.6185747883606,-122.34815399898133
47.61857475993029,-122.34816699884445
47.6185747293114,-122.34818099869699
47.61857470087806,-122.34819399856005
47.618574673592796,-122.34820799860495
47.61857464834674,-122.34822099849691
47.6185746230992,-122.34823399838892
47.61857459590791,-122.34824799827257
47.61857457065734,-122.34826099816453
47.61857454540528,-122.34827399805647
47.61857452015177,-122.34828699794835
47.618574492945726,-122.34830100210776
47.61857446768916,-122.34831400199988
47.618574442431125,-122.34832700189197
47.618574417171615,-122.34834000178407
47.618574389967435,-122.34835400166783
47.61857436470488,-122.34836700155988
47.618574339440855,-122.34838000145191
47.6185743122318,-122.3483940013356
47.61857428696472,-122.3484070012276
47.61857426169618,-122.34842000111956
47.61857423642618,-122.34843300101153
47.61857420921068,-122.34844700089512
47.61857418393762,-122.34846000078706
47.61857415866308,-122.34847300067892
47.61857413144272,-122.34848700056251
47.61857410616514,-122.34850000045434
47.618574080886084,-122.34851300034617
47.61857405560556,-122.34852600023802
47.61857402837876,-122.34854000012147
47.61857400309518,-122.34855300001325
47.61857397781015,-122.34856599990499
47.61857395252365,-122.34857899979676
47.61857392529038,-122.34859299968015
47.61857390000083,-122.34860599957186
47.61857399520202,-122.34862000007182
47.61857408359292,-122.34863299874898
47.61857417878146,-122.34864699732441
47.61857426716931,-122.3486599960017
47.61857436235457,-122.3486739945773
47.61857445073937,-122.34868699325473
47.618574546023076,-122.34870100679359
47.61857463440482,-122.34871400547091
47.61857472958353,-122.34872800404654
47.61857481796222,-122.34874100272398
47.618574913137635,-122.34875500129979
47.61857500151327,-122.34876799997737
47.6185750966854,-122.34878199855326
47.61857518505799,-122.348794997231
47.618575280226835,-122.34880899580708
47.61857537539398,-122.34882299438324
47.618575463761935,-122.34883599306117
47.6185755590275,-122.34885000659774
47.61857564739241,-122.34886300527555
47.61857574255297,-122.34887700385174
47.618575830914835,-122.3488900025297
47.61857592607213,-122.34890400110604
47.618576014430936,-122.3489169997841
47.61857610958494,-122.34893099836059
47.61857619794071,-122.3489439970388
47.618576236638965,-122.34895799860705
47.61857627140732,-122.34897099840245
47.618576306174226,-122.34898399819785
47.61857634361387,-122.3489979979776
47.61857637837772,-122.34901099777308
47.6185764131401,-122.34902399756858
47.61857645057487,-122.34903799734838
47.6185764853342,-122.34905099714395
47.61857652278142,-122.34906500280815
47.6185765575377,-122.34907800260355
47.618576592292506,-122.34909100239892
47.61857662971912,-122.3491050021786
47.618576664470886,-122.34911800197405
47.61857669922118,-122.34913100176954
47.618576736642936,-122.34914500154932
47.618576771390174,-122.34915800134485
47.618576806135955,-122.34917100114039
47.61857684355284,-122.34918500092026
47.61857687829556,-122.34919800071586
47.61857691570916,-122.34921200049574
47.61857695044884,-122.34922500029145
47.61857698518705,-122.34923800008714
47.61857702259578,-122.34925199986712
47.61857705733093,-122.34926499966288
47.618577092064626,-122.34927799945861
47.61857712946849,-122.3492919992387
47.618577164199124,-122.34930499903453
47.61857719892829,-122.34931799883037
47.618577228969315,-122.34933099884128
47.6185772611584,-122.34934499867848
47.61857729104674,-122.34935799852731
47.61857732093361,-122.34937099837616
47.61857735081902,-122.34938399822502
47.61857738070295,-122.34939699807391
47.618577410585424,-122.34940999792285
47.618577440466424,-122.34942299777178
47.618577470345954,-122.34943599762074
47.61857750183413,-122.34944901716378
47.61857770523249,-122.34946201015582
47.61857792427522,-122.34947600260895
47.61857812767052,-122.34948899560136
47.618578331064356,-122.34950198859389
47.61857855064126,-122.34951601548161
47.61857875403204,-122.3495290084742
47.61857897306663,-122.34954300092791
47.61857917645437,-122.34955599392082
47.61857937984065,-122.34956898691385
47.61857959940935,-122.34958301380091
47.618579802792574,-122.34959600679403
47.61858000617432,-122.34960899978729
47.61858022519918,-122.34962299224175
47.61858042857789,-122.34963598523534
47.61858064813842,-122.34965001212167
47.618580851514075,-122.34966300511533
47.61858105488826,-122.34967599810913
47.61858127390498,-122.34968999056416
47.61858147727612,-122.3497029835583
47.618581696828464,-122.3497170104439
47.618581900196546,-122.34973000343808
47.61858210356316,-122.34974299643244
47.61858232257174,-122.34975698888803
47.618582526474185,-122.34977001631192
47.61858272983629,-122.34978300930649
47.61858294883999,-122.34979700176234
47.61858315219905,-122.34980999475721
47.61858337119948,-122.34982398721337
47.61858357509431,-122.34983701463652
47.61858377844886,-122.34985000763162
47.61858399744441,-122.34986400008803
47.61858420079591,-122.34987699308346
47.61858440414593,-122.34988998607899
47.618584623675424,-122.3499040129626
47.6185848270224,-122.34991700595822
47.6185850460098,-122.3499309984152
47.618585249353735,-122.34994399141115
47.618585452696195,-122.34995698440724
47.6185856722175,-122.34997101129014
47.61858587555691,-122.3499840042863
47.61858609453618,-122.34999799674384
47.61858629787253,-122.35001098974031
47.61858650174615,-122.35002401716135
47.61858672072056,-122.35003800961914
47.618586924052394,-122.35005100261581
47.618587127382774,-122.35006399561266
47.61858734635231,-122.35007798807096
47.618587550218315,-122.35009101549123
47.61858776918457,-122.35010500794961
47.61858797250885,-122.35011800094685
47.61858817583166,-122.3501309939442
47.61858839479305,-122.3501449864031
47.61858859865146,-122.35015801382258
47.61858803560719,-122.35017100342779
47.61858742162352,-122.35018504058843
47.61858685538785,-122.3501979860786
47.61858628495764,-122.35021102743215
47.618585718719046,-122.35022397292171
47.61858510472888,-122.35023801008202
47.61858453848726,-122.35025095557096
47.61858396805099,-122.3502639969243
47.61858339761323,-122.35027703827774
47.61858278780978,-122.35029097957265
47.61858221736894,-122.35030402092596
47.6185816511199,-122.35031696641347
47.6185810806761,-122.35033000776666
47.618580466672896,-122.35034404492662
47.618579900419334,-122.35035699041333
47.61857989237959,-122.35036999986116
47.61857988417127,-122.35038399985054
47.61857987654775,-122.35039699984065
47.61857986833613,-122.35041099983
47.61857986070955,-122.35042399982012
47.61857985249467,-122.35043799980947
47.618579844865025,-122.3504509997996
47.61857983723393,-122.3504639997897
47.61857982901417,-122.35047799977905
47.61857982138001,-122.35049099976912
47.61857981315698,-122.35050499975844
47.61857980551977,-122.35051799974849
47.6185797978811,-122.3505309997386
47.6185797896532,-122.35054499972789
47.618579782011466,-122.35055799971796
47.618579773780276,-122.35057199970723
47.6185797661355,-122.35058499969728
47.618579757901024,-122.35059899968657
47.618579750253204,-122.3506119996766
47.61857974260391,-122.35062499966662
47.618579734364566,-122.3506389996559
47.61857972671223,-122.35065199964592
47.6185797184696,-122.35066599963517
47.61857971081421,-122.35067899962516
47.618579703157344,-122.35069199961514
47.618579694909855,-122.3507059996044
47.618579687249934,-122.35071899959435
47.61857967899916,-122.3507329995836
47.6185796713362,-122.35074599957358
47.61857966308214,-122.35075999956277
47.61857965541612,-122.35077299955273
47.618579647748646,-122.3507859995427
47.61857963948971,-122.35079999953187
47.61857963181917,-122.35081299952184
47.61857962355696,-122.350826999511
47.618579615883384,-122.35083999950095
47.61857960820832,-122.35085299949087
47.6185796,-122.3508669
47.61857966873639,-122.35088000382437
47.61857974216759,-122.35089400297653
47.61857981035219,-122.35090700218932
47.6185798837801,-122.35092100134163
47.61857995196165,-122.35093400055453
47.61858002538629,-122.35094799970696
47.61858009356477,-122.35096099891997
47.61858016698613,-122.35097499807249
47.61858023516157,-122.35098799728563
47.61858030857964,-122.35100199643826
47.61858037675203,-122.35101499565148
47.618580450166824,-122.35102899480424
47.61858051839668,-122.35104200555851
47.61858059180819,-122.35105600471108
47.61858065997448,-122.35106900392427
47.618580733382686,-122.351083003077
47.618580801545924,-122.35109600229029
47.61858087495086,-122.35111000144312
47.618580943111056,-122.3511230006565
47.6185810165127,-122.35113699980944
47.618581084669835,-122.35114999902298
47.618581158068196,-122.35116399817599
47.61858122622228,-122.35117699738963
47.61858129961736,-122.35119099654278
47.618581367768414,-122.3512039957565
47.6185814411602,-122.35121799490979
47.618581509368674,-122.3512310056609
47.61858158275717,-122.35124500481405
47.618581650902115,-122.35125800402771
47.61858172428734,-122.35127200318095
47.618581792429225,-122.35128500239475
47.618581865811166,-122.35129900154809
47.61858193395001,-122.35131200076198
47.61858200732866,-122.35132599991545
47.618582075464445,-122.35133899912944
47.61858214883981,-122.35135299828303
47.61858221697256,-122.35136599749714
47.61858229034464,-122.35137999665083
47.618582358474335,-122.35139299586504
47.61858243184313,-122.35140699501883
47.61858250021018,-122.3514200152049
47.61858267983056,-122.3514330097403
47.618582859449475,-122.35144600427583
47.61858305288359,-122.35145999839119
47.618583232499454,-122.351472992927
47.618583412113864,-122.35148598746296
47.618583592147104,-122.35149901240732
47.618583771758566,-122.35151200694328
47.61858396518465,-122.3515260010591
47.61858414479307,-122.35153899559533
47.61858432440001,-122.35155199013174
47.61858450442576,-122.35156501507527
47.61858468402977,-122.35157800961167
47.61858487744783,-122.35159200372794
47.6185850570488,-122.35160499826465
47.618585236648286,-122.35161799280145
47.61858541624631,-122.3516309873384
47.61858559626311,-122.35164401228097
47.61858578967314,-122.35165800639774
47.61858596926665,-122.35167100093481
47.61858614885869,-122.3516839954721
47.61858632844926,-122.35169699000949
47.618586522273056,-122.351711014531
47.61858670186057,-122.35172400906842
47.618586881446625,-122.35173700360598
47.61858706103122,-122.35174999814365
47.61858724061434,-122.35176299268146
47.6185874340099,-122.35177698679928
47.61858761401013,-122.35179001174006
47.61858779358872,-122.35180300627806
47.618587973165866,-122.35181600081616
47.61858815274153,-122.35182899535441
47.618588346129066,-122.35184298947267
47.6185885261218,-122.35185601441265
47.61858870569296,-122.35186900895103
47.61858888526264,-122.35188200348959
47.61858906483084,-122.35189499802827
47.61858925821036,-122.35190899214702
47.618589437775526,-122.35192198668595
47.618589617759305,-122.35193501162497
47.61858979732153,-122.35194800616395
47.6185898790993,-122.35196100164413
47.618589965594154,-122.35197500046787
47.618590045909265,-122.35198799937572
47.61859012622292,-122.35200099828361
47.61859021271291,-122.35201499710757
47.6185902930235,-122.35202799601561
47.618590373332644,-122.35204099492368
47.61859045981776,-122.35205499374786
47.61859054020783,-122.3520680062517
47.61859062051246,-122.35208100515973
47.6185907008156,-122.35209400406781
47.61859078729427,-122.35210800289198
47.618590867594364,-122.35212100180016
47.618590947893,-122.35213400070843
47.618591034366794,-122.35214799953276
47.61859111466238,-122.35216099844114
47.618591194956494,-122.35217399734962
47.61859127524914,-122.35218699625811
47.61859136171648,-122.35220099508274
47.618591442006085,-122.35221399399137
47.61859152237815,-122.35222700649268
47.618591608840646,-122.35224100531723
47.618591689125715,-122.35225400422578
47.61859176940932,-122.35226700313443
47.618591849691455,-122.35228000204312
47.618591936147496,-122.35229400086791
47.61859201642659,-122.35230699977673
47.6185920967042,-122.3523199986856
47.61859218315537,-122.35233399751061
47.618592263429946,-122.35234699641957
47.61859234370304,-122.35235999532867
47.61859242397468,-122.35237299423777
47.618592510503326,-122.35238700665259
47.61859259077191,-122.35240000556159
47.61859237799778,-122.35241301603777
47.61859212759166,-122.3524260054135
47.61859187718409,-122.35243899478908
47.61859160751274,-122.35245298334718
47.61859135628484,-122.3524660151169
47.61859110587274,-122.35247900449211
47.61859085545917,-122.35249199386718
47.61859060504415,-122.35250498324204
47.618590353810326,-122.35251801501225
47.61859008412938,-122.35253200356966
47.618589833709834,-122.35254499294419
47.618589583288816,-122.35255798231854
47.61858933204898,-122.35257101408926
47.61858908162504,-122.35258400346346
47.61858883119962,-122.3525969928375
47.618588580772744,-122.35260998221138
47.61858831026321,-122.35262401316517
47.618588059833286,-122.35263700253887
47.61858780940189,-122.3526499919124
47.618587558969026,-122.35266298128576
47.618587307717256,-122.35267601305745
47.61858705728145,-122.35268900243065
47.618586787579716,-122.3527029909862
47.61858653714088,-122.35271598035904
47.61858628588308,-122.35272901213125
47.6185860354413,-122.35274200150394
47.61858578499805,-122.35275499087643
47.61858553455334,-122.35276798024876
47.61858528328964,-122.35278101202145
47.61858501357673,-122.35279500057615
47.618584763127494,-122.35280798994813
47.6185845126768,-122.35282097931994
47.61858426140707,-122.35283401109315
47.618584010953434,-122.35284700046483
47.61858376049834,-122.35285998983633
47.61858349290243,-122.35287398362071
47.61858330173156,-122.35288700974603
47.61858311103303,-122.35290000358646
47.61858292033303,-122.35291299742669
47.618582714962166,-122.35292699079295
47.618582524259125,-122.3529399846329
47.61858233308077,-122.35295301075905
47.61858214237478,-122.35296600459897
47.61858193699747,-122.35297999796488
47.618581746288434,-122.3529929918045
47.61858155557795,-122.35300598564399
47.618581349721886,-122.35302001129703
47.61858115900834,-122.35303300513647
47.61858096829332,-122.35304599897576
47.61858077757684,-122.35305899281494
47.61858057218823,-122.35307298618
47.61858038099477,-122.35308601230774
47.61858019027377,-122.35309900614668
47.618579984880284,-122.35311299951157
47.61857979415624,-122.35312599335025
47.618579603430724,-122.35313898718874
47.61857941222978,-122.35315201331726
47.61857920682985,-122.35316600668179
47.618579016099815,-122.35317900052011
47.61857882536832,-122.35319199435831
47.61857861996352,-122.35320598772238
47.61857842875497,-122.35321901385167
47.618578238018955,-122.35323200768967
47.618578047281474,-122.35324500152754
47.618577841870234,-122.35325899489122
47.6185776511297,-122.3532719887288
47.61857745991366,-122.35328501485887
47.61857725449756,-122.35329900822238
47.618577063752504,-122.35331200205977
47.618576873005985,-122.35332499589697
47.618576682258,-122.35333798973407
47.618576476361376,-122.35335201539088
47.61857628561034,-122.35336500922793
47.618576094857836,-122.35337800306486
47.61857588943043,-122.3533919964275
47.6185757,-122.3534049
47.618575711487395,-122.35341800055676
47.61857572200843,-122.35343000053639
47.618575733404796,-122.35344300051433
47.61857574479969,-122.35345600049227
47.61857575531676,-122.35346800047196
47.618575766708844,-122.3534810004499
47.61857577809944,-122.3534940004279
47.61857578861255,-122.35350600040756
47.618575799999995,-122.35351899999999
47.61857578040274,-122.3535329993234
47.61857576220297,-122.35354599926727
47.618575742601585,-122.3535599992068
47.61857572439875,-122.35357299915064
47.618575704794075,-122.35358699909014
47.6185756851877,-122.35360099902964
47.61857566698025,-122.3536139989734
47.61857564737058,-122.35362799891286
47.61857562916007,-122.35364099885662
47.61857560954712,-122.35365499879607
47.61857558993246,-122.35366899873549
47.61857557171734,-122.3536819986792
47.61857555209939,-122.35369599861858
47.6185755338812,-122.3537089985623
47.61857551425997,-122.35372299850164
47.618575494632715,-122.35373700152591
47.61857547640991,-122.35375000146986
47.61857545678369,-122.35376400140942
47.61857543855782,-122.35377700135328
47.61857541892832,-122.35379100129283
47.618575404958946,-122.35380499099843
47.618575536449576,-122.35381801030388
47.61857566771429,-122.35383100738602
47.618575798977524,-122.35384400446826
47.6185759302393,-122.3538570015506
47.6185760715965,-122.35387099840861
47.61857620285524,-122.35388399549116
47.6185763341125,-122.3538969925738
47.6185764653683,-122.35390998965654
47.61857659684702,-122.35392300896052
47.61857673819618,-122.3539370058188
47.618576869447466,-122.3539500029016
47.61857700069728,-122.3539629999845
47.61857713194561,-122.3539759970675
47.61857726319248,-122.35398899415057
47.618577404533625,-122.35400299100938
47.618577536001816,-122.35401601031207
47.61857766724416,-122.3540290073952
47.61857779848504,-122.35404200447844
47.61857792972447,-122.35405500156178
47.61857807105758,-122.35406899842087
47.61857820229394,-122.3540819955044
47.618578333528845,-122.35409499258805
47.61857846476227,-122.35410798967177
47.61857859621856,-122.35412100897298
47.61857873754364,-122.35413500583236
47.618578868772545,-122.35414800291609
47.618579000000004,-122.35416100000002
47.61857905456201,-122.35417399949598
47.61857911331948,-122.35418799895324
47.61857916787845,-122.35420099844929
47.61857922663262,-122.35421499790664
47.61857928118853,-122.35422799740279
47.61857933574299,-122.35424099689898
47.61857939449229,-122.35425499635646
47.6185794490437,-122.35426799585274
47.61857950782847,-122.35428200454545
47.61857956237682,-122.35429500404155
47.618579621119565,-122.35430900349895
47.61857967566486,-122.35432200299513
47.61857973020869,-122.35433500249141
47.61857978894656,-122.3543490019489
47.61857984348734,-122.35436200144521
47.618579902221924,-122.35437600090285
47.61857995675966,-122.35438900039925
47.61858001129592,-122.3544019998957
47.61858007002564,-122.35441599935346
47.618580124558854,-122.35442899885
47.61858018328529,-122.35444299830785
47.61858023781544,-122.35445599780446
47.61858029234414,-122.3544689973011
47.61858035106571,-122.3544829967591
47.61858040559136,-122.35449599625582
47.61858046430964,-122.3545099957139
47.61858051887096,-122.35452300444125
47.61858057339207,-122.35453600393785
47.61858063210549,-122.35455000339581
47.61858068662357,-122.3545630028925
47.6185807453337,-122.35457700235054
47.61858079984873,-122.35459000184733
47.618580858555575,-122.35460400130543
47.61858091306755,-122.35461700080232
47.618580967578055,-122.35463000029924
47.61858102628003,-122.35464399975746
47.618581080787486,-122.35465699925447
47.61858113948619,-122.3546709987128
47.618581193990586,-122.35468399820991
47.61858124849353,-122.35469699770702
47.61858130718736,-122.35471099716548
47.61858136168725,-122.35472399666271
47.61858142037779,-122.35473799612129
47.61858147487463,-122.35475099561857
47.61858152940868,-122.35476400434182
47.618581588094344,-122.35477800380026
47.618581642586676,-122.35479100329744
47.6185817,-122.3548047
47.61858181519326,-122.35481800352188
47.61858192773831,-122.3548310013771
47.61858204028189,-122.35484399923236
47.61858215282401,-122.35485699708772
47.61858226536465,-122.35486999494319
47.618582377903834,-122.35488299279871
47.61858249044155,-122.35489599065433
47.61858260314275,-122.35490900756228
47.61858271567751,-122.3549220054178
47.61858282821081,-122.35493500327343
47.61858294074265,-122.35494800112912
47.61858305327303,-122.35496099898492
47.618583165801915,-122.35497399684078
47.618583278329346,-122.35498699469674
47.61858339085531,-122.35499999255279
47.6185835035652,-122.35501300951218
47.61858361672333,-122.35502600734385
47.618583729879994,-122.35503900517563
47.61858384303519,-122.35505200300749
47.61858395618891,-122.35506500083942
47.618584069341175,-122.35507799867145
47.61858418249197,-122.35509099650355
47.618584295641284,-122.35510399433574
47.61858440878915,-122.35511699216802
47.61858452210227,-122.3551300091559
47.61858463524719,-122.35514300698811
47.61858474839064,-122.35515600482037
47.618584861532625,-122.35516900265276
47.61858497467313,-122.3551820004852
47.61858508781217,-122.35519499831774
47.618585200949745,-122.35520799615037
47.618585314085855,-122.35522099398308
47.618585435923094,-122.35523499164914
47.618585549222864,-122.3552480086353
47.618585662354455,-122.35526100646801
47.61858577548457,-122.35527400430078
47.61858588861322,-122.35528700213371
47.61858600027058,-122.3552999999992
47.61858601785751,-122.3553129999468
47.618586036795634,-122.35532699989045
47.61858605437952,-122.35533999983812
47.61858607196192,-122.35535299978581
47.618586090895185,-122.35536699972947
47.61858610847454,-122.35537999967715
47.618586126052435,-122.35539299962487
47.61858614498083,-122.35540699956861
47.61858616255567,-122.35541999951636
47.61858618012904,-122.35543299946411
47.618586199052565,-122.35544699940786
47.61858621662289,-122.35545999935563
47.61858623554312,-122.35547399929945
47.618586253110394,-122.35548699924725
47.6185862706762,-122.35549999919508
47.618586289591576,-122.3555139991389
47.61858630715433,-122.35552699908675
47.6185863247156,-122.3555399990346
47.61858634362613,-122.35555399897848
47.61858636118435,-122.35556699892639
47.618586378741114,-122.35557999887429
47.61858639764676,-122.35559399881821
47.618586415200475,-122.35560699876613
47.61858643410282,-122.35562099871011
47.61858645165349,-122.35563399865802
47.61858646920269,-122.35564699860603
47.61858648810018,-122.35566099855
47.61858650565033,-122.35567400146844
47.61858652319501,-122.35568700141623
47.618586542087634,-122.35570100135995
47.618586559629264,-122.35571400130776
47.61858657716942,-122.35572700125557
47.61858659605718,-122.35574100119938
47.61858661359428,-122.35575400114722
47.61858663247875,-122.35576800109104
47.61858665001281,-122.3557810010389
47.6185866675454,-122.35579400098676
47.618586686425004,-122.35580800093064
47.61858670395454,-122.35582100087856
47.618586721482615,-122.35583400082648
47.61858674035735,-122.35584800077038
47.61858675788237,-122.35586100071836
47.618586775405916,-122.35587400066628
47.61858679427579,-122.35588800061024
47.618586811796284,-122.35590100055822
47.61858683066287,-122.35591500050222
47.61858684818033,-122.35592800045025
47.61858686569631,-122.35594100039826
47.618586884558034,-122.3559550003423
47.618586902070966,-122.35596800029036
47.61858691958242,-122.35598100023843
47.61858693843928,-122.35599500018247
47.61858695594769,-122.3560080001306
47.61858697345464,-122.35602100007867
47.618586992306625,-122.35603500002281
47.61858700981052,-122.35604799997091
47.61858702865922,-122.35606199991508
47.618587046160066,-122.35607499986324
47.61858706365944,-122.35608799981141
47.618587082503275,-122.35610199975561
47.618587099999594,-122.3561149997038
47.61858716327694,-122.35612899837564
47.61858722203676,-122.3561419977911
47.61858728531492,-122.3561559971617
47.61858734407169,-122.35616899657722
47.61858740734657,-122.35618299594789
47.618587466100294,-122.35619599536356
47.61858752941684,-122.3562100046809
47.6185875881675,-122.3562230040964
47.61858765143581,-122.35623700346702
47.61858771018343,-122.3562500028826
47.61858777344845,-122.3562640022533
47.618587832193015,-122.35627700166896
47.61858789545476,-122.35629100103978
47.61858795419627,-122.35630400045552
47.61858801745473,-122.35631799982642
47.6185880761932,-122.35633099924226
47.61858813944836,-122.35634499861325
47.61858819818378,-122.35635799802922
47.618588238993816,-122.35637199849174
47.618588276269264,-122.35638499825654
47.61858831354324,-122.3563979980214
47.61858835368281,-122.3564119977682
47.61858839095375,-122.35642499753313
47.618588428223205,-122.35643799729804
47.6185884654912,-122.356450997063
47.618588505642414,-122.35646500311901
47.618588542907354,-122.35647800288376
47.61858858017084,-122.35649100264858
47.618588620299086,-122.35650500239531
47.618588657559506,-122.35651800216016
47.61858869481846,-122.35653100192505
47.618588732075956,-122.35654400168997
47.61858877219776,-122.35655800143685
47.61858880945219,-122.35657100120181
47.618588846705165,-122.35658400096682
47.61858888682211,-122.35659800071377
47.61858892407203,-122.35661100047885
47.61858896132048,-122.35662400024391
47.61858900165312,-122.35663799998798
47.61858904463334,-122.35665099967524
47.61858908761208,-122.3566639993625
47.61858913389525,-122.3566779990258
47.61858917687094,-122.35669099871312
47.61858922315081,-122.35670499837644
47.618589266123465,-122.35671799806386
47.61858931240006,-122.35673199772728
47.61858935536966,-122.35674499741476
47.618589409146644,-122.3567589829454
