40.032922019691156,-80.72714499287909
40.03293096700267,-80.72714183531596
40.032939016849085,-80.72713908409091
40.03294800260402,-80.72713601299624
40.032956052450174,-80.72713326176986
40.032965038204814,-80.72713019067372
40.032974023959305,-80.72712711957678
40.03298207380503,-80.72712436834837
40.03299105955923,-80.72712129724995
40.033000045313266,-80.72711822615075
40.03300809515861,-80.72711547492031
40.033016893386666,-80.7271124679111
40.03302494323175,-80.72710971667935
40.03303392898518,-80.7271066455772
40.033042914738466,-80.72710357447426
40.03305096458313,-80.72710082324048
40.03305995033611,-80.72709775213605
40.03306800018051,-80.72709500090093
40.0330769859332,-80.72709192979502
40.03308597168573,-80.72708885868833
40.03309402152972,-80.72708610745119
40.03310300728195,-80.727083036343
40.033111993034034,-80.72707996523404
40.03312004287762,-80.72707721399486
40.033129028629396,-80.7270741428844
40.03313707847273,-80.7270713916439
40.033146064224205,-80.72706832053197
40.03315504997552,-80.72706524941925
40.03316309981844,-80.7270624981767
40.03317208556947,-80.72705942706251
40.033179947886495,-80.72705673991041
40.03318893363722,-80.72705366879475
40.03319791938778,-80.7270505976783
40.03320596923004,-80.72704784643241
40.03321495498031,-80.72704477531447
40.03322394073043,-80.72704170419574
40.03323199057227,-80.72703895294782
40.033240976322084,-80.72703588182762
40.033249026163666,-80.72703313057836
40.03325801191318,-80.72703005945667
40.03326699766255,-80.7270269883342
40.03327504750372,-80.72702423708292
40.0332840332528,-80.72702116595894
40.0332920830937,-80.72701841470634
40.03330106884247,-80.72701534358089
40.03331004081298,-80.7270121943484
40.03331806705216,-80.72700931929737
40.033327023330756,-80.72700611109934
40.033335049569644,-80.72700323604694
40.03334400584792,-80.72700002784737
40.03335296212604,-80.72699681964698
40.033360988364464,-80.72699394459248
40.03336994464226,-80.72699073639056
40.03337797088041,-80.72698786133466
40.03338692715787,-80.7269846531312
40.03339607874259,-80.72698137496636
40.03340410498029,-80.72697849990834
40.033413061257264,-80.7269752917025
40.03342108749467,-80.72697241664308
40.03343004377132,-80.7269692084357
40.03343900004778,-80.72696600022753
40.03344702628475,-80.72696312516601
40.03345598256089,-80.72695991695629
40.03346400879759,-80.72695704189337
40.033472965073386,-80.72695383368212
40.033481921349036,-80.72695062547002
40.033489947585274,-80.72694775040502
40.0334989038606,-80.72694454219139
40.03350712540396,-80.7269415971642
40.03351608167895,-80.72693838894901
40.033525037953765,-80.72693518073302
40.03353306418927,-80.72693230566449
40.03354202046377,-80.72692909744696
40.033550046698984,-80.72692622237706
40.03355900297316,-80.72692301415798
40.033567959247165,-80.72691980593808
40.03357598548193,-80.72691693086607
40.03358494175561,-80.72691372264462
40.033592967990096,-80.72691084757123
40.03360192426345,-80.72690763934825
40.03361107584401,-80.72690436116346
40.03361910207805,-80.72690148608794
40.03362805835091,-80.7268982778626
40.03363608458466,-80.72689540278569
40.03364504085718,-80.7268921945588
40.03365399712954,-80.72688898633109
40.03366202336284,-80.72688611125209
40.03367097963487,-80.72688290302284
40.03367900586788,-80.72688002794244
40.033687962139595,-80.72687681971165
40.03369691841113,-80.72687361148006
40.033704944643695,-80.72687073639754
40.03371390091492,-80.7268675281644
40.033722122454556,-80.72686458311928
40.03373107872545,-80.72686137488458
40.03374003499616,-80.72685816664907
40.03374806122801,-80.72685529156306
40.03375701749839,-80.726852083326
40.03376504372994,-80.7268492082386
40.033773999999994,-80.726846
40.03378299872393,-80.72684299348501
40.03379199744771,-80.72683998696922
40.03380005759195,-80.72683729403659
40.03380905631545,-80.72683428751937
40.033818055038786,-80.72683128100137
40.033827053761996,-80.72682827448259
40.03383605248502,-80.72682526796306
40.03384411262862,-80.72682257502704
40.033852927515,-80.72681962992677
40.0338619262376,-80.72681662340501
40.033870924960056,-80.7268136168825
40.03387992368238,-80.72681061035922
40.03388798382529,-80.72680791741983
40.03389698254732,-80.7268049108951
40.03390598126919,-80.72680190436958
40.03391497999091,-80.72679889784331
40.03392397871247,-80.72679589131626
40.03393203885476,-80.7267931983735
40.03394103757605,-80.726790191845
40.03395003629717,-80.72678718531573
40.03395903501815,-80.72678417878568
40.03396803373899,-80.72678117225487
40.03397609388061,-80.72677847930873
40.03398509260116,-80.72677547277647
40.033993907485204,-80.7267725276644
40.034002906205444,-80.7267695211306
40.034010966346536,-80.72676682818181
40.0340199650665,-80.72676382164656
40.03402896378632,-80.72676081511054
40.03403796250597,-80.72675780857375
40.034046961225485,-80.7267548020362
40.034055021365916,-80.72675210908402
40.034064020085154,-80.726749102545
40.03407301880422,-80.72674609600521
40.03408201752314,-80.72674308946466
40.034091016241916,-80.72674008292333
40.03409907638169,-80.7267373899678
40.03410807510019,-80.72673438342501
40.03411707381853,-80.72673137688146
40.03412607253671,-80.72672837033714
40.034134887418425,-80.72672542521327
40.03414294755754,-80.72672273225437
40.0341519462753,-80.72671972570784
40.034160944992905,-80.72671671916055
40.03416994371035,-80.72671371261248
40.03417894242766,-80.72671070606363
40.03418700256612,-80.72670801310137
40.034196001283135,-80.72670500655107
40.034205,-80.726702
40.034213998815396,-80.72669899395092
40.034222997630636,-80.72669598790107
40.03423105784659,-80.72669329538915
40.03424005666155,-80.72669028933784
40.034249055476366,-80.72668728328576
40.03425805429103,-80.7266842772329
40.034265930698886,-80.72668164611922
40.03427492951326,-80.72667864006493
40.03428392832749,-80.72667563400987
40.034292927141564,-80.72667262795403
40.03430098735646,-80.72666993543676
40.03430998617025,-80.72666692937948
40.0343189849839,-80.72666392332142
40.03432798379739,-80.72666091726259
40.034336044011766,-80.72665822474265
40.034345042824974,-80.72665521868235
40.03435404163802,-80.72665221262132
40.03436304045091,-80.72664920655949
40.034371100664785,-80.72664651403684
40.03437991566985,-80.72664356937469
40.03438891448232,-80.72664056331067
40.03439791329465,-80.72663755724585
40.034405973507965,-80.72663486472055
40.03441497232002,-80.72663185865429
40.03442397113189,-80.72662885258727
40.03443296994362,-80.72662584651947
40.03444103015643,-80.72662315399147
40.03445002896788,-80.72662014792223
40.03445902777918,-80.7266171418522
40.03446802659032,-80.7266141357814
40.03447608680261,-80.72661144325073
40.034485085613476,-80.72660843717848
40.03449408442418,-80.72660543110547
40.034502899427224,-80.72660248643302
40.03451095963899,-80.72659979389968
40.034519958449266,-80.72659678782445
40.03452895725939,-80.72659378174845
40.034537956069364,-80.72659077567168
40.034546016280615,-80.72658808313565
40.0345550150903,-80.72658507705744
40.034564013899846,-80.72658207097842
40.034573012709224,-80.72657906489867
40.034581072919956,-80.72657637235996
40.034590071729056,-80.72657336627873
40.03459907053801,-80.72657036019675
40.03460806934681,-80.72656735411398
40.0346159457495,-80.72656472297415
40.03462494455802,-80.72656171688995
40.03463394336639,-80.72655871080497
40.03464294217461,-80.72655570471922
40.03465100238428,-80.72655301217516
40.03466000119222,-80.72655000608796
40.034669,-80.726547
40.034677939380465,-80.72654371831932
40.03468595197944,-80.72654077686289
40.034694891359564,-80.72653749518065
40.03470310340764,-80.72653448050411
40.034712042787426,-80.72653119882028
40.03472098216703,-80.72652791713561
40.03472899476523,-80.72652497567562
40.034737934144495,-80.72652169398937
40.03474687352359,-80.7265184123023
40.03475508557072,-80.72651539762134
40.03476402494948,-80.72651211593268
40.03477203754691,-80.72650917446911
40.03478097692531,-80.72650589277887
40.034789916303545,-80.72650261108781
40.034797928900495,-80.7264996696221
40.03480706772778,-80.72649631471053
40.034815080324435,-80.72649337324339
40.03482401970198,-80.72649009154917
40.034832959079345,-80.72648680985412
40.03484097167554,-80.72648386838482
40.03484991105257,-80.7264805866882
40.03485812309784,-80.72647757199846
40.034867062474525,-80.72647429030023
40.03487600185103,-80.7264710086012
40.034884014446455,-80.72646806712832
40.03489295382262,-80.72646478542772
40.03490189319862,-80.72646150372627
40.03491010524295,-80.7264584890321
40.03491904461858,-80.72645520732905
40.03492705721325,-80.72645226585261
40.03493599658855,-80.726448984148
40.034944935963665,-80.72644570244258
40.034952948557866,-80.72644276096398
40.034962087382006,-80.72643940603771
40.034970099975894,-80.72643646455768
40.03497903935033,-80.72643318284908
40.034987978724594,-80.72642990113967
40.03499599131802,-80.72642695965749
40.03500493069195,-80.7264236779465
40.03501387006568,-80.72642039623469
40.035022082108,-80.72641738153095
40.035031021481394,-80.72641409981755
40.035039034074046,-80.72641115833177
40.035047973447114,-80.7264078766168
40.035056912820004,-80.726404594901
40.03506492541219,-80.72640165341308
40.03507406423406,-80.7263982984762
40.03508207682595,-80.72639535698686
40.03509101619815,-80.7263920752679
40.03509995557018,-80.72638879354808
40.035107968161604,-80.72638585205661
40.03511690753328,-80.72638257033523
40.03512511957371,-80.72637955562273
40.03513405894505,-80.72637627389976
40.03514299831622,-80.72637299217598
40.03515101090687,-80.72637005068091
40.035159950277695,-80.72636676895554
40.03516888964834,-80.72636348722935
40.03517710168783,-80.72636047251241
40.03518604105813,-80.72635719078463
40.03519405364801,-80.72635424928599
40.035202993017975,-80.72635096755664
40.03521193238776,-80.72634768582645
40.03521994497718,-80.72634474432567
40.03522908379591,-80.72634138937407
40.03523709638503,-80.72633844787185
40.03524603575412,-80.72633516613851
40.035254975123046,-80.72633188440435
40.03526298771169,-80.72632894289998
40.03527192708028,-80.72632566116424
40.03528086644867,-80.72632237942767
40.03528891142922,-80.72631956495754
40.03529788753422,-80.72631644758994
40.03530592967627,-80.72631365458346
40.035314905780965,-80.72631053721437
40.03532294792272,-80.72630774420655
40.03533192402711,-80.72630462683594
40.03534090013135,-80.72630150946455
40.035348942272684,-80.72629871645466
40.03535791837661,-80.72629559908177
40.035365960517694,-80.72629280607053
40.0353749366213,-80.72628968869614
40.035383912724754,-80.72628657132094
40.0353919548654,-80.72628377830765
40.03540093096855,-80.72628066093094
40.035408973108936,-80.72627786791631
40.03541794921177,-80.72627475053811
40.03542692531445,-80.7262716331591
40.03543496745441,-80.72626884014241
40.03544394355678,-80.72626572276191
40.035451985696476,-80.72626292974385
40.035460961798535,-80.72625981236185
40.03546993790043,-80.72625669497906
40.03547798003971,-80.72625390195894
40.035486956141305,-80.72625078457463
40.03549499828029,-80.7262479915532
40.035503973482534,-80.72624487368489
40.035512929936615,-80.72624166625546
40.03552095631308,-80.72623879189887
40.03552991276685,-80.72623558446789
40.035539064472715,-80.7262323071135
40.03554709084874,-80.72622943275479
40.03555604730201,-80.72622622532145
40.035565003755096,-80.72622301788729
40.035573030130685,-80.72622014352646
40.03558198658345,-80.72621693609076
40.03559094303606,-80.72621372865424
40.03559896941118,-80.72621085429132
40.03560792586348,-80.72620764685325
40.03561688231559,-80.72620443941439
40.03562510394253,-80.72620149512657
40.03563406039431,-80.72619828768615
40.03564301684591,-80.7261950802449
40.03565104322016,-80.72619220587774
40.03565999967144,-80.72618899843495
40.03566895612256,-80.72618579099135
40.03567698249637,-80.72618291662208
40.035685938947154,-80.72617970917693
40.03569489539777,-80.72617650173099
40.03570292177114,-80.7261736273596
40.035712073473654,-80.72617034998916
40.03572102992378,-80.72616714254083
40.035729056296695,-80.72616426816731
40.03573801274649,-80.72616106071746
40.03574696919611,-80.72615785326678
40.035754995568595,-80.72615497889115
40.03576395201789,-80.72615177143892
40.035772908467024,-80.72614856398589
40.035780934839046,-80.72614568960816
40.03579008654006,-80.72614241223049
40.0357990429887,-80.72613920477508
40.03580706936028,-80.7261363303952
40.03581602580858,-80.72613312293826
40.03582498225672,-80.72612991548051
40.03583300862786,-80.72612704109854
40.03584196507567,-80.72612383363924
40.035850921523306,-80.72612062617912
40.03585894789402,-80.72611775179503
40.03586790434133,-80.72611454433338
40.03587705604065,-80.72611126694764
40.03588508241092,-80.72610839256141
40.035894038857734,-80.7261051850974
40.03590299530437,-80.72610197763255
40.03591102167419,-80.72609910324424
40.03591997812051,-80.72609589577786
40.035928934566655,-80.72609268831067
40.035936960936034,-80.72608981392024
40.03594591738186,-80.7260866064515
40.0359548738275,-80.72608339898194
40.035963095448615,-80.72608045466595
40.03597205189395,-80.72607724719485
40.035981008339085,-80.72607403972293
40.035989034707576,-80.72607116532825
40.0359979911524,-80.7260679578548
40.03600694759705,-80.72606475038052
40.03601497396511,-80.72606187598375
40.03602393040943,-80.72605866850793
40.03603288685359,-80.72605546103131
40.0360409132212,-80.7260525866324
40.03605006491719,-80.7260493092306
40.036058895506436,-80.72604641310744
40.03606699181821,-80.72604395404662
40.036076036827126,-80.72604120684105
40.03608491292464,-80.72603851093756
40.03609300923609,-80.7260360518749
40.03610205424464,-80.7260333046673
40.0361109303418,-80.7260306087618
40.036119026652926,-80.72602814969731
40.036127902749854,-80.72602545379051
40.036136947757925,-80.72602270658015
40.03614504406873,-80.72602024751384
40.036153920165304,-80.72601755160504
40.03616296517299,-80.72601480439265
40.03617201018056,-80.72601205717955
40.03617993757969,-80.7260096494137
40.03618898258703,-80.72600690219926
40.03619802759422,-80.72600415498412
40.03620595499303,-80.72600174721649
40.03621499999999,-80.725999
40.03622402162897,-80.72599611539519
40.03623304325782,-80.72599323078964
40.03624094459264,-80.72599070438997
40.03624996622122,-80.72598781978303
40.036258987849656,-80.72598493517535
40.03626800947796,-80.72598205056693
40.036276087648346,-80.72597946762252
40.03628493244036,-80.72597663955494
40.03629395406825,-80.72597375494438
40.03630297569601,-80.72597087033309
40.036311053865916,-80.72596828738611
40.036320075493414,-80.7259654027734
40.03632892028477,-80.72596257470227
40.03633794191198,-80.72595969008809
40.0363460200814,-80.72595710713853
40.03635504170836,-80.72595422252296
40.036364063335185,-80.72595133790665
40.036372908125855,-80.72594850983197
40.036380986294795,-80.72594592687983
40.03639000792122,-80.72594304226138
40.0363990295475,-80.72594015764219
40.03640805117365,-80.72593727302224
40.0364159525061,-80.72593474661
40.03642497413198,-80.72593186198866
40.036433995757726,-80.72592897736659
40.036443017383334,-80.72592609274378
40.03645109555132,-80.72592350978648
40.03645994034066,-80.7259206817048
40.03646896196586,-80.72591779707986
40.036477983590935,-80.72591491245417
40.03648606175843,-80.7259123294943
40.036495083383244,-80.72590944486721
40.03650392817191,-80.72590661678198
40.036512949796446,-80.72590373215343
40.03652102796347,-80.72590114919097
40.036530049587725,-80.72589826456101
40.036539071211855,-80.72589537993031
40.03654791599986,-80.72589255184153
40.03655693762372,-80.72588966720936
40.03656501579013,-80.72588708424367
40.036574037413715,-80.72588419961009
40.03658305903718,-80.72588131497577
40.03659190382451,-80.72587848688343
40.036599981990435,-80.72587590391518
40.036609003613485,-80.72587301927872
40.0366180252364,-80.72587013464153
40.03662704685918,-80.72586725000359
40.03663494818865,-80.72586472357557
40.03664396981117,-80.72586183893623
40.03665299143354,-80.72585895429616
40.03666201305578,-80.72585606965535
40.03667009122076,-80.72585348668193
40.03667893600676,-80.72585065858259
40.036687957628594,-80.72584777393965
40.036696979250294,-80.72584488929596
40.036705057414785,-80.72584230631998
40.03671407903624,-80.72583942167486
40.03672292382156,-80.725836593572
40.036731945442725,-80.72583370892542
40.036740023606725,-80.72583112594687
40.036749045227616,-80.7258282412989
40.03675806684839,-80.72582535665019
40.03676691163305,-80.72582252854376
40.03677498979658,-80.72581994556262
40.036784011416934,-80.72581706091177
40.03679303303716,-80.72581417626019
40.036802054657244,-80.72581129160787
40.03680995598435,-80.72580876516724
40.036818977604156,-80.72580588051352
40.03682799922384,-80.72580299585906
40.036837020843386,-80.72580011120385
40.03684603171483,-80.72579730598345
40.03685398952141,-80.72579589890294
40.03686303111429,-80.72579430018953
40.036871970923684,-80.72579271947279
40.03688101251648,-80.72579112075854
40.03689005410924,-80.72578952204385
40.036898993918506,-80.72578794132589
40.03690803551117,-80.72578634261038
40.03691697532034,-80.72578476189157
40.03692601691293,-80.72578316317524
40.03693505850546,-80.72578156445846
40.036943998314506,-80.72577998373843
40.036953039906955,-80.72577838502083
40.03696197971592,-80.72577680429995
40.03697102130829,-80.72577520558151
40.03698006290061,-80.72577360686265
40.03698900270944,-80.72577202614055
40.03699804430167,-80.72577042742085
40.03700698411042,-80.72576884669793
40.03701602570257,-80.72576724797739
40.03702506729468,-80.72576564925643
40.03703400710329,-80.72576406853227
40.03704304869531,-80.72576246981049
40.03705198850385,-80.72576088908548
40.03706103009577,-80.72575929036286
40.037069916544134,-80.72575741856343
40.037079026953506,-80.72575518778491
40.03708703265471,-80.72575322750518
40.03709600440334,-80.72575103067807
40.03710497615189,-80.72574883385039
40.03711394790036,-80.72574663702213
40.037123058309334,-80.72574440624076
40.03713203005764,-80.72574220941137
40.03714100180585,-80.72574001258141
40.037149973554,-80.72573781575088
40.03715894530206,-80.72573561891977
40.03716695100261,-80.72573365863552
40.0371760614111,-80.72573142785076
40.03718503315893,-80.725729231018
40.03719400490667,-80.72572703418469
40.037202976654314,-80.7257248373508
40.03721194840189,-80.72572264051634
40.03722105880997,-80.72572040972868
40.03723003055738,-80.72571821289307
40.03723901805011,-80.72571850494992
40.037247997685036,-80.72571906349134
40.03725601596141,-80.7257195622355
40.03726499559632,-80.72572012077718
40.0372740116099,-80.7257206815818
40.03728299124481,-80.72572124012378
40.03729200725838,-80.72572180092868
40.03730098689327,-80.72572235947096
40.037310002906814,-80.72572292027617
40.03731958091329,-80.72572645132854
40.03732754483069,-80.7257315475221
40.03733661767304,-80.72573735332989
40.037344581589586,-80.72574244952574
40.0373533519356,-80.72574806176604
40.037362424776475,-80.72575386757781
40.03737038869169,-80.72575896377712
40.03737835260651,-80.72576405997754
40.03738631652092,-80.72576915617901
40.037394280434945,-80.72577425238157
40.03740224434855,-80.72577934858519
40.03741020826175,-80.7257844447899
40.03741817217455,-80.72578954099568
40.037426136086935,-80.72579463720253
40.03743409999891,-80.72579973341045
40.0374420639105,-80.72580482961945
40.037450027821684,-80.72580992582952
40.037457968716375,-80.72581606857065
40.03746589248901,-80.72582223565355
40.03747415293835,-80.72582866477417
40.03748207670982,-80.7258348318596
40.03749000048072,-80.72584099894631
40.03749792425106,-80.72584716603423
40.03750584802083,-80.7258533331234
40.0375141102822,-80.7258597790699
40.03752112394727,-80.72586575169443
40.037528839326704,-80.72587232187934
40.03753585299069,-80.72587829450606
40.03754286665415,-80.72588426713382
40.03755093230842,-80.7258911356076
40.03755794597076,-80.7258971082376
40.03756566134711,-80.7259036784285
40.037572675008356,-80.72590965106072
40.03757968866907,-80.72591562369396
40.0375877543202,-80.72592249217404
40.0375947679798,-80.72592846480954
40.03760248335309,-80.72593503500643
40.037609964305815,-80.72594011942155
40.0376188115131,-80.72594463061816
40.03762679096988,-80.72594869934932
40.03763589754037,-80.72595334279787
40.03764387699658,-80.72595741153093
40.037652724202594,-80.72596192273171
40.037660703658254,-80.72596599146664
40.0376699579013,-80.72596952885047
40.037678029848365,-80.72597062504012
40.037687012347774,-80.72597184488525
40.037695005541984,-80.72597293038065
40.03770398804134,-80.72597415022639
40.03771198123553,-80.72597523572232
40.03771997442968,-80.72597632121847
40.03772908062814,-80.72597610588234
40.03773807199975,-80.72597498753669
40.037747063371334,-80.72597386919074
40.0377560547429,-80.7259727508445
40.03776504611444,-80.72597163249797
40.03777403748595,-80.72597051415114
40.03778302885744,-80.72596939580403
40.03779102921579,-80.72596840071891
40.03780002058724,-80.72596728237123
40.037809084211894,-80.7259661550364
40.03781807558331,-80.72596503668814
40.0378270669547,-80.72596391833957
40.03783605832607,-80.72596279999073
40.03784504969742,-80.72596168164158
40.03785404106875,-80.72596056329215
40.03786303244005,-80.72595944494242
40.03787202381134,-80.72595832659239
40.03788002416949,-80.72595733150469
40.03788901554073,-80.72595621315412
40.03789800691195,-80.72595509480323
40.03790707053636,-80.72595396746517
40.03791606190755,-80.72595284911371
40.03792505327871,-80.72595173076195
40.037934044649845,-80.7259506124099
40.03794303602096,-80.72594949405756
40.03795202739205,-80.72594837570493
40.03796101876312,-80.72594725735199
40.03796901912109,-80.72594626226171
40.037978010492125,-80.72594514390822
40.03798700186313,-80.72594402555444
40.03799599323412,-80.72594290720036
40.038005056858296,-80.72594177985908
40.03801404822924,-80.72594066150441
40.038023039600176,-80.72593954314945
40.03803203097108,-80.72593842479421
40.038041022341964,-80.72593730643867
40.03805001371282,-80.72593618808283
40.0380580140706,-80.72593519298997
40.03806700544141,-80.72593407463357
40.03807599681222,-80.72593295627688
40.038084988182995,-80.7259318379199
40.03809397955375,-80.72593071956263
40.03810304317769,-80.72592959221812
40.03811203454841,-80.72592847386025
40.0381210259191,-80.72592735550211
40.03813001574787,-80.72592619198984
40.03813899471219,-80.72592493553373
40.03814797367648,-80.72592367907727
40.038157033734436,-80.72592241127278
40.03816502404639,-80.72592129316118
40.0381740030106,-80.72592003670377
40.038182981974785,-80.72591878024603
40.038192042032655,-80.72591751244023
40.03820102099678,-80.72591625598184
40.03820999996088,-80.72591499952311
40.038218978924945,-80.72591374306407
40.03822803898271,-80.72591247525695
40.03823701794674,-80.72591121879724
40.03824599691073,-80.72590996233718
40.038254975874686,-80.72590870587682
40.03826403593233,-80.72590743806838
40.038273014896255,-80.72590618160733
40.03828199386014,-80.72590492514597
40.038290972823994,-80.72590366868428
40.03830003288153,-80.7259024008745
40.0383080231931,-80.72590128275823
40.03831700215689,-80.72590002629558
40.038325981120636,-80.72589876983261
40.038335041178065,-80.72589750202152
40.038344020141764,-80.72589624555789
40.038352999105435,-80.72589498909393
40.03836197806908,-80.72589373262964
40.03837103812641,-80.72589246481722
40.03838001708999,-80.72589120835228
40.038388996053556,-80.725889951887
40.038397975017105,-80.72588869542138
40.03840703507431,-80.72588742760765
40.038416014037786,-80.72588617114137
40.038424993001236,-80.72588491467477
40.03843397196467,-80.72588365820783
40.038443032021775,-80.72588239039277
40.038451022332964,-80.72588127227183
40.03846000129631,-80.72588001580394
40.03846898025964,-80.72587875933573
40.03847804031663,-80.72587749151937
40.0384870192799,-80.72587623505049
40.03849599824314,-80.72587497858129
40.03850497720635,-80.72587372211176
40.03851403726324,-80.72587245429406
40.0385230162264,-80.72587119782386
40.03853199518954,-80.72586994135334
40.038540974152646,-80.72586868488249
40.03855003420942,-80.72586741706345
40.038559000726,-80.72586600759735
40.03856795676053,-80.72586454751703
40.03857602222956,-80.72586323262308
40.03858497826402,-80.72586177254203
40.038594028392964,-80.7258602971206
40.03860298442736,-80.72585883703879
40.03861203455623,-80.72585736161658
40.038620990590545,-80.72585590153402
40.038629959060785,-80.72585453992959
40.038639014700024,-80.72585316519726
40.03864798254061,-80.72585180379326
40.03865596370984,-80.72585059217512
40.03866501934898,-80.72584921744175
40.038673987189476,-80.72584785603672
40.03868304282855,-80.72584648130264
40.038692010668974,-80.7258451198969
40.03870097850939,-80.72584375849078
40.038710034148366,-80.72584238375563
40.0387180153174,-80.72584117213528
40.03872698315771,-80.72583981072815
40.0387360387966,-80.72583843599195
40.038745006636844,-80.72583707458409
40.038753974477046,-80.72583571317588
40.03876303011585,-80.7258343384386
40.03877199795599,-80.72583297702968
40.03877997912484,-80.72583176540715
40.038789034763546,-80.72583039066883
40.038798002603585,-80.72582902925888
40.038806970443616,-80.72582766784856
40.03881602608221,-80.72582629310915
40.038824993922184,-80.72582493169813
40.038833961762116,-80.72582357028675
40.03884203072937,-80.72582234533328
40.03885099856924,-80.72582098392124
40.03885996640907,-80.72581962250882
40.038869022047486,-80.7258182477673
40.03887798899664,-80.72581688541942
40.03888703867984,-80.72581540278195
40.038895993818784,-80.72581393563355
40.03890396444718,-80.72581262978028
40.038913014130266,-80.72581114714168
40.03892196926911,-80.7258096799922
40.03893101895213,-80.72580819735282
40.03893997409089,-80.72580673020255
40.03894902377384,-80.7258052475624
40.03895797891253,-80.72580378041137
40.03896604408491,-80.72580245906623
40.038974999223534,-80.72580099191447
40.038983954362116,-80.72579952476234
40.03899300404488,-80.72579804212027
40.0390019591834,-80.72579657496736
40.03901100886608,-80.72579509232455
40.03901897949406,-80.7257937864669
40.03902802917667,-80.72579230382334
40.03903698431504,-80.72579083666893
40.03904603399758,-80.7257893540246
40.03905498913588,-80.72578788686943
40.03906403881835,-80.72578640422431
40.039072993956566,-80.72578493706837
40.03908096458431,-80.72578363120836
40.03909001426668,-80.72578214856213
40.0390989694048,-80.72578068140508
40.039108019087074,-80.72577919875808
40.03911697422512,-80.72577773160025
40.03912602390733,-80.72577624895247
40.03913399453487,-80.72577494309046
40.03914304421702,-80.72577346044193
40.03915199935492,-80.7257719932826
40.03916095449278,-80.72577052612291
40.0391700041748,-80.72576904347322
40.03917895931259,-80.72576757631275
40.03918800899456,-80.72576609366229
40.039195979621866,-80.72576478779793
40.039205029303766,-80.72576330514673
40.0392139844414,-80.72576183798476
40.03922303412321,-80.72576035533278
40.039231989260784,-80.72575888817006
40.03924094439831,-80.72575742100693
40.03924999408001,-80.7257559383538
40.039257964707105,-80.72575463248707
40.03926701438875,-80.7257531498332
40.03927596952612,-80.72575168266859
40.039285019207675,-80.72575020001395
40.039293974344986,-80.72574873284856
40.03930302402647,-80.72574725019314
40.039310994653384,-80.72574594432439
40.03932003755432,-80.72574449062571
40.03932902426982,-80.72574331707128
40.03933801098528,-80.72574214351651
40.03934699770073,-80.72574096996145
40.039355984416154,-80.72573979640609
40.03936497113156,-80.7257386228504
40.03937403363313,-80.72573743939765
40.03938302034849,-80.72573626584136
40.03939200706382,-80.72573509228475
40.039400993779125,-80.72573391872784
40.039409980494405,-80.72573274517062
40.03941896720967,-80.72573157161308
40.0394280297111,-80.72573038815847
40.03943701642631,-80.72572921460034
40.03944600314149,-80.72572804104188
40.03945498985666,-80.7257268674831
40.0394639765718,-80.72572569392403
40.03947296328692,-80.72572452036465
40.03948202578821,-80.72572333690817
40.039491012503284,-80.72572216334818
40.039499009115126,-80.72572111908384
40.03950799583014,-80.72571994552325
40.039516982545145,-80.72571877196238
40.03952596926013,-80.72571759840118
40.039535031761275,-80.72571641494287
40.039544018476214,-80.72571524138105
40.03955300519112,-80.72571406781894
40.03956199190599,-80.72571289425652
40.03957097862086,-80.72571172069377
40.0395799653357,-80.72571054713073
40.039589027836705,-80.72570936367056
40.03959801455149,-80.7257081901069
40.03960700126625,-80.72570701654293
40.039615987981,-80.72570584297864
40.03962497469573,-80.72570466941407
40.039633961410416,-80.72570349584917
40.03964302391128,-80.72570231238713
40.03965201062593,-80.72570113882162
40.039660997340555,-80.7256999652558
40.03966998405515,-80.72569879168968
40.039678970769735,-80.72569761812325
40.03968795748428,-80.72569644455649
40.039697019985006,-80.7256952610926
40.039706006699504,-80.72569408752524
40.03971400331085,-80.72569304325432
40.03972299002531,-80.7256918696864
40.039731976739745,-80.72569069611814
40.039741039240354,-80.72568951265272
40.039750025954746,-80.72568833908385
40.03975901266911,-80.72568716551467
40.03976799938346,-80.72568599194518
40.03977698609777,-80.7256848183754
40.039785972812076,-80.7256836448053
40.03979503531253,-80.72568246133801
40.039804022026786,-80.72568128776729
40.03981300874101,-80.72568011419627
40.039821995455206,-80.72567894062495
40.03983098216939,-80.72567776705328
40.03983996888355,-80.72567659348134
40.03984903138386,-80.72567541001219
40.039858018097966,-80.72567423643962
40.03986700481206,-80.72567306286675
40.03987599152612,-80.72567188929355
40.03988497824015,-80.72567071572007
40.03989396495417,-80.72566954214628
40.03990302745434,-80.72566835867526
40.03991201416831,-80.72566718510083
40.03992100088226,-80.7256660115261
40.03992899749309,-80.72566496724866
40.039937984206986,-80.72566379367335
40.03994697092086,-80.72566262009775
40.039956033420886,-80.72566143662489
40.03996502013473,-80.72566026304865
40.03997400684853,-80.72565908947212
40.03998299356231,-80.72565791589527
40.03999198027606,-80.72565674231812
40.0400009669898,-80.72565556874065
40.0400100294897,-80.72565438526594
40.04001901620338,-80.72565321168786
40.04002800291704,-80.72565203810947
40.04003698963067,-80.72565086453076
40.040045976344295,-80.72564969095177
40.040054963057884,-80.72564851737245
40.04006402555763,-80.72564733389586
40.04007301227118,-80.72564616031593
40.0400819989847,-80.7256449867357
40.0400909856982,-80.72564381315516
40.04009997241167,-80.72564263957429
40.04010895912512,-80.72564146599312
40.04011802162472,-80.72564028251468
40.040127008338125,-80.7256391089329
40.0401359945756,-80.72563793234599
40.04014398709391,-80.72563683903309
40.040152968763415,-80.72563561041186
40.04016202974152,-80.7256343709415
40.04017101141097,-80.72563314231964
40.04017999308039,-80.72563191369743
40.04018798559859,-80.72563082038312
40.04019696726796,-80.72562959176031
40.04020602824594,-80.72562835228837
40.04021500991527,-80.7256271236649
40.04022399158456,-80.72562589504113
40.040232973253836,-80.72562466641703
40.04024096577189,-80.72562357310103
40.04025002674974,-80.7256223336275
40.04025900841893,-80.72562110500246
40.040267990088104,-80.72561987637712
40.04027697175726,-80.72561864775145
40.040286032735004,-80.7256174082766
40.040294025252926,-80.72561631495891
40.040303006921995,-80.72561508633231
40.04031198859104,-80.72561385770537
40.04032097026005,-80.72561262907813
40.040330031237666,-80.7256113896017
40.040339012906635,-80.7256101609738
40.04034799414698,-80.72560892975403
40.04035598284505,-80.72560779411246
40.04036504218363,-80.72560650627257
40.04037401917558,-80.7256052301384
40.0403829961675,-80.72560395400392
40.04039197315941,-80.72560267786908
40.0404010324979,-80.72560139002783
40.04041000948973,-80.72560011389234
40.04041799818764,-80.72559897824871
40.04042697517943,-80.72559770211258
40.040436034517796,-80.72559641427002
40.04044501150953,-80.72559513813322
40.040453988501234,-80.72559386199607
40.04046296549292,-80.7255925858586
40.04047202483117,-80.72559129801469
40.04048100182279,-80.72559002187656
40.04048899052051,-80.72558888623057
40.04049796751208,-80.7255876100918
40.04050702685022,-80.72558632224658
40.04051600384173,-80.72558504610713
40.040524980833226,-80.72558376996734
40.04053395782469,-80.72558249382723
40.04054301716271,-80.72558120598066
40.040551994154114,-80.72557992983987
40.04055998285163,-80.72557879419155
40.04056904218958,-80.725577506344
40.0405780191809,-80.72557623020224
40.040586996172195,-80.72557495406016
40.04059597316347,-80.72557367791772
40.0406050325013,-80.72557239006882
40.04061400949252,-80.72557111392574
40.040621998189856,-80.72556997827536
40.04063097518102,-80.72556870213162
40.040640034518745,-80.7255674142814
40.04064901150985,-80.72556613813701
40.04065798850094,-80.72556486199228
40.040666965491965,-80.72556358584723
40.04067602482959,-80.72556229799565
40.04068500182058,-80.72556102184991
40.04069299051772,-80.72555988619717
40.04070196750867,-80.72555861005081
40.040711026846175,-80.72555732219793
40.04072000383705,-80.72555604605088
40.04072898082791,-80.72555476990352
40.040737957818735,-80.72555349375581
40.04074701715613,-80.72555220590158
40.04075599343834,-80.72555092567602
40.040763975577725,-80.72554972336896
40.04077303171981,-80.72554835929024
40.04078200073581,-80.72554700833453
40.04079096975178,-80.72554565737845
40.040800025893766,-80.72554429329868
40.04080899490968,-80.72554294234189
40.04081796392555,-80.72554159138475
40.040827020067454,-80.7255402273039
40.04083500220662,-80.72553902499435
40.0408439712224,-80.72553767403619
40.04085302736421,-80.72553630995431
40.04086199637992,-80.72553495899542
40.04087096539562,-80.72553360803622
40.04088002153733,-80.72553224395325
40.04088899055296,-80.72553089299332
40.04089795956855,-80.72552954203304
40.04090701571016,-80.72552817794902
40.040915984652734,-80.72552682675072
40.04092396637423,-80.72552562041201
40.040933022298645,-80.72552425172046
40.04094199080844,-80.7255228962402
40.04095104673278,-80.72552152754793
40.04096001524253,-80.72552017206692
40.04096898375225,-80.72551881658559
40.040978039676496,-80.72551744789223
40.04098700818615,-80.72551609241019
40.040995976695775,-80.72551473692778
40.04100503261992,-80.72551336823336
40.041014001129476,-80.72551201275024
40.04102296963901,-80.72551065726677
40.041032025563055,-80.72550928857126
40.04104099407253,-80.72550793308707
40.041049962581965,-80.72550657760254
40.04105901850591,-80.72550520890596
40.04106798701529,-80.7255038534207
40.04107695552463,-80.7255024979351
40.04108502466019,-80.72550127837904
40.04109399316946,-80.72549992289277
40.04110296167872,-80.72549856740613
40.04111201760248,-80.72549719870744
40.04112098611166,-80.7254958432201
40.04113004203538,-80.72549447452069
40.0411390105445,-80.72549311903263
40.041147979053584,-80.72549176354423
40.041157034977196,-80.72549039484373
40.04116600348622,-80.72548903935461
40.04117497199522,-80.72548768386513
40.041184027918725,-80.72548631516358
40.04119299642766,-80.72548495967338
40.04120196493657,-80.72548360418283
40.04121102085999,-80.72548223548019
40.04121998936884,-80.72548087998894
40.041228957877635,-80.72547952449732
40.04123801380097,-80.72547815579361
40.04124599552146,-80.72547694944359
40.04125496403017,-80.72547559395095
40.041264019953424,-80.7254742252462
40.04127298846207,-80.72547286975285
40.041282044385234,-80.72547150104738
40.04129101289382,-80.72547014555332
40.041299981402396,-80.7254687900589
40.041309037325455,-80.72546742135236
40.04131800583395,-80.72546606585723
40.041326974342425,-80.72546471036175
40.0413360302654,-80.72546334165412
40.041344998773795,-80.72546198615792
40.04135396728217,-80.72546063066137
40.04136302320506,-80.72545926195266
40.04137199171336,-80.72545790645542
40.041380960221645,-80.72545655095779
40.04139001614442,-80.72545518224801
40.04139898338916,-80.72545382272237
40.041407049955986,-80.72545253315043
40.04141600944768,-80.72545110082957
40.04142496893936,-80.72544966850832
40.04143402074775,-80.72544822142835
40.04144298023935,-80.72544678910636
40.041452032047665,-80.72544534202564
40.041460991539196,-80.72544390970289
40.04147004334743,-80.7254424626214
40.041479002838905,-80.7254410302979
40.041487962330336,-80.72543959797403
40.041497014138464,-80.7254381508914
40.041505973629825,-80.72543671856678
40.04151502543788,-80.7254352714834
40.04152398492918,-80.72543383915803
40.041533036737164,-80.72543239207388
40.04154199622838,-80.72543095974777
40.04155095571956,-80.72542952742127
40.04156000752745,-80.72542808033599
40.041568967018556,-80.72542664800874
40.04157801882638,-80.7254252009227
40.04158697831741,-80.7254237685947
40.04159603012516,-80.72542232150792
40.04160498961613,-80.72542088917916
40.041613949107074,-80.72541945685003
40.041623000914704,-80.72541800976211
40.04163196040557,-80.72541657743223
40.04164002697157,-80.72541528785153
40.04164898646237,-80.72541385552096
40.04165803826987,-80.72541240843154
40.0416669977606,-80.7254109761002
40.04167604956803,-80.72540952901004
40.041685009058675,-80.72540809667795
40.0416939685493,-80.72540666434548
40.04170302035663,-80.72540521725418
40.041711979847186,-80.72540378492097
40.04172103165443,-80.72540233782891
40.04172999366843,-80.72540091991716
40.04173897692331,-80.72539970812193
40.04174803840664,-80.72539848577375
40.041757021661454,-80.72539727397789
40.041766004916255,-80.7253960621817
40.041774988171035,-80.72539485038521
40.041783971425794,-80.72539363858837
40.041793032909,-80.7253924162386
40.041802016163686,-80.72539120444115
40.041810999418374,-80.72538999264337
40.041819982673026,-80.72538878084528
40.04182896592764,-80.72538756904687
40.04183802741071,-80.72538634669549
40.041847010665286,-80.72538513489644
40.04185599391984,-80.72538392309707
40.04186497717437,-80.72538271129739
40.04187403865734,-80.72538148894472
40.041883021911815,-80.72538027714441
40.041892005166254,-80.72537906534376
40.041900988420686,-80.72537785354281
40.04190997167508,-80.72537664174152
40.04191903315793,-80.72537541938725
40.04192801641228,-80.72537420758535
40.041936999666596,-80.7253729957831
40.04194598292089,-80.72537178398056
40.041954966175176,-80.7253705721777
40.0419640276579,-80.72536934982182
40.041973010912116,-80.72536813801833
40.041981994166306,-80.72536692621449
40.04199097742048,-80.72536571441036
40.042000038903105,-80.7253644920532
40.042009022157224,-80.72536328024842
40.04201800541132,-80.72536206844333
40.042026988665384,-80.72536085663792
40.04203597191944,-80.72535964483218
40.04204503340193,-80.72535842247342
40.042054016732,-80.72535721184006
40.04206300009668,-80.72535600122406
40.04207198346133,-80.72535479060774
40.042080966825964,-80.72535357999112
40.04209002834284,-80.72535235884222
40.042099011707414,-80.72535114822495
40.04210799507197,-80.72534993760735
40.042116978436496,-80.72534872698945
40.04212603995328,-80.72534750583927
40.042135023317755,-80.72534629522073
40.0421440066822,-80.72534508460187
40.04215299004664,-80.7253438739827
40.04216197341103,-80.72534266336321
40.04217103492769,-80.7253414422114
40.04218001829204,-80.72534023159128
40.04218900165636,-80.72533902097084
40.042197985020664,-80.72533781035007
40.042206968384924,-80.72533659972899
40.042216029901475,-80.7253353785756
40.04222501326569,-80.72533416795387
40.042234986097874,-80.72533282398848
40.04224396946205,-80.7253316133661
40.042253030978486,-80.72533039221138
40.042262014342604,-80.72532918158835
40.042270997706694,-80.72532797096501
40.04227998107077,-80.72532676034135
40.0422889644348,-80.72532554971738
40.04229802595112,-80.72532432856106
40.04230700931512,-80.72532311793644
40.042315992679086,-80.72532190731151
40.04232497604303,-80.72532069668627
40.04233395940694,-80.7253194860607
40.04234302092313,-80.72531826490277
40.04235200428698,-80.72531705427657
40.04236098765083,-80.72531584365005
40.04236997101466,-80.7253146330232
40.04237903253072,-80.72531341186401
40.042388015894495,-80.72531220123652
40.042396999258244,-80.72531099060872
40.04240598262195,-80.72530977998062
40.04241496598564,-80.7253085693522
40.042424027501596,-80.72530734819138
40.042433010865246,-80.72530613756231
40.04244199422885,-80.72530492693292
40.04245097759245,-80.72530371630323
40.04245996095602,-80.72530250567321
40.04246902247184,-80.72530128451079
40.042478005835356,-80.72530007388015
40.04248698919885,-80.72529886324918
40.04249597256232,-80.72529765261788
40.042505034078026,-80.72529643145418
40.04251401744146,-80.72529522082226
40.04252300080485,-80.72529401019001
40.04253198416822,-80.72529279955745
40.042540967531565,-80.72529158892458
40.04255002904715,-80.72529036775927
40.042558993607216,-80.72528893772919
40.04256901865578,-80.72528718172202
40.04257796052134,-80.72528561544686
40.0425870032345,-80.72528403150662
40.04259604594761,-80.72528244756596
40.04260597014837,-80.7252807092216
40.04261501286138,-80.72527912528005
40.042624055574365,-80.7252775413381
40.04263397977497,-80.72527580299231
40.04264302248785,-80.7252742190495
40.042651964353084,-80.72527265277095
40.04266100706589,-80.7252710688273
40.042669991383995,-80.72526988656674
40.04267897886877,-80.725268721799
40.042687966353554,-80.72526755703093
40.04269702905452,-80.72526638251463
40.04270601653926,-80.72526521774597
40.042715004023954,-80.725264052977
40.04272399150864,-80.72526288820772
40.042732978993286,-80.72526172343814
40.04274196647792,-80.72526055866825
40.04275102917876,-80.72525938415009
40.04276001666334,-80.7252582193796
40.04276900414791,-80.72525705460878
40.04277700138041,-80.72525601817358
40.04278598886492,-80.7252548534022
40.04279497634942,-80.7252536886305
40.04280403905012,-80.72525251411052
40.04281302653456,-80.72525134933822
40.042822014018995,-80.72525018456561
40.04283100150339,-80.7252490197927
40.04283998898775,-80.72524785501949
40.04284897647211,-80.72524669024595
40.04285796395645,-80.72524552547212
40.042867026656985,-80.72524435094998
40.04287601414127,-80.72524318617553
40.04288500162553,-80.72524202140077
40.042893989109764,-80.72524085662573
40.04290198634198,-80.72523982018674
40.042910973826174,-80.7252386554111
40.04292003652659,-80.72523748088716
40.04292902401073,-80.72523631611091
40.042938011494854,-80.72523515133436
40.04294699897895,-80.72523398655748
40.04295598646303,-80.72523282178032
40.04296497394708,-80.72523165700285
40.042974036647344,-80.72523048247704
40.04298302413135,-80.72522931769898
40.04299201161534,-80.72522815292058
40.04300099909929,-80.72522698814187
40.043009986583236,-80.72522582336288
40.04301897406715,-80.72522465858357
40.04302697129908,-80.7252236221408
40.043036033999186,-80.7252224476129
40.043045021483024,-80.72522128283268
40.043054008966855,-80.72522011805219
40.043062996450644,-80.72521895327138
40.043071983934425,-80.72521778849028
40.043080971418185,-80.72521662370885
40.04309003411815,-80.72521544917907
40.04309902160185,-80.72521428439704
40.04310800908553,-80.72521311961471
40.0431169965692,-80.72521195483206
40.043125984052836,-80.72521079004912
40.043134971536446,-80.72520962526588
40.043143959020036,-80.7252084604823
40.04315203146791,-80.7252074142877
40.04316101895145,-80.72520624950357
40.043170006434984,-80.72520508471911
40.04317899391848,-80.72520391993437
40.04318798140196,-80.72520275514931
40.04319696888541,-80.72520159036395
40.04320603158507,-80.72520041583019
40.04321501906848,-80.72519925104423
40.04322400655186,-80.72519808625793
40.04323299403523,-80.72519692147135
40.043241981518555,-80.72519575668447
40.043250969001875,-80.72519459189726
40.043260031701394,-80.72519341736167
40.043269019184656,-80.72519225257385
40.04327701641602,-80.72519121612352
40.04328600389925,-80.72519005133513
40.04329498562424,-80.72518882132935
40.04330396687841,-80.72518758834465
40.04331302771303,-80.72518634443446
40.043322008967145,-80.72518511144911
40.04333099022123,-80.72518387846341
40.043339971475284,-80.72518264547742
40.043349032309806,-80.72518140156592
40.043358013563804,-80.72518016857926
40.04336699481779,-80.7251789355923
40.0433749869969,-80.72517783838968
40.04338396825085,-80.7251766054021
40.04339302908524,-80.72517536148901
40.04340201033911,-80.72517412850077
40.04341099159296,-80.72517289551222
40.04341997284678,-80.72517166252332
40.04342903368108,-80.72517041860894
40.04343801493484,-80.7251691856194
40.04344699618859,-80.72516795262955
40.043455977442314,-80.72516671963936
40.04346396962121,-80.7251656224339
40.043473030455374,-80.72516437851792
40.04348201170902,-80.7251631455268
40.043490992962646,-80.72516191253537
40.04349997421624,-80.7251606795436
40.04350903505029,-80.72515943562631
40.04351801630383,-80.72515820263389
40.043526997557336,-80.72515696964118
40.04353597881084,-80.7251557366481
40.043544960064295,-80.72515450365474
40.04355303182345,-80.72515339552119
40.04356201307686,-80.72515216252721
40.043570994330246,-80.72515092953289
40.04357997558362,-80.72514969653825
40.04358903641742,-80.72514845261806
40.043598017670746,-80.72514721962276
40.04360699892402,-80.72514598662715
40.043615980177286,-80.72514475363123
40.04362496143051,-80.72514352063497
40.0436340222642,-80.72514227671313
40.04364300351739,-80.72514104371622
40.0436509956958,-80.72513994650478
40.04365997694892,-80.72513871350726
40.04366903778252,-80.72513746958417
40.04367801903559,-80.725136236586
40.04368700028866,-80.72513500358751
40.04369598154168,-80.72513377058868
40.04370496279468,-80.72513253758956
40.043714023628134,-80.72513129366483
40.04372300488107,-80.72513006066504
40.043731986134006,-80.72512882766493
40.04373997831219,-80.72512773045064
40.04374903914553,-80.72512648652463
40.04375802039838,-80.72512525352359
40.04376700165122,-80.72512402052222
40.04377598290401,-80.72512278752053
40.04378496415677,-80.72512155451852
40.04379402498999,-80.72512031059088
40.043803006242705,-80.72511907758822
40.04381198749541,-80.72511784458524
40.04382096874807,-80.72511661158192
40.0438290405065,-80.72511550343947
40.043838021759115,-80.72511427043555
40.043847003011706,-80.7251130374313
40.04385598426426,-80.72511180442675
40.04386496551681,-80.72511057142185
40.0438740263498,-80.7251093274913
40.043883007602275,-80.72510809448576
40.04389198885474,-80.7251068614799
40.043900970107174,-80.72510562847371
40.043910030940054,-80.72510438454186
40.043918023117776,-80.72510328732187
40.04392700437014,-80.72510205431475
40.0439359685244,-80.72510065727597
40.043945021910304,-80.72509923857173
40.04395398475965,-80.72509783405457
40.043963038145485,-80.72509641534958
40.04397200099477,-80.72509501083168
40.043980963844035,-80.72509360631344
40.04399001722976,-80.72509218760732
40.043998980078946,-80.72509078308832
40.04400803346461,-80.72508936438147
40.04401699631372,-80.72508795986174
40.04402497335029,-80.72508670982305
40.04403402673587,-80.72508529111514
40.04404298958489,-80.72508388659433
40.04405204297037,-80.72508246788567
40.044061005819316,-80.72508106336413
40.044069968668246,-80.72507965884223
40.044079022053644,-80.72507824013245
40.0440879849025,-80.7250768356098
40.04409703828781,-80.72507541689927
40.044106001136605,-80.72507401237591
40.04411496398535,-80.72507260785216
40.044124017370564,-80.72507118914052
40.04413199440678,-80.72506993909793
40.044141047791946,-80.72506852038559
40.04415001064056,-80.72506711586043
40.04415897348915,-80.72506571133488
40.044168026874196,-80.72506429262141
40.04417698972271,-80.72506288809514
40.04418604310771,-80.72506146938093
40.04419500595615,-80.72506006485392
40.04420396880457,-80.72505866032652
40.044213022189446,-80.72505724161121
40.0442219850378,-80.72505583708309
40.044231038422616,-80.72505441836702
40.044239015458466,-80.72505316832054
40.04424797830673,-80.72505176379137
40.044257031691444,-80.72505034507422
40.04426599453962,-80.72504894054431
40.04427495738776,-80.72504753601402
40.04428401077237,-80.72504611729576
40.044292973620465,-80.72504471276473
40.04430202700501,-80.72504329404573
40.04431098985302,-80.72504188951397
40.044319952700995,-80.72504048498185
40.04432900608544,-80.72503906626173
40.04433796893336,-80.72503766172886
40.04434603650535,-80.72503639749087
40.0443549993532,-80.72503499295732
40.044363962201025,-80.72503358842339
40.04437301558529,-80.72503216970145
40.044381978433044,-80.72503076516678
40.04439103181725,-80.72502934644412
40.04439999466493,-80.7250279419087
40.04440895751257,-80.72502653737294
40.04441801089668,-80.72502511864914
40.04442697374425,-80.72502371411264
40.04443602712829,-80.7250222953881
40.0444449899758,-80.72502089085086
40.04445296701095,-80.7250196407966
40.04446202039489,-80.72501822207099
40.044470983242306,-80.72501681753268
40.04448003662617,-80.72501539880632
40.04448899947351,-80.72501399426727
40.044497962320804,-80.72501258972787
40.044507015704596,-80.72501117100039
40.04451597855183,-80.72500976646025
40.04452503193553,-80.72500834773203
40.044533994782704,-80.72500694319115
40.044542957629844,-80.7250055386499
40.044552011012186,-80.72500411994895
40.04455998809476,-80.72500287032337
40.04456904150497,-80.7250014520886
40.04457800440962,-80.72500004803135
40.04458696731423,-80.72499864397372
40.04459602072434,-80.72499722573784
40.04460498362889,-80.72499582167947
40.04461403703894,-80.72499440344285
40.04462299994343,-80.72499299938374
40.04463196284787,-80.72499159532427
40.044641016257806,-80.72499017708653
40.04464997916219,-80.72498877302633
40.04465903257206,-80.72498735478784
40.04466799547638,-80.7249859507269
40.044676958380656,-80.72498454666558
40.044686011790425,-80.72498312842599
40.044694974694636,-80.72498172436394
40.04470402810434,-80.7249803061236
40.04471299100848,-80.72497890206083
40.0447219539126,-80.72497749799767
40.04473100732219,-80.72497607975622
40.04473997022623,-80.72497467569232
40.04474902363577,-80.72497325745012
40.04475798653974,-80.7249718533855
40.04476703994921,-80.72497043514255
40.04477600285311,-80.72496903107718
40.04478496575698,-80.72496762701147
40.044794019166346,-80.7249662087674
40.04480199624812,-80.724964959133
40.04481104965742,-80.72496354088824
40.04482001256116,-80.72496213682108
40.04482897546487,-80.72496073275356
40.04483802887406,-80.72495931450769
40.044846991777696,-80.72495791043941
40.04485604518682,-80.72495649219279
40.04486500809039,-80.72495508812379
40.04487397099393,-80.72495368405443
40.04488302440296,-80.72495226580668
40.04489198730642,-80.72495086173659
40.04490104071539,-80.72494944348809
40.044910003618796,-80.72494803941726
40.04491896652216,-80.72494663534604
40.04492801993101,-80.72494521709645
40.04493698283431,-80.7249438130245
40.044946036243104,-80.72494239477416
40.04495499914633,-80.72494099070148
40.044963962049536,-80.72493958662844
40.04497301545821,-80.72493816837698
40.04498197836134,-80.7249367643032
40.04499103176996,-80.724935346051
40.04499999467302,-80.72493394197647
40.04500895757606,-80.72493253790158
40.04501801098456,-80.72493111964826
40.04502697388752,-80.72492971557264
40.04503602729598,-80.72492829731858
40.04504499019887,-80.72492689324223
40.0450529672798,-80.7249256435987
40.04506202068815,-80.72492422534357
40.04507098359095,-80.72492282126613
40.04508003699924,-80.72492140301027
40.04508899990196,-80.72491999893211
40.04509796280465,-80.72491859485358
40.04510701621283,-80.72491717659658
40.045115979115465,-80.72491577251732
40.045125032523565,-80.72491435425958
40.04513399542613,-80.72491295017957
40.04514295832865,-80.72491154609921
40.04515201173667,-80.72491012784036
40.045160974639124,-80.72490872375926
40.04517002804706,-80.72490730549966
40.045178990949445,-80.72490590141781
40.045187987869525,-80.7249048266718
40.04519698267959,-80.72490375251448
40.04520597748963,-80.72490267835688
40.04521497229964,-80.72490160419899
40.04522396710964,-80.72490053004083
40.04523303132512,-80.72489944759397
40.04524202613508,-80.72489837343524
40.04525102094502,-80.72489729927624
40.04525902404333,-80.72489634354704
40.045268018853236,-80.72489526938749
40.04527701366311,-80.72489419522765
40.04528600847297,-80.72489312106754
40.045295003282824,-80.72489204690713
40.04530399809264,-80.72489097274645
40.045312992902446,-80.7248898985855
40.04532198771223,-80.72488882442426
40.045330982521996,-80.72488775026272
40.04533997733174,-80.72488667610091
40.04534897214146,-80.72488560193882
40.04535796695116,-80.72488452777645
40.04536703116634,-80.72488344532537
40.045376025976026,-80.72488237116244
40.045385020785666,-80.72488129699921
40.045394015595285,-80.72488022283571
40.04540301040489,-80.7248791486719
40.04541200521447,-80.72487807450784
40.045420008312476,-80.72487711877416
40.045429003122024,-80.72487604460956
40.04543799793155,-80.72487497044467
40.04544699274107,-80.7248738962795
40.045455987550554,-80.72487282211405
40.04546498236002,-80.72487174794833
40.04547397716947,-80.7248706737823
40.04548297197889,-80.72486959961601
40.045491966788305,-80.72486852544942
40.0455010310032,-80.72486744299412
40.04551002581257,-80.72486636882697
40.04551902062191,-80.72486529465954
40.045528015431245,-80.72486422049182
40.04553701024055,-80.72486314632384
40.04554600504985,-80.72486207215556
40.04555499985913,-80.72486099798701
40.04556399466837,-80.72485992381817
40.04557199776609,-80.72485896808024
40.04558099257528,-80.72485789391087
40.04558998738448,-80.7248568197412
40.04559898219366,-80.72485574557126
40.04560797700282,-80.72485467140106
40.045616971811945,-80.72485359723055
40.04562603602656,-80.72485251477127
40.045635030835655,-80.72485144060022
40.045644025644734,-80.72485036642887
40.04565302045379,-80.72484929225723
40.04566201526283,-80.7248482180853
40.045671010071835,-80.72484714391311
40.045680004880836,-80.72484606974064
40.045688999689816,-80.72484499556788
40.04569799449877,-80.72484392139482
40.0457069893077,-80.72484284722151
40.04571598411662,-80.72484177304788
40.04572497892552,-80.724840698874
40.04573298202292,-80.72483974313158
40.04574197683177,-80.72483866895715
40.045750971640615,-80.72483759478244
40.04576003585493,-80.72483651231893
40.045769030663735,-80.72483543814366
40.04577802547252,-80.72483436396811
40.045787020281274,-80.72483328979226
40.04579601509002,-80.72483221561613
40.04580500989874,-80.72483114143974
40.04581400470744,-80.72483006726306
40.045822999516126,-80.72482899308609
40.045831994324786,-80.72482791890884
40.04584098913343,-80.72482684473131
40.045849980417515,-80.72482575352524
40.0458589631128,-80.72482453571972
40.04586802441168,-80.7248233072574
40.04587700710693,-80.72482208945124
40.04588598980214,-80.72482087164477
40.04589497249734,-80.72481965383797
40.04590403379611,-80.72481842537438
40.045913016491255,-80.72481720756693
40.04592199918637,-80.72481598975918
40.04593098188145,-80.72481477195112
40.04593996457652,-80.72481355414271
40.04594902587517,-80.7248123256775
40.045958008570175,-80.72481110786846
40.04596699126516,-80.7248098900591
40.04597597396013,-80.72480867224944
40.04598503525868,-80.72480744378292
40.04599401795359,-80.72480622597261
40.04600300064847,-80.72480500816198
40.04601198334333,-80.72480379035102
40.046020966038164,-80.72480257253974
40.04603002733659,-80.72480134407162
40.04603901003137,-80.72480012625971
40.04604799272613,-80.72479890844748
40.04605697542085,-80.72479769063493
40.04606603671919,-80.72479646216553
40.04607501941387,-80.72479524435234
40.046084002108515,-80.72479402653882
40.046092984803145,-80.72479280872498
40.04610196749774,-80.72479159091083
40.04611102879595,-80.7247903624398
40.0461200114905,-80.724789144625
40.046128994185025,-80.72478792680991
40.04613797687953,-80.72478670899447
40.046146959573996,-80.72478549117872
40.046156020872075,-80.72478426270608
40.04616500356651,-80.7247830448897
40.0461739862609,-80.72478182707299
40.04618296895527,-80.72478060925596
40.04619203025324,-80.72477938078202
40.04620101294756,-80.72477816296436
40.04620999564187,-80.72477694514636
40.046218978336135,-80.72477572732805
40.04622796103038,-80.72477450950943
40.04623702232822,-80.72477328103389
40.04624600502242,-80.72477206321462
40.046254987716594,-80.72477084539501
40.046263970410735,-80.72476962757513
40.046273031708466,-80.72476839909828
40.04628201440256,-80.72476718127774
40.046290997096634,-80.72476596345686
40.04629997979068,-80.72476474563568
40.0463089624847,-80.72476352781418
40.046318023782305,-80.72476229933572
40.046327006476275,-80.72476108151358
40.04633598917022,-80.7247598636911
40.046344971864144,-80.72475864586832
40.046354033161634,-80.72475741738857
40.046363015855505,-80.72475619956515
40.046371998549354,-80.7247549817414
40.04638098124317,-80.72475376391735
40.04638996393696,-80.72475254609296
40.04639902523434,-80.7247513176116
40.04640800792807,-80.72475009978658
40.046416990621786,-80.72474888196123
40.04642597331548,-80.72474766413558
40.04643503461274,-80.72474643565292
40.046444017306385,-80.72474521782662
40.046453,-80.724744
40.04646197125909,-80.72474266934691
40.04647102833341,-80.72474132596501
40.04647999959245,-80.72473999531124
40.046488970851435,-80.7247386646571
40.04649802792567,-80.72473732127415
40.04650699918461,-80.72473599061931
40.04651597044352,-80.72473465996414
40.04652502751767,-80.72473331658013
40.04653399877652,-80.72473198592425
40.046542970035325,-80.72473065526803
40.046552027109385,-80.72472931188295
40.046560011096645,-80.72472812766254
40.04656898235536,-80.7247267970053
40.04657803942933,-80.72472545361921
40.04658701068801,-80.72472412296128
40.04659598194663,-80.724722792303
40.046605039020506,-80.72472144891586
40.04661401027908,-80.72472011825688
40.04662298153762,-80.72471878759755
40.04663203861141,-80.72471744420933
40.0466410098699,-80.72471611354932
40.04664998112835,-80.72471478288894
40.04665903820204,-80.72471343949968
40.04666800946042,-80.7247121088386
40.04667698071879,-80.72471077817718
40.04668603779239,-80.72470943478686
40.04669500905069,-80.72470810412474
40.04670398030896,-80.72470677346227
40.04671303738247,-80.7247054300709
40.04672200864068,-80.72470409940772
40.04673097989886,-80.72470276874421
40.04674003697228,-80.72470142535177
40.04674900823039,-80.72470009468756
40.04675797948848,-80.72469876402299
40.04676703656182,-80.7246974206295
40.04677502054842,-80.72469623640166
40.04678399180643,-80.72469490573609
40.0467929630644,-80.72469357507016
40.046802020137605,-80.7246922316753
40.04681099139551,-80.72469090100869
40.04681996265339,-80.72468957034172
40.0468290197265,-80.72468822694579
40.046837990984315,-80.72468689627813
40.04684696224212,-80.7246855656101
40.04685601931514,-80.72468422221313
40.04686499057286,-80.72468289154442
40.046873961830556,-80.72468156087535
40.04688301890348,-80.72468021747731
40.04689199016113,-80.72467888680755
40.04690096141873,-80.72467755613744
40.04691001849157,-80.72467621273836
40.046918989749116,-80.72467488206755
40.04692796100664,-80.72467355139639
40.04693701807938,-80.72467220799624
40.046945989336834,-80.72467087732439
40.046954960594256,-80.72466954665217
40.04696401766691,-80.72466820325097
40.04697298892427,-80.72466687257806
40.046980972910276,-80.72466568834311
40.04699002998283,-80.72466434494089
40.04699900124011,-80.72466301426697
40.04700797249735,-80.72466168359271
40.04701702956982,-80.72466034018943
40.04702600082702,-80.72465900951447
40.04703497208417,-80.72465767883915
40.047044029156545,-80.72465633543482
40.04705300041364,-80.72465500475882
40.0470619716707,-80.72465367408245
40.047071028743,-80.72465233067706
40.04708,-80.724651
40.04708897383318,-80.72464969333964
40.047098031947506,-80.72464837440693
40.04710700578063,-80.72464706774588
40.047116967341736,-80.72464561726343
40.04712602545597,-80.72464429832964
40.047134999289,-80.72464299166752
40.04714397312201,-80.72464168500507
40.04715303123617,-80.72464036607023
40.04716200506911,-80.7246390594071
40.04717097890202,-80.7246377527436
40.04718003701609,-80.72463643380773
40.04718999857691,-80.7246349833222
40.04719897240974,-80.72463367665765
40.047208030523706,-80.7246323577207
40.047217004356476,-80.72463105105545
40.04722597818922,-80.72462974438989
40.04723503630311,-80.7246284254519
40.04724401013578,-80.72462711878563
40.047252983968434,-80.72462581211902
40.04726302981016,-80.72462434935832
40.04727200364275,-80.72462304269098
40.04728097747531,-80.72462173602331
40.047290035589015,-80.72462041708322
40.04729899011174,-80.72461890606091
40.04730802971742,-80.72461728231724
40.04731696601391,-80.72461567713012
40.04732502417647,-80.72461422967791
40.047334063782024,-80.72461260593302
40.04734300007839,-80.72461100074467
40.047352039683844,-80.72460937699894
40.04736097598012,-80.72460777180976
40.04737001558551,-80.72460614806317
40.04737905519084,-80.72460452431616
40.04738799148697,-80.72460291912572
40.047396049649215,-80.72460147167054
40.04740498594527,-80.7245998664793
40.047414025550445,-80.72459824273064
40.04742296184641,-80.72459663753857
40.047432001451476,-80.72459501378904
40.047441041056494,-80.72459339003912
40.047449977352315,-80.72459178484579
40.04745901695727,-80.724590161095
40.04746697181005,-80.72458873219385
40.04747601141491,-80.72458710844226
40.04748505101971,-80.72458548469025
40.04749398731533,-80.72458387949486
40.04750302692005,-80.724582255742
40.04751196321558,-80.72458065054578
40.047521002820204,-80.72457902679207
40.04753004242478,-80.72457740303793
40.047537997277274,-80.72457597413384
40.04754703688176,-80.7245743503789
40.047555973177076,-80.72457274518062
40.047565012781476,-80.72457112142484
40.04757405238584,-80.72456949766861
40.04758298868102,-80.72456789246907
40.04759202828531,-80.72456626871201
40.04760096458039,-80.72456466351163
40.0476090227417,-80.72456321604747
40.047617959036714,-80.72456161084631
40.047626998640816,-80.72455998708759
40.04763603824486,-80.72455836332846
40.04764497453974,-80.72455675812603
40.0476540141437,-80.72455513436603
40.047662950438486,-80.72455352916276
40.047671990042375,-80.72455190540192
40.04768004820336,-80.72455045793478
40.04768898449802,-80.72454885273031
40.04769802410177,-80.72454722896823
40.04770696039634,-80.72454562376292
40.047716,-80.724544
40.04772498395629,-80.72454279575263
40.047733967912556,-80.72454159150496
40.047743029600724,-80.72454037683744
40.04775201355695,-80.72453917258913
40.047760997513144,-80.7245379683405
40.047769981469294,-80.72453676409157
40.04777896542544,-80.72453555984231
40.047788027113484,-80.7245343451732
40.04779701106959,-80.72453314092331
40.047805995025655,-80.72453193667309
40.047814978981684,-80.72453073242258
40.04782396293769,-80.72452952817174
40.04783302462563,-80.72452831350104
40.047842008581604,-80.72452710924955
40.04785099253755,-80.72452590499776
40.047859976493456,-80.72452470074566
40.04786903818129,-80.72452348607368
40.04787802213715,-80.72452228182094
40.047887006093,-80.72452107756789
40.04789599004881,-80.72451987331452
40.04790497400459,-80.72451866906083
40.0479140356923,-80.72451745438725
40.047923019648046,-80.72451625013292
40.04793200360376,-80.72451504587829
40.04794098755946,-80.72451384162333
40.04794997151511,-80.72451263736808
40.0479590332027,-80.7245114226929
40.04796801715831,-80.724510218437
40.04797700111391,-80.72450901418078
40.047985985069474,-80.72450780992425
40.047994969025005,-80.72450660566739
40.04800403071247,-80.72450539099061
40.04801301466796,-80.72450418673314
40.04802199862343,-80.72450298247534
40.048030982578865,-80.72450177821723
40.04803996653429,-80.7245005739588
40.04804902822163,-80.72449935928043
40.04805801217699,-80.72449815502137
40.048066996132334,-80.72449695076199
40.04807598008765,-80.72449574650228
40.04808496404294,-80.72449454224227
40.04809402573015,-80.72449332756231
40.04810300968539,-80.72449212330166
40.04811199364062,-80.7244909190407
40.04812097759581,-80.72448971477942
40.04812996155097,-80.72448851051783
40.04813902323805,-80.72448729583628
40.04814800719318,-80.72448609157404
40.048156991148275,-80.7244848873115
40.048165975103345,-80.72448368304865
40.048175036790326,-80.7244824683658
40.048184020745346,-80.72448126410232
40.04819300470034,-80.72448005983851
40.04820198865531,-80.72447885557438
40.048210972610256,-80.72447765130994
40.04822003429712,-80.72447643662551
40.048229018252,-80.72447523236043
40.04823800220688,-80.72447402809503
40.04824698616173,-80.72447282382933
40.04825597011654,-80.72447161956332
40.04826503180328,-80.7244704048773
40.04827401575804,-80.72446920061063
40.04828299971279,-80.72446799634366
40.048291983667504,-80.72446679207636
40.048300967622204,-80.72446558780875
40.048310029308816,-80.72446437312115
40.048319013263466,-80.7244631688529
40.04832799721809,-80.72446196458435
40.04833698117268,-80.72446076031547
40.048345965127254,-80.72445955604628
40.048355026813745,-80.72445834135708
40.04836401076827,-80.72445713708726
40.04837299472276,-80.72445593281712
40.04838197867722,-80.72445472854666
40.04839096263167,-80.7244535242759
40.048400024318035,-80.72445230958509
40.04840900827243,-80.72445110531368
40.0484179922268,-80.72444990104196
40.04841388552072,-80.7244421030927
40.04840905542059,-80.72443295009175
40.0484049051684,-80.72442508539929
