42.96182800002156,-87.90955609159988
42.96183000002137,-87.90955609072029
42.96183900002044,-87.90955608676212
42.96184800001951,-87.90955608280396
42.96185700001857,-87.9095560788458
42.96186600001763,-87.90955607488763
42.961875000016704,-87.90955607092947
42.96188400001578,-87.90955606697129
42.96189300001485,-87.90955606301313
42.96190200001391,-87.90955605905495
42.961911000012975,-87.90955605509677
42.96192000001205,-87.90955605113861
42.96192900001111,-87.90955604718043
42.96193800001018,-87.90955604322225
42.96194700000925,-87.90955603926407
42.961956000008314,-87.9095560353059
42.96196500000738,-87.90955603134772
42.96197400000645,-87.90955602738954
42.96198300000551,-87.90955602343135
42.961992000004585,-87.90955601947317
42.96200100000365,-87.909556015515
42.96200900000283,-87.90955601199661
42.9620180000019,-87.90955600803842
42.96202700000096,-87.90955600408023
42.96203600000002,-87.90955600012205
42.962044999999094,-87.90955599616386
42.96205399999817,-87.90955599220565
42.96206299999724,-87.90955598824748
42.9620719999963,-87.90955598428928
42.962080999995365,-87.90955598033108
42.96208999999444,-87.90955597637289
42.9620989999935,-87.9095559724147
42.96210799999257,-87.9095559684565
42.96211699999163,-87.9095559644983
42.962125999990704,-87.90955596054009
42.96213499998978,-87.9095559565819
42.96214399998884,-87.90955595262369
42.9621529999879,-87.9095559486655
42.96216199998697,-87.90955594470728
42.96217099998604,-87.90955594074909
42.96217999998511,-87.90955593679087
42.962188999984186,-87.90955593283266
42.962197999983246,-87.90955592887445
42.962206999982314,-87.90955592491625
42.962215999981375,-87.90955592095803
42.96222499998044,-87.90955591699982
42.96223399997952,-87.9095559130416
42.962242999978585,-87.9095559090834
42.96225199997765,-87.90955590512517
42.96226099997671,-87.90955590116695
42.962269999975796,-87.90955589720873
42.962278999974856,-87.90955589325053
42.96228799997392,-87.90955588929229
42.96229699997299,-87.90955588533407
42.96230599997207,-87.90955588137585
42.962314999971134,-87.90955587741762
42.962323999970195,-87.90955587345941
42.96233299996926,-87.90955586950118
42.96234199996832,-87.90955586554294
42.96234999996751,-87.90955586202452
42.96235899996657,-87.90955585806628
42.96236799996563,-87.90955585410806
42.962376999964704,-87.90955585014983
42.962385999963765,-87.9095558461916
42.96239499996285,-87.90955584223336
42.962403999961914,-87.90955583827512
42.96241299996098,-87.90955583431688
42.96242199996004,-87.90955583035864
42.96243099995911,-87.9095558264004
42.962439999958185,-87.90955582244217
42.962448999957246,-87.90955581848392
42.962457999956314,-87.90955581452569
42.962466999955375,-87.90955581056744
42.962475999954464,-87.9095558066092
42.962484999953524,-87.90955580265094
42.96249399995259,-87.9095557986927
42.962502999951646,-87.90955579473446
42.96251199995071,-87.90955579077621
42.96252099994979,-87.90955578681796
42.962529999948856,-87.9095557828597
42.962538999947924,-87.90955577890145
42.96254799994699,-87.90955577494319
42.96255699994606,-87.90955577098494
42.962565999945134,-87.90955576702669
42.9625749999442,-87.90955576306843
42.96258399994327,-87.90955575911016
42.96259299994232,-87.90955575515191
42.96260199994139,-87.90955575119365
42.96261099994047,-87.90955574723539
42.962619999939534,-87.90955574327711
42.96262899993861,-87.90955573931885
42.96263799993766,-87.90955573536058
42.96264699993674,-87.90955573140232
42.96265599993581,-87.90955572744404
42.96266499993488,-87.90955572348578
42.96267399993393,-87.9095557195275
42.962682999933,-87.90955571556924
42.96269099993218,-87.90955571205077
42.96269999993125,-87.9095557080925
42.962708999930314,-87.90955570413422
42.96271799992938,-87.90955570017594
42.96272699886574,-87.90955564822617
42.96273599869101,-87.90955559403818
42.962744998516285,-87.90955553985015
42.962754001565905,-87.90955548564268
42.96276300139119,-87.90955543145463
42.96277200121647,-87.90955537726656
42.96278100104174,-87.90955532307846
42.96279000086702,-87.90955526889036
42.962799000692286,-87.90955521470224
42.96280800051757,-87.90955516051409
42.962817000342845,-87.90955510632594
42.96282600016812,-87.90955505213778
42.96283499999339,-87.9095549979496
42.962843999818666,-87.90955494376139
42.962852999643935,-87.90955488957317
42.96286199946921,-87.90955483538495
42.962870999294495,-87.90955478119669
42.96287999911977,-87.90955472700844
42.96288899894504,-87.90955467282015
42.962897998770316,-87.90955461863184
42.962906998595585,-87.90955456444354
42.96291599842087,-87.9095545102552
42.962925001470495,-87.90955445604746
42.962934001295764,-87.9095544018591
42.96294300112104,-87.90955434767072
42.9629520009463,-87.90955429348233
42.962961000771585,-87.90955423929393
42.96297000059686,-87.9095541851055
42.96297900042213,-87.90955413091707
42.962988000247414,-87.90955407672861
42.96299700007268,-87.90955402254014
42.96300599989795,-87.90955396835166
42.96301499972323,-87.90955391416314
42.9630239995485,-87.90955385997464
42.96303299937377,-87.9095538057861
42.96304199919905,-87.90955375159756
42.96305099902433,-87.90955369740898
42.9630599988496,-87.9095536432204
42.96306899867486,-87.90955358903182
42.963077998500154,-87.9095535348432
42.963087001549766,-87.90955348063515
42.963096001375035,-87.90955342644651
42.96310500120031,-87.90955337225785
42.96311400102559,-87.90955331806917
42.96312300085086,-87.90955326388047
42.96313200067613,-87.90955320969178
42.96314100050141,-87.90955315550305
42.96315000032667,-87.9095531013143
42.963159000151954,-87.90955304712554
42.96316799997723,-87.90955299293678
42.9631769998025,-87.90955293874799
42.963185999627775,-87.90955288455919
42.963194999453044,-87.90955283037036
42.96320399927831,-87.90955277618153
42.9632129991036,-87.90955272199268
42.96322199892887,-87.90955266780381
42.96323099875415,-87.90955261361493
42.96323999857941,-87.90955255942603
42.963247998424094,-87.90955251125811
42.963257001473714,-87.90955245704977
42.963266001299,-87.90955240286083
42.963275001124266,-87.90955234867187
42.96328400094954,-87.90955229448289
42.963293000774804,-87.90955224029389
42.96330200060009,-87.90955218610489
42.96331100042536,-87.90955213191586
42.963320000250626,-87.90955207772683
42.9633290000759,-87.90955202353777
42.96333799990116,-87.9095519693487
42.96334699972644,-87.90955191515961
42.96335599955171,-87.90955186097051
42.963364999376985,-87.9095518067814
42.963373999202254,-87.90955175259226
42.96338299902753,-87.9095516984031
42.9633919988528,-87.90955164421395
42.963400998678075,-87.90955159002476
42.96340999850335,-87.90955153583556
42.963419001552964,-87.90955148162692
42.96342800137823,-87.9095514274377
42.96343700120351,-87.90955137324846
42.96344600102878,-87.90955131905919
42.963455000854054,-87.90955126486992
42.96346400067932,-87.90955121068062
42.963473000504585,-87.90955115649132
42.96348200032987,-87.90955110230199
42.96349100015514,-87.90955104811265
42.963499999980414,-87.90955099392329
42.963508999805676,-87.90955093973392
42.96351799963095,-87.90955088554453
42.96352699945622,-87.90955083135513
42.96353599928149,-87.90955077716572
42.963544999106766,-87.90955072297628
42.963553998932035,-87.90955066878682
42.96356299875731,-87.90955061459735
42.96357199858257,-87.90955056040788
42.96358099840785,-87.90955050621837
42.963590001457476,-87.90955045200944
42.96359900128274,-87.90955039781991
42.96360800110801,-87.90955034363036
42.96361700093328,-87.9095502894408
42.963626000758545,-87.90955023525122
42.96363500058381,-87.90955018106163
42.9636440004091,-87.90955012687202
42.963653000234366,-87.90955007268239
42.96366200005963,-87.90955001849275
42.9636709998849,-87.9095499643031
42.963679999710166,-87.90954991011343
42.96368899953544,-87.90954985592373
42.96369799936071,-87.90954980173402
42.96370699918598,-87.9095497475443
42.96371599901125,-87.90954969335458
42.96372499883651,-87.90954963916482
42.963733998661795,-87.90954958497505
42.963742998487064,-87.90954953078527
42.963752001536676,-87.90954947657605
42.96376100136195,-87.90954942238623
42.963770001187214,-87.90954936819641
42.96377900101249,-87.90954931400654
42.96378800083776,-87.90954925981669
42.96379700066303,-87.9095492056268
42.9638060004883,-87.9095491514369
42.96381500031356,-87.909549097247
42.963824000138835,-87.90954904305708
42.963832999964104,-87.90954898886713
42.96384099980879,-87.90954894069827
42.96384999963405,-87.9095488865083
42.963858999459326,-87.90954883231832
42.9638679992846,-87.90954877812831
42.96387699910986,-87.9095487239383
42.96388599893513,-87.90954866974825
42.9638949987604,-87.90954861555821
42.963903998585664,-87.90954856136814
42.96391299841093,-87.90954850717806
42.96392200146055,-87.90954845296854
42.96393100128583,-87.90954839877843
42.96394000111109,-87.90954834458829
42.96394900093635,-87.90954829039813
42.96395800076163,-87.90954823620797
42.9639670005869,-87.9095481820178
42.96397600041217,-87.9095481278276
42.96398500023744,-87.9095480736374
42.96399400006271,-87.90954801944717
42.964002999887974,-87.90954796525693
42.96401199971324,-87.90954791106667
42.96402099953851,-87.9095478568764
42.96402999936377,-87.9095478026861
42.96403899918905,-87.9095477484958
42.96404799901431,-87.90954769430547
42.96405699883959,-87.90954764011514
42.96406599866485,-87.90954758592478
42.96407499849012,-87.90954753173442
42.96408400153974,-87.90954747752461
42.964093001365015,-87.90954742333422
42.96410200119028,-87.9095473691438
42.96411100101553,-87.90954731495336
42.96412000084081,-87.90954726076292
42.96412900066608,-87.90954720657246
42.96413800049134,-87.90954715238198
42.96414700031661,-87.90954709819148
42.96415600014188,-87.90954704400096
42.96416499996715,-87.90954698981044
42.96417399979241,-87.90954693561989
42.964182999617684,-87.90954688142934
42.964191999442946,-87.90954682723876
42.96420099926823,-87.90954677304816
42.964209999093484,-87.90954671885756
42.96421899891875,-87.90954666466693
42.964227998744015,-87.90954661047628
42.96423699856929,-87.90954655628565
42.96424599839455,-87.90954650209497
42.964255001444165,-87.90954644788488
42.96426400126944,-87.90954639369416
42.9642730010947,-87.90954633950345
42.96428200091996,-87.90954628531271
42.96429100074523,-87.90954623112196
42.9643000005705,-87.90954617693119
42.964309000395765,-87.90954612274042
42.96431800022103,-87.90954606854962
42.964327000046296,-87.90954601435881
42.964335999871565,-87.90954596016797
42.964344999696834,-87.90954590597713
42.96435399952209,-87.90954585178626
42.96436260232688,-87.90954600829586
42.96437200014076,-87.90954581322946
42.96438100013122,-87.90954582589578
42.96438900012272,-87.90954583715472
42.964398000113185,-87.90954584982106
42.964407000103634,-87.90954586248738
42.96441600009409,-87.9095458751537
42.96442500008454,-87.90954588782003
42.964434000074995,-87.90954590048638
42.96444300006546,-87.90954591315271
42.9644520000559,-87.90954592581906
42.964461000046356,-87.90954593848541
42.964470000036805,-87.90954595115176
42.96447900002726,-87.90954596381812
42.964488000017724,-87.90954597648447
42.96449700000817,-87.90954598915083
42.96450599999863,-87.90954600181719
42.964514999989085,-87.90954601448357
42.96452399997954,-87.90954602714994
42.96453299997,-87.9095460398163
42.964541999960446,-87.9095460524827
42.9645509999509,-87.90954606514909
42.96455999994136,-87.90954607781546
42.96456899993181,-87.90954609048185
42.96457799992227,-87.90954610314826
42.96458699991272,-87.90954611581466
42.96459499990423,-87.90954612707368
42.96460399989469,-87.90954613974009
42.96461299988514,-87.90954615240649
42.9646219998756,-87.90954616507291
42.964630999866046,-87.90954617773933
42.9646399998565,-87.90954619040575
42.96464899984696,-87.90954620307217
42.96465799983742,-87.9095462157386
42.96466699982787,-87.90954622840503
42.96467599981832,-87.90954624107147
42.96468499980878,-87.90954625373791
42.964693999799245,-87.90954626640436
42.96470299978969,-87.9095462790708
42.964711999780135,-87.90954629173724
42.96472099977059,-87.9095463044037
42.96472999976105,-87.90954631707015
42.9647389997515,-87.90954632973663
42.96474799974195,-87.90954634240309
42.96475699973241,-87.90954635506955
42.96476599972285,-87.90954636773604
42.96477499971333,-87.9095463804025
42.96478399970377,-87.909546393069
42.96479299969422,-87.90954640573547
42.96480099968573,-87.90954641699457
42.96480999967619,-87.90954642966106
42.96481899966665,-87.90954644232757
42.964827999657096,-87.90954645499406
42.96483699964755,-87.90954646766056
42.96484599963801,-87.90954648032707
42.96485499962845,-87.90954649299357
42.96486400037256,-87.90954650566115
42.964873000363006,-87.90954651832767
42.96488200035347,-87.90954653099419
42.96489100034392,-87.90954654366071
42.96490000033437,-87.90954655632724
42.96490900032483,-87.90954656899376
42.96491800031527,-87.90954658166031
42.96492700030573,-87.90954659432684
42.964936000296184,-87.90954660699339
42.96494500028663,-87.90954661965993
42.964954000277096,-87.90954663232648
42.964963000267545,-87.90954664499304
42.96497200025801,-87.9095466576596
42.96498100024846,-87.90954667032616
42.96499000023891,-87.90954668299273
42.96499800023043,-87.9095466942519
42.965007000220886,-87.90954670691846
42.96501600021133,-87.90954671958504
42.965025000201784,-87.90954673225163
42.965034000192254,-87.9095467449182
42.965043000182696,-87.90954675758479
42.96505200017315,-87.9095467702514
42.96506100016361,-87.90954678291799
42.96507000015405,-87.90954679558459
42.96507900014451,-87.90954680825118
42.96508800013497,-87.9095468209178
42.965097000125425,-87.9095468335844
42.965106000115874,-87.90954684625102
42.96511500010632,-87.90954685891762
42.96512400009678,-87.90954687158424
42.96513300008724,-87.90954688425087
42.96514200007769,-87.9095468969175
42.96515100006813,-87.90954690958412
42.9651600000586,-87.90954692225075
42.96516900004906,-87.90954693491742
42.96517800003951,-87.90954694758405
42.96518700002995,-87.9095469602507
42.96519600002041,-87.90954697291734
42.96520400001192,-87.90954698417659
42.96521300000238,-87.90954699684325
42.965221999992835,-87.90954700950991
42.965230999983284,-87.90954702217658
42.96523999997374,-87.90954703484324
42.965248999964196,-87.9095470475099
42.96525799995465,-87.90954706017659
42.9652669999451,-87.90954707284327
42.96527599993556,-87.90954708550996
42.965284999926,-87.90954709817665
42.96529399991646,-87.90954711084333
42.96530299990691,-87.90954712351002
42.96531199989737,-87.90954713617673
42.96532099988782,-87.90954714884343
42.96532999987827,-87.90954716151012
42.965338999868735,-87.90954717417684
42.96534799985918,-87.90954718684355
42.96535699984963,-87.90954719951027
42.965365999840095,-87.90954721217699
42.96537499983055,-87.9095472248437
42.965383999821,-87.90954723751044
42.96539299981145,-87.90954725017717
42.965401999801905,-87.9095472628439
42.965409999793415,-87.90954727410322
42.96541899978388,-87.90954728676998
42.96542799977434,-87.90954729943671
42.96543700129871,-87.90954710951324
42.96544599893566,-87.90954691024902
42.96545599631004,-87.90954668884426
42.96546500580276,-87.90954648931734
42.96547400343971,-87.90954629005293
42.96548300107665,-87.90954609078845
42.96549199871359,-87.90954589152393
42.965500996350535,-87.90954569225934
42.965510005843264,-87.90954549273214
42.965519003480196,-87.90954529346743
42.965528001117136,-87.90954509420268
42.965536998754075,-87.90954489493787
42.965545996391015,-87.90954469567299
42.965555005883736,-87.90954449614549
42.965564003520676,-87.9095442968805
42.9655730011576,-87.90954409761544
42.96558199879454,-87.90954389835034
42.96559099643148,-87.90954369908518
42.96560000592421,-87.90954349955737
42.96560900356113,-87.9095433002921
42.965618001198074,-87.90954310102674
42.965626998835,-87.90954290176134
42.965635996471924,-87.9095427024959
42.965645005964646,-87.90954250296781
42.96565400360157,-87.90954230370224
42.9656630012385,-87.9095421044366
42.96567199887543,-87.90954190517091
42.965680996512354,-87.90954170590516
42.96569000600507,-87.90954150637678
42.965699003642,-87.90954130711091
42.96570900101636,-87.90954108570433
42.96571799865328,-87.90954088643834
42.96572699629022,-87.9095406871723
42.965736005782915,-87.90954048764361
42.96574500341984,-87.90954028837744
42.96575400105676,-87.90954008911123
42.965762998693684,-87.90953988984494
42.96577199633061,-87.90953969057861
42.9657810058233,-87.90953949104964
42.96579000346022,-87.90953929178318
42.96579900109714,-87.90953909251667
42.965807998734064,-87.9095388932501
42.96581699637098,-87.90953869398346
42.965826005863676,-87.90953849445421
42.9658350035006,-87.90953829518746
42.96584400113751,-87.90953809592065
42.96585299877443,-87.90953789665379
42.96586199641134,-87.90953769738687
42.96587100590404,-87.90953749785731
42.965880003540946,-87.90953729859028
42.965889001177864,-87.90953709932317
42.96589799881478,-87.90953690005603
42.96590699645169,-87.90953670078882
42.96591600594438,-87.90953650125897
42.965925003581276,-87.90953630199165
42.96593400121819,-87.90953610272425
42.965942998855105,-87.90953590345681
42.96595299622945,-87.90953568204846
42.96596200572213,-87.90953548251832
42.96597100335903,-87.90953528325069
42.96598000099595,-87.909535083983
42.96598899863285,-87.90953488471526
42.96599799626976,-87.90953468544745
42.966007005762435,-87.90953448591702
42.966016003399346,-87.9095342866491
42.96602500103625,-87.90953408738113
42.966033998673154,-87.90953388811309
42.96604299631005,-87.90953368884499
42.966052005802716,-87.90953348931427
42.96606100343963,-87.90953329004606
42.96607000107653,-87.90953309077778
42.96607898876134,-87.90953267967585
42.96608700541731,-87.90953215440395
42.96609601977967,-87.90953156375957
42.966104001430814,-87.90953104078098
42.966113015793155,-87.90953045013627
42.96612099744431,-87.90952992715738
42.966130011806634,-87.90952933651236
42.96613799345776,-87.90952881353319
42.96614700967584,-87.90952842846234
42.9661560011124,-87.90952804925901
42.966165991597464,-87.90952762792188
42.96617500559526,-87.90952724776685
42.96618399703179,-87.90952686856318
42.96619301102957,-87.90952648840792
42.966202002466126,-87.90952610920404
42.96621099390267,-87.90952573000006
42.96622000790044,-87.90952534984446
42.96622899933698,-87.90952497064025
42.96623799077351,-87.90952459143591
42.96624700477128,-87.90952421127999
42.96625699525631,-87.9095237899416
42.96626600925406,-87.90952340978544
42.9662750006906,-87.90952303058064
42.96628399212712,-87.90952265137577
42.96629300612487,-87.90952227121926
42.96630199756139,-87.90952189201415
42.9663109889979,-87.90952151280894
42.966320002995644,-87.90952113265212
42.96632899443215,-87.90952075344666
42.966338008429894,-87.90952037328961
42.966347998914905,-87.90951995194997
42.9663569903514,-87.90951957274419
42.96636600434913,-87.90951919258679
42.96637499578562,-87.90951881338077
42.96638400978336,-87.90951843322316
42.96639300121985,-87.90951805401691
42.96640199265635,-87.90951767481057
42.96641100665406,-87.90951729465262
42.96641999809054,-87.90951691544606
42.966428989527024,-87.90951653623938
42.96643800352474,-87.90951615608108
42.96644799400971,-87.90951573474008
42.9664570080074,-87.90951535458156
42.966465999443884,-87.90951497537444
42.96647498693649,-87.90951459476608
42.9664840016777,-87.90951405204244
42.96649298424437,-87.90951351125568
42.96650199898556,-87.90951296853171
42.96651101372674,-87.9095124258076
42.96651999629342,-87.90951188502038
42.96652901103459,-87.90951134229594
42.966537993601236,-87.90951080150838
42.966547008342395,-87.90951025878363
42.96655599090904,-87.90950971799576
42.966565005650196,-87.9095091752707
42.96657398821683,-87.9095086344825
42.96658400102092,-87.90950803166952
42.96659298358756,-87.90950749088101
42.96660199832868,-87.9095069481553
42.96661101306981,-87.90950640542941
42.96661999563642,-87.90950586464042
42.96662901037754,-87.90950532191422
42.96663799294414,-87.90950478112492
42.96664700768524,-87.9095042383984
42.96665599025183,-87.90950369760877
42.96666500499292,-87.90950315488196
42.966673987559496,-87.909502614092
42.9666830023006,-87.90950207136486
42.96669198486716,-87.9095015305746
42.96670099960823,-87.90950098784714
42.9667100143493,-87.90950044511952
42.966718996915844,-87.90949990432878
42.96672801165691,-87.90949936160084
42.96673699422346,-87.90949882080979
42.9667460089645,-87.90949827808153
42.96675598959398,-87.90949767720224
42.966765004335016,-87.90949713447365
42.96677398690155,-87.90949659368194
42.966783001642575,-87.90949605095302
42.96679198420909,-87.90949551016102
42.9668009989501,-87.9094949674318
42.966810013691116,-87.9094944247024
42.966818996257615,-87.90949388390992
42.96682801099861,-87.90949334118022
42.966836993565096,-87.90949280038741
42.966845997267264,-87.90949266352987
42.9668549961587,-87.90949252703508
42.966864003170876,-87.90949239041707
42.96687300206229,-87.90949225392221
42.96688200095371,-87.90949211742729
42.966890999845134,-87.90949198093233
42.966899998736565,-87.90949184443734
42.966908997627975,-87.90949170794231
42.9669179965194,-87.90949157144725
42.96692700353158,-87.90949143482895
42.96693600242298,-87.9094912983338
42.96694500131442,-87.9094911618386
42.966954000205845,-87.90949102534337
42.96696299909725,-87.9094908888481
42.966971997988665,-87.9094907523528
42.96697999700326,-87.90949063102359
42.966989004015446,-87.90949049440502
42.96699800290686,-87.90949035790959
42.96700700179827,-87.90949022141413
42.96701600068968,-87.90949008491862
42.96702499958109,-87.90948994842307
42.96703399847252,-87.90948981192749
42.967042997363926,-87.90948967543186
42.96705199625535,-87.90948953893619
42.96706100326753,-87.9094894023173
42.96707000215895,-87.90948926582155
42.96707900105036,-87.90948912932578
42.96708799994176,-87.90948899282994
42.967096998833185,-87.90948885633406
42.96710599772459,-87.90948871983818
42.967114996616004,-87.90948858334222
42.967124003628186,-87.90948844672306
42.967133002519596,-87.90948831022703
42.967142001411005,-87.90948817373096
42.96715100030242,-87.90948803723485
42.967159999193825,-87.90948790073871
42.967168998085235,-87.90948776424251
42.96717799697664,-87.90948762774629
42.96718700398882,-87.90948749112685
42.96719600288022,-87.90948735463054
42.96720500177164,-87.9094872181342
42.96721400066304,-87.9094870816378
42.967222999554444,-87.90948694514138
42.96723199844586,-87.90948680864491
42.967240997337264,-87.90948667214842
42.967249996228674,-87.90948653565187
42.96725800336402,-87.9094864141984
42.96726700225543,-87.90948627770176
42.96727600114683,-87.90948614120511
42.96728500003824,-87.90948600470841
42.96729399892966,-87.90948586821166
42.96730299782106,-87.90948573171488
42.96731199671246,-87.90948559521806
42.96732100372463,-87.90948545859803
42.96733000261602,-87.90948532210112
42.96733900150744,-87.90948518560418
42.967348000398836,-87.9094850491072
42.96735699929024,-87.90948491261018
42.96736599818164,-87.90948477611312
42.967374997073044,-87.90948463961602
42.96738399596445,-87.90948450311888
42.96739300297662,-87.90948436649852
42.96740200186802,-87.9094842300013
42.96741100075942,-87.90948409350405
42.967419999650815,-87.90948395700674
42.967428998542225,-87.90948382050941
42.96743799743363,-87.90948368401202
42.96744699632502,-87.9094835475146
42.96745600333719,-87.90948341089396
42.967465002228586,-87.90948327439646
42.96747400111999,-87.90948313789892
42.967483000011384,-87.90948300140133
42.96749199890279,-87.90948286490372
42.96750099779418,-87.90948272840606
42.96750999668558,-87.90948259190836
42.967519003697745,-87.90948245528743
42.967528002589134,-87.90948231878966
42.967536001603705,-87.90948219745826
42.9675450004951,-87.90948206096041
42.9675539993865,-87.90948192446251
42.9675629982779,-87.90948178796458
42.967571997169294,-87.9094816514666
42.96758099606069,-87.90948151496859
42.96759000307285,-87.90948137834737
42.967599001964246,-87.90948124184926
42.96760800085564,-87.90948110535113
42.96761699974703,-87.90948096885296
42.96762599863843,-87.90948083235473
42.96763499752982,-87.90948069585647
42.96764399642122,-87.90948055935819
42.96765300343336,-87.90948042273668
42.96766200232476,-87.9094802862383
42.967671001216154,-87.90948014973989
42.96768000010755,-87.90948001324143
42.96768899899894,-87.90947987674294
42.967697997890326,-87.9094797402444
42.967706996781715,-87.90947960374584
42.967716003793875,-87.90947946712403
42.96772500268527,-87.90947933062537
42.96773400157665,-87.90947919412669
42.96774300046804,-87.90947905762795
42.96775199935943,-87.90947892112918
42.967760998250824,-87.90947878463035
42.96776999714222,-87.90947864813151
42.9677789960336,-87.90947851163261
42.96778800304575,-87.9094783750105
42.96779700193713,-87.90947823851153
42.96780600082853,-87.90947810201251
42.96781399984309,-87.90947798068002
42.96782299873448,-87.90947784418094
42.967831997625865,-87.9094777076818
42.96784099651725,-87.90947757118263
42.96785000352939,-87.90947743456024
42.96785900242078,-87.90947729806099
42.96786800131217,-87.90947716156171
42.96787700020355,-87.90947702506239
42.96788599909493,-87.90947688856302
42.96789499798631,-87.90947675206361
42.96790399687771,-87.90947661556415
42.967913003889855,-87.90947647894149
42.967922002781236,-87.90947634244196
42.96793100167261,-87.9094762059424
42.967940000564006,-87.90947606944279
42.96794899945538,-87.90947593294314
42.96795799834676,-87.90947579644345
42.96796699723814,-87.90947565994371
42.967975996129525,-87.90947552344394
42.96798500314168,-87.90947538682096
42.96799400203305,-87.90947525032112
42.96800300092444,-87.90947511382123
42.968011999815815,-87.9094749773213
42.96802099870719,-87.90947484082133
42.96802999759857,-87.90947470432133
42.968038996489945,-87.90947456782126
42.96804800350209,-87.909474431198
42.968057002393465,-87.90947429469787
42.96806600128485,-87.90947415819771
42.96807500017622,-87.9094740216975
42.96808399906761,-87.90947388519726
42.96809199808216,-87.90947376386367
42.968100996973526,-87.90947362736335
42.96811000398568,-87.9094734907398
42.96811900287706,-87.9094733542394
42.96812800176843,-87.90947321773896
42.968137000659794,-87.90947308123847
42.96814599955117,-87.90947294473796
42.96815499844255,-87.9094728082374
42.968163997333924,-87.9094726717368
42.9681729962253,-87.90947253523615
42.96818200323744,-87.90947239861228
42.968191002128805,-87.90947226211156
42.968200001020186,-87.90947212561079
42.96820899991156,-87.90947198911
42.96821799880293,-87.90947185260916
42.9682269976943,-87.90947171610827
42.96823599658567,-87.90947157960736
42.96824500359781,-87.9094714429832
42.968254002489175,-87.9094713064822
42.96826300138055,-87.90947116998117
42.96827200027192,-87.90947103348007
42.968280999678186,-87.90947089881396
42.968289999508194,-87.9094708453576
42.96829899933819,-87.9094707919012
42.968307999168175,-87.90947073844481
42.96831699899816,-87.90947068498838
42.968325998828156,-87.90947063153193
42.968334998658165,-87.90947057807549
42.96834399848815,-87.90947052461902
42.96835300149838,-87.90947047114365
42.968362001328366,-87.90947041768715
42.968371001158374,-87.90947036423064
42.968381000969465,-87.9094703048345
42.96839000079946,-87.90947025137794
42.968399000629454,-87.90947019792138
42.96840800045944,-87.90947014446479
42.96841700028944,-87.9094700910082
42.968426000119436,-87.9094700375516
42.96843499994941,-87.90946998409497
42.96844399977941,-87.90946993063832
42.96845299960939,-87.90946987718166
42.96846199943939,-87.90946982372499
42.968470999269385,-87.9094697702683
42.96847999909938,-87.9094697168116
42.96848899892937,-87.90946966335488
42.96849799875936,-87.90946960989814
42.968506998589355,-87.9094695564414
42.968516998400446,-87.909469497045
42.96852600141068,-87.90946944356932
42.96853500124068,-87.90946939011252
42.968544001070676,-87.9094693366557
42.96855300090066,-87.90946928319887
42.96856200073065,-87.90946922974202
42.96857100056064,-87.90946917628516
42.96858000039064,-87.90946912282828
42.968589000220625,-87.90946906937138
42.96859800005062,-87.90946901591448
42.968606999880606,-87.90946896245755
42.968615999710586,-87.90946890900061
42.96862499954059,-87.90946885554365
42.96863399937059,-87.90946880208668
42.96864299920057,-87.90946874862969
42.96865199903057,-87.90946869517269
42.96866199884166,-87.909468635776
42.968670998671655,-87.90946858231896
42.96867999850164,-87.90946852886192
42.96868900151186,-87.90946847538595
42.96869800134186,-87.90946842192886
42.96870700117185,-87.90946836847178
42.968716001001845,-87.90946831501466
42.96872500083184,-87.90946826155754
42.96873400066182,-87.90946820810038
42.96874300049182,-87.90946815464322
42.9687520003218,-87.90946810118605
42.96876100013542,-87.90946806656055
42.968770000065845,-87.90946803236189
42.96877899999626,-87.90946799816322
42.96878799992668,-87.90946796396456
42.968796999857105,-87.90946792976587
42.96880599978753,-87.90946789556718
42.96881499971796,-87.90946786136847
42.96882399964838,-87.90946782716975
42.96883299957879,-87.90946779297103
42.96884199950921,-87.9094677587723
42.96885099943964,-87.90946772457356
42.96885999937005,-87.9094676903748
42.96886899930048,-87.90946765617603
42.96887799923089,-87.90946762197726
42.96888699916133,-87.90946758777847
42.96889599909174,-87.90946755357969
42.968904999022165,-87.90946751938087
42.96891400098711,-87.90946748517432
42.96892300091752,-87.9094674509755
42.968933000840224,-87.9094674129768
42.96894200077063,-87.90946737877795
42.968951000701054,-87.9094673445791
42.96896000063149,-87.90946731038024
42.9689690005619,-87.90946727618136
42.968978000492335,-87.90946724198247
42.96898700042275,-87.90946720778356
42.968996000353165,-87.90946717358467
42.96900500028359,-87.90946713938575
42.96901400021401,-87.90946710518683
42.96902300014443,-87.90946707098789
42.969032000074854,-87.90946703678895
42.96904100000526,-87.90946700258998
42.9690499999357,-87.90946696839102
42.96905899986611,-87.90946693419205
42.969067999796536,-87.90946689999306
42.96907699972696,-87.90946686579406
42.96908599965737,-87.90946683159505
42.969094999587796,-87.90946679739604
42.96910399951822,-87.90946676319702
42.96911299944864,-87.90946672899798
42.96912199937906,-87.90946669479894
42.96913099930947,-87.90946666059988
42.9691399992399,-87.90946662640081
42.96914899917033,-87.90946659220174
42.96915799910074,-87.90946655800265
42.96916699903117,-87.90946652380356
42.9691760009961,-87.90946648959671
42.96918500092653,-87.90946645539759
42.96919400085695,-87.90946642119847
42.96920300078737,-87.90946638699934
42.96921200071778,-87.9094663528002
42.969221000648204,-87.90946631860103
42.96923000057863,-87.90946628440187
42.969239000509056,-87.9094662502027
42.96924800043947,-87.90946621600351
42.969257000369886,-87.90946618180432
42.9692660003003,-87.9094661476051
42.96927500023072,-87.90946611340588
42.96928400016115,-87.90946607920667
42.96929300009157,-87.90946604500743
42.96930200002198,-87.90946601080819
42.969310999952405,-87.90946597660893
42.96931999988283,-87.90946594240967
42.96932899981326,-87.9094659082104
42.969337999743665,-87.90946587401109
42.96934699967409,-87.9094658398118
42.96935599960451,-87.9094658056125
42.96936499953493,-87.90946577141318
42.969373999465354,-87.90946573721386
42.969382999395776,-87.90946570301452
42.969391999326184,-87.90946566881517
42.96940099925661,-87.90946563461581
42.96940999918703,-87.90946560041645
42.96941899911746,-87.90946556621708
42.96942799904788,-87.90946553201769
42.969437001012814,-87.90946549781056
42.96944600094323,-87.90946546361116
42.96945500087366,-87.90946542941174
42.969464000804074,-87.90946539521231
42.969473000734496,-87.90946536101288
42.969482000664904,-87.90946532681343
42.969491000595326,-87.90946529261397
42.96950100051803,-87.90946525461457
42.969510000448444,-87.90946522041509
42.96951900037885,-87.9094651862156
42.96952800030929,-87.9094651520161
42.969537000239704,-87.9094651178166
42.969546000170126,-87.90946508361708
42.96955500010054,-87.90946504941755
42.969564000030964,-87.90946501521802
42.96957299996138,-87.90946498101846
42.9695819998918,-87.90946494681891
42.96959099982222,-87.90946491261934
42.96959999975264,-87.90946487841975
42.96960899968306,-87.90946484422017
42.969617999613476,-87.90946481002058
42.969626999543905,-87.90946477582096
42.96963599947431,-87.90946474162135
42.969644999404736,-87.90946470742173
42.96965399933516,-87.90946467322209
42.969662999265566,-87.90946463902243
42.969671999196,-87.90946460482279
42.969680999126425,-87.90946457062311
42.96968999905684,-87.90946453642344
42.969698998987255,-87.90946450222376
42.9697080009522,-87.90946446801632
42.96971700088263,-87.90946443381661
42.96972599953035,-87.90946440021814
42.9697349995072,-87.909464419944
42.969743999484045,-87.90946443966986
42.9697529994609,-87.90946445939574
42.969761999437765,-87.90946447912161
42.96976999941718,-87.90946449665574
42.96977900056752,-87.9094645163842
42.96978800054436,-87.90946453611011
42.96979700052122,-87.90946455583601
42.96980600049808,-87.90946457556191
42.969815000474924,-87.90946459528783
42.96982400045177,-87.90946461501375
42.96983300042863,-87.90946463473966
42.96984200040547,-87.90946465446561
42.96985100038233,-87.90946467419155
42.96985900036175,-87.90946469172572
42.96986800033861,-87.90946471145166
42.96987700031545,-87.90946473117762
42.96988600029232,-87.90946475090358
42.96989500026917,-87.90946477062954
42.96990400024602,-87.90946479035551
42.96991300022287,-87.9094648100815
42.969922000199716,-87.90946482980748
42.96993100017659,-87.90946484953346
42.96994000015343,-87.90946486925945
42.969948000132845,-87.90946488679367
42.969957000109694,-87.90946490651967
42.96996600008655,-87.90946492624569
42.9699750000634,-87.9094649459717
42.96998400004025,-87.90946496569774
42.969993000017105,-87.90946498542377
42.970001999993954,-87.9094650051498
42.9700109999708,-87.90946502487584
42.97001999994766,-87.90946504460189
42.97002899992451,-87.90946506432793
42.97003699990393,-87.90946508186221
42.97004599988079,-87.90946510158828
42.97005499985764,-87.90946512131434
42.9700639998345,-87.90946514104041
42.97007299981134,-87.90946516076649
42.97008199978819,-87.90946518049259
42.970090899999995,-87.90946520000001
42.970100000571065,-87.90946511712221
42.97010900017146,-87.9094650351639
42.97011799977184,-87.90946495320559
42.970126999372226,-87.90946487124725
42.97013599897261,-87.90946478928888
42.970144998573005,-87.90946470733049
42.970153998173394,-87.90946462537207
42.97016299777377,-87.90946454341363
42.970172002249754,-87.90946446141076
42.97018100185013,-87.90946437945227
42.97019000145053,-87.90946429749376
42.97019900105091,-87.90946421553524
42.97020800065129,-87.90946413357666
42.97021700025167,-87.90946405161809
42.97022599985206,-87.90946396965947
42.97023499945246,-87.90946388770084
42.97024399905283,-87.90946380574219
42.97025299865322,-87.9094637237835
42.970261998253605,-87.9094636418248
42.97027099785399,-87.90946355986607
42.97028000232997,-87.90946347786293
42.97028900193036,-87.90946339590414
42.970298001530736,-87.90946331394534
42.97030700113112,-87.90946323198652
42.9703160007315,-87.90946315002768
42.97032500033189,-87.9094630680688
42.97033399993228,-87.9094629861099
42.97034299953266,-87.90946290415098
42.970351999133044,-87.90946282219204
42.97036099873342,-87.90946274023307
42.970369998333815,-87.90946265827408
42.97037899793419,-87.90946257631506
42.970388002410175,-87.90946249431161
42.97039700201055,-87.90946241235255
42.97040600161093,-87.90946233039348
42.97041500121133,-87.90946224843437
42.970424000811704,-87.90946216647522
42.970433000412086,-87.90946208451606
42.97044200001246,-87.90946200255688
42.97045099961285,-87.90946192059766
42.97046099916883,-87.90946182953186
42.97046999876921,-87.90946174757259
42.97047899836959,-87.9094616656133
42.970487997969975,-87.90946158365401
42.97049699757036,-87.90946150169468
42.97050600204634,-87.90946141969091
42.97051500164671,-87.90946133773154
42.97052400124709,-87.90946125577214
42.97053300084748,-87.90946117381272
42.97054200044786,-87.90946109185327
42.970551000048246,-87.90946100989379
42.97055999964862,-87.90946092793429
42.970568999249,-87.90946084597476
42.97057799884939,-87.90946076401524
42.97058699844977,-87.90946068205565
42.97059599805015,-87.90946060009605
42.970604997650526,-87.90946051813644
42.97061400212649,-87.90946043613239
42.97062300172689,-87.90946035417274
42.97063200132726,-87.90946027221304
42.970641000927635,-87.90946019025333
42.97065000052802,-87.90946010829359
42.970659000128386,-87.90946002633383
42.97066799972879,-87.90945994437403
42.970676999329164,-87.90945986241424
42.970685998929525,-87.9094597804544
42.97069499852992,-87.90945969849454
42.9707039981303,-87.90945961653466
42.97071299773067,-87.90945953457475
42.97072200220665,-87.90945945257042
42.97073100180703,-87.90945937061046
42.97074000140741,-87.9094592886505
42.97074900100778,-87.90945920669049
42.97075800060816,-87.90945912473045
42.97076700020854,-87.90945904277041
42.970775999808914,-87.90945896081034
42.97078499940929,-87.90945887885023
42.970793999009665,-87.9094587968901
42.970802998610054,-87.90945871492997
42.970811998210436,-87.90945863296979
42.97082099781081,-87.9094585510096
42.970830002286775,-87.90945846900499
42.97083900188715,-87.90945838704474
42.97084800148753,-87.90945830508447
42.97085700108791,-87.90945822312419
42.97086600068828,-87.90945814116387
42.97087500028866,-87.90945805920353
42.97088399988905,-87.90945797724316
42.97089299948942,-87.90945789528278
42.9709019990898,-87.90945781332238
42.970910998690165,-87.90945773136194
42.97091999829055,-87.90945764940149
42.97092899789092,-87.909457567441
42.97093800236689,-87.90945748543609
42.97094700196727,-87.90945740347557
42.97095600156765,-87.90945732151502
42.97096500116802,-87.90945723955444
42.9709740007684,-87.90945715759383
42.97098300036877,-87.9094570756332
42.97099199996915,-87.90945699367256
42.971000999569526,-87.90945691171189
42.9710099991699,-87.90945682975118
42.97101899877027,-87.90945674779047
42.971027998370644,-87.90945666582972
42.97103699797103,-87.90945658386896
42.971046002447,-87.90945650186376
42.971055002047365,-87.90945641990294
42.97106400164775,-87.90945633794209
42.97107400120372,-87.90945624687447
42.971083000804086,-87.90945616491356
42.971092000404454,-87.90945608295266
42.97110100000484,-87.90945600099171
42.97110999960522,-87.90945591903075
42.971118999205586,-87.90945583706977
42.971127998805954,-87.90945575510875
42.97113699840633,-87.90945567314772
42.971145998006705,-87.90945559118666
42.97115499760709,-87.90945550922557
42.97116400208305,-87.90945542722005
42.97117300168342,-87.90945534525893
42.97118200128379,-87.90945526329777
42.971191000884154,-87.90945518133658
42.97120000048454,-87.90945509937538
42.97120900008491,-87.90945501741416
42.97121799968529,-87.9094549354529
42.97122699928565,-87.90945485349162
42.97123599888602,-87.90945477153033
42.971244998486405,-87.909454689569
42.97125399808677,-87.90945460760766
42.97126299768714,-87.90945452564628
42.971272002163104,-87.90945444364048
42.97128100176348,-87.90945436167907
42.971290001363855,-87.90945427971762
42.971299000964216,-87.90945419775616
42.97130800056458,-87.90945411579466
42.97131700016496,-87.90945403383314
42.97132599976534,-87.90945395187161
42.97133499936571,-87.90945386991004
42.97134399896607,-87.90945378794845
42.971352998566445,-87.90945370598685
42.97136199816682,-87.90945362402522
42.97137099776718,-87.90945354206356
42.97138000224316,-87.90945346005746
42.97138900184353,-87.90945337809576
42.97139800144389,-87.90945329613402
42.97140700104427,-87.90945321417227
42.97141600064464,-87.9094531322105
42.971425000245,-87.90945305024869
42.971433999845374,-87.90945296828686
42.97144299944575,-87.909452886325
42.97145199904612,-87.90945280436313
42.97146099864648,-87.90945272240123
42.971469998246846,-87.90945264043931
42.97147899784722,-87.90945255847735
42.971488002323184,-87.90945247647099
42.971497001923545,-87.90945239450899
42.97150600152393,-87.90945231254697
42.97151500112429,-87.90945223058492
42.971524000724656,-87.90945214862285
42.97153300032503,-87.90945206666078
42.97154199992539,-87.90945198469865
42.97155099952575,-87.9094519027365
42.97155999946382,-87.90945184411055
42.971568999264946,-87.90945178629157
42.971577999066085,-87.90945172847259
42.97158699886722,-87.90945167065357
42.97159599866835,-87.90945161283454
42.97160499846948,-87.90945155501551
42.97161400171002,-87.90945149717436
42.97162300151116,-87.90945143935528
42.971632001312294,-87.90945138153617
42.97164100111342,-87.90945132371706
42.97165000091455,-87.90945126589794
42.97165900071569,-87.9094512080788
42.971668000516814,-87.90945115025964
42.97167700031794,-87.90945109244046
42.97168600011907,-87.90945103462127
42.9716949999202,-87.90945097680206
42.97170399972134,-87.90945091898283
42.971712999522474,-87.90945086116358
42.971721999323606,-87.90945080334431
42.97173099912473,-87.90945074552504
42.97173999892586,-87.90945068770574
42.971748998726994,-87.90945062988642
42.971757998528126,-87.9094505720671
42.97176699832926,-87.90945051424775
42.97177600156981,-87.90945045640629
42.97178500137093,-87.90945039858691
42.971794001172064,-87.90945034076752
42.9718030009732,-87.9094502829481
42.97181200077432,-87.90945022512867
42.97182100057545,-87.90945016730922
42.97183000037657,-87.90945010948975
42.971839000177724,-87.90945005167028
42.97184799997885,-87.90944999385077
42.97185699977998,-87.90944993603125
42.971865999581105,-87.90944987821172
42.97187499938224,-87.90944982039217
42.971883999183376,-87.9094497625726
42.9718929989845,-87.90944970475302
42.97190199878563,-87.90944964693342
42.97191099858676,-87.9094495891138
42.97191999838789,-87.90944953129417
42.97192900162844,-87.90944947345243
42.971938001429564,-87.90944941563275
42.97194700123069,-87.90944935781306
42.97195600064309,-87.90944929999742
42.97196500056584,-87.90944926396116
42.971974000488586,-87.90944922792491
42.971983000411335,-87.90944919188864
42.97199200033409,-87.90944915585236
42.97200100025684,-87.90944911981606
42.97201000017959,-87.90944908377975
42.97201900010235,-87.90944904774345
42.972028000025105,-87.90944901170712
42.972036999947846,-87.90944897567078
42.97204599987061,-87.90944893963444
42.97205499979334,-87.90944890359809
42.9720639997161,-87.90944886756172
42.97207299963885,-87.90944883152534
42.972081999561595,-87.90944879548896
42.972090999484344,-87.90944875945254
42.9720999994071,-87.90944872341615
42.972108999329855,-87.90944868737974
42.97211799925261,-87.9094486513433
42.97212699917536,-87.90944861530686
42.97213599909811,-87.90944857927042
42.97214499902086,-87.90944854323395
42.97215399894362,-87.90944850719748
42.97216300100999,-87.9094484711524
42.97217200093274,-87.90944843511592
42.972181000855485,-87.90944839907941
42.97219000077824,-87.9094483630429
42.97219900070098,-87.90944832700637
42.97220800062374,-87.90944829096983
42.97221700054648,-87.9094482549333
42.97222600046924,-87.90944821889674
42.97223500039198,-87.90944818286017
42.97224400031473,-87.90944814682359
42.972253000237494,-87.90944811078701
42.972262000160235,-87.90944807475042
42.972271000083,-87.90944803871379
42.97228000000574,-87.90944800267718
42.972288999928494,-87.90944796664054
42.97229799985125,-87.9094479306039
42.97230699977399,-87.90944789456725
42.97231599969674,-87.90944785853058
42.97232499961949,-87.90944782249393
42.972333999542236,-87.90944778645724
42.97234299946499,-87.90944775042054
42.97235199938774,-87.90944771438384
42.97236199930191,-87.90944767434306
42.97237099922466,-87.90944763830632
42.97237999914741,-87.90944760226958
42.972388999070155,-87.90944756623283
42.9723979989929,-87.90944753019608
42.97240700105928,-87.90944749415073
42.97241600098203,-87.90944745811395
42.97242500090478,-87.90944742207715
42.972434000827526,-87.90944738604037
42.97244300075028,-87.90944735000355
42.97245200067303,-87.90944731396672
42.97246100059579,-87.9094472779299
42.972470000518534,-87.90944724189306
42.97247900044128,-87.9094472058562
42.97248800036404,-87.90944716981933
42.972497000286786,-87.90944713378246
42.972506000209535,-87.90944709774557
42.97251500013228,-87.90944706170868
42.97252400005503,-87.90944702567178
42.97253299997778,-87.90944698963487
42.97254199990053,-87.90944695359794
42.97255099982328,-87.90944691756101
42.97255999974603,-87.90944688152405
42.97256899966877,-87.9094468454871
42.97257799959153,-87.90944680945012
42.97258699951428,-87.90944677341314
42.97259599943703,-87.90944673737616
42.97260499935978,-87.90944670133915
42.97261399928252,-87.90944666530214
42.97262299920528,-87.90944662926512
42.972631999128026,-87.9094465932281
42.97264099905078,-87.90944655719105
42.97264999897352,-87.909446521154
42.97265900103991,-87.90944648510835
42.97266800096265,-87.90944644907128
42.9726770008854,-87.90944641303419
42.97268600080815,-87.9094463769971
42.97269500073089,-87.90944634095999
42.97270400065364,-87.90944630492287
42.9727130005764,-87.90944626888574
42.97272200049914,-87.90944623284861
42.9727310004219,-87.90944619681146
42.972740000344636,-87.90944616077431
42.9727490002674,-87.90944612473713
42.97275800019014,-87.90944608869995
42.97276700011289,-87.90944605266276
42.972776000035644,-87.90944601662557
42.972784999958385,-87.90944598058834
42.972793999881134,-87.90944594455112
42.97280299980388,-87.9094459085139
42.97281199972663,-87.90944587247665
42.97282099964938,-87.9094458364394
42.972829999572134,-87.90944580040214
42.97283899898337,-87.90944573599063
42.9728479987341,-87.90944567125642
42.97285699848483,-87.90944560652218
42.97286599823555,-87.90944554178795
42.9728750018369,-87.90944547702597
42.97288400158762,-87.9094454122917
42.97289300133835,-87.9094453475574
42.97290200108907,-87.90944528282307
42.9729110008398,-87.90944521808873
42.972920000590534,-87.90944515335437
42.972929000341246,-87.90944508861999
42.97293800009197,-87.9094450238856
42.9729469998427,-87.90944495915117
42.97295599959343,-87.90944489441674
42.972964999344164,-87.90944482968229
42.97297399909488,-87.90944476494782
42.9729829988456,-87.90944470021333
42.97299199859632,-87.9094446354788
42.97300099834705,-87.90944457074428
42.97300899812548,-87.90944451320246
42.97301800172682,-87.9094444484402
42.97302700147755,-87.9094443837056
42.973036001228266,-87.90944431897101
42.97304500097899,-87.90944425423639
42.97305400072972,-87.90944418950174
42.97306300048045,-87.90944412476708
42.97307200023117,-87.9094440600324
42.973080999981896,-87.9094439952977
42.973089999732615,-87.90944393056299
42.97309899948335,-87.90944386582825
42.97310799923407,-87.9094438010935
42.9731169989848,-87.90944373635872
42.97312599873551,-87.90944367162393
42.97313499848624,-87.90944360688913
42.973143998236964,-87.90944354215429
42.9731530018383,-87.90944347739175
42.973162001589024,-87.90944341265687
42.97317100133975,-87.90944334792198
42.97318000109047,-87.90944328318707
42.9731890008412,-87.90944321845215
42.97319800059192,-87.9094431537172
42.97320700034263,-87.90944308898224
42.973216000093366,-87.90944302424725
42.97322499984409,-87.90944295951225
42.97323399959482,-87.90944289477724
42.97324299934554,-87.9094428300422
42.97325199909626,-87.90944276530713
42.973260998846975,-87.90944270057206
42.97326999859771,-87.90944263583697
42.97327899834843,-87.90944257110185
42.97328799809916,-87.9094425063667
42.973297001700494,-87.90944244160386
42.97330500147891,-87.90944238406149
42.97331400122964,-87.9094423193263
42.97332300098036,-87.90944225459108
42.97333200073109,-87.90944218985587
42.9733410004818,-87.90944212512062
42.97335000023253,-87.90944206038535
42.973358999983255,-87.90944199565007
42.97336799973398,-87.90944193091477
42.973376999484685,-87.90944186617945
42.97338599923542,-87.9094418014441
42.97339499483728,-87.9094415920789
42.9734040047976,-87.90944137907199
42.97341300210553,-87.9094411663641
42.97342199941346,-87.90944095365619
42.9734309967214,-87.90944074094818
42.97343999402933,-87.90944052824013
42.97345000369052,-87.90944029159864
42.97345900099845,-87.90944007889044
42.973467998306376,-87.9094398661822
42.97347699561431,-87.90943965347387
42.973486005574614,-87.90943944046637
42.97349500288253,-87.90943922775794
42.97350400019047,-87.90943901504943
42.97351299749839,-87.90943880234086
42.973521994806326,-87.90943858963223
42.97353100476662,-87.90943837662444
42.97354000207454,-87.90943816391568
42.973548999382466,-87.90943795120687
42.97355799669039,-87.909437738498
42.973566993998325,-87.90943752578904
42.97357600395861,-87.90943731278092
42.97358500126653,-87.90943710007187
42.97359399857445,-87.90943688736274
42.97360299588236,-87.90943667465356
42.97361200584266,-87.90943646164519
42.97362100315057,-87.90943624893588
42.97363000045849,-87.90943603622651
42.97363999746728,-87.90943579988267
42.9736489947752,-87.90943558717318
42.97365800473548,-87.90943537416447
42.9736670020434,-87.90943516145485
42.973675999351315,-87.90943494874517
42.97368499665922,-87.90943473603541
42.973693993967146,-87.90943452332559
42.973703003927426,-87.90943431031658
42.97371199919806,-87.90943410146453
42.97372099814801,-87.90943423432286
42.97372999709796,-87.9094343671812
42.973740003833875,-87.9094345149183
42.97374900278382,-87.90943464777675
42.97375800173377,-87.90943478063522
42.97376700068371,-87.90943491349373
42.97377699951697,-87.90943506111434
42.97378599846692,-87.90943519397294
42.97379499741687,-87.90943532683157
42.97380399636682,-87.90943545969024
42.97381400501277,-87.90943561219383
42.973822002516705,-87.9094358052985
42.97383099970863,-87.90943602254131
42.97383999690056,-87.90943623978418
42.97384899409248,-87.90943645702713
42.97385800420635,-87.90943667458214
42.97386700139826,-87.90943689182521
42.97387599859018,-87.90943710906834
42.973884995782115,-87.90943732631152
42.97389400589597,-87.90943754386679
42.973903003087884,-87.90943776111011
42.973912000279796,-87.9094379783535
42.97392099747172,-87.90943819559693
42.97392999466364,-87.90943841284044
42.973939004777485,-87.90943863039604
42.973948001969404,-87.90943884763966
42.973956999161324,-87.90943906488336
42.973965996353236,-87.90943928212714
42.97397499354515,-87.90943949937096
42.97398400365899,-87.90943971692685
42.9739930008509,-87.90943993417082
42.974001998042816,-87.90944015141484
42.974010995234735,-87.9094403686589
42.974020005348585,-87.90944058621507
42.97402900254048,-87.90944080345928
42.974037000044405,-87.9094409965653
42.97404599723631,-87.90944121380963
42.97405499442821,-87.90944143105402
42.97406400454205,-87.90944164861048
42.97407300173395,-87.909441865855
42.97408199892586,-87.90944208309959
42.97409099611776,-87.90944230034424
42.9741000062316,-87.90944251790096
42.9741090034235,-87.90944273514573
42.974118000615405,-87.90944295239058
42.9741269978073,-87.90944316963547
42.9741359949992,-87.90944338688044
42.97414500511304,-87.90944360443747
42.97415400230493,-87.90944382168257
42.97416299949682,-87.90944403892773
42.974171996688725,-87.90944425617295
42.97418099388061,-87.90944447341823
42.974190003994444,-87.90944469097559
42.974199001186335,-87.90944490822099
42.97420799837822,-87.90944512546646
42.97421699557012,-87.90944534271202
42.97422600568394,-87.90944556026963
42.97423500287584,-87.90944577751529
42.97424400006772,-87.90944599476101
42.9742525,-87.90944619999999
42.974260999103905,-87.90944625564934
42.974269998897356,-87.90944631457707
42.97427899869082,-87.9094463735048
42.974287998484265,-87.90944643243256
42.97429699827771,-87.90944649136033
42.97430600157623,-87.90944655031107
42.974315001369675,-87.90944660923887
42.97432400116312,-87.90944666816671
42.97433300095658,-87.90944672709453
42.97434200075003,-87.9094467860224
42.97435100054347,-87.90944684495027
42.974360000336915,-87.90944690387816
42.97436900013037,-87.90944696280607
42.97437799992382,-87.909447021734
42.97438699971726,-87.90944708066193
42.97439599951072,-87.9094471395899
42.97440499930416,-87.90944719851788
42.97441399909762,-87.90944725744588
42.97442299889107,-87.90944731637389
42.974431998684516,-87.90944737530192
42.97444099847797,-87.90944743422996
42.9744499982714,-87.90944749315804
42.974459001569926,-87.90944755210907
42.97446800136337,-87.90944761103717
42.97447700115682,-87.90944766996529
42.97448600095027,-87.90944772889343
42.97449500074371,-87.90944778782156
42.974504000537166,-87.90944784674974
42.97451300033061,-87.90944790567792
42.97452200012407,-87.90944796460612
42.97453099991751,-87.90944802353434
42.974539999710956,-87.90944808246257
42.974548999504414,-87.90944814139083
42.97455799929786,-87.9094482003191
42.97456699909131,-87.90944825924738
42.97457599888475,-87.9094483181757
42.974584998678196,-87.90944837710403
42.97459399847165,-87.90944843603236
42.974602998265105,-87.90944849496073
42.9746120015636,-87.90944855391204
42.97462100135705,-87.90944861284044
42.97463000115049,-87.90944867176884
42.97463900094395,-87.90944873069726
42.97464800073739,-87.90944878962573
42.97465700053085,-87.90944884855419
42.974666000324284,-87.90944890748267
42.974675000117735,-87.90944896641115
42.974683999911186,-87.90944902533967
42.97469299970463,-87.9094490842682
42.97470199949808,-87.90944914319675
42.97471099929152,-87.9094492021253
42.97471999908496,-87.9094492610539
42.97472899887841,-87.90944931998249
42.97473799867187,-87.9094493789111
42.97474699846531,-87.90944943783975
42.974755998258765,-87.90944949676839
42.97476500155726,-87.90944955572002
42.97477400135072,-87.9094496146487
42.97478300114417,-87.9094496735774
42.974792000937605,-87.90944973250612
42.97480100073105,-87.90944979143487
42.9748100005245,-87.9094498503636
42.97481900031794,-87.90944990929239
42.97482800011139,-87.90944996822117
42.97483699990484,-87.90945002714999
42.97484599969829,-87.9094500860788
42.974854999491725,-87.90945014500765
42.97486399928517,-87.9094502039365
42.97487299907863,-87.90945026286538
42.97488199887207,-87.90945032179428
42.97489099866551,-87.90945038072317
42.97489999845895,-87.9094504396521
42.9749089982524,-87.90945049858105
42.97491800155091,-87.90945055753296
42.97492700134436,-87.90945061646194
42.974936001137806,-87.90945067539094
42.97494500093124,-87.90945073431996
42.974954000724686,-87.90945079324898
42.974963000518144,-87.90945085217803
42.97497200031158,-87.90945091110709
42.974981000105025,-87.90945097003618
42.97498999989847,-87.90945102896528
42.97499899969191,-87.9094510878944
42.97500799948536,-87.90945114682353
42.97501699927881,-87.90945120575269
42.97502599907225,-87.90945126468185
42.97503499886569,-87.90945132361104
42.975043998659146,-87.90945138254024
42.9750529984526,-87.90945144146946
42.975061998246034,-87.9094515003987
42.97507100154454,-87.9094515593509
42.975080001337986,-87.90945161828017
42.97508900113143,-87.90945167720946
42.97509800092488,-87.90945173613876
42.97510700071831,-87.9094517950681
42.975116000511754,-87.90945185399744
42.975125000305205,-87.9094519129268
42.97513400009865,-87.90945197185616
42.97514299989209,-87.90945203078556
42.975151999685544,-87.90945208971497
42.97515999950193,-87.90945214209668
42.97516899929538,-87.90945220102613
42.97517799908882,-87.90945225995559
42.97518699888226,-87.90945231888506
42.97519599867571,-87.90945237781455
42.97520499846915,-87.90945243674408
42.975213998262596,-87.90945249567359
42.975223001561105,-87.90945255462609
42.97523200135454,-87.90945261355564
42.97524100114798,-87.90945267248523
42.97525000094143,-87.90945273141483
42.97525900073487,-87.90945279034446
42.97526800052831,-87.90945284927407
42.97527700032176,-87.90945290820373
42.9752860001152,-87.90945296713339
42.97529499990864,-87.90945302606308
42.97530399970209,-87.90945308499278
42.975312999495536,-87.9094531439225
42.97532199928897,-87.90945320285225
42.975330999082416,-87.90945326178199
42.97533999887587,-87.90945332071176
42.97534899866931,-87.90945337964155
42.97535799846275,-87.90945343857136
42.97536699825619,-87.90945349750118
42.97537600155469,-87.90945355645397
42.97538500134814,-87.90945361538382
42.97539400114158,-87.9094536743137
42.975403000935025,-87.9094537332436
42.97541200072846,-87.9094537921735
42.9754210005219,-87.90945385110342
42.97543000031535,-87.90945391003336
42.97543900010879,-87.90945396896333
42.97544799990222,-87.9094540278933
42.97545699969567,-87.9094540868233
42.9754659994891,-87.90945414575332
42.97547499928257,-87.90945420468333
42.975483999076005,-87.90945426361338
42.97549299886944,-87.90945432254344
42.97550199866288,-87.90945438147352
42.97551099845633,-87.90945444040362
42.97552000175482,-87.9094544993567
42.97552900299144,-87.90945436290475
42.975538001849195,-87.90945422433326
42.975547000706946,-87.90945408576172
42.97555599956468,-87.90945394719013
42.975564998422435,-87.9094538086185
42.975573997280186,-87.90945367004683
42.97558299613793,-87.90945353147512
42.97559200323767,-87.90945339277647
42.97560100209542,-87.90945325420469
42.975610000953175,-87.90945311563286
42.97561899981092,-87.909452977061
42.975627998668664,-87.90945283848909
42.97563699752641,-87.90945269991714
42.97564599638415,-87.90945256134513
42.975655003483894,-87.9094524226462
42.97566400234164,-87.90945228407412
42.975673001199375,-87.90945214550202
42.97568200005712,-87.90945200692987
42.975690998914864,-87.90945186835766
42.975699997772615,-87.90945172978545
42.97570899663036,-87.90945159121317
42.975718003730094,-87.90945145251393
42.975727002587824,-87.90945131394157
42.97573600144557,-87.90945117536918
42.97574500030332,-87.90945103679675
42.97575399916107,-87.90945089822428
42.9757629980188,-87.90945075965176
42.97577199687654,-87.9094506210792
42.975781003976266,-87.90945048237968
42.97579000283401,-87.90945034380705
42.975799001691755,-87.90945020523436
42.97580800054949,-87.90945006666166
42.97581699940723,-87.90944992808889
42.97582499839189,-87.90944980491308
42.97583399724963,-87.90944966634024
42.975842996107374,-87.90944952776735
42.9758520032071,-87.90944938906752
42.97586100206484,-87.90944925049456
42.975870000922576,-87.90944911192157
42.97587899978031,-87.90944897334853
42.97588799863804,-87.90944883477545
42.97589699749579,-87.90944869620232
42.97590599635351,-87.90944855762916
42.97591500345325,-87.90944841892905
42.97592400231098,-87.9094482803558
42.97593300116872,-87.90944814178252
42.97594200002645,-87.9094480032092
42.975950998884194,-87.90944786463584
42.975959997741924,-87.90944772606244
42.975968996599654,-87.90944758748898
42.97597800369938,-87.90944744878858
42.97598700255712,-87.90944731021504
42.97599600141485,-87.90944717164149
42.976005000272586,-87.90944703306788
42.97601399913031,-87.90944689449424
42.97602299798804,-87.90944675592054
42.97603199684578,-87.9094466173468
42.976041003945504,-87.90944647864613
42.976050002803234,-87.90944634007231
42.976059001660964,-87.90944620149847
42.97606800051868,-87.90944606292457
42.97607699937641,-87.90944592435065
42.97608599823415,-87.90944578577667
42.97609499709188,-87.90944564720266
42.976103995949615,-87.90944550862861
42.97611300304932,-87.90944536992758
42.97612200190705,-87.90944523135346
42.97613100076479,-87.90944509277928
42.97613999962252,-87.90944495420507
42.97614899848024,-87.9094448156308
42.976157997337964,-87.90944467705651
42.97616699619569,-87.90944453848218
42.976176003295414,-87.90944439978088
42.97618500215314,-87.90944426120647
42.97619400101086,-87.90944412263201
42.97620299986858,-87.9094439840575
42.976211998726306,-87.90944384548295
42.97622099758404,-87.90944370690838
42.976229996441766,-87.90944356833376
42.97623900354147,-87.90944342963218
42.9762480023992,-87.90944329105749
42.97625700125692,-87.90944315248274
42.97626600011464,-87.90944301390796
42.97627499897237,-87.90944287533314
42.976283997830095,-87.90944273675827
42.97629299668781,-87.90944259818336
42.97630200378752,-87.90944245948148
42.97631100264525,-87.90944232090652
42.97632000150297,-87.90944218233147
42.976329000360685,-87.90944204375641
42.976336999345314,-87.90944192057854
42.976345998203044,-87.9094417820034
42.97635499706076,-87.90944164342821
42.97636400416047,-87.90944150472608
42.976373003018196,-87.9094413661508
42.97638200187591,-87.9094412275755
42.976391000733635,-87.90944108900015
42.97639999959135,-87.90944095042477
42.97640899844907,-87.90944081184934
42.97641799730679,-87.90944067327386
42.97642699616451,-87.90944053469835
42.97643600326422,-87.90944039599589
42.97644500212193,-87.9094402574203
42.976454000979636,-87.90944011884467
42.97646299983735,-87.909439980269
42.97647199869508,-87.90943984169328
42.97648099755279,-87.90943970311754
42.97649000713592,-87.90943942135809
42.97649900231622,-87.90943913676672
42.97650799749651,-87.90943885217526
42.9765169926768,-87.90943856758372
42.97652600478356,-87.90943828245658
42.976534999963846,-87.90943799786487
42.97654399514412,-87.90943771327308
42.976553007250885,-87.9094374281457
42.97656200243117,-87.90943714355373
42.97657099761145,-87.90943685896168
42.97657999279173,-87.90943657436958
42.97658900489846,-87.90943628924184
42.976598000078745,-87.90943600464955
42.97660699525902,-87.90943572005717
42.97661600736576,-87.90943543492921
42.97662500254604,-87.90943515033666
42.9766339977263,-87.90943486574403
42.976642992906584,-87.90943458115133
42.976652005013314,-87.90943429602302
42.97666100019358,-87.90943401143015
42.97666999537384,-87.9094337268372
42.97667900748058,-87.90943344170863
42.976688002660836,-87.9094331571155
42.9766969978411,-87.9094328725223
42.97670599302136,-87.90943258792902
42.97671500512809,-87.90943230280013
42.97672400030833,-87.90943201820666
42.9767329954886,-87.90943173361312
42.97674200759531,-87.90943144848397
42.97675100277557,-87.90943116389028
42.976759997955824,-87.9094308792965
42.97676899313607,-87.90943059470263
42.97677800524279,-87.90943030957314
42.97678700042304,-87.9094300249791
42.97679599560328,-87.90942974038498
42.97680500770999,-87.90942945525525
42.97681400289023,-87.90942917066096
42.97682299807048,-87.90942888606659
42.97683199325071,-87.90942860147213
42.97684100535742,-87.90942831634207
42.97685000053766,-87.90942803174745
42.97685899571789,-87.90942774715273
42.9768680078246,-87.90942746202242
42.97687700300483,-87.90942717742755
42.97688599818507,-87.9094268928326
42.976894993365285,-87.90942660823755
42.97690400547199,-87.90942632310691
42.976913000652225,-87.90942603851171
42.97692199583244,-87.90942575391642
42.976931007939136,-87.90942546878553
42.97693900365489,-87.90942521581178
42.976947998835115,-87.90942493121626
42.97695699401534,-87.90942464662065
42.976966006122005,-87.90942436148943
42.976975001302236,-87.90942407689366
42.97698399648245,-87.90942379229779
42.97699300858913,-87.90942350716631
42.97700200376935,-87.9094232225703
42.97701099894956,-87.90942293797418
42.977019994129776,-87.90942265337799
42.97702900623645,-87.90942236824617
42.97703800141666,-87.90942208364982
42.97704699659686,-87.90942179905336
42.97705599177707,-87.90942151445685
42.97706500388374,-87.9094212293247
42.97707399906394,-87.90942094472801
42.97708299424416,-87.90942066013123
42.97709200635081,-87.90942037499883
42.977101001531004,-87.9094200904019
42.9771099967112,-87.90941980580487
42.977118991891395,-87.90941952120775
42.97712800399806,-87.90941923607502
42.97713699917825,-87.90941895147776
42.97714599435844,-87.90941866688038
42.977155006465104,-87.90941838174741
42.97716400164529,-87.9094180971499
42.97717299682549,-87.90941781255228
42.977181992005654,-87.90941752795459
42.977191004112306,-87.90941724282128
42.9771999992925,-87.90941695822342
42.977208994472676,-87.90941667362547
42.97721800657932,-87.90941638849192
42.9772270017595,-87.9094161038938
42.97723599693967,-87.90941581929562
42.97724499211985,-87.90941553469735
42.977254004226495,-87.90941524956344
42.97726299940667,-87.909414964965
42.97727199458684,-87.90941468036647
42.977281006693474,-87.90941439523233
42.97729000187365,-87.90941411063363
42.977298997053815,-87.90941382603485
42.97730799223398,-87.909413541436
42.977317004340605,-87.90941325630152
42.977325999520765,-87.9094129717025
42.97733499470093,-87.90941268710338
42.97734400680756,-87.90941240196865
42.977353001987716,-87.90941211736938
42.97736199716787,-87.90941183277003
42.97737099234803,-87.90941154817058
42.977380004454645,-87.90941126303552
42.977388999634805,-87.9094109784359
42.97739799233109,-87.90941069108003
42.97740700677737,-87.90941027300639
42.97741599642726,-87.90940985608262
42.97742501087353,-87.90940943800872
42.97743400052344,-87.90940902108471
42.977442990173316,-87.90940860416059
42.97745300346956,-87.9094081397614
42.97746199311945,-87.90940772283702
42.97747100756572,-87.9094073047625
42.97747999721558,-87.90940688783786
42.97748901166183,-87.9094064697631
42.9774980013117,-87.90940605283824
42.97750699096157,-87.90940563591323
42.97751700425781,-87.90940517151309
42.97752599390767,-87.90940475458783
42.977535008353904,-87.90940433651242
42.977543998003746,-87.90940391958694
42.97755301244998,-87.9094035015113
42.97756200209984,-87.90940308458556
42.97757099174968,-87.9094026676597
42.977581005045884,-87.90940220325858
42.97758990584888,-87.90940168503995
42.9775990005723,-87.90940189250811
42.977608000095714,-87.90940198202186
42.977616999619144,-87.90940207153565
42.97762599914257,-87.90940216104947
42.97763499866599,-87.9094022505633
42.977643998189414,-87.90940234007716
42.97765299771284,-87.90940242959105
42.97766200256003,-87.90940251915791
42.97767100208345,-87.90940260867187
42.97768000160686,-87.90940269818583
42.977689001130294,-87.90940278769982
42.97769800065371,-87.90940287721384
42.97770700017715,-87.90940296672788
42.977715999700564,-87.90940305624196
42.97772499922399,-87.90940314575604
42.97773399874742,-87.90940323527018
42.97774399821789,-87.90940333473034
42.97775299774131,-87.90940342424453
42.97776200258849,-87.9094035138117
42.9777710021119,-87.90940360332593
42.97778000163534,-87.90940369284019
42.97778900115875,-87.90940378235446
42.97779800068218,-87.90940387186879
42.97780700020559,-87.90940396138312
42.977815999729025,-87.90940405089748
42.97782499925244,-87.90940414041187
42.97783399877586,-87.90940422992628
42.97784299829929,-87.90940431944072
42.9778519978227,-87.9094044089552
42.97786100266989,-87.90940449852265
42.97787000219332,-87.90940458803718
42.97787900171674,-87.9094046775517
42.97788800124015,-87.90940476706628
42.97789700076357,-87.90940485658088
42.977906000286985,-87.9094049460955
42.97791499981041,-87.90940503561015
42.977923999333825,-87.90940512512485
42.977933998804296,-87.90940522458563
42.97794299832772,-87.90940531410037
42.97795199785114,-87.90940540361511
42.97796099737456,-87.90940549312991
42.977970002221745,-87.90940558269767
42.977979001745155,-87.9094056722125
42.977988001268585,-87.90940576172737
42.977997000791994,-87.90940585124225
42.97800600031541,-87.90940594075718
42.97801499983883,-87.90940603027212
42.97802399936225,-87.90940611978709
42.97803299888567,-87.90940620930208
42.97804199840909,-87.9094062988171
42.978050997932506,-87.90940638833216
42.97805999745592,-87.90940647784723
42.9780690023031,-87.90940656741529
42.97807800182652,-87.90940665693041
42.978087001349934,-87.90940674644555
42.97809600087336,-87.90940683596074
42.97810500039677,-87.90940692547593
42.97811499986723,-87.90940702493731
42.978123999390654,-87.90940711445258
42.97813299706091,-87.90940721036415
42.978140994144496,-87.90940741910543
42.97815000482986,-87.90940765430399
42.97815900154889,-87.90940788913807
42.97816799826794,-87.90940812397223
42.97817699498697,-87.90940835880643
42.97818600567233,-87.90940859400527
42.97819500239135,-87.90940882883963
42.97820299947493,-87.90940903758133
42.97821199619396,-87.90940927241581
42.978221006879316,-87.90940950761492
42.97823000359835,-87.90940974244953
42.978239000317366,-87.90940997728423
42.978247997036405,-87.90941021211898
42.97825699375543,-87.9094104469538
42.97826500480533,-87.90941065606049
42.97827400152435,-87.90941089089544
42.978282998243365,-87.90941112573047
42.9782919949624,-87.90941136056557
42.97830100564774,-87.90941159576528
42.978310002366754,-87.9094118306005
42.978318999085765,-87.9094120654358
42.97832799580478,-87.90941230027119
42.97833600685468,-87.90941250937834
42.97834500357369,-87.90941274421385
42.97835400029271,-87.90941297904942
42.97836299701173,-87.90941321388505
42.97837199373073,-87.90941344872076
42.97838100441607,-87.90941368392109
42.97839000113508,-87.90941391875693
42.97839799821865,-87.90941412749996
42.97840699493765,-87.90941436233592
42.97841600562299,-87.90941459753653
42.978425003146135,-87.9094144940848
42.97843400246442,-87.90941438702548
42.978443001782715,-87.90941427996614
42.978452001101,-87.90941417290675
42.978461000419294,-87.90941406584734
42.978469999737584,-87.9094139587879
42.97847899905587,-87.90941385172842
42.97848799837416,-87.90941374466891
42.9784959977682,-87.90941364950488
42.97850499708648,-87.90941354244532
42.978514002771874,-87.90941343530997
42.97852300209016,-87.90941332825034
42.97853200140845,-87.90941322119068
42.978541000726736,-87.909413114131
42.978550000045026,-87.90941300707128
42.97855899936331,-87.90941290001152
42.97856799868161,-87.90941279295173
42.978576997999895,-87.90941268589191
42.97858599731818,-87.90941257883206
42.97859500300357,-87.90941247169644
42.97860400232185,-87.90941236463652
42.97861300164014,-87.90941225757659
42.978622000958424,-87.90941215051662
42.97863000035246,-87.90941205535216
42.97863899967076,-87.90941194829213
42.97864799898903,-87.90941184123207
42.978656998307315,-87.90941173417198
42.978665997625605,-87.90941162711185
42.97867499694389,-87.90941152005169
42.97868400262928,-87.90941141291576
42.97869300194756,-87.90941130585554
42.978701999493005,-87.9094112004701
42.97871099938546,-87.90941124299428
42.978719999277914,-87.90941128551846
42.97872899917038,-87.90941132804267
42.97873799906282,-87.90941137056687
42.97874699895527,-87.90941141309109
42.97875599884773,-87.90941145561534
42.97876499874019,-87.90941149813958
42.97877400116165,-87.9094115406758
42.97878300105411,-87.90941158320007
42.978792000946555,-87.90941162572436
42.978801000839,-87.90941166824867
42.97881000073147,-87.90941171077297
42.97881800063587,-87.90941174857237
42.97882700052832,-87.90941179109672
42.97883600042078,-87.90941183362105
42.978845000313235,-87.90941187614541
42.97885400020568,-87.90941191866979
42.97886300009814,-87.90941196119417
42.978871999990595,-87.90941200371857
42.978880999883046,-87.90941204624298
42.9788899997755,-87.90941208876741
42.97889899966796,-87.90941213129184
42.978907999560406,-87.90941217381629
42.97891699945286,-87.90941221634074
42.97892599934532,-87.90941225886522
42.97893499923778,-87.9094123013897
42.97894399913023,-87.9094123439142
42.97895299902268,-87.9094123864387
42.97896199891513,-87.90941242896322
42.97897099880759,-87.90941247148776
42.978980001229054,-87.90941251402425
42.978989001121505,-87.90941255654882
42.978998001013956,-87.90941259907339
42.979007000906414,-87.90941264159797
42.979016000798865,-87.90941268412257
42.979025000691315,-87.90941272664719
42.979034000583766,-87.9094127691718
42.97904300047624,-87.90941281169644
42.97905200036869,-87.90941285422107
42.97906100026113,-87.90941289674575
42.97907000015358,-87.90941293927041
42.979079000046035,-87.9094129817951
42.97908799993849,-87.90941302431979
42.9790959998429,-87.90941306211954
42.97910499973535,-87.90941310464426
42.97911399962781,-87.90941314716899
42.979122999520264,-87.90941318969374
42.979131999412715,-87.90941323221848
42.979140999305166,-87.90941327474326
42.97914999919762,-87.90941331726805
42.97915899909008,-87.90941335979284
42.97916799898253,-87.90941340231764
42.97917699887498,-87.90941344484246
42.97918599876743,-87.90941348736729
42.97919500118888,-87.9094135299041
42.97920400108135,-87.90941357242895
42.9792130009738,-87.90941361495382
42.97922200086625,-87.9094136574787
42.97923099999999,-87.9094137
42.97924000086606,-87.90941376091561
42.97924900064543,-87.90941382182386
42.979258000424785,-87.90941388273215
42.97926700020415,-87.90941394364044
42.97927599998352,-87.90941400454875
42.97928499976289,-87.90941406545709
42.97929299956677,-87.90941411959784
42.97930199934615,-87.90941418050622
42.97931099912551,-87.90941424141458
42.97931999890487,-87.909414302323
42.979328998684245,-87.9094143632314
42.97933799846361,-87.90941442413984
42.979346998242974,-87.9094144850483
42.979356001644625,-87.90941454598128
42.97936500142399,-87.90941460688978
42.97937400120337,-87.90941466779829
42.97938300098273,-87.9094147287068
42.97939200076209,-87.90941478961535
42.97940100054146,-87.90941485052392
42.97941000032082,-87.90941491143249
42.97941800012472,-87.90941496557348
42.97942699990407,-87.90941502648208
42.97943599968344,-87.90941508739071
42.97944499946281,-87.90941514829936
42.97945399924217,-87.90941520920803
42.97946299902155,-87.90941527011671
42.97947199880091,-87.90941533102541
42.97948099858027,-87.90941539193413
42.97948999835963,-87.90941545284288
42.979499001761276,-87.90941551377615
42.97950800154065,-87.90941557468493
42.97951700132002,-87.9094156355937
42.97952600109939,-87.90941569650252
42.979535000878734,-87.90941575741134
42.97954300068262,-87.90941581155253
42.97955200046199,-87.90941587246141
42.97956100024136,-87.90941593337028
42.97957000002072,-87.90941599427919
42.97957899980009,-87.90941605518809
42.97958799957945,-87.90941611609702
42.97959699935882,-87.90941617700598
42.97960599913818,-87.90941623791494
42.979614998917555,-87.90941629882394
42.979623998696916,-87.90941635973293
42.979632998476276,-87.90941642064195
42.97964199825565,-87.90941648155099
42.97965100165729,-87.90941654248456
42.97965999593895,-87.90941659080413
42.97966800438968,-87.90941644230867
42.97967700273378,-87.90941627545821
42.97968600107787,-87.90941610860772
42.97969499942197,-87.90941594175717
42.979703997766066,-87.90941577490656
42.979712996110166,-87.90941560805592
42.9797220043769,-87.90941544102124
42.979731002721,-87.9094152741705
42.97974000106509,-87.9094151073197
42.97974899940918,-87.90941494046886
42.979757997753275,-87.90941477361798
42.97976699609738,-87.90941460676704
42.97977600436411,-87.90941443973206
42.9797850027082,-87.90941427288102
42.97979400105229,-87.90941410602994
42.97980299939638,-87.90941393917882
42.979811997740484,-87.90941377232762
42.97982099608457,-87.90941360547639
42.97983000435129,-87.90941343844112
42.97983900269538,-87.90941327158978
42.97984800103947,-87.9094131047384
42.979856999383564,-87.90941293788698
42.97986599772765,-87.90941277103552
42.97987499607174,-87.90941260418398
42.97988400433846,-87.90941243714843
42.979893002682545,-87.9094122702968
42.979902001026645,-87.90941210344513
42.97991099937072,-87.90941193659341
42.97991999771481,-87.90941176974164
42.979928996058895,-87.90941160288983
42.97993800432561,-87.90941143585397
42.97994700266971,-87.90941126900205
42.97995600101378,-87.90941110215009
42.97996499935787,-87.90941093529808
42.97997399770195,-87.90941076844602
42.97998299604604,-87.9094106015939
42.979992004312756,-87.90941043455774
42.980001002656834,-87.90941026770554
42.98001000100091,-87.9094101008533
42.980018999344985,-87.90940993400098
42.98002799768907,-87.90940976714863
42.98003699603316,-87.90940960029621
42.98004600429988,-87.90940943325978
42.98005500264395,-87.90940926640728
42.98006400098802,-87.90940909955472
42.9800729993321,-87.90940893270214
42.98008199767619,-87.90940876584948
42.98009099602026,-87.90940859899678
42.98010000428697,-87.90940843196005
42.98010900263104,-87.90940826510725
42.980118000975125,-87.90940809825442
42.980126999319204,-87.90940793140152
42.98013599766327,-87.90940776454858
42.98014499600735,-87.90940759769559
42.98015400427405,-87.90940743065855
42.98016300261813,-87.90940726380548
42.9801720009622,-87.90940709695232
42.98018099930627,-87.90940693009914
42.98018999765034,-87.90940676324591
42.98019899599442,-87.90940659639263
42.980208004261115,-87.90940642935531
42.980217002605194,-87.90940626250192
42.980226000949266,-87.90940609564849
42.98023499929332,-87.90940592879502
42.980243997637395,-87.9094057619415
42.980252995981466,-87.90940559508792
42.980262004248175,-87.9094054280503
42.98027100259224,-87.90940526119662
42.980280000936304,-87.9094050943429
42.980288999280376,-87.90940492748913
42.98029799762443,-87.90940476063531
42.980306995968505,-87.90940459378145
42.9803160042352,-87.90940442674354
42.98032500257927,-87.90940425988956
42.980334000923335,-87.90940409303555
42.9803429992674,-87.90940392618147
42.98035199761146,-87.90940375932736
42.98036099595552,-87.9094035924732
42.980370004222216,-87.909403425435
42.98037900256627,-87.90940325858074
42.98038800091034,-87.90940309172643
42.980396999254395,-87.90940292487207
42.98040599759845,-87.90940275801768
42.98041499594252,-87.90940259116321
42.9804230043932,-87.9094024426641
42.98043200273727,-87.90940227580957
42.98044100108133,-87.90940210895496
42.98044999942537,-87.90940194210032
42.98045899776944,-87.90940177524563
42.9804679961135,-87.9094016083909
42.98047700438018,-87.9094014413521
42.980486002724234,-87.90940127449727
42.980495001068284,-87.90940110764237
42.980503999412356,-87.90940094078744
42.9805129977564,-87.90940077393245
42.980521996100464,-87.9094006070774
42.980531004367144,-87.90940044003833
42.98054000271119,-87.9094002731832
42.98054900105525,-87.90940010632801
42.9805579993993,-87.90939993947278
42.98056699774335,-87.9093997726175
42.9805759960874,-87.90939960576218
42.98058500435408,-87.9093994387228
42.98059400269814,-87.90939927186737
42.98060300104219,-87.9093991050119
42.98061199938624,-87.90939893815637
42.98062099773028,-87.9093987713008
42.98062999607432,-87.90939860444519
42.980639004341015,-87.90939843740551
42.980648002685065,-87.90939827054979
42.9806570010291,-87.90939810369402
42.98066599937316,-87.9093979368382
42.980674997717195,-87.90939776998233
42.98068399606124,-87.90939760312644
42.98069300432793,-87.90939743608648
42.98070200267197,-87.90939726923045
42.980711001016005,-87.9093971023744
42.980719999360055,-87.90939693551829
42.9807289977041,-87.90939676866212
42.98073799604814,-87.90939660180591
42.980747004314814,-87.90939643476567
42.98075600265886,-87.90939626790936
42.9807650010029,-87.90939610105299
42.98077399934693,-87.9093959341966
42.98078299769098,-87.90939576734014
42.980791996035016,-87.90939560048365
42.98080100430169,-87.9093954334431
42.98081000264573,-87.9093952665865
42.98081900098976,-87.90939509972985
42.980827999333805,-87.90939493287316
42.98083699767784,-87.90939476601642
42.98084599602188,-87.90939459915963
42.98085500428855,-87.90939443211879
42.98086400263258,-87.90939426526188
42.980873000976615,-87.90939409840495
42.980881999320644,-87.90939393154797
42.98089099766469,-87.90939376469092
42.980899996008716,-87.90939359783383
42.98090900427538,-87.9093934307927
42.98091800261942,-87.90939326393551
42.98092700096345,-87.90939309707828
42.98093599930748,-87.90939293022099
42.980944997651505,-87.90939276336366
42.98095399599554,-87.90939259650628
42.980963004262215,-87.90939242946486
42.980972002606244,-87.90939226260738
42.980981000950266,-87.90939209574985
42.9809899992943,-87.90939192889228
42.98099899763832,-87.90939176203466
42.98100799598235,-87.90939159517698
42.981017004249004,-87.90939142813527
42.98102600259305,-87.90939126127749
42.981034999188495,-87.9093911043474
42.98104399817157,-87.90939123510859
42.98105299715465,-87.90939136586981
42.981061996137726,-87.90939149663107
42.98107100289687,-87.90939162750536
42.98108000187995,-87.9093917582667
42.981089000863015,-87.90939188902807
42.9810979998461,-87.90939201978948
42.981106998829176,-87.90939215055093
42.98111599781226,-87.90939228131242
42.98112499679533,-87.90939241207394
42.98113400355446,-87.9093925429485
42.981143002537536,-87.9093926737101
42.981152001520606,-87.90939280447175
42.98116100050369,-87.90939293523343
42.98116999948676,-87.90939306599515
42.98117899846983,-87.90939319675691
42.98118799745291,-87.9093933275187
42.98119699643599,-87.90939345828053
42.98120600319511,-87.9093935891554
42.981215002178175,-87.90939371991732
42.98122400116126,-87.90939385067925
42.98123300014433,-87.90939398144124
42.98124199912741,-87.90939411220326
42.98125099811048,-87.90939424296533
42.981259997093545,-87.90939437372744
42.981269003852674,-87.90939450460257
42.98127800283576,-87.90939463536473
42.98128700181882,-87.90939476612697
42.98129600080189,-87.90939489688922
42.98130499978495,-87.9093950276515
42.98131399876803,-87.90939515841384
42.98132299775111,-87.90939528917622
42.98133199673417,-87.9093954199386
42.98134100349329,-87.90939555081405
42.981350002476354,-87.90939568157654
42.981359001459424,-87.90939581233906
42.98136800044251,-87.90939594310163
42.981376999425564,-87.90939607386422
42.98138599840863,-87.90939620462686
42.981394997391696,-87.90939633538953
42.981403996374766,-87.90939646615224
42.98141300313389,-87.90939659702799
42.98142200211696,-87.90939672779079
42.98143100110002,-87.9093968585536
42.98144000008309,-87.90939698931648
42.98144899906614,-87.90939712007939
42.98145799804922,-87.90939725084233
42.981466997032285,-87.90939738160532
42.9814760037914,-87.90939751248132
42.98148500277447,-87.90939764324439
42.981494001757525,-87.90939777400749
42.98150300074059,-87.9093979047706
42.981511999723665,-87.90939803553378
42.98152099870672,-87.909398166297
42.981529997689776,-87.90939829706025
42.98153899662353,-87.90939842927814
42.98154800344786,-87.90939856164553
42.98155700240765,-87.90939869389736
42.981566001367426,-87.90939882614921
42.9815750003272,-87.90939895840114
42.98158399928697,-87.90939909065308
42.98159299824675,-87.90939922290507
42.981601997206525,-87.9093993551571
42.981610996166296,-87.90939948740916
42.98162000299064,-87.90939961977685
42.98162900195042,-87.90939975202899
42.98163800091019,-87.90939988428116
42.98164699986996,-87.90940001653338
42.98165599882973,-87.90940014878565
42.9816649977895,-87.90940028103795
42.98167399674928,-87.90940041329029
42.98168299570904,-87.90940054554265
42.98169200253339,-87.90940067791065
42.981701001493164,-87.90940081016309
42.98171000045292,-87.90940094241559
42.9817189994127,-87.90940107466811
42.98172799837247,-87.90940120692069
42.981736997332234,-87.9094013391733
42.981745996292005,-87.90940147142594
42.98175500311634,-87.9094016037942
42.98176400207611,-87.90940173604693
42.98177300103589,-87.90940186829968
42.98178199999566,-87.90940200055249
42.981790998955425,-87.90940213280533
42.981799997915196,-87.9094022650582
42.98180899687496,-87.90940239731111
42.98181799583474,-87.90940252956408
42.98182700265906,-87.90940266193266
42.98183600161883,-87.90940279418568
42.981845000578595,-87.90940292643876
42.98185399953836,-87.90940305869186
42.98186299849812,-87.90940319094501
42.981871997457894,-87.9094033231982
42.98188099641765,-87.90940345545143
42.98188999537742,-87.9094035877047
42.98189900220175,-87.90940372007358
42.98190800116152,-87.90940385232692
42.981917000121285,-87.90940398458031
42.98192599908104,-87.90940411683371
42.98193499804082,-87.90940424908717
42.98194399700058,-87.90940438134068
42.981952995960334,-87.90940451359421
42.981961994920105,-87.90940464584779
42.981971001744434,-87.90940477821698
42.9819800007042,-87.90940491047063
42.98198899966395,-87.90940504272433
42.98199799862371,-87.90940517497805
42.982006997583476,-87.90940530723182
42.98201599654325,-87.90940543948562
42.982024995503,-87.90940557173948
42.982034002327325,-87.90940570410895
42.98204300128708,-87.90940583636286
42.982052000246846,-87.90940596861682
42.98206099920661,-87.90940610087083
42.98206999816636,-87.90940623312487
42.98207899712613,-87.90940636537894
42.98208799608588,-87.90940649763307
42.982096995045644,-87.90940662988721
42.98210600186996,-87.90940676225699
42.98211500082972,-87.90940689451124
42.98212399978948,-87.90940702676549
42.98213299874922,-87.9094071590198
42.98214199770899,-87.90940729127415
42.98215099666876,-87.90940742352855
42.982160007849764,-87.90940733154271
42.982168998432705,-87.90940693380394
42.982177989015646,-87.90940653606505
42.982187003250296,-87.90940613727969
42.98219499487958,-87.9094057837338
42.98220400911422,-87.90940538494823
42.982212999697154,-87.90940498720889
42.98222199028008,-87.90940458946942
42.98223100451471,-87.9094041906835
42.98223999509764,-87.90940379294382
42.982249009332264,-87.90940339415765
42.98225799991519,-87.90940299641773
42.982266990498104,-87.90940259867769
42.982275005779066,-87.90940224408453
42.98228399636198,-87.90940184634427
42.982293010596585,-87.90940144755754
42.982302001179484,-87.90940104981703
42.98231099176239,-87.90940065207644
42.982320005996996,-87.90940025328936
42.982328996579895,-87.90939985554851
42.982338010814495,-87.90939945676121
42.982347001397386,-87.90939905902012
42.98235499302662,-87.9093987054724
42.98236400726121,-87.90939830668476
42.982372997844095,-87.90939790894335
42.98238200866557,-87.90939720531127
42.98238998212495,-87.90939657649027
42.98239899433367,-87.90939586574886
42.982408006542386,-87.90939515500725
42.982416022068676,-87.90939452286813
42.98242499221044,-87.90939381544369
42.98243400441913,-87.9093931047015
42.9824420199454,-87.90939247256183
42.98245099008714,-87.90939176513682
42.98246000229581,-87.90939105439399
42.98246801782205,-87.90939042225382
