41.59928482344245,-109.24551783219795
41.59927720639438,-109.24551151906248
41.59926925137307,-109.24550541425369
41.599262048606235,-109.24549988673836
41.59925409358385,-109.24549378193211
41.59924613856089,-109.24548767712716
41.599238183537366,-109.24548157232351
41.59923022851327,-109.24547546752119
41.59922302574395,-109.24546994001174
41.599215070718785,-109.24546383521195
41.59920711569304,-109.24545773041346
41.59919916066674,-109.2454516256163
41.59919195789544,-109.24544609811154
41.599184002868064,-109.2454399933169
41.59917604784012,-109.24543388852354
41.599168092811595,-109.24542778373153
41.5991601377825,-109.24542167894082
41.599152935008725,-109.24541615144193
41.59914497997856,-109.24541004665375
41.599137024947815,-109.24540394186685
41.599129069916515,-109.2453978370813
41.599121114884646,-109.24539173229707
41.59911391210839,-109.24538620480406
41.59910595707544,-109.24538010002233
41.59909800204193,-109.24537399524192
41.59909004700784,-109.24536789046283
41.599082091973195,-109.24536178568506
41.599074889194455,-109.24535625819793
41.59906693415873,-109.24535015342266
41.59905897912242,-109.24534404864872
41.59905102408557,-109.2453379438761
41.59904382130484,-109.24533241639365
41.5990358662669,-109.24532631162353
41.5990279112284,-109.24532020685473
41.59901995618931,-109.24531410208725
41.59901200114966,-109.24530799732108
41.59900479836646,-109.24530246984452
41.598996843325736,-109.24529636508086
41.598988888284445,-109.24529026031853
41.598980933242586,-109.24528415555751
41.59897297820015,-109.2452780507978
41.59896577541447,-109.24527252332713
41.59895782037097,-109.24526641856994
41.5989498653269,-109.24526031381407
41.59894191028226,-109.2452542090595
41.59893395523703,-109.24524810430627
41.59892675244888,-109.24524257684146
41.59891912023345,-109.24523671983306
41.598911165186614,-109.2452306150836
41.5989032101392,-109.24522451033543
41.59889525509122,-109.2452184055886
41.59888805230058,-109.24521287812964
41.59888009725152,-109.2452067733853
41.5988721422019,-109.2452006686423
41.598864187151705,-109.24519456390061
41.598856984359095,-109.24518903644632
41.59884902930782,-109.24518293170713
41.59884107425598,-109.24517682696927
41.598833119203576,-109.24517072223273
41.598825164150604,-109.24516461749751
41.598817961355515,-109.2451590900491
41.59881000630146,-109.24515298531638
41.59880205124684,-109.24514688058498
41.598794096191654,-109.2451407758549
41.598786141135896,-109.24513467112614
41.59877893833832,-109.24512914368361
41.59877098328149,-109.24512303895737
41.59876302822408,-109.24511693423241
41.59875507316611,-109.2451108295088
41.59874711810758,-109.24510472478651
41.59873991530752,-109.24509919734986
41.59873196024791,-109.24509309263007
41.59872400518772,-109.2450869879116
41.598716050126974,-109.24508088319445
41.598708847324936,-109.24507535576248
41.59870089226311,-109.24506925104785
41.59869293720071,-109.24506314633452
41.598684982137755,-109.24505704162252
41.598677027074224,-109.24505093691184
41.598669824269706,-109.24504540948574
41.59866186920509,-109.24503930477756
41.59865391413992,-109.24503320007071
41.59864595907417,-109.24502709536517
41.598638004007846,-109.24502099066095
41.59863080120084,-109.24501546324072
41.59862284613346,-109.24500935853901
41.59861489106551,-109.24500325383863
41.598606935996976,-109.24499714913954
41.598598980927875,-109.24499104444178
41.59859177811839,-109.24498551702746
41.59858382304822,-109.2449794123322
41.59857586797749,-109.24497330763826
41.5985683,-109.2449675
41.59856275017393,-109.24495826857168
41.59855710813107,-109.24494888375536
41.598551100911166,-109.24493889151697
41.59854585144303,-109.24493015970396
41.59854020939691,-109.24492077489094
41.59853420217362,-109.24491078265619
41.59852895270255,-109.24490205084642
41.59852294547702,-109.24489205861414
41.59851769600403,-109.24488332680659
41.59851205395251,-109.2448739419991
41.5985060467236,-109.24486394977045
41.59850079724767,-109.2448552179661
41.598495155192914,-109.24484583316196
41.598489147960606,-109.24483584093696
41.598483898481746,-109.24482710913585
41.59847789124719,-109.2448171169133
41.598472249188035,-109.24480773211364
41.598466999706254,-109.2447990003158
41.5984609924683,-109.24478900809687
41.59845574298459,-109.2447802763012
41.59844973574439,-109.24477028408474
41.598444093679845,-109.24476089929063
41.598438844193204,-109.24475216749822
41.59843283694961,-109.24474217528538
41.59842719488183,-109.2447327904946
41.59842181219811,-109.24472318750064
41.59841679615165,-109.2447142035214
41.59841106369024,-109.2447039364119
41.59840568914721,-109.2446943103543
41.59840067309771,-109.24468532637812
41.598394940632765,-109.24467505927205
41.59838992458122,-109.24466607529787
41.598384192113926,-109.24465580819407
41.598378817565525,-109.24464618214208
41.59837380151093,-109.24463719817095
41.5983680690401,-109.24462693107054
41.59836305298345,-109.24461794710145
41.598357678430865,-109.24460832105389
41.598352200936866,-109.24459785328378
41.59834813678189,-109.24458790012723
41.59834375807834,-109.24457717664178
41.5983396939212,-109.24456722348688
41.59833508554479,-109.2445559375385
41.598331021385384,-109.24454598438521
41.59832664267713,-109.24453526090348
41.598322348844704,-109.24452474528691
41.59831797013404,-109.24451402180699
41.598313905970215,-109.24450406865701
41.59830952725726,-109.24449334517897
41.59830523341999,-109.24448282956547
41.59830085470463,-109.24447210608926
41.59829679053637,-109.24446215294256
41.59829218214712,-109.24445086700293
41.5982881179766,-109.24444091385782
41.59828373925653,-109.24443019038532
41.598279675083845,-109.24442023724193
41.59827506668949,-109.24440895130576
41.598271002514544,-109.24439899816397
41.59826662378977,-109.24438827469517
41.59826232994036,-109.24437775908937
41.5982579575286,-109.24436702917882
41.59825408249179,-109.24435694332627
41.59825020745391,-109.24434685747444
41.59824633241494,-109.24433677162328
41.59824215340468,-109.24432589460744
41.59823827836349,-109.24431580875779
41.598234403321214,-109.24430572290886
41.59823073711276,-109.24429618060977
41.59822655809793,-109.24428530359727
41.59822268305245,-109.24427521775057
41.5982188080059,-109.24426513190458
41.59821493295827,-109.2442550460593
41.59821097399827,-109.24424401665127
41.59820702328902,-109.24423298508592
41.59820307257854,-109.24422195352136
41.59819912186679,-109.24421092195757
41.598195462470706,-109.24420070383772
41.59819169831348,-109.24419019319751
41.598187747598146,-109.24417916163608
41.59818379688156,-109.24416813007542
41.59817984616371,-109.24415709851554
41.598175895444605,-109.24414606695649
41.59817223604162,-109.24413584884074
41.59816828532008,-109.24412481728314
41.59816433459727,-109.24411378572631
41.59816057043098,-109.24410327509298
41.59815661970576,-109.2440922435378
41.598152668979296,-109.24408121198344
41.59814900956941,-109.24407099387182
41.59814505884051,-109.24405996231893
41.59814110811036,-109.24404893076681
41.59813715737894,-109.24403789921548
41.598133206646274,-109.24402686766494
41.59812973378909,-109.24401717047995
41.59812578305408,-109.24400613893097
41.59812183231783,-109.24399510738276
41.59811788158032,-109.24398407583536
41.59811393084155,-109.24397304428872
41.59810998010152,-109.2439620127429
41.5981063206789,-109.24395179463873
41.59810236993645,-109.24394076309439
41.59809841919273,-109.2439297315508
41.59809465500716,-109.24391922093197
41.59809070426103,-109.24390818939004
41.59808675351364,-109.24389715784892
41.59808309408413,-109.24388693974888
41.59807914333432,-109.24387590820922
41.59807519258323,-109.24386487667034
41.5980712418309,-109.24385384513225
41.59806729107732,-109.24384281359497
41.59806352688266,-109.243832302983
41.59805986744624,-109.24382208488707
41.59805591668906,-109.2438110533521
41.59805196593063,-109.24380002181795
41.59804801517093,-109.24378899028457
41.59804406441,-109.24377795875199
41.59804040496776,-109.24376774065941
41.598036454204376,-109.24375670912829
41.5980326900007,-109.24374619852307
41.59802873923491,-109.24373516699362
41.59802478846786,-109.24372413546494
41.59802083769954,-109.24371310393704
41.598017178250416,-109.24370288584858
41.59801322747968,-109.24369185432217
41.59800927670768,-109.24368082279653
41.59800532593442,-109.2436697912717
41.59800156172167,-109.24365928067338
41.597997610945995,-109.24364824915018
41.59799395148997,-109.24363803106584
41.59799000071187,-109.24362699954413
41.5979860499325,-109.2436159680232
41.5979820991519,-109.24360493650306
41.597978148370025,-109.24359390498371
41.59797448890817,-109.24358368690272
41.59797072468639,-109.24357317631116
41.59796677390093,-109.24356214479414
41.597962823114216,-109.24355111327792
41.597958872326245,-109.24354008176249
41.59795492153701,-109.24352905024783
41.59795126206826,-109.24351883217098
41.59794731127659,-109.2435078006578
41.597943360483676,-109.24349676914542
41.59793959625281,-109.24348625856072
41.597935645457476,-109.24347522704998
41.5979316946609,-109.24346419554006
41.59792803518524,-109.24345397746728
41.597924085731954,-109.24344294512068
41.597920136322,-109.24343191273658
41.59791618691083,-109.24342088035328
41.59791223749838,-109.24340984797077
41.597908288084675,-109.24339881558903
41.597904525103004,-109.24338830399476
41.59790086693081,-109.24337808518132
41.59789691751351,-109.24336705280193
41.59789296809497,-109.24335602042333
41.59788901867516,-109.24334498804551
41.5978850692541,-109.24333395566848
41.59788111983178,-109.24332292329223
41.5978771704082,-109.24331189091677
41.5978736986619,-109.2433021928953
41.59786974923599,-109.2432911605214
41.59786579980882,-109.24328012814829
41.5978618503804,-109.24326909577594
41.59785790095072,-109.2432580634044
41.59785395151978,-109.24324703103363
41.59785000208759,-109.24323599866366
41.59784634389914,-109.24322577985974
41.59784258089937,-109.2432152682791
41.59783863146359,-109.24320423591146
41.597834682026544,-109.2431932035446
41.59783073258826,-109.24318217117857
41.5978267831487,-109.24317113881328
41.59782283370788,-109.24316010644878
41.59781917551135,-109.24314988764966
41.59781522606811,-109.24313885528665
41.59781127662361,-109.24312782292442
41.59780751361358,-109.24311731135151
41.597803564166675,-109.24310627899095
41.597799614718504,-109.24309524663114
41.597795665269075,-109.24308421427214
41.59779200706446,-109.2430739954778
41.597788057612604,-109.2430629631203
41.59778410815949,-109.24305193076354
41.59778015870511,-109.2430408984076
41.597776395686,-109.24303038684155
41.59777244622922,-109.24301935448725
41.59776849677118,-109.24300832213373
41.597764838558476,-109.24299810334418
41.597760889098005,-109.24298707099214
41.59775693963626,-109.24297603864089
41.59775299017328,-109.24296500629042
41.59774904070903,-109.24295397394073
41.59774509124353,-109.24294294159185
41.59774132821418,-109.24293243003352
41.59773737874626,-109.24292139768629
41.59773372052431,-109.24291117890223
41.597729771053956,-109.24290014655647
41.597725821582344,-109.2428891142115
41.59772187210948,-109.24287808186729
41.597717922635375,-109.2428670495239
41.59771397315999,-109.24285601718127
41.59771021012154,-109.2428455056298
41.59770655189151,-109.24283528685054
41.59770260241254,-109.24282425451025
41.597698652932316,-109.24281322217077
41.597694703450834,-109.24280218983205
41.597690753968116,-109.24279115749414
41.59768680448411,-109.242780125157
41.597682854998865,-109.24276909282064
41.59767919676066,-109.24275887404612
41.59767543371204,-109.2427483625023
41.59767148422319,-109.24273733016828
41.5976675347331,-109.24272629783505
41.59766358524174,-109.24271526550262
41.59765963574914,-109.24270423317097
41.59765568625527,-109.24269320084011
41.59765202800897,-109.24268298207038
41.597648078512684,-109.24267194974098
41.597644315454964,-109.24266143820402
41.59764036595626,-109.24265040587628
41.59763641645629,-109.24263937354932
41.597632466955055,-109.24262834122315
41.59762851745258,-109.24261730889779
41.597624859198206,-109.24260709013286
41.5976209096933,-109.24259605780895
41.59761696018711,-109.24258502548582
41.59761301067969,-109.24257399316352
41.597609247611736,-109.24256348163428
41.59760529810189,-109.24255244931359
41.5976013485908,-109.2425414169937
41.597597690328335,-109.24253119823356
41.5975937408148,-109.24252016591514
41.59758979130001,-109.24250913359751
41.597585841783975,-109.24249810128067
41.59758189226666,-109.2424870689646
41.59757812918963,-109.24247655744223
41.59757417966991,-109.24246552512783
41.597570521399376,-109.2424553063725
41.597566571877216,-109.24244427405957
41.59756262235381,-109.24243324174742
41.59755867282916,-109.24242220943606
41.59755472330323,-109.24241117712549
41.59755077377607,-109.2424001448157
41.59754701068994,-109.2423896333002
41.59754335241131,-109.24237941454966
41.59753940288054,-109.2423683822422
41.59753545334851,-109.24235734993555
41.59753150381524,-109.24234631762967
41.5975275542807,-109.24233528532457
41.597523604744914,-109.24232425302029
41.59751965520786,-109.24231322071678
41.597515996921075,-109.24230300197097
41.597512233824766,-109.24229249046307
41.59750828428413,-109.24228145816191
41.59750433474223,-109.24227042586152
41.59750038519908,-109.24225939356191
41.597496435654676,-109.24224836126311
41.59749219485705,-109.24223651540876
41.59748824531004,-109.24222548311162
41.597484295761795,-109.24221445081527
41.59748034621228,-109.24220341851971
41.59747639666152,-109.24219238622493
41.59747244710949,-109.24218135393095
41.597468497556214,-109.24217032163772
41.597464548001675,-109.2421592893453
41.59746059844589,-109.24214825705369
41.59745664888883,-109.24213722476281
41.59745269933053,-109.24212619247277
41.59744874977097,-109.24211516018349
41.597444800210155,-109.24210412789502
41.597440850648084,-109.24209309560732
41.59743690108474,-109.24208206332041
41.597432951520155,-109.24207103103429
41.59742929320753,-109.24206081230369
41.59742526011417,-109.24204982715453
41.597421189697855,-109.24203887394603
41.597417417304875,-109.24202872270139
41.59741334688618,-109.24201776949447
41.59740927646624,-109.24200681628841
41.59740550406983,-109.2419966650459
41.59740143364749,-109.24198571184144
41.59739736322391,-109.24197475863781
41.5973935908241,-109.24196460739746
41.59738952039812,-109.24195365419544
41.59738544997091,-109.24194270099426
41.59738167756767,-109.24193254975606
41.59737760713806,-109.24192159655645
41.59737353670719,-109.2419106433577
41.597369764300545,-109.24190049212163
41.59736569386729,-109.24188953892448
41.59736162343279,-109.24187858572817
41.59735785102273,-109.24186843449425
41.59735378058583,-109.24185748129952
41.5973497101477,-109.24184652810568
41.597345639708315,-109.24183557491266
41.59734186729368,-109.24182542368162
41.597337796851896,-109.24181447049017
41.59733372640889,-109.2418035172996
41.59732995399083,-109.2417933660707
41.59732608158467,-109.24178294578677
41.59732201113811,-109.24177199259869
41.59731823871674,-109.24176184137201
41.59731416826778,-109.24175088818552
41.597310097817584,-109.24173993499988
41.59730602736616,-109.24172898181509
41.597302254940196,-109.24171883059131
41.59729818448638,-109.2417078774081
41.5972941140313,-109.24169692422575
41.597290341601926,-109.24168677300409
41.59728627114446,-109.24167581982333
41.59728220068575,-109.24166486664342
41.5972781302258,-109.24165391346435
41.59727435779185,-109.24164376224559
41.59727028732951,-109.24163280906811
41.597266216865926,-109.24162185589148
41.59726244442856,-109.24161170467487
41.59725837396256,-109.24160075149982
41.59725430349535,-109.24158979832563
41.59725053105456,-109.24157964711117
41.597246658626155,-109.24156922684496
41.59724254610015,-109.24155830579502
41.59723873137243,-109.24154818097603
41.59723461614879,-109.24153725860296
41.59723080141883,-109.24152713378543
41.597226686192805,-109.24151621141398
41.5972228714606,-109.24150608659787
41.597218756232195,-109.24149516422807
41.59721494149774,-109.24148503941339
41.59721082626694,-109.24147411704523
41.59720701153025,-109.24146399223199
41.59720289629706,-109.24145306986546
41.59719908155814,-109.24144294505368
41.597194966322554,-109.24143202268877
41.59719115158138,-109.24142189787841
41.59718703634342,-109.24141097551514
41.59718292110421,-109.24140005315276
41.59717910635965,-109.24138992834459
41.597175193564794,-109.24137954330243
41.59717137881808,-109.2413694184958
41.59716726357421,-109.24135849613674
41.59716344882525,-109.24134837133151
41.597159333578986,-109.2413374489741
41.597155218331494,-109.24132652661753
41.59715140357915,-109.24131640181452
41.59714728832927,-109.2413054794596
41.59714347357467,-109.24129535465802
41.59713935832241,-109.24128443230474
41.59713524306891,-109.24127350995234
41.59713142831092,-109.24126338515296
41.59712711060712,-109.2412519254828
41.597123295846785,-109.24124180068482
41.597119180588415,-109.24123087833561
41.59711506532881,-109.24121995598726
41.59711125056508,-109.24120983119145
41.597107135303084,-109.24119890884475
41.597103320537116,-109.24118878405041
41.59709920527274,-109.24117786170534
41.59709509000713,-109.24116693936112
41.59709127523776,-109.24115681456897
41.59708715996975,-109.2411458922264
41.59708334519814,-109.24113576743571
41.59707922992776,-109.24112484509476
41.59707511465615,-109.24111392275468
41.59707129988114,-109.24110379796619
41.59706718460713,-109.24109287562776
41.59706336982988,-109.24108275084069
41.59705925455348,-109.24107182850388
41.59705513927587,-109.24106090616796
41.59705132449522,-109.2410507813831
41.59704721305864,-109.24103986126197
41.59704320830808,-109.24102886435536
41.59703920355627,-109.24101786744957
41.5970354931688,-109.24100767886154
41.59703148841458,-109.24099668195727
41.597027675342375,-109.24098621140855
41.597023670585756,-109.24097521450602
41.59701966582789,-109.24096421760427
41.59701566106877,-109.24095322070335
41.5970116563084,-109.24094222380323
41.59700765154679,-109.24093122690392
41.597003941150106,-109.24092103832157
41.59699993638608,-109.24091004142379
41.59699593162079,-109.24089904452686
41.596991926854265,-109.2408880476307
41.596987922086484,-109.24087705073538
41.596983917317466,-109.24086605384086
41.596979912547184,-109.24085505694717
41.59697620214238,-109.2408448683697
41.59697219736969,-109.24083387147756
41.59696819259575,-109.24082287458621
41.59696418782056,-109.24081187769565
41.596960183044125,-109.24080088080593
41.59695617826643,-109.24078988391702
41.596952173487495,-109.24077888702892
41.59694846307456,-109.24076869845639
41.596944458293216,-109.24075770156983
41.596940453510605,-109.24074670468407
41.596936640412295,-109.24073623415549
41.5969326356273,-109.24072523727146
41.596928630841056,-109.24071424038821
41.59692462605355,-109.24070324350578
41.596920915632595,-109.24069305493823
41.59691691084268,-109.24068205805735
41.59691290605152,-109.24067106117727
41.596908901259106,-109.240660064298
41.59690489646544,-109.24064906741955
41.59690089167053,-109.2406380705419
41.596896886874376,-109.24062707366508
41.59689288207697,-109.24061607678908
41.59688917164671,-109.24060588822714
41.59688516684689,-109.24059489135266
41.59688116204582,-109.240583894479
41.59687715724349,-109.24057289760614
41.596873152439926,-109.24056190073411
41.59686914763511,-109.2405509038629
41.59686514282904,-109.24053990699247
41.596861432390654,-109.24052971843547
41.596857427582165,-109.24051872156659
41.59685342277243,-109.24050772469853
41.596849609649176,-109.24049725418921
41.59684560483704,-109.24048625732286
41.596841600023666,-109.2404752604573
41.596837595209045,-109.24046426359257
41.596833884762624,-109.24045407504052
41.596829879945574,-109.24044307817731
41.59682587512729,-109.24043208131492
41.596821870307735,-109.24042108445335
41.59681786548695,-109.2404100875926
41.5968138606649,-109.24039909073264
41.596809855841606,-109.24038809387349
41.59680614538707,-109.24037790532637
41.596802140561365,-109.24036690846876
41.59679813573441,-109.24035591161197
41.59679413090621,-109.24034491475601
41.596790126076755,-109.24033391790084
41.59678612124606,-109.2403229210465
41.59678211641412,-109.24031192419297
41.59677840595143,-109.24030173565073
41.596774401117074,-109.24029073879873
41.59677039628145,-109.24027974194755
41.59676639144458,-109.24026874509717
41.59676238660648,-109.24025774824761
41.596758573457116,-109.24024727775846
41.59675456861661,-109.2402362809106
41.59675056377485,-109.24022528406356
41.59674685330298,-109.24021509552703
41.5967428484588,-109.2402040986815
41.59673884361338,-109.24019310183682
41.5967348387667,-109.24018210499293
41.596730833918784,-109.24017110814985
41.59672682906962,-109.2401601113076
41.59672282421919,-109.24014911446615
41.596719113739184,-109.24013892593453
41.59671510888635,-109.24012792909461
41.596711104032266,-109.24011693225552
41.59670709917693,-109.24010593541722
41.59670309432035,-109.24009493857974
41.59669908946252,-109.2400839417431
41.59669508460343,-109.24007294490724
41.5966913741153,-109.24006275638055
41.596687369253814,-109.24005175954625
41.59668336439106,-109.24004076271274
41.59667935952707,-109.24002976588005
41.596675354661826,-109.24001876904818
41.59667154148753,-109.24000829857829
41.59666753661989,-109.23999730174813
41.596663826123724,-109.23998711322638
41.59665982125367,-109.23997611639774
41.59665581638235,-109.23996511956993
41.59665166921387,-109.23995422545596
41.59664751604519,-109.23994332985217
41.59664345922073,-109.23993268700593
41.59663930604958,-109.23992179140375
41.5966351528772,-109.23991089580244
41.59663130227398,-109.23990079397701
41.59662714909922,-109.23988989837738
41.596622995923234,-109.23987900277864
41.59661914531663,-109.23986890095546
41.59661499213827,-109.23985800535839
41.596610838958696,-109.2398471097622
41.5966069883487,-109.23983700794126
41.59660283516675,-109.23982611234676
41.596598681983565,-109.23981521675312
41.59659483137019,-109.23980511493446
41.59659067818465,-109.2397942193425
41.596586318771735,-109.23978278273194
41.596582165583634,-109.23977188714167
41.596578314965626,-109.239761785326
41.59657416177513,-109.23975088973741
41.596570008583434,-109.23973999414972
41.596566157962044,-109.23972989233629
41.59656200476796,-109.23971899675026
41.59655785157265,-109.2397081011651
41.59655400094788,-109.23969799935394
41.5965498477502,-109.23968710377048
41.59654569455129,-109.2396762081879
41.59654184392313,-109.23966610637898
41.596537690721846,-109.23965521079806
41.596533331291916,-109.23964377419773
41.59652948066028,-109.23963367239101
41.59652532745529,-109.23962277681258
41.59652117424908,-109.23961188123505
41.59651702104163,-109.23960098565841
41.59651317040547,-109.23959088385475
41.59650901719566,-109.23957998827974
41.59650486398461,-109.23956909270566
41.59650101334507,-109.23955899090423
41.59649686013166,-109.23954809533183
41.59649270691701,-109.23953719976029
41.596488856274085,-109.23952709796112
41.596484703057065,-109.23951620239126
41.59648054983882,-109.23950530682228
41.596476492963696,-109.23949466400418
41.59647233974298,-109.23948376843681
41.59646818652103,-109.23947287287032
41.59646433587123,-109.2394627710756
41.596460182646915,-109.2394518755108
41.59645602942137,-109.23944097994688
41.59645187619459,-109.23943008438381
41.596448025540276,-109.23941998259214
41.59644387231113,-109.23940908703078
41.596439719080756,-109.23939819147029
41.59643586842305,-109.23938808968089
41.596431715190306,-109.23937719412207
41.596427561956325,-109.23936629856415
41.596423711295245,-109.23935619677697
41.596419351828665,-109.23934476019863
41.59641519859099,-109.2393338646432
41.59641134792643,-109.23932376285823
41.596407194686364,-109.23931286730446
41.59640304144509,-109.2393019717516
41.596399190777156,-109.23929186996888
41.596395037533505,-109.23928097441767
41.596390884288624,-109.23927007886736
41.59638703361728,-109.2392599770869
41.59638288037004,-109.23924908153826
41.596378727121554,-109.23923818599049
41.59637457387184,-109.23922729044361
41.59637072319598,-109.23921718866619
41.59636636371238,-109.23920575209809
41.59636221045896,-109.2391948565537
41.59635835977963,-109.23918475477848
41.59635420652385,-109.23917385923576
41.596350053266846,-109.23916296369396
41.59634620258412,-109.23915286192099
41.59634204932473,-109.23914196638081
41.596337896064114,-109.23913107084155
41.596334045378015,-109.23912096907084
41.59632989211502,-109.23911007353324
41.596325738850815,-109.23909917799652
41.596321888161334,-109.23908907622808
41.59631773489474,-109.23907818069303
41.59631358162694,-109.23906728515888
41.596309222124965,-109.23905584860182
41.59630537143085,-109.23904574683635
41.59630121815933,-109.23903485130468
41.59629706488659,-109.23902395577392
41.596293214189096,-109.2390138540107
41.59628906091398,-109.23900295848159
41.59628490763764,-109.23899206295336
41.59628105693676,-109.2389819611924
41.596276903658044,-109.23897106566587
41.5962727503781,-109.23896017014019
41.596268899673845,-109.23895006838148
41.59626474639152,-109.2389391728575
41.59626059310798,-109.23892827733441
41.59625674240034,-109.23891817557794
41.59625238288009,-109.23890673903183
41.59624822959283,-109.23889584351123
41.596244378881714,-109.23888574175696
41.5962402255921,-109.23887484623802
41.59623607230125,-109.23886395071997
41.59623191900916,-109.23885305520281
41.59622806829352,-109.2388429534516
41.59622391499907,-109.2388320579361
41.5962197617034,-109.23882116242149
41.59621591098437,-109.23881106067252
41.59621175768631,-109.23880016515957
41.59620760438704,-109.23878926964753
41.59620375366462,-109.23877916790082
41.59619939412733,-109.23876773136494
41.596195240824365,-109.2387568358554
41.59619139009846,-109.23874673411088
41.596187236793114,-109.23873583860298
41.59618308348653,-109.23872494309599
41.59617923275725,-109.23871484135374
41.5961750794483,-109.2387039458484
41.59617092613812,-109.23869305034394
41.59616677282671,-109.23868215484039
41.5961629220929,-109.23867205310117
41.59615876877913,-109.23866115759928
41.596154615464116,-109.23865026209828
41.59615076472692,-109.23864016036131
41.59614661140955,-109.238629264862
41.5961422518539,-109.23861782833717
41.59613840111323,-109.23860772660241
41.59613424779214,-109.23859683110555
41.596130094469835,-109.23858593560962
41.59612624372578,-109.2385758338771
41.596122090401096,-109.23856493838282
41.59611793707518,-109.23855404288942
41.596114086327745,-109.23854394115918
41.596109932999454,-109.23853304566745
41.59610577966995,-109.2385221501766
41.59610162633921,-109.23851125468666
41.59609777558724,-109.23850115295946
41.59609362225413,-109.23849025747117
41.59608926268145,-109.23847882095657
41.596085411926005,-109.23846871923156
41.59608125858919,-109.23845782374576
41.59607710525115,-109.23844692826086
41.596073254492325,-109.2384368265381
41.59606910115191,-109.23842593105488
41.59606494781027,-109.23841503557253
41.59606109704805,-109.23840493385202
41.596056943704035,-109.23839403837135
41.5960527903588,-109.23838314289156
41.5960489395932,-109.23837304117332
41.59604478624558,-109.2383621456952
41.596040632896745,-109.23835125021796
41.59603678212777,-109.23834114850199
41.59603242253681,-109.23832971199836
41.59602826918426,-109.2383188165236
41.59602411583049,-109.23830792104975
41.59602026505688,-109.23829781933674
41.59601611170074,-109.23828692386456
41.596011958330415,-109.23827602840561
41.59600810716886,-109.23826592694435
41.596003953402416,-109.23825503176498
41.595999799634725,-109.23824413658652
41.5959959484698,-109.23823403512752
41.59599179469974,-109.23822313995072
41.59598764092844,-109.2382122447748
41.59598348715594,-109.23820134959979
41.595979429704634,-109.23819070707532
41.59597527592966,-109.23817981190192
41.59597112215343,-109.23816891672938
41.595967270980495,-109.2381588152756
41.5959631172019,-109.23814792010474
41.595958963422085,-109.23813702493477
41.59595511224577,-109.23812692348325
41.59595095846358,-109.23811602831496
41.59594680468017,-109.23810513314754
41.59594265089552,-109.23809423798102
41.59593879971466,-109.23808413653254
41.59593464592765,-109.23807324136766
41.595930285856376,-109.23806180513446
41.59592643467202,-109.23805170368817
41.59592228088132,-109.2380408085258
41.59591812708937,-109.23802991336431
41.5959139732962,-109.23801901820374
41.595910122107334,-109.23800891676049
41.59590596831179,-109.23799802160158
41.59590181451502,-109.23798712644356
41.59589796332278,-109.23797702500256
41.59589380952362,-109.23796612984619
41.59588965572326,-109.23795523469073
41.595885804527626,-109.237945133252
41.595881444440636,-109.2379336970282
41.59587729063656,-109.2379228018752
41.595873136831266,-109.23791190672313
41.595869285631004,-109.23790180528738
41.59586513182334,-109.23789091013695
41.59586097801443,-109.23788001498741
41.59585712681079,-109.23786991355392
41.595852972999516,-109.23785901840606
41.59584881918702,-109.23784812325907
41.59584466537329,-109.23783722811298
41.595840814165115,-109.23782712668253
41.59583666034903,-109.23781623153812
41.595832506531686,-109.23780533639459
41.5958284490346,-109.23779469389558
41.59582429521479,-109.23778379875364
41.59582014139377,-109.2377729036126
41.59581629017873,-109.23776280218661
41.59581213635533,-109.23775190704723
41.5958079825307,-109.23774101190874
41.595803828704845,-109.23773011677116
41.595799977485285,-109.23772001534819
41.59579582365705,-109.23770912021227
41.59579166982759,-109.23769822507722
41.59578781860464,-109.23768812365653
41.595783664772824,-109.23767722852317
41.595779304653014,-109.23766579231909
41.59577515081863,-109.23765489718744
41.59577129959105,-109.23764479576971
41.59576714575429,-109.23763390063974
41.5957629919163,-109.23762300551063
41.59575914068535,-109.23761290409516
41.59575498684499,-109.23760200896774
41.59575083300341,-109.2375911138412
41.59574698176907,-109.237581012428
41.59574282792511,-109.23757011730312
41.595738674079925,-109.23755922217914
41.59573452023352,-109.23754832705606
41.59573046270669,-109.23753768457352
41.595726308857806,-109.23752678945203
41.595722155007685,-109.23751589433142
41.59571830376534,-109.23750579292346
41.59571414991285,-109.23749489780452
41.59570999605913,-109.23748400268649
41.595705842204204,-109.23747310756931
41.595701990957316,-109.2374630061644
41.59569783710001,-109.23745211104892
41.59569368324147,-109.23744121593433
41.5956898319912,-109.23743111453165
41.59568567813029,-109.23742021941871
41.59568131797898,-109.23740878323355
41.59567746672524,-109.23739868183308
41.59567331286062,-109.23738778672264
41.59566915899478,-109.2373768916131
41.595665005127714,-109.23736599650442
41.59566115386944,-109.237355895107
41.595656999999996,-109.23734499999999
41.59565317933261,-109.23733487895525
41.59564905782155,-109.23732396097199
41.595645237151906,-109.23731383992866
41.59564111563847,-109.23730292194703
41.595637294966586,-109.23729280090517
41.595633474293635,-109.23728267986397
41.59562955583797,-109.23727229979805
41.59562573516286,-109.23726217875837
41.595621613643594,-109.23725126078087
41.595617792966245,-109.23724113974262
41.59561397228781,-109.23723101870503
41.59560985076501,-109.23722010072994
41.59560603008433,-109.23720997969382
41.595600571169975,-109.23720044002103
41.5955950967943,-109.23719090067969
41.59558963184337,-109.23718137776437
41.59558415746547,-109.23717183842517
41.59557869251242,-109.23716231551212
41.59557321813232,-109.23715277617504
41.59556775317716,-109.23714325326429
41.59556227879483,-109.23713371392931
41.59555681383756,-109.23712419102085
41.59555097826452,-109.23711402230276
41.595545874493645,-109.23710512878183
41.595540038918266,-109.23709496006603
41.59553493514539,-109.2370860665472
41.595529099567685,-109.23707589783375
41.5955239957928,-109.237067004317
41.59551816021278,-109.23705683560586
41.5955130564359,-109.2370479420912
41.595507220853555,-109.23703777338238
41.59550211707466,-109.23702887986978
41.59549628148999,-109.2370187111633
41.5954911777091,-109.23700981765278
41.5954853421221,-109.23699964894863
41.59547987715002,-109.23699012605634
41.595474402749886,-109.23698058673837
41.59546893777569,-109.23697106384837
41.59546346337334,-109.2369615245325
41.59545799839703,-109.2369520016448
41.59545252399246,-109.23694246233104
41.59544705901405,-109.23693293944565
41.59544158460727,-109.236923400134
41.59543611962674,-109.23691387725088
41.59543064521774,-109.23690433794135
41.5954251802351,-109.23689481506054
41.59541934463411,-109.23688464637043
41.59541424083913,-109.2368757528746
41.59540877585337,-109.23686622999726
41.595403301438836,-109.23685669069306
41.59539783645095,-109.23684716781801
41.595392362034204,-109.23683762851593
41.59538689704422,-109.23682810564317
41.595381178839375,-109.23681879647341
41.59537533636243,-109.23680961720561
41.595369124767274,-109.23679985800963
41.59536370235897,-109.2367913387279
41.59535785987894,-109.23678215946364
41.59535201739784,-109.23677298020053
41.5953461749157,-109.23676380093855
41.5953403324325,-109.23675462167776
41.59533491001955,-109.23674610240157
41.59532869841687,-109.23673634321443
41.595322855930576,-109.23672716395717
41.59531701344322,-109.23671798470104
41.59531117095481,-109.23670880544607
41.59530532846535,-109.23669962619226
41.59529990604677,-109.23669110692285
41.595294063555315,-109.23668192767131
41.59528785194499,-109.23667216849304
41.595282009451374,-109.23666298924392
41.59527616695671,-109.23665380999594
41.595270744533444,-109.23664529073218
41.59526490203678,-109.23663611148649
41.59525905953905,-109.23662693224193
41.59525321704028,-109.23661775299853
41.59524700542232,-109.23660799382915
41.59524116292138,-109.23659881458816
41.5952357404925,-109.2365902953312
41.59522989798956,-109.23658111609247
41.59522405548559,-109.2365719368549
41.59521821298055,-109.2365627576185
41.59521237047444,-109.23655357838324
41.59520657892247,-109.23654447920542
41.595200736414334,-109.23653529997254
41.59519489390514,-109.2365261207408
41.5951890513949,-109.23651694151026
41.595183208883604,-109.23650776228084
41.595177366371246,-109.23649858305257
41.59517194393208,-109.2364900638079
41.59516573229896,-109.23648030465625
41.5951598897835,-109.23647112543152
41.59515404726701,-109.23646194620794
41.595148204749435,-109.23645276698552
41.595142362230824,-109.23644358776426
41.59513693978602,-109.23643506852636
41.595131097265416,-109.23642588930736
41.59512488562466,-109.2364161301646
41.59511904310189,-109.236406950948
41.59511320057806,-109.23639777173257
41.595107778128586,-109.23638925250033
41.59510193560276,-109.23638007328715
41.595096093075895,-109.23637089407516
41.595089881428585,-109.23636113494001
41.59508403889956,-109.23635195573041
41.59507819636948,-109.23634277652198
41.59507277391437,-109.2363342572965
41.59506693138228,-109.23632507809032
41.59506108884914,-109.23631589888532
41.595055246314956,-109.23630671968147
41.59504903466003,-109.23629696055518
41.59504361220023,-109.23628844133538
41.59503776966293,-109.23627926213503
41.59503192712459,-109.23627008293586
41.59502608458518,-109.23626090373783
41.59502024204473,-109.23625172454096
41.59501439950323,-109.23624254534525
41.59500860791784,-109.23623344620927
41.59500276537429,-109.23622426701593
41.59499692282968,-109.23621508782375
41.59499108028402,-109.2362059086327
41.59498523773731,-109.23619672944285
41.59497981526722,-109.23618821023533
41.59497397271852,-109.23617903104773
41.59496776104842,-109.23616927193919
41.59496191849756,-109.23616009275399
41.594956075945646,-109.23615091356994
41.59495023339266,-109.23614173438706
41.59494481091696,-109.23613321518633
41.59493896836198,-109.23612403600572
41.59493312580595,-109.23611485682626
41.59492691412822,-109.23610509772658
41.59492107157004,-109.23609591854954
41.59491564908964,-109.23608739935446
41.59490980652947,-109.23607822017969
41.59490396396823,-109.23606904100606
41.59489812140594,-109.2360598618336
41.59489227884261,-109.2360506826623
41.59488606715723,-109.2360409235715
41.59488064467121,-109.23603240438318
41.59487480210476,-109.2360232252154
41.59486895953727,-109.23601404604877
41.59486311696872,-109.23600486688328
41.59485727439912,-109.23599568771897
41.59485143182845,-109.2359865085558
41.59484564021555,-109.23597740945426
41.59483979764284,-109.23596823029347
41.59483395506909,-109.23595905113383
41.594828112494284,-109.23594987197535
41.594822269918424,-109.23594069281802
41.59481684742212,-109.23593217364203
41.59481100484426,-109.23592299448697
41.59480479314372,-109.23591323541389
41.594798950563714,-109.23590405626125
41.59479310798263,-109.23589487710976
41.594787265400505,-109.23588569795942
41.59478184289858,-109.23587717879022
41.59477600031445,-109.23586799964214
41.59477015772927,-109.23585882049522
41.594763946021104,-109.23584906143104
41.59475810343377,-109.23583988228653
41.59475268092716,-109.23583136312298
41.59474683833782,-109.23582218398074
41.594740995747436,-109.23581300483967
41.594735153155995,-109.23580382569975
41.59472931056351,-109.23579464656098
41.594723098847695,-109.23578488750566
41.59471767633544,-109.23577636834887
41.59471183373986,-109.23576718921363
41.59470599114321,-109.23575801007955
41.5947001485455,-109.23574883094662
41.59469430594675,-109.23573965181485
41.59468888342986,-109.2357311326636
41.59468267170653,-109.23572137361712
41.594676829104664,-109.23571219448888
41.59467098650176,-109.23570301536179
41.59466514389779,-109.23569383623584
41.594659301292786,-109.23568465711108
41.59465387877026,-109.2356761379666
41.59464598077678,-109.2356690393167
41.594639021660996,-109.23566295569736
41.594631019452514,-109.23565596021433
41.5946230172433,-109.23564896473275
41.59461605812569,-109.23564288111707
41.594608055915145,-109.23563588563826
41.59460109679636,-109.23562980202499
41.594593094584454,-109.23562280654893
41.59458613546449,-109.23561672293805
41.59457813325124,-109.23560972746475
41.59457083160168,-109.23560334442068
41.59456317191551,-109.23559664838572
41.59455587026473,-109.23559026534417
41.59454821057725,-109.23558356931184
41.59454090892525,-109.23557718627283
41.59453324923645,-109.23557049024312
41.59452594758325,-109.23556410720664
41.59451828789314,-109.23555741117956
41.59451028567376,-109.23555041571875
41.59450298401871,-109.23554403268615
41.59449532432657,-109.23553733666307
41.59448802267029,-109.235530953633
41.59448036297686,-109.23552425761255
41.59447306131938,-109.23551787458503
41.59446540162461,-109.2355111785672
41.59445809996592,-109.23550479554218
41.59445009774113,-109.23549780009249
41.59444313860993,-109.23549171650451
41.59443513638379,-109.23548472105755
41.59442817725142,-109.23547863747199
41.59442017502394,-109.23547164202779
41.5944132158904,-109.2354655584446
41.59440521366157,-109.23545856300316
41.594397211432,-109.2354515675632
41.59439025229665,-109.23544548398367
41.59438225006574,-109.23543848854648
41.594375290929214,-109.23543240496936
41.594367288696965,-109.23542540953491
41.59436032955926,-109.2354193259602
41.59435232732566,-109.23541233052849
41.594345025657816,-109.23540594752265
41.594337365951816,-109.23539925152723
41.59433006428277,-109.23539286852392
41.59432240457546,-109.23538617253112
41.5943151029052,-109.23537978953034
41.59430744319656,-109.23537309354015
41.594300141525096,-109.23536671054191
41.59429248181516,-109.23536001455435
41.59428447957543,-109.23535301913515
41.594277177902114,-109.2353466361408
41.59426951819014,-109.23533994015723
41.59426221651561,-109.23533355716543
41.594254556802326,-109.23532686118449
41.59424725512658,-109.23532047819519
41.594239595411985,-109.23531378221688
41.59423229373503,-109.23530739923012
41.594224291489894,-109.23530040382202
41.59421733234096,-109.23529432027021
41.59420933009446,-109.23528732486486
41.59420237094435,-109.23528124131543
41.59419436869651,-109.23527424591286
41.59418740954522,-109.23526816236581
41.59417940729604,-109.235261166966
41.594171405046126,-109.23525417156766
41.59416444589303,-109.23524808802428
41.594156443641765,-109.2352410926287
41.594149484487495,-109.23523500908772
41.59414148223489,-109.2352280136949
41.59413452307943,-109.2352219301563
41.59412652082548,-109.23521493476622
41.594119561668855,-109.23520885123006
41.59411155941355,-109.23520185584273
41.59410425772625,-109.23519547287766
41.5940965979991,-109.23518877692437
41.594089296310585,-109.23518239396184
41.59408163658211,-109.23517569801118
41.59407433489239,-109.23516931505117
41.5940666751626,-109.23516261910312
41.59405867290253,-109.23515562372555
41.59405137121095,-109.23514924076943
41.59404371147915,-109.23514254482541
41.59403640978634,-109.23513616187181
41.594028750053226,-109.2351294659304
41.59402144835923,-109.23512308297936
41.59401378862479,-109.23511638704055
41.59400648692958,-109.23511000409205
41.593998484664084,-109.23510300872557
41.5939915254974,-109.23509692520989
41.593983523230555,-109.23508992984617
41.5939765640627,-109.23508384633287
41.593968561794505,-109.23507685097192
41.593961602625484,-109.23507076746102
41.59395360035594,-109.2350637721028
41.59394559808567,-109.23505677674608
41.59393863891483,-109.23505069323886
41.59393063664323,-109.23504369788488
41.5939236774712,-109.23503761438006
41.593915675198254,-109.23503061902885
41.59390871602506,-109.2350245355264
41.59390071375074,-109.23501754017794
41.59389375457638,-109.23501145667791
41.593885752300714,-109.2350044613322
41.593878450595156,-109.23499807840537
41.59387079084817,-109.23499138249161
41.59386348914139,-109.23498499956732
41.593855829393085,-109.23497830365616
41.5938485276851,-109.23497192073441
41.59384086793548,-109.23496522482588
41.593832865655045,-109.2349582294899
41.59382556394521,-109.23495184657205
41.59381790419357,-109.23494515066753
41.59380992861005,-109.23494033514064
41.59380101287621,-109.23493693955253
41.59379302210252,-109.23493389623954
41.59378390933798,-109.23493042561353
41.593774993603574,-109.23492703002805
41.59376700282939,-109.23492398671742
41.59375808709463,-109.23492059113366
41.59374989928976,-109.23491747278501
41.593740983554625,-109.23491407720299
41.59373206781928,-109.23491068162186
41.59372388001391,-109.23490756327564
41.593714964278206,-109.23490416769624
41.59370604854231,-109.23490077211777
41.593698057766794,-109.2348977288134
41.59368894500015,-109.23489425819719
41.593680954224304,-109.23489121489438
41.593672038487675,-109.23488781931933
41.593662925720466,-109.23488434870583
41.59365493494412,-109.23488130540537
41.59364601920692,-109.23487790983296
41.593637103469526,-109.23487451426145
41.59362891566229,-109.23487139592406
41.59361999992455,-109.23486800035428
41.59361200914734,-109.23486495705771
41.59360289637883,-109.23486148645044
41.59359398064051,-109.2348580908833
41.59358598986282,-109.23485504758908
41.59357707412413,-109.23485165202365
41.59356796135485,-109.23484818141999
41.59355997057665,-109.23484513812815
41.5935510548374,-109.23484174256535
41.59354306405887,-109.23483869927504
41.593533951288855,-109.23483522867491
41.593525035549035,-109.23483183311474
41.59351704477,-109.23482878982679
41.59350793199942,-109.23482531922934
41.59349901625904,-109.23482192367182
41.59349102547951,-109.23481888038623
41.59348210973875,-109.23481548483042
41.59347392192849,-109.23481236650744
41.59346500618737,-109.23480897095337
41.59345609044605,-109.23480557540017
41.59344790263528,-109.23480245707964
41.59343898689359,-109.23479906152818
41.59343099611291,-109.23479601824805
41.59342208037084,-109.2347926226983
41.59341296759818,-109.2347891521107
41.59340497681698,-109.2347861088329
41.59339606107436,-109.2347827132858
41.593386948301124,-109.23477924270088
41.59337895751943,-109.23477619942547
41.59337004177625,-109.234772803881
41.59336205099423,-109.23476976060711
41.59335293822024,-109.23476629002572
41.59334402247649,-109.23476289448386
41.59333603169396,-109.23475985121235
41.593326918919416,-109.23475638063364
41.593318003175106,-109.23475298509445
41.593310012392074,-109.23474994182529
41.593301096647394,-109.23474654628778
41.59329290883359,-109.23474342798167
41.59328399308854,-109.2347400324459
41.59327507734331,-109.23473663691104
41.59326688952899,-109.23473351860736
41.59325797378337,-109.23473012307423
41.59324905803757,-109.23472672754198
41.59324106725321,-109.23472368427909
41.593231954476586,-109.23472021371022
41.59322396369188,-109.23471717044886
41.59321504794534,-109.23471377492008
41.59320593516814,-109.2347103043539
41.593197944382936,-109.23470726109491
41.593189028635834,-109.23470386556876
41.59318011288854,-109.2347004700435
41.59317192507236,-109.23469735174866
41.59316300932469,-109.23469395622514
41.59315501853867,-109.23469091297005
41.59314590576013,-109.23468744241009
41.59313699001191,-109.23468404688921
41.59312899922537,-109.23468100363647
41.593120083476784,-109.23467760811731
41.593110970697495,-109.23467413756096
41.593102979910455,-109.2346710943106
41.5930940641613,-109.23466769879406
41.59308587634344,-109.2346645805072
41.59307698947719,-109.23466119900519
41.59306798162927,-109.23466034742356
41.593059026395366,-109.23465950081615
41.593050018547416,-109.234658649235
41.59304101069945,-109.23465779765408
41.59303299787747,-109.23465704014077
41.59302399002949,-109.23465618856031
41.593014982181494,-109.23465533698005
41.59300597433349,-109.23465448540006
41.592997019099485,-109.23465363879428
41.59298801125146,-109.23465278721474
41.59297900340341,-109.23465193563545
41.59296999555536,-109.2346510840564
41.59296098770728,-109.23465023247758
41.59295197985919,-109.23464938089899
41.59294401965114,-109.23464862836178
41.59293501180302,-109.23464777678365
41.5929260039549,-109.23464692520574
41.592916996106766,-109.23464607362807
41.59290798825862,-109.23464522205064
41.59289898041046,-109.23464437047346
41.59289002517632,-109.2346435238705
41.59288101732814,-109.23464267229377
41.59287200947994,-109.2346418207173
41.59286300163173,-109.23464096914105
41.59285498880952,-109.23464021163193
41.5928459809613,-109.23463936005614
41.59283697311305,-109.23463850848057
41.59282801787883,-109.23463766187923
41.59281901003056,-109.23463681030415
41.592810002182276,-109.2346359587293
41.59280099433398,-109.23463510715469
41.59279198648568,-109.23463425558032
41.59278297863734,-109.23463340400617
41.592774023403045,-109.23463255740624
41.59276601058074,-109.23463179989922
41.592757002732384,-109.23463094832576
41.59274799488401,-109.23463009675254
41.59273898703563,-109.23462924517955
41.59272997918723,-109.23462839360683
41.59272102395287,-109.23462754700827
41.59271201610445,-109.234626695436
41.59270300825601,-109.23462584386397
41.59269400040756,-109.23462499229217
41.59268499255911,-109.23462414072063
41.592676979736694,-109.23462338321566
41.59266797188821,-109.23462253164456
41.592659016653755,-109.23462168504764
41.59265000880524,-109.234620833477
41.59264100095672,-109.2346199819066
41.5926319931082,-109.23461913033643
41.59262298525966,-109.2346182787665
41.592613977411105,-109.23461742719682
41.59260502217657,-109.23461658060131
41.59259601432798,-109.23461572903209
41.59258800150546,-109.23461497152921
41.59257899365684,-109.23461411996045
41.59256998580823,-109.23461326839191
41.5925609779596,-109.23461241682362
41.592552023793786,-109.2346142066466
41.59254300722778,-109.23461606277253
41.592533990661714,-109.23461791889792
41.592524974095596,-109.23461977502282
41.592515957529415,-109.2346216311472
41.592508030285494,-109.23462326302642
41.5924990137192,-109.23462511914984
41.592489997152846,-109.23462697527275
41.59248098058644,-109.23462883139514
41.592471964019964,-109.23463068751703
41.59246305992982,-109.23463252048438
41.592454043363226,-109.23463437660524
41.59244502679658,-109.23463623272559
41.592436987075864,-109.23463788775527
41.592427970509114,-109.23463974387464
41.5924189539423,-109.23464159999351
41.59241004985181,-109.2346434329579
41.59240103328488,-109.23464528907574
41.59239201671787,-109.23464714519308
41.592383000150825,-109.2346490013099
41.59237496042975,-109.23465065633643
41.59236594386259,-109.23465251245227
41.592357039771755,-109.23465434541369
41.59234802320447,-109.23465620152852
41.59233900663714,-109.23465805764285
41.59232999006974,-109.23465991375667
41.592320973502275,-109.23466176986996
41.592311956934765,-109.23466362598276
41.59230402968966,-109.23466525785176
41.59229501312203,-109.23466711396358
41.59228599655436,-109.23466897007489
41.592276979986615,-109.23467082618569
41.5922679634188,-109.234672682296
41.592259059327326,-109.23467451525188
41.59225004275941,-109.23467637136115
41.592242003037555,-109.23467802638093
41.59223298646953,-109.23467988248922
41.59222396990143,-109.23468173859702
41.59221495333329,-109.2346835947043
41.59220604924147,-109.23468542765721
41.592197032673205,-109.23468728376348
41.59218801610488,-109.2346891398692
41.59217899953649,-109.23469099597445
41.592170959814226,-109.23469265099062
41.592161943245735,-109.23469450709489
41.59215303915358,-109.23469634004483
41.592144022584954,-109.23469819614807
41.59213500601629,-109.23470005225082
41.59212598944755,-109.23470190835303
41.59211697287876,-109.23470376445474
41.59210795630992,-109.23470562055591
41.59210002906364,-109.23470725241474
41.59209101249468,-109.23470910851498
41.592081995925646,-109.23471096461468
41.59207297935658,-109.23471282071388
41.592063962787435,-109.23471467681259
41.59205505869463,-109.23471650975702
41.59204604212539,-109.23471836585469
41.59203800240235,-109.23472002086415
41.592028985832975,-109.23472187696085
41.59201996926355,-109.23472373305704
41.59201095269408,-109.23472558915272
41.59200200995684,-109.23472480175113
41.59199300036322,-109.23472399276787
41.591983990769606,-109.23472318378485
41.59197498117597,-109.23472237480205
41.59196602158078,-109.2347215703089
41.59195701198712,-109.23472076132654
41.59194899790404,-109.23472004173249
41.59193998831035,-109.23471923275056
41.59193097871666,-109.23471842376888
41.59192201912142,-109.23471761927682
41.5919130095277,-109.23471681029558
41.591903999933976,-109.23471600131454
41.59189499034024,-109.23471519233375
41.591885980746504,-109.23471438335318
41.59187702115119,-109.23471357886224
41.591868011557416,-109.23471276988212
41.59185900196365,-109.23471196090222
41.59185098788044,-109.23471124131035
41.59184197828664,-109.23471043233087
41.59183301869129,-109.23470962784104
41.591824009097465,-109.234708818862
41.59181499950362,-109.23470800988322
41.59180598990977,-109.23470720090465
41.59179698031593,-109.2347063919263
41.591788020720514,-109.23470558743757
41.591779011126626,-109.23470477845967
41.59177000153273,-109.234703969482
41.59176099193883,-109.23470316050457
41.59175297785551,-109.23470244091487
41.591744018260066,-109.23470163642723
41.591735008666106,-109.23470082745044
41.59172599907217,-109.23470001847387
41.591716989478215,-109.23469920949752
41.59170797988424,-109.23469840052141
41.591699020288715,-109.2346975960349
41.59169001069471,-109.23469678705922
41.59168137795697,-109.23469401696899
41.59167263160382,-109.23468919452134
41.59166447633499,-109.23468469797918
41.59165572998112,-109.23467987553387
41.59164757471162,-109.23467537899387
41.591639419441805,-109.23467088245495
41.59163067308684,-109.23466606001311
41.59162251781636,-109.23466156347638
41.591613771460665,-109.23465674103687
41.591605616189504,-109.23465224450231
41.59159686983308,-109.23464742206514
41.59158871456126,-109.23464292553277
41.59158082287313,-109.23463857433244
41.591571812931605,-109.23463360656775
41.591563657658796,-109.23462911003863
41.59155491130055,-109.23462428760726
41.59154675602707,-109.23461979108033
41.5915380096681,-109.23461496865129
41.59152993232943,-109.23461016600535
41.59152187897209,-109.23460429689833
41.59151413989021,-109.23459865682983
41.59150608653184,-109.23459278772536
41.59149803317293,-109.23458691862217
41.59149075077646,-109.23458161138016
41.59148301169259,-109.23457597131646
41.59147495833217,-109.234570102217
41.59146690497124,-109.23456423311883
41.59145916588585,-109.23455859305882
41.59145111252388,-109.23455272396319
41.59144305916137,-109.23454685486887
41.59143500579834,-109.23454098577584
41.5914280376743,-109.23453590757967
41.59141998431029,-109.23453003848905
41.59141193094575,-109.23452416939976
41.59140387758069,-109.23451830031175
41.591396138491284,-109.23451266026144
41.591388085125175,-109.23450679117597
41.591380031758554,-109.23450092209181
41.5913719783914,-109.23449505300894
41.59136501026377,-109.23448997482154
41.59135695689564,-109.2344841057411
41.59134890352698,-109.23447823666196
41.5913408501578,-109.2344723675841
41.59133311106433,-109.23446672754349
41.59132505769411,-109.23446085846818
41.59131700432336,-109.23445498939418
41.59130895095209,-109.23444912032147
41.591301982820866,-109.23444404214284
41.59129392944862,-109.23443817307256
41.59128587607583,-109.23443230400358
41.59127813697884,-109.23442666397143
41.59127008360503,-109.23442079490498
41.59126203023068,-109.23441492583983
41.59125397685581,-109.23440905677599
41.591246237756785,-109.23440341674876
41.59123895534561,-109.23439810954358
41.591230901969226,-109.23439224048346
41.591222848592324,-109.23438637142463
41.5912151094913,-109.23438073140218
41.59120705611337,-109.2343748623459
41.591199002734896,-109.23436899329091
41.591190949355905,-109.23436312423722
41.591183210252844,-109.2343574842197
41.59117592783799,-109.23435217702377
41.59116787445748,-109.2343463079738
41.59115982107646,-109.23434043892512
41.59115196051843,-109.23433408045062
41.5911446660158,-109.23432768055093
41.591137015539246,-109.23432096833609
41.591129721035415,-109.23431456843895
41.59112207055753,-109.23430785622672
41.5911147760525,-109.23430145633212
41.591106782523944,-109.23429444314543
41.59109983106703,-109.23428834423044
41.59109183753712,-109.2342813310465
41.59108488607903,-109.2342752321339
41.59107689254776,-109.23426821895274
41.591069598039056,-109.2342618190658
41.59106194755587,-109.23425510686411
41.59105465304594,-109.2342487069797
41.59104700256143,-109.23424199478063
41.591039708050296,-109.23423559489878
41.591032057564455,-109.23422888270231
41.59102476305209,-109.23422248282297
41.59101676951539,-109.23421546965292
41.59100981805137,-109.23420937075234
41.5910018245133,-109.23420235758505
41.590994873048096,-109.23419625868685
41.59098687950868,-109.23418924552229
41.590979928042294,-109.23418314662652
41.59097193450152,-109.23417613346474
41.590964639984264,-109.23416973359558
41.59095698949181,-109.23416302141229
41.59094969497334,-109.2341566215457
41.59094204447956,-109.23414990936502
41.59093474995989,-109.23414350950095
41.5909270994648,-109.23413679732289
41.590919804943894,-109.23413039746134
41.590911811397675,-109.23412338431066
41.59090485992535,-109.2341172854269
41.59089686637778,-109.23411027227897
41.59088991490429,-109.23410417339763
41.59088192135535,-109.23409716025245
41.59087427085558,-109.23409044808365
41.59086697633039,-109.23408404823105
41.590858982779366,-109.23407703509011
41.59085203130288,-109.23407093621482
41.59084403775051,-109.23406392307663
41.590837086272835,-109.23405782420375
41.590829092719105,-109.2340508110683
41.590821798190234,-109.2340444112234
41.59081414768516,-109.23403769906513
41.59080685315509,-109.23403129922275
41.59079920264868,-109.2340245870671
41.590791908117396,-109.23401818722726
41.59078428097654,-109.23401148410852
41.590777215419806,-109.23400460447499
41.590769793959076,-109.23399737830479
41.590762728400975,-109.23399049867386
41.59075500937996,-109.23398298277777
41.590747943820425,-109.23397610314944
41.59074087826023,-109.23396922352235
41.590733812699355,-109.2339623438965
41.59072609367525,-109.23395482800595
41.59071902811297,-109.23394794838272
41.590711962549996,-109.23394106876073
41.59070489698636,-109.23393418913999
41.59069717795918,-109.23392667325494
41.590690112394114,-109.23391979363683
41.59068304682839,-109.23391291401992
41.590675981261974,-109.23390603440428
41.590668262231716,-109.23389851852478
41.59066119666389,-109.23389163891174
41.59065413109539,-109.23388475929995
41.59064706552621,-109.23387787968943
41.590638990589184,-109.2338700172789
41.59063192501856,-109.23386313767105
41.59062485944727,-109.23385625806445
41.5906177938753,-109.23384937845908
41.59061007483887,-109.2338418625907
41.59060300926548,-109.23383498298793
41.59059594369142,-109.23382810338643
41.59058887811669,-109.2338212237862
41.59058115907717,-109.23381370792332
41.59057409350101,-109.23380682832565
41.590567027924195,-109.23379994872926
41.590559962346695,-109.2337930691341
41.590552243304096,-109.23378555327675
41.590545177725176,-109.23377867368421
41.59053811214558,-109.2337717940929
41.5905310465653,-109.23376491450284
41.59052332751964,-109.23375739865102
41.59051626193794,-109.23375051906356
41.5905088404515,-109.23374329294225
41.59050177486844,-109.23373641335739
41.590494055819676,-109.23372889751116
41.59048699023519,-109.23372201792888
41.59047992465004,-109.23371513834786
41.59047285906421,-109.23370825876809
41.590465140012356,-109.23370074292738
41.590458074425115,-109.23369386335021
41.5904510088372,-109.23368698377429
41.59044394324859,-109.23368010419962
41.59043622419366,-109.23367258836444
41.590429158603655,-109.23366570879237
41.590422093012954,-109.23365882922155
41.5904150274216,-109.233651949652
41.59040730836359,-109.23364443382233
41.59040024277081,-109.23363755425537
41.59039317717735,-109.23363067468965
41.59038611158321,-109.23362379512518
41.590378036617665,-109.23361593276732
41.5903709710221,-109.23360905320554
41.59036390542585,-109.23360217364501
41.590356839828914,-109.2335952940857
41.59034912076474,-109.23358777826718
41.590342055166396,-109.23358089871049
41.59033498956739,-109.23357401915506
41.59032792396769,-109.23356713960086
41.59032020490043,-109.23355962378785
41.590313139299326,-109.23355274423626
41.59030607369753,-109.23354586468592
41.59029900809508,-109.23353898513683
41.59029128902474,-109.23353146932936
41.590284223420866,-109.23352458978286
41.59027715781632,-109.23351771023763
41.59027009221108,-109.23351083069365
41.59026237313766,-109.23350331489168
41.590254951626186,-109.2334960888179
41.59024788601886,-109.23348920927785
41.59024082041084,-109.23348232973905
41.59023310133432,-109.23347481394266
41.59022603572489,-109.23346793440648
41.590218970114776,-109.23346105487151
41.59021190450399,-109.2334541753378
41.59020418542439,-109.23344665954697
41.59019711981218,-109.23343978001586
41.59019005419931,-109.23343290048602
41.59018298858577,-109.23342602095741
41.59017526950308,-109.23341850517208
41.590168203888105,-109.23341162564607
41.590161138272464,-109.23340474612134
41.59015407265615,-109.23339786659783
41.59014635357038,-109.23339035081801
41.59013928795265,-109.23338347129712
41.59013222233423,-109.23337659177747
41.590124800809946,-109.23336936572808
41.590117081721075,-109.23336184995385
41.59011001610057,-109.23335497043816
41.59010295047936,-109.23334809092368
41.59009588485749,-109.23334121141046
41.59008802098395,-109.23333394395165
41.59008012708699,-109.23332866054926
41.59007193381643,-109.23332317677703
41.59006403991859,-109.23331789337703
41.590056146020295,-109.23331260997819
41.59004795274837,-109.23330712620962
41.5900400588492,-109.23330184281315
41.59003186557636,-109.23329635904705
41.590023971676295,-109.23329107565293
41.59001607777579,-109.23328579225999
41.590007884501595,-109.23328030849757
41.5899999906002,-109.23327502510698
41.58999209669837,-109.23326974171755
41.58998390342281,-109.23326425795882
41.58997600952009,-109.23325897457174
41.58996701661401,-109.23325295562381
41.58995912271033,-109.23324767223923
41.58995122880623,-109.2332423888558
41.58994303552836,-109.23323690510333
41.589935141623364,-109.23323162172227
41.58992694834458,-109.23322613797227
41.58991905443869,-109.23322085459358
41.5899110585669,-109.23321575498069
41.58990202513054,-109.23321189486438
41.58989389901906,-109.23320842246189
41.589885082459915,-109.23320465502238
41.58987695634801,-109.23320118262163
41.58986813978841,-109.23319741518401
41.58986001367608,-109.23319394278498
41.58985098023834,-109.23319008267448
41.58984307100331,-109.23318670295197
41.5898340375651,-109.2331828428434
41.589825911451946,-109.2331793704479
41.58981709489098,-109.23317560301595
41.58980896877742,-109.23317213062217
41.589799935338284,-109.2331682705175
41.58979202610204,-109.2331648908001
41.58978299266242,-109.23316103069733
41.589775083425764,-109.23315765098162
41.5897660499857,-109.23315379088079
41.5897579238709,-109.23315031849226
41.5897491073081,-109.23314655106788
41.589740981192875,-109.23314307868108
41.58973194775189,-109.23313921858416
41.589724038514,-109.23313583887354
41.58971500507256,-109.23313197877854
41.58970687895652,-109.23312850639525
41.589698062392344,-109.23312473897654
41.58968993627589,-109.23312126659498
41.589681084990126,-109.2331183125834
41.58967208369307,-109.23311632307428
41.589663082395944,-109.23311433356572
41.58965505449881,-109.23311255920301
41.58964605320156,-109.23311056969548
41.58963705190423,-109.2331085801885
41.58962805060684,-109.23310659068206
41.58961904930938,-109.23310460117618
41.58961102141196,-109.23310282681588
41.589602020114384,-109.23310083731101
41.58959301881673,-109.2330988478067
41.589584017519,-109.23309685830294
41.58957501622122,-109.23309486879974
41.5895669883235,-109.23309309444183
41.58955798702557,-109.23309110493965
41.58954898572758,-109.23308911543802
41.58953998442954,-109.23308712593695
41.589531009080666,-109.23308627293719
41.58952201158967,-109.23308607204764
41.58951301409869,-109.23308587115817
41.589504004121665,-109.23308566998996
41.58949500663068,-109.23308546910057
41.58948600913969,-109.23308526821127
41.5894770116487,-109.233085067322
41.58946800167166,-109.23308486615402
41.58945900418069,-109.23308466526485
41.58945000668969,-109.23308446437576
41.589441009198694,-109.23308426348673
41.58943201170771,-109.23308406259775
41.589423001730665,-109.23308386143005
41.58941400423968,-109.23308366054117
41.589405006748684,-109.23308345965236
41.58939600925768,-109.23308325876361
41.58938701176669,-109.23308305787491
41.589378001789655,-109.23308285670748
41.58936900429865,-109.23308265581889
41.58936000680766,-109.23308245493035
41.58935100931665,-109.23308225404188
41.58934199933962,-109.23308205287466
41.58933300184862,-109.23308185198631
41.58932400435762,-109.233081651098
41.58931500686661,-109.23308145020975
41.58930600937561,-109.23308124932156
41.58929699939856,-109.23308104815463
41.58928700218634,-109.23308082494565
41.58927800469534,-109.23308062405764
41.58926900720433,-109.23308042316967
41.58926000971333,-109.23308022228176
41.58925099973628,-109.23308002111511
41.58924200224527,-109.23307982022732
41.58923300475426,-109.23307961933958
41.58922400726326,-109.2330794184519
41.589215009772246,-109.23307921756425
41.5892059997952,-109.23307901639791
41.58919700230418,-109.23307881551038
41.58918800481318,-109.23307861462291
41.58917900732216,-109.23307841373551
41.58916999734512,-109.2330782125694
41.5891609998541,-109.23307801168208
41.589152002363086,-109.23307781079485
41.589143004872064,-109.23307760990765
41.58913400738105,-109.23307740902054
41.58912499740399,-109.23307720785469
41.58911599991298,-109.23307700696768
41.58910700242196,-109.23307680608072
41.58909800493093,-109.2330766051938
41.589089007439924,-109.23307640430697
41.589079997462854,-109.2330762031414
41.58907099997183,-109.23307600225466
41.58906200248082,-109.23307580136799
41.58905300498979,-109.23307560048137
41.589043995012744,-109.23307539931602
41.58903499752171,-109.2330751984295
41.58902600003068,-109.23307499754306
41.58901700253966,-109.23307479665665
